16
2
3
9
4
9
4
1
0
17
2
3
2
9
7
0
7
4
8
6
8
7
7
6
9
5
4
140
110
145
87
76
116
153
140
3
107
146
105
114
96
108
121
119
8
111
114
92
113
99
112
110
109
6
134
93
121
115
112
104
126
115
10
137
135
134
141
119
145
117
128
6
139
130
128
92
121
92
116
142
3
107
123
111
125
138
116
129
130
5
136
160
114
133
116
84
150
111
2
114
134
113
134
118
106
86
137
10
107
116
98
119
120
107
70
85
9
142
143
71
104
135
134
79
138
5
94
146
77
124
113
111
117
114
8
86
126
94
106
105
120
123
119
6
129
114
111
102
127
126
136
120
1
100
145
114
152
105
98
88
113
7
118
125
143
115
142
133
98
93
3
97
58
103
122
176
135
108
117
6
95
129
92
107
125
166
114
118
6
128
115
117
163
140
91
142
142
5
84
155
105
114
96
103
105
121
7
150
99
123
159
120
117
128
100
2
98
128
107
150
70
111
149
86
7
67
76
140
119
110
128
94
149
2
88
131
109
112
121
108
84
99
0
84
108
135
120
99
129
120
135
2
87
128
100
127
108
120
92
108
9
120
111
122
107
156
97
94
135
0
134
106
128
93
125
108
111
119
4
134
101
115
131
120
123
86
114
9
93
133
87
128
140
119
124
106
1
130
135
113
124
130
117
140
134
5
129
127
119
132
127
149
124
142
7
77
159
149
114
73
123
91
136
5
122
108
134
85
106
113
106
136
1
115
140
84
173
116
150
112
154
2
120
105
90
96
117
108
132
121
7
96
141
123
100
166
126
114
135
5
120
134
128
138
106
117
124
155
6
122
126
159
143
126
115
121
121
3
102
144
124
113
100
114
137
88
10
123
115
134
103
105
119
79
117
2
141
99
142
150
160
106
113
120
0
126
111
114
104
94
118
89
101
5
120
128
90
146
145
132
113
110
3
67
94
105
96
103
93
157
100
6
125
98
108
127
122
100
135
107
7
111
98
132
86
128
116
93
153
5
86
98
95
131
113
141
113
120
8
136
110
118
117
133
92
121
120
2
149
141
116
108
115
87
67
136
9
126
88
107
78
121
132
121
91
4
113
110
107
74
101
95
140
112
9
130
133
123
95
134
156
126
57
9
119
126
82
132
113
116
81
113
2
107
78
148
135
136
122
116
102
9
134
115
146
86
127
137
142
102
3
112
162
113
107
132
153
113
134
8
74
134
159
109
115
94
105
93
4
141
107
113
124
102
83
91
92
3
140
137
128
86
142
139
126
136
3
114
148
101
139
105
95
131
133
2
141
149
141
128
113
107
124
126
9
105
167
127
107
172
115
115
109
1
98
135
98
96
101
126
121
122
8
132
127
123
123
134
114
182
148
7
105
101
131
106
146
79
120
113
6
133
114
113
95
144
91
110
129
0
104
105
99
122
156
143
155
85
3
93
124
155
89
116
93
92
104
3
110
126
125
127
150
112
135
71
2
81
57
100
127
101
105
171
132
5
86
125
132
136
76
136
134
118
0
124
134
128
120
158
112
111
113
2
111
115
101
86
126
106
99
63
4
96
117
81
94
141
82
135
131
9
109
131
128
95
143
122
122
64
10
113
100
115
107
144
120
120
87
1
131
150
113
93
150
105
102
104
1
119
134
136
107
90
85
114
147
3
107
162
120
173
107
119
108
111
1
132
136
103
119
163
135
113
118
6
94
100
96
95
125
128
107
118
8
130
73
79
89
127
142
66
106
3
111
116
135
89
94
113
153
108
5
102
143
102
156
99
79
84
128
8
98
142
77
89
132
128
99
106
6
137
107
122
147
106
91
114
119
7
151
163
135
98
110
122
86
124
8
134
118
97
77
133
143
86
117
4
143
148
78
152
100
115
102
108
1
125
121
101
121
134
105
79
87
5
123
116
122
108
100
133
143
100
0
117
109
93
111
128
129
87
127
2
130
93
119
71
142
162
102
118
9
103
89
97
118
122
103
99
121
4
106
85
121
85
120
76
117
142
3
110
150
92
129
86
109
153
131
3
155
143
87
121
117
120
107
95
6
112
106
134
142
113
91
108
128
6
98
116
117
119
115
128
133
127
3
100
142
157
92
118
139
94
147
8
81
111
129
110
82
107
90
92
0
128
101
121
115
134
119
121
113
1
93
109
166
120
107
125
120
93
6
113
111
115
112
120
118
123
98
2
80
102
112
121
128
94
106
142
7
110
135
129
133
101
115
120
99
10
94
112
90
138
132
128
101
93
9
139
77
149
107
127
122
109
108
5
146
141
80
109
110
148
91
129
10
97
84
138
140
151
134
135
105
6
128
99
116
86
111
97
148
134
6
135
156
140
115
107
101
102
128
4
104
126
78
110
86
103
114
130
5
122
87
155
127
113
84
90
124
1
126
112
65
147
112
80
112
132
9
127
119
114
112
109
128
114
98
6
137
127
106
140
107
126
137
144
6
91
118
113
150
130
119
129
128
2
70
87
56
66
91
123
104
152
10
109
120
92
118
126
107
106
136
9
135
130
114
146
126
93
117
111
10
121
145
121
129
95
97
99
110
6
115
148
95
86
112
100
106
124
8
143
141
94
101
126
142
116
77
5
113
150
114
118
115
136
128
127
10
137
93
149
99
121
116
118
112
6
106
135
104
121
115
124
119
128
2
114
137
114
150
134
173
152
120
2
111
110
110
97
100
163
95
104
3
105
119
92
97
117
134
108
149
6
107
93
92
120
154
77
128
118
6
131
73
126
128
99
135
157
135
7
115
138
116
116
105
93
110
80
3
78
138
107
134
107
107
155
121
5
98
149
143
124
144
114
112
122
1
141
132
106
124
110
102
80
112
3
129
99
85
68
130
125
145
76
4
113
154
116
106
79
129
133
92
1
110
113
141
149
137
149
131
50
3
150
134
106
106
98
84
108
113
3
121
113
127
112
99
126
87
103
0
120
107
84
103
64
139
87
130
9
162
104
120
121
113
136
99
113
3
111
99
124
101
92
98
118
141
4
124
111
89
85
120
76
118
124
3
112
131
121
116
97
114
83
53
1
100
96
144
89
113
106
135
135
7
112
106
129
99
89
139
90
125
3
113
101
73
105
105
135
113
121
3
116
143
120
123
138
87
134
90
2
107
138
98
105
111
135
114
133
3
81
72
120
107
107
135
102
107
2
124
114
129
106
100
126
92
104
9
105
135
130
114
123
128
94
126
6
126
119
134
121
124
104
108
115
5
103
110
132
126
128
104
110
125
5
105
135
98
89
121
111
91
119
1
102
103
78
99
128
133
84
143
6
80
127
140
92
119
136
113
93
10
93
127
129
108
134
154
142
81
10
100
112
137
150
93
78
121
124
2
119
117
121
106
106
89
101
100
8
96
100
114
141
155
100
119
113
6
121
120
136
145
151
146
107
122
2
75
106
138
113
118
120
133
167
7
107
114
102
133
106
101
131
108
2
142
113
140
108
121
149
120
89
4
99
110
88
143
123
134
114
158
1
134
91
113
118
131
114
93
96
8
118
102
111
119
127
126
139
93
7
112
106
129
97
122
141
131
131
2
117
119
119
121
107
128
127
132
3
110
128
97
154
129
142
100
90
0
90
104
104
131
85
109
106
103
4
103
149
129
136
93
107
120
102
4
64
159
107
103
145
145
111
128
10
108
96
95
121
152
120
128
154
2
113
112
148
88
116
140
105
121
1
100
107
144
131
129
79
95
136
9
109
107
113
114
119
140
99
121
9
115
154
93
128
67
139
126
122
10
126
113
105
103
113
128
101
139
2
136
167
122
156
141
140
91
124
9
104
143
93
128
83
101
114
85
8
141
120
100
124
120
97
114
86
2
137
120
127
138
114
121
146
128
0
115
94
135
107
128
106
106
123
0
139
112
85
106
127
120
130
78
6
143
131
118
99
106
123
94
85
2
136
119
94
148
100
108
102
92
1
127
118
100
119
109
87
100
87
8
114
99
155
117
127
111
124
131
8
117
118
124
123
116
124
130
120
2
106
105
128
164
131
114
136
96
7
126
93
128
92
128
110
130
117
7
92
101
84
108
142
127
108
122
4
124
120
140
109
133
92
101
169
1
136
127
98
119
138
123
104
112
4
106
144
107
78
92
133
102
88
8
139
102
149
117
61
100
108
103
9
110
113
92
143
127
137
122
128
9
93
71
100
145
128
108
107
127
6
134
105
135
102
129
92
109
76
2
97
139
142
107
126
119
136
113
8
114
120
105
132
127
152
101
121
1
155
112
92
98
96
103
117
99
3
143
135
109
101
128
84
107
142
5
144
149
155
131
109
99
98
113
3
108
114
115
99
107
128
113
107
7
104
148
79
131
116
129
96
129
7
120
120
121
94
149
127
149
113
6
80
99
149
110
85
77
135
126
2
125
106
116
119
122
128
118
125
0
86
147
148
141
123
128
141
101
6
146
98
150
101
142
160
119
131
5
107
145
108
135
143
103
106
148
5
95
154
94
119
141
99
122
143
8
113
116
123
105
129
114
82
96
10
112
128
98
114
163
189
139
121
9
115
97
126
117
112
162
142
120
6
92
121
65
99
122
135
128
142
3
105
108
72
118
93
116
93
119
9
128
93
107
133
147
118
130
141
5
103
113
142
94
125
127
141
126
4
92
114
118
106
99
106
119
163
9
109
136
94
96
83
131
127
95
7
134
65
112
120
85
113
110
128
5
119
110
92
113
106
125
110
99
5
120
121
109
119
105
93
142
145
10
109
99
105
88
89
111
105
122
7
126
142
123
128
107
112
108
108
5
105
104
141
122
89
139
112
86
8
93
114
98
140
107
104
79
152
9
102
77
98
104
113
117
147
101
10
120
107
129
122
128
117
120
140
3
99
163
102
108
101
148
106
108
5
159
143
107
113
138
126
140
132
2
113
134
134
126
91
118
150
148
3
128
134
92
93
121
145
125
86
0
63
113
163
101
128
149
117
130
1
107
105
149
133
141
123
104
119
7
121
112
106
99
80
126
109
91
8
172
128
78
115
122
93
107
111
1
110
110
100
117
134
134
135
113
7
126
115
113
136
132
142
105
105
5
86
105
113
121
143
125
109
106
1
99
111
101
121
179
107
122
86
3
98
105
105
118
125
128
99
121
8
105
121
122
130
100
112
114
128
2
125
92
149
121
123
110
94
128
4
93
125
142
121
126
127
121
130
7
123
112
104
159
118
123
120
140
6
117
91
114
108
123
136
93
119
4
113
72
100
82
127
110
110
141
1
121
142
123
141
107
87
162
102
1
94
103
99
120
129
126
115
105
4
124
156
100
114
161
133
107
133
4
135
126
112
118
89
143
64
113
5
106
117
85
131
144
134
96
129
3
128
127
136
133
127
116
122
136
4
113
120
91
146
98
136
100
78
6
92
124
129
71
89
142
162
101
2
100
132
128
135
93
93
120
99
2
111
109
147
135
117
148
114
112
5
126
109
110
119
116
100
66
85
6
115
85
93
152
107
100
114
113
5
112
112
115
125
121
149
139
100
4
123
79
119
106
115
118
127
98
5
134
117
92
121
126
134
116
110
7
103
138
129
119
101
113
107
113
2
135
166
93
124
156
91
112
100
8
141
105
114
116
108
102
137
114
10
150
127
121
120
117
128
114
139
3
96
136
131
136
104
135
112
100
7
141
123
142
108
148
131
90
121
10
116
78
100
99
162
120
127
92
3
138
121
121
132
122
110
114
142
4
121
108
91
121
99
66
102
113
8
122
117
119
92
93
121
96
114
3
111
121
130
85
117
162
106
113
7
115
64
110
137
100
114
100
113
2
149
112
139
111
101
140
121
123
10
83
124
104
113
141
120
139
91
4
81
151
110
135
118
143
115
121
10
83
77
102
91
135
85
134
145
7
107
143
141
64
103
118
137
104
0
102
141
101
112
115
79
77
105
9
134
158
111
113
115
162
116
113
5
133
107
89
120
120
156
85
108
8
121
134
138
106
117
101
125
118
9
135
94
107
111
134
99
120
119
3
91
70
92
107
122
129
112
157
9
135
93
143
94
146
142
109
136
7
112
111
107
138
150
123
110
117
1
128
142
114
138
142
101
105
143
6
115
110
113
106
140
99
137
131
9
128
130
92
109
140
87
100
100
5
106
126
128
110
131
131
136
94
5
130
128
121
113
114
155
129
139
7
126
93
115
113
110
133
124
112
6
128
135
115
139
129
131
135
105
1
88
98
104
113
134
59
114
107
5
103
95
114
122
106
106
163
70
5
156
91
96
118
118
125
92
146
10
110
108
94
99
111
128
141
112
5
135
154
127
96
142
117
160
93
3
142
91
72
128
108
133
147
114
10
115
113
108
114
115
97
134
100
5
85
86
98
135
135
107
113
135
10
140
111
120
107
127
132
121
107
9
130
118
111
127
107
107
152
132
5
115
108
133
125
137
109
136
148
6
127
114
117
147
150
101
99
99
4
117
142
121
106
135
116
118
138
2
133
100
148
80
119
168
115
127
2
136
105
106
85
135
118
122
121
10
134
81
128
109
94
120
120
106
2
114
138
124
100
148
94
117
135
9
128
118
125
111
149
118
120
108
1
128
145
128
136
155
129
115
117
6
127
139
135
128
79
125
91
104
3
108
127
112
103
147
91
92
134
5
106
105
99
100
111
113
126
104
4
86
85
147
122
101
131
105
114
3
122
94
135
137
121
106
106
91
1
104
76
90
123
129
135
119
132
10
148
137
120
114
146
99
134
153
4
126
78
105
122
115
150
155
140
4
139
79
131
167
122
121
119
156
9
143
92
106
71
105
168
130
105
10
109
130
105
128
112
134
106
147
2
81
100
103
110
114
101
121
123
1
117
117
105
147
92
103
66
94
1
104
104
128
150
86
165
141
120
4
121
83
124
114
124
138
105
112
8
106
86
121
109
124
99
153
128
3
107
104
144
117
95
107
103
136
9
70
113
131
121
87
94
105
133
1
128
107
118
118
126
128
109
122
6
115
87
106
119
102
126
119
101
9
113
130
119
100
130
122
141
150
8
126
141
120
74
91
129
148
96
10
107
116
144
128
101
76
102
99
6
88
115
111
113
109
106
142
122
3
140
100
154
103
128
121
89
106
8
105
135
117
95
156
139
127
96
6
141
91
101
77
113
157
111
117
1
113
116
108
111
70
153
136
116
2
99
120
134
85
112
138
108
145
3
141
121
113
126
115
78
108
59
0
89
97
113
98
113
88
118
146
4
108
143
156
109
127
119
102
101
7
93
99
86
81
146
119
140
120
8
122
152
102
107
125
106
128
135
5
98
109
125
113
137
140
118
106
3
94
91
112
160
124
107
133
85
1
108
113
115
86
133
118
115
103
2
117
113
141
124
95
118
103
152
3
107
115
88
132
127
128
144
131
9
140
126
114
118
103
117
123
112
8
150
112
100
108
110
147
94
122
1
120
130
102
97
111
111
122
121
7
101
106
109
136
115
112
116
87
1
98
86
97
99
96
149
138
109
1
121
121
134
113
150
142
106
127
9
92
118
91
138
89
117
136
97
9
154
92
119
130
115
154
103
124
5
114
107
130
147
148
101
138
113
8
106
136
70
96
142
120
80
140
4
125
125
122
107
99
99
120
133
7
116
121
109
128
66
102
97
107
6
79
130
127
105
101
112
131
133
3
78
116
135
122
130
126
124
84
1
132
142
111
124
130
111
126
120
3
114
67
85
169
100
127
108
101
10
149
103
167
138
120
137
85
129
2
65
140
106
124
113
116
142
91
8
147
119
128
141
136
126
126
108
7
110
93
135
139
128
105
142
135
5
132
120
96
125
110
87
92
125
6
124
138
125
111
100
120
112
94
4
79
99
108
102
129
108
119
116
8
119
86
105
115
113
118
131
131
5
105
115
105
117
98
107
137
140
4
138
127
130
97
120
129
112
95
1
109
111
128
104
135
99
106
108
2
104
135
88
127
121
99
128
90
5
134
134
129
99
126
133
115
92
8
106
106
119
108
135
107
103
113

