16
9
4
1
7
2
3
6
3
15
10
5
10
1
0
7
8
6
14
2
9
9
3
8
10
0
9
91
87
134
139
85
119
140
153
6
134
108
111
121
157
122
121
133
4
116
118
106
109
116
112
134
99
5
133
105
85
152
137
102
126
132
8
159
119
114
114
148
108
127
143
10
115
138
84
99
135
149
139
85
8
137
100
102
169
135
130
142
92
7
145
84
133
92
128
84
141
115
5
121
121
81
114
102
120
142
126
0
122
120
122
113
128
95
113
127
4
153
119
161
104
129
114
106
105
9
94
102
147
136
111
123
130
121
3
108
156
124
152
65
92
114
148
2
100
125
97
88
102
119
109
114
8
140
92
82
102
135
145
72
113
4
119
121
122
131
135
112
170
114
6
81
133
149
135
123
129
124
102
10
146
160
128
127
145
115
100
148
2
98
140
120
112
113
120
119
108
6
142
129
101
127
123
150
133
137
5
117
121
135
125
98
101
103
136
6
122
112
135
121
126
99
112
126
4
122
125
95
126
96
141
120
69
3
117
120
90
107
117
131
90
114
7
103
135
114
111
121
145
114
150
5
106
125
142
126
114
143
123
132
7
116
99
120
106
121
100
124
107
0
96
104
98
78
104
120
121
142
7
103
139
135
101
128
129
131
110
8
121
109
109
122
91
102
92
98
0
75
101
75
100
136
125
92
103
4
100
120
125
127
105
73
105
145
4
157
108
78
111
136
142
125
94
8
113
87
112
105
121
135
103
118
6
113
126
157
135
104
81
136
163
5
106
80
101
128
110
128
114
104
8
138
98
133
101
107
151
105
111
6
116
106
114
121
131
125
109
143
5
112
100
85
108
99
113
153
129
3
134
91
135
147
114
107
123
139
9
121
128
136
110
112
116
129
111
6
107
107
138
112
142
141
119
108
0
142
96
134
132
104
76
163
105
6
113
124
128
130
117
134
85
135
1
127
86
95
81
124
120
114
107
4
104
118
115
128
107
136
107
113
7
153
140
93
90
123
153
120
109
1
135
153
122
79
136
93
105
87
0
119
106
94
127
114
92
104
92
3
96
128
103
114
134
155
101
131
8
114
150
136
106
87
135
108
114
7
113
120
106
78
121
106
118
114
4
83
96
120
127
126
105
110
141
7
111
132
114
109
137
128
127
137
3
92
142
118
84
129
113
112
135
2
140
101
89
132
111
80
121
120
3
113
138
121
86
131
115
122
84
9
104
109
100
162
129
100
103
128
8
124
143
83
121
96
111
127
130
3
137
122
92
150
81
137
110
118
2
146
107
95
125
126
137
121
104
1
96
124
147
158
134
78
104
85
0
100
156
119
89
124
119
134
143
1
116
102
143
93
148
115
82
140
8
121
108
174
142
107
122
109
93
2
106
128
121
127
67
120
89
119
5
97
126
102
115
107
114
88
146
3
99
118
122
114
113
116
125
119
9
136
106
108
110
105
119
125
106
3
126
112
120
128
91
123
105
87
7
75
121
183
113
96
135
152
136
2
120
99
122
104
112
103
125
92
2
105
111
95
142
102
93
100
105
6
140
89
127
92
148
122
129
114
4
91
87
91
155
127
106
141
72
4
125
97
109
110
111
85
146
94
8
161
170
140
155
113
165
134
120
0
97
128
92
115
144
121
117
80
10
88
135
101
115
109
134
136
117
7
107
110
112
132
123
117
130
116
3
103
133
124
107
170
92
113
115
9
91
105
86
160
149
112
84
113
2
95
101
119
85
99
121
100
148
6
120
119
119
117
85
92
115
148
2
110
112
134
117
144
131
109
129
7
105
73
95
103
101
120
87
137
3
122
142
94
94
82
70
127
118
8
138
95
70
130
128
105
157
106
8
101
109
108
110
113
148
78
129
5
127
138
122
148
121
113
127
122
2
102
111
104
128
136
140
115
68
9
114
138
95
142
86
122
118
129
6
149
144
97
127
100
114
86
121
3
115
128
123
129
120
115
135
89
4
141
116
138
106
127
120
87
123
2
91
137
93
77
148
99
128
106
4
142
113
113
142
119
126
70
141
2
149
86
119
86
109
147
133
103
2
129
121
130
136
127
126
156
101
7
146
131
90
105
119
142
162
131
7
115
80
82
105
141
106
131
110
4
119
126
141
100
110
129
114
113
8
115
138
131
134
127
92
101
134
3
92
166
147
99
104
113
100
127
8
141
103
142
146
112
97
149
127
5
138
113
116
122
148
71
86
127
1
115
125
147
121
127
113
121
119
7
114
86
113
161
134
123
111
153
7
92
113
78
123
129
125
120
92
6
152
122
122
133
133
94
127
113
6
125
140
110
106
115
91
81
122
2
132
120
119
137
85
117
121
165
8
127
110
113
91
129
156
90
143
5
92
104
122
64
96
117
168
112
8
113
135
160
125
126
85
99
134
6
112
113
80
84
126
137
103
109
4
122
80
122
127
100
135
100
121
7
132
142
92
107
137
132
141
140
2
132
92
91
105
114
91
123
84
2
121
128
153
108
98
118
119
142
2
133
104
104
102
111
116
94
122
9
105
120
118
103
150
97
133
115
4
122
118
133
109
106
109
148
106
5
119
109
95
173
112
110
126
91
1
136
133
134
89
140
108
127
134
9
121
161
95
107
156
93
74
144
8
133
153
100
120
115
110
142
95
9
98
128
84
112
114
101
127
101
8
151
142
134
88
101
100
109
92
0
134
130
136
113
98
132
121
135
7
138
119
97
97
114
72
113
91
2
120
135
159
120
112
71
102
123
8
140
119
113
138
92
101
87
103
6
116
112
94
144
133
113
110
157
1
169
138
100
119
147
105
121
115
9
121
126
126
140
153
81
132
83
3
150
108
106
141
147
100
112
129
5
149
77
83
137
135
99
102
144
2
131
113
128
110
92
130
115
103
0
119
128
91
115
130
126
124
129
8
101
87
99
123
115
114
70
125
0
140
120
135
127
100
99
117
120
5
117
135
99
133
149
109
148
112
1
150
148
145
109
122
127
120
90
2
140
125
113
132
142
113
108
124
7
92
113
113
108
144
133
127
106
9
111
92
144
79
91
62
126
139
2
98
134
124
114
110
106
116
155
5
92
108
105
129
150
119
113
110
6
135
85
114
93
129
99
107
127
9
136
102
84
89
135
93
156
103
5
104
135
89
137
112
108
118
102
1
130
107
110
79
122
109
124
106
2
156
129
100
95
109
127
115
103
9
130
150
121
144
133
107
92
85
5
122
138
120
73
113
101
107
105
2
121
82
107
114
96
145
96
132
3
121
116
109
124
119
107
116
108
3
142
129
119
109
135
106
85
156
4
100
80
123
128
146
91
114
110
2
96
100
139
155
118
79
133
104
9
103
117
82
92
110
127
136
148
2
121
139
141
122
126
116
115
120
1
104
133
114
95
105
100
109
149
5
92
100
141
108
135
140
118
118
1
106
107
100
127
115
120
168
120
1
131
119
121
139
132
85
95
140
8
107
145
101
107
108
95
135
115
0
76
100
117
109
138
79
133
133
3
118
102
125
99
106
118
147
122
9
165
124
135
119
112
109
95
103
6
155
135
101
145
122
111
112
106
7
120
100
110
119
124
133
121
110
5
151
141
127
141
121
110
120
100
6
133
133
118
121
93
112
127
136
4
80
108
108
156
117
113
104
92
3
104
133
104
129
102
106
110
131
8
135
140
103
120
128
87
82
113
3
134
106
161
112
143
84
88
150
4
138
129
121
128
135
93
133
135
4
92
158
114
149
150
121
120
99
3
103
114
155
129
111
81
111
136
7
159
126
120
91
101
115
119
118
3
88
67
109
131
103
112
121
139
4
92
143
121
113
113
118
105
106
3
125
109
120
131
126
113
137
107
6
125
163
107
147
108
110
141
80
8
119
119
112
112
105
134
127
132
9
93
78
145
88
63
131
107
131
9
155
142
73
134
124
141
100
140
8
113
90
87
133
96
98
119
90
10
101
126
154
92
148
155
93
108
8
126
105
128
152
108
135
99
101
3
86
111
86
111
70
140
129
142
6
110
100
127
81
107
116
85
140
1
107
141
127
122
107
109
111
143
7
113
107
63
133
93
150
93
89
8
149
156
92
105
127
134
121
157
3
128
143
97
119
117
111
141
148
9
128
107
110
140
115
85
104
64
2
144
138
129
147
123
142
120
113
9
117
139
114
155
127
98
116
107
3
101
98
169
125
107
106
91
92
2
126
101
107
120
121
109
130
117
7
115
132
141
130
91
94
127
116
9
147
98
132
106
111
124
121
107
7
88
121
124
122
100
121
114
112
1
134
121
144
114
123
108
140
132
8
93
92
113
129
94
130
118
71
9
134
140
114
125
150
112
106
130
9
116
112
99
108
121
106
86
100
8
135
76
134
100
113
134
126
102
9
99
116
99
148
112
137
137
100
6
78
75
115
140
101
112
117
105
2
124
84
115
103
99
147
114
107
3
142
152
120
142
126
163
104
102
4
129
104
119
114
93
151
79
121
9
135
113
117
106
126
148
111
122
9
121
106
122
108
173
96
134
132
8
97
106
93
118
123
107
122
131
9
127
140
119
109
107
133
162
96
6
123
115
105
110
169
125
89
112
6
108
127
120
142
124
121
132
125
8
113
106
134
112
129
114
102
112
2
119
146
176
127
77
112
85
140
2
113
132
131
90
79
134
98
113
3
112
109
133
93
112
121
115
129
9
123
128
122
148
105
98
111
120
2
127
123
130
124
129
112
97
141
6
120
104
120
118
147
126
95
77
4
149
98
143
134
127
131
107
138
4
108
125
117
113
114
140
123
114
1
130
125
111
154
126
107
111
143
7
137
135
138
120
121
110
96
142
5
154
90
99
113
116
159
140
102
9
93
112
128
114
107
136
120
130
4
152
86
107
114
122
95
107
135
2
101
120
105
144
114
107
86
95
7
147
150
85
93
150
76
84
133
4
112
109
83
86
103
93
122
144
8
120
82
152
121
101
127
121
156
2
128
111
116
166
121
135
181
128
2
115
120
129
135
117
130
135
74
10
138
120
154
106
138
76
141
131
2
106
128
109
90
142
147
88
95
10
99
121
119
92
108
114
118
108
7
155
77
101
121
129
162
107
98
9
129
115
129
124
106
94
111
139
8
117
135
133
163
76
82
127
107
2
90
90
74
147
132
112
141
112
2
114
101
130
140
125
110
149
117
10
79
108
136
141
126
112
144
118
6
133
162
135
103
73
111
91
121
9
149
78
99
127
144
134
145
113
5
129
138
119
120
137
93
105
115
5
116
102
119
127
134
88
100
112
4
123
110
97
92
174
119
139
101
8
121
72
102
127
125
98
112
91
9
134
142
115
112
113
89
114
159
5
133
123
159
114
108
131
118
133
9
144
136
112
114
133
120
121
129
4
92
127
124
95
153
132
134
106
0
105
110
159
109
105
146
113
88
0
147
89
101
127
119
92
100
134
2
104
105
128
95
110
105
89
129
10
163
109
130
142
113
130
133
123
4
97
105
157
114
120
148
119
110
7
123
128
99
149
95
128
146
134
10
102
134
143
122
136
74
119
129
6
135
100
117
135
126
79
120
147
8
98
112
159
100
108
133
100
151
9
124
100
98
114
128
111
127
115
7
119
127
148
125
108
87
119
72
5
113
133
92
122
154
106
112
127
7
104
102
138
100
129
147
141
155
2
127
100
81
79
100
116
122
124
1
99
90
154
102
94
156
85
101
4
77
128
122
146
164
70
107
98
8
95
91
123
103
135
136
115
121
2
118
150
94
85
146
149
108
128
3
150
112
118
127
132
100
85
112
2
116
128
141
107
124
129
96
139
6
121
135
140
104
126
104
144
135
1
82
120
147
119
110
153
125
99
4
104
120
114
149
112
96
119
119
3
121
94
109
128
108
114
170
106
9
114
95
104
87
101
119
136
122
5
85
128
106
117
134
104
100
99
7
126
107
114
155
125
150
140
144
10
112
81
129
154
116
107
100
85
6
145
141
110
112
101
95
119
155
4
90
100
148
126
122
107
85
101
9
113
98
123
119
126
120
163
105
6
95
117
87
92
118
113
56
133
7
103
116
117
83
100
117
122
100
8
98
143
113
100
127
119
144
144
8
135
72
122
156
114
113
85
126
8
89
139
115
81
118
99
118
127
9
107
131
88
130
131
140
159
118
2
96
107
123
130
113
124
128
106
5
85
108
122
121
143
144
99
138
6
154
118
106
92
137
151
94
113
10
150
103
116
91
142
112
115
112
3
141
136
143
93
125
134
157
132
8
112
121
93
104
156
107
128
85
5
106
115
78
107
71
119
115
121
8
117
116
134
117
121
96
123
111
7
122
104
126
110
86
112
142
152
8
113
106
155
127
115
126
80
117
9
125
123
121
117
122
147
129
100
2
107
99
100
122
133
108
140
124
9
116
127
110
118
136
121
128
107
1
105
136
96
127
120
112
101
84
10
151
104
106
149
135
133
94
107
4
99
137
147
89
108
108
128
118
5
135
127
120
93
93
121
130
125
4
149
110
148
134
129
120
105
119
7
97
154
109
133
120
108
114
118
2
120
113
102
113
117
132
86
129
7
83
128
127
112
142
128
124
87
5
131
138
108
121
121
101
114
100
5
124
144
124
136
79
97
129
95
1
132
92
100
124
95
118
154
141
4
123
140
120
124
128
135
130
127
7
128
107
138
140
110
99
127
76
3
89
131
126
132
124
106
104
100
7
139
116
126
80
131
126
141
106
10
136
129
106
106
94
136
152
111
3
129
78
97
140
130
144
122
108
7
106
110
97
122
107
124
139
112
9
123
115
133
109
134
108
81
101
2
80
108
121
108
136
164
155
50
4
115
100
86
91
125
129
127
88
8
125
133
117
74
150
92
93
81
4
103
100
114
111
119
127
135
84
4
106
101
127
139
90
131
85
118
2
126
113
135
112
83
157
137
134
5
91
105
112
69
135
101
128
129
2
133
136
155
113
84
106
92
108
2
113
156
112
147
80
133
115
112
3
148
109
140
115
141
121
141
91
10
148
112
128
107
112
128
85
112
7
99
132
150
102
134
115
128
92
4
73
74
114
136
136
130
99
157
0
94
106
130
121
135
115
129
139
9
128
86
108
119
135
134
108
122
10
103
101
93
113
135
87
111
127
8
113
109
154
117
145
131
113
115
3
98
150
89
91
102
119
129
119
6
128
92
116
136
120
105
108
97
1
118
141
155
128
101
110
109
101
9
145
108
108
121
99
165
151
127
3
88
111
148
126
141
110
131
87
6
101
99
99
121
77
108
122
115
8
123
104
128
115
94
79
103
140
2
114
105
107
98
107
85
128
132
1
141
128
122
127
103
141
156
107
6
92
133
122
127
112
103
134
123
8
120
128
143
150
114
120
103
141
9
105
128
143
107
148
94
114
135
9
86
93
127
148
120
109
136
100
5
102
106
102
106
115
107
109
128
3
140
89
128
99
113
133
77
114
0
118
170
110
91
123
143
99
100
0
114
141
94
140
134
89
115
78
2
110
124
124
110
111
138
148
112
1
117
81
122
126
129
95
120
135
10
77
140
112
77
131
120
114
100
1
101
125
125
114
118
103
100
99
3
89
100
131
100
66
107
113
127
6
115
108
129
122
92
100
98
98
4
115
109
79
136
127
120
147
116
7
94
81
116
142
78
92
114
90
5
131
120
137
68
127
126
102
126
6
123
122
128
100
143
125
128
117
5
84
120
119
157
120
111
121
121
7
100
123
97
87
78
106
93
84
2
128
128
88
115
108
84
105
142
7
109
131
118
89
92
120
130
99
5
138
121
108
94
103
136
89
99
1
133
85
123
166
96
138
112
142
9
136
93
85
118
127
137
104
108
5
99
92
116
119
122
122
133
114
6
131
135
60
117
118
80
74
153
5
112
104
142
114
137
127
134
106
0
141
106
141
108
163
110
150
85
8
108
126
106
102
88
108
134
113
2
95
154
77
99
83
119
111
100
8
150
67
137
124
107
103
137
120
4
100
119
103
101
88
113
134
111

