13
5
9
4
10
3
8
8
8
13
1
0
2
2
5
7
5
4
10
8
5
0
4
8
9
5
5
129
114
107
105
125
127
83
97
5
100
109
92
120
138
78
99
101
0
112
115
93
86
131
120
100
122
3
99
87
71
140
118
99
135
108
5
91
140
135
112
98
133
114
88
8
83
140
90
143
136
102
131
83
2
119
184
92
94
123
137
134
149
2
98
141
138
98
108
156
107
123
7
108
125
101
58
122
124
108
87
5
96
114
135
126
100
126
121
149
7
119
128
129
148
108
80
101
93
3
105
97
98
143
119
85
121
106
9
109
136
116
126
117
79
119
119
6
117
102
110
104
101
106
151
122
6
127
140
100
74
98
148
130
88
6
85
121
65
142
151
94
119
110
10
98
109
123
153
161
134
101
114
9
95
115
106
116
91
98
129
110
9
113
103
142
114
93
104
123
148
8
136
147
108
82
141
106
104
135
9
123
138
90
94
128
139
106
130
7
109
111
127
143
132
119
114
104
6
107
127
92
85
129
107
116
111
4
114
110
129
125
103
140
117
78
7
109
128
94
155
127
101
78
150
0
135
107
134
112
125
120
100
114
7
127
133
110
114
78
85
91
128
7
122
114
114
139
115
142
126
130
2
117
99
133
142
115
123
145
100
8
114
130
121
148
133
133
142
76
1
141
139
109
87
147
117
114
115
10
110
104
121
137
101
134
104
70
1
147
104
129
79
102
132
128
104
0
93
118
141
121
122
90
69
89
1
113
122
120
124
99
100
92
148
8
140
80
143
118
102
94
175
91
3
106
127
124
112
132
136
101
130
8
103
135
99
113
112
94
141
105
4
112
126
124
109
105
158
136
94
2
77
99
116
121
94
94
114
84
1
86
107
102
133
86
99
91
136
7
137
129
136
95
105
105
94
146
7
134
105
98
155
120
149
126
105
7
93
111
128
113
139
135
96
113
6
117
103
94
122
135
148
145
94
2
115
102
102
124
101
140
89
114
4
97
79
119
121
110
101
139
144
2
133
147
90
133
154
110
90
129
3
105
135
104
148
106
148
150
100
1
163
103
89
96
103
94
103
155
9
125
148
115
122
130
116
150
98
8
104
93
72
134
133
92
158
109
1
146
135
92
146
134
133
123
100
5
91
126
116
86
105
79
121
143
4
130
86
128
106
113
77
136
128
0
151
96
121
111
110
120
110
111
1
107
92
115
100
114
102
114
106
0
129
99
84
119
120
99
105
121
10
114
134
113
103
118
134
114
98
3
99
80
108
109
120
94
105
132
7
153
128
113
134
102
142
104
156
3
88
87
135
176
105
133
113
141
4
122
94
117
95
147
90
121
124
9
110
110
125
121
96
128
72
149
7
127
137
124
97
122
129
122
129
8
125
118
119
100
77
106
101
96
4
131
98
87
115
136
106
107
107
7
89
128
100
145
79
99
94
107
4
121
108
99
121
98
107
104
103
4
132
101
130
114
105
132
87
80
9
106
120
121
110
100
123
140
101
1
142
73
144
96
126
100
99
149
3
112
113
119
123
116
93
118
132
2
147
123
121
107
88
121
133
121
0
140
122
150
86
124
136
143
114
8
153
127
135
101
126
132
86
114
8
130
113
98
99
138
134
107
152
5
104
88
124
72
144
83
114
109
5
80
128
127
142
116
106
123
102
8
114
101
132
113
119
145
127
123
2
72
133
120
135
141
142
144
122
10
129
129
108
103
83
114
141
132
10
137
102
106
121
119
93
135
135
3
87
106
98
113
111
92
106
169
3
160
110
104
101
122
110
114
135
9
118
149
112
150
102
128
99
114
4
71
78
99
136
122
113
128
107
7
110
65
150
124
139
130
84
94
9
109
128
130
99
125
100
122
140
8
117
84
114
160
119
122
119
129
3
100
113
129
112
118
121
117
130
2
120
136
118
115
120
93
113
136
9
83
123
90
149
150
77
112
113
3
130
113
114
148
114
128
113
148
4
163
126
125
129
86
114
105
121
3
105
148
79
152
83
144
110
123
8
112
118
68
136
114
65
118
121
2
107
147
95
135
122
123
133
130
1
128
119
108
167
110
121
101
77
10
122
117
134
130
98
94
114
140
7
134
100
150
136
83
134
88
101
6
121
129
133
115
149
105
124
162
4
105
144
103
109
129
127
82
110
7
106
156
84
108
148
107
95
73
1
122
108
129
125
107
107
97
114
6
158
90
102
85
128
121
104
150
3
111
120
91
120
101
112
92
132
1
92
100
140
124
86
73
80
149
5
86
129
108
107
128
119
94
72
9
121
91
103
99
118
94
95
121
9
124
102
69
133
133
128
116
101
7
108
103
115
136
155
112
106
122
3
107
124
143
115
126
118
113
138
5
149
72
125
126
160
124
161
124
3
120
100
127
107
127
131
128
91
5
125
135
99
139
99
102
85
103
4
144
152
157
162
107
122
141
170
1
127
112
116
113
95
139
78
73
4
128
112
100
135
131
101
103
119
5
131
105
67
140
146
90
129
139
2
117
142
127
116
121
90
114
119
3
122
119
102
127
118
65
142
141
2
152
164
138
114
149
113
106
101
8
140
79
123
90
129
125
99
93
6
141
109
126
133
154
93
128
137
2
122
123
108
106
102
111
91
122
10
80
98
133
107
98
127
155
145
3
116
127
94
92
115
128
86
112
6
99
103
92
100
145
118
149
108
9
119
127
128
105
128
113
106
114
9
141
127
108
105
85
86
149
103
9
101
147
135
113
119
120
108
97
8
106
120
127
141
121
106
105
101
9
99
122
120
105
139
134
120
98
7
143
127
143
117
126
115
103
137
9
135
139
108
121
139
120
71
142
6
127
124
92
99
112
134
103
171
8
136
127
122
115
100
121
106
125
7
92
103
107
103
128
107
99
150
4
86
106
107
114
114
98
93
140
2
120
129
99
148
120
122
150
104
3
113
120
56
96
148
137
152
98
6
167
122
133
105
117
140
100
113
4
128
120
145
131
136
131
119
112
6
84
135
108
106
123
136
119
128
7
111
107
134
99
148
105
156
92
3
115
125
132
133
97
122
103
141
3
128
114
103
125
122
109
143
110
2
125
100
140
108
146
106
102
125
10
134
106
126
124
122
131
134
129
8
107
113
128
71
137
133
143
125
7
95
140
78
121
127
161
132
109
1
136
143
156
136
128
96
119
123
1
126
118
99
106
120
149
67
92
3
133
111
108
133
87
124
127
116
4
128
106
127
88
120
162
134
112
0
143
122
162
139
128
126
120
147
9
94
141
138
134
97
95
143
133
7
126
131
111
111
87
117
101
139
5
134
134
73
130
106
100
101
111
3
130
81
93
105
98
174
114
104
0
119
93
99
140
151
102
107
104
4
94
116
109
130
130
113
136
105
1
120
136
116
121
117
80
102
98
4
167
119
104
93
113
111
118
119
7
121
101
139
98
86
113
125
116
8
79
119
134
123
86
125
124
116
6
95
116
141
108
119
105
132
112
1
93
144
111
131
124
111
87
96
4
121
148
128
128
107
82
116
138
1
138
98
155
117
120
133
121
106
2
127
109
103
142
140
94
122
119
8
98
144
114
60
89
94
140
119
7
85
135
133
105
132
133
100
67
1
85
135
130
127
134
95
123
165
9
119
114
105
86
108
142
121
128
3
110
97
124
131
141
138
126
129
7
98
132
107
115
157
126
78
102
3
159
96
142
140
122
100
140
109
7
140
139
122
155
88
100
94
131
6
104
105
113
70
148
105
107
73
9
91
115
106
107
115
121
144
125
3
121
150
98
113
112
95
106
140
9
140
115
94
140
102
91
83
112
3
113
115
103
135
114
114
94
114
6
121
98
145
110
99
140
141
89
5
99
123
166
101
178
120
112
140
8
128
81
113
131
150
156
163
120
8
123
99
127
119
100
111
99
132
4
118
133
75
120
107
107
115
102
1
144
129
117
128
124
92
106
134
4
113
114
132
116
103
113
122
118
0
84
92
127
120
133
142
116
85
2
105
121
91
120
132
152
124
121
0
134
112
127
113
103
115
141
91
7
107
102
127
115
102
108
109
116
7
121
127
101
135
95
120
113
121
3
133
116
114
142
91
147
136
113
6
130
139
152
156
101
106
101
102
0
112
86
118
93
110
133
143
113
3
117
115
120
137
147
112
147
113
2
89
77
156
100
99
133
101
80
5
118
127
136
103
127
88
127
135
7
78
120
89
142
129
100
105
86
3
77
114
110
106
99
130
100
80
8
128
106
93
122
126
103
127
142
2
82
104
128
128
129
128
135
101
9
114
128
113
108
114
78
107
134
10
99
142
109
134
108
108
114
132
3
141
103
122
102
111
133
107
89
8
105
129
109
100
135
122
136
105
5
114
112
112
146
139
133
149
120
3
123
115
109
149
100
131
126
107
4
140
57
117
120
135
123
115
106
2
134
147
172
115
161
123
164
105
3
121
120
117
132
102
133
141
141
8
110
65
88
117
116
126
126
169
1
108
143
130
113
122
118
163
107
8
140
114
108
143
114
119
105
134
8
131
94
123
114
133
128
112
100
3
114
112
97
106
128
107
132
142
10
129
122
100
114
121
124
119
128
5
115
107
147
96
113
146
82
127
6
153
122
127
147
115
101
121
119
2
134
149
86
89
142
116
114
146
5
135
91
86
108
79
100
130
119
3
135
133
101
82
138
121
121
138
3
123
119
99
116
155
89
135
133
8
110
112
110
124
113
91
102
130
5
93
93
118
87
133
146
142
101
6
121
102
126
130
124
118
135
130
10
92
102
112
104
133
142
131
112
1
132
127
120
128
143
142
128
130
6
141
150
135
137
102
122
140
94
7
133
127
120
93
105
136
117
117
9
113
100
136
127
139
118
118
112
8
114
100
74
127
100
117
112
112
1
107
112
140
111
140
91
121
102
4
111
136
99
121
100
110
132
133
5
130
81
128
141
81
101
136
100
4
113
121
130
103
108
120
106
93
5
122
135
83
121
122
95
79
81
1
90
134
127
148
82
109
74
99
0
121
112
98
107
134
124
127
129
1
118
148
85
107
128
133
114
99
1
139
84
134
98
99
140
85
126
8
131
113
135
126
100
101
139
107
3
91
102
107
113
135
73
132
123
1
146
127
112
87
121
140
86
100
7
136
92
115
106
116
113
121
127
2
140
129
138
118
129
121
107
92
6
177
94
134
116
118
157
109
94
4
142
87
75
120
116
120
148
141
9
121
110
119
106
95
121
78
64
6
104
128
112
79
108
113
125
107
8
104
142
130
122
92
121
107
116
1
149
113
131
115
141
142
129
121
4
85
133
88
120
142
142
126
132
5
142
128
88
122
96
120
100
88
10
165
98
107
133
115
154
127
144
9
99
128
124
92
135
77
96
107
8
110
115
116
132
112
84
129
104
9
122
133
100
126
90
148
85
89
2
98
142
84
105
103
126
94
126
1
109
114
133
65
148
123
84
102
9
146
106
104
134
78
93
142
114
4
100
87
92
92
124
107
102
128
9
85
146
159
128
118
113
114
113
0
143
126
122
85
113
87
120
148
3
121
159
132
120
150
97
110
114
8
130
156
102
115
87
121
137
121
0
155
122
128
115
94
91
112
124
4
114
123
134
113
127
131
109
114
6
117
99
122
135
143
127
107
121
4
134
93
135
140
104
107
84
150
8
134
132
113
116
135
94
143
164
2
119
136
86
126
113
125
113
148
9
121
96
114
142
125
98
100
111
8
101
126
146
89
113
109
106
131
9
130
85
142
78
125
121
98
150
6
143
88
104
120
109
118
122
78
8
71
100
97
101
111
80
121
100
7
74
119
99
140
120
98
113
108
5
122
116
104
122
107
61
131
106
5
103
128
113
129
132
86
123
126
9
116
122
125
134
114
133
81
105
5
138
128
121
91
172
105
126
176
5
94
99
87
121
98
135
117
142
0
113
102
92
160
95
156
112
144
2
107
115
92
110
105
119
109
123
7
125
112
114
107
119
105
99
120
5
113
84
122
121
97
117
50
139
9
119
144
114
144
104
133
122
126
3
124
105
115
107
146
141
107
152
7
100
122
94
104
111
116
122
100
7
101
95
110
143
150
112
133
112
3
127
88
110
137
129
77
94
127
3
121
126
119
108
115
140
84
136
5
105
144
121
102
112
99
106
105
5
125
128
115
135
131
104
134
130
8
114
85
130
105
129
118
140
139
3
100
98
97
107
149
93
128
101
9
119
116
127
112
104
126
125
132
2
97
115
150
117
119
136
99
155
4
85
139
97
103
130
133
97
99
6
122
126
116
106
116
107
127
113
4
123
127
106
160
125
129
108
112
10
99
132
136
115
119
107
87
80
3
141
122
109
117
113
111
133
154
3
100
124
130
164
149
82
83
126
6
134
142
127
100
120
118
115
142
4
105
177
119
123
136
118
106
142
9
101
135
88
87
181
115
150
109
8
106
123
142
134
127
112
113
114
2
119
96
114
130
106
118
170
117
4
122
122
121
106
142
159
120
112
10
126
94
111
127
134
120
142
104
6
105
113
108
140
100
133
83
117
10
111
85
126
106
136
120
129
145
4
118
124
144
109
126
142
111
108
1
93
123
104
102
119
109
121
126
7
118
108
114
87
141
132
115
134
7
93
107
156
127
107
100
147
90
3
126
98
44
95
99
123
146
81
2
119
124
113
93
79
113
139
105
3
119
133
110
117
113
130
148
82
9
127
91
114
80
147
96
113
106
9
90
108
113
122
142
91
122
104
4
127
114
93
138
97
150
135
106
5
115
96
80
136
78
139
133
109
1
114
120
105
98
111
130
103
82
4
107
135
121
128
77
117
108
119
8
107
85
113
155
169
183
128
136
1
122
108
93
104
134
150
134
133
6
155
105
142
164
105
156
84
121
9
106
121
162
87
155
92
127
98
9
110
108
84
127
134
109
114
134
6
106
135
68
104
114
87
102
123
8
73
118
101
113
80
99
92
120
6
101
107
90
98
114
122
124
134
7
168
104
128
108
115
126
86
111
1
133
117
107
108
132
114
93
109
9
100
92
127
67
129
113
144
127
5
106
64
85
111
107
157
88
141
3
118
106
156
95
107
100
106
132
1
103
140
131
119
98
121
133
112
6
160
89
133
113
138
142
126
129
3
120
113
130
86
162
119
128
159
6
101
87
87
114
115
70
133
117
6
90
128
115
131
136
107
131
112
9
146
116
141
171
134
113
127
119
9
134
127
133
107
123
128
102
119
1
147
100
79
111
114
115
152
149
9
108
88
158
120
76
110
97
128
6
122
121
133
127
150
99
113
164
1
131
106
126
132
129
94
123
114
9
110
148
126
109
118
94
102
100
8
121
106
106
106
121
115
118
140
5
95
128
123
141
100
108
128
136
4
93
94
84
140
119
145
99
135
6
119
139
135
112
91
92
103
120
7
98
137
103
106
106
114
104
159
8
114
128
157
100
105
108
136
129
1
135
86
120
118
130
97
85
107
9
127
101
122
129
102
132
109
166
4
119
88
121
106
116
143
129
155
3
161
138
108
86
89
111
95
114
2
115
106
122
127
120
91
126
137
6
118
108
127
105
105
129
102
100
5
169
114
146
112
149
155
136
143
6
101
110
80
128
97
127
91
104
5
113
133
125
141
108
138
113
85
4
117
170
81
134
96
137
116
119
2
145
134
128
103
106
130
112
144
2
150
161
135
129
93
164
109
95
8
93
135
84
88
110
112
111
124
6
100
140
114
135
99
110
93
128
9
86
105
106
110
134
143
98
125
8
97
135
107
121
112
124
118
117
8
139
120
149
122
110
115
168
107
7
96
122
115
115
93
135
119
120
0
119
118
108
123
96
113
132
118
6
127
135
97
93
125
131
113
149
4
131
114
147
112
91
79
147
126
4
127
114
100
105
107
125
95
139
6
98
127
120
103
120
116
125
93
0
126
128
147
122
98
145
115
120
4
78
112
139
140
93
95
128
122
1
114
85
149
110
161
113
142
118
7
127
124
149
123
97
141
116
123

