8
2
7
5
8
5
1
1
6
13
8
8
4
4
4
9
8
1
15
9
8
1
5
0
7
9
8
110
156
81
132
102
129
120
149
7
135
151
110
85
64
93
140
142
3
106
100
107
132
106
109
95
91
7
141
108
124
128
100
122
132
97
4
152
89
144
140
118
100
115
124
7
132
128
113
136
149
88
123
143
4
96
131
98
113
122
114
68
143
6
117
114
134
108
121
106
138
72
8
99
126
105
151
110
122
114
128
5
172
129
168
115
120
119
121
120
9
164
129
101
102
121
82
107
120
4
114
168
89
128
136
79
113
135
6
135
164
101
143
85
140
128
105
1
118
134
138
107
114
80
143
149
4
120
98
133
80
85
102
106
122
9
120
154
128
149
78
97
146
86
6
125
119
121
115
102
102
99
101
4
113
125
141
90
127
85
161
121
5
64
104
115
93
126
112
111
149
8
161
100
120
133
103
121
127
123
6
94
150
132
191
109
102
148
94
1
124
92
101
96
164
129
118
79
5
80
135
158
147
121
103
106
147
3
97
140
108
117
100
104
127
151
9
141
110
127
122
107
157
91
113
5
101
141
118
116
110
159
105
127
2
115
120
121
81
111
107
106
115
5
97
121
87
105
103
98
154
107
9
115
128
102
148
118
129
103
98
3
103
121
85
135
76
116
96
157
6
98
119
115
128
106
114
150
133
3
122
123
154
113
115
127
106
128
1
113
111
117
111
120
129
148
104
6
113
105
151
76
131
105
64
114
8
121
99
93
147
115
126
94
127
5
113
138
141
126
82
129
129
98
0
116
103
150
114
100
91
120
120
0
84
92
109
105
121
146
123
106
8
72
121
100
121
100
128
141
109
2
149
118
91
141
106
132
119
84
4
149
120
123
134
120
100
103
135
6
105
101
101
113
119
64
101
107
9
107
159
118
80
114
106
133
103
5
91
114
111
98
114
115
117
126
6
96
128
133
150
129
149
126
154
7
119
148
105
126
79
129
146
106
6
150
112
99
140
139
85
136
93
9
121
134
114
100
127
109
76
115
5
109
95
126
114
122
92
105
113
5
127
92
105
113
90
107
113
92
4
108
136
126
99
146
117
150
116
6
111
141
104
108
131
118
127
128
5
96
121
105
95
130
141
91
116
7
143
71
79
116
117
96
100
136
9
103
92
112
127
90
101
93
107
9
107
85
78
72
96
120
155
113
7
126
132
139
123
109
140
148
133
7
111
110
130
89
91
103
138
112
7
116
107
125
125
94
122
121
133
7
113
96
136
98
155
141
113
114
7
123
133
126
100
104
150
94
129
0
134
114
98
78
105
93
100
89
4
89
134
147
139
129
150
115
118
7
106
105
108
116
99
147
124
130
8
90
99
143
118
106
130
126
124
4
147
109
93
71
85
126
120
123
8
122
115
119
129
149
146
78
125
6
105
85
100
128
131
147
116
103
3
139
150
127
156
86
124
117
121
5
99
132
80
123
118
128
115
122
4
98
141
91
150
152
96
106
119
7
115
142
121
128
116
116
99
105
1
129
131
91
133
105
126
119
121
0
64
114
102
150
130
103
85
127
2
128
126
126
113
139
154
112
146
9
135
92
104
135
122
140
131
126
6
85
79
145
109
80
171
122
119
3
121
98
122
145
143
127
120
131
7
118
141
95
128
97
82
129
147
1
120
122
112
106
123
99
99
113
4
111
149
100
109
85
170
139
129
7
143
129
120
102
136
86
98
119
10
99
164
135
106
105
107
116
150
8
152
94
127
114
121
97
106
100
4
100
99
115
112
107
128
121
123
3
84
79
117
114
92
88
142
125
3
114
91
113
124
119
115
57
83
7
111
90
120
117
65
108
105
86
7
116
132
155
120
154
102
146
92
7
128
117
106
127
100
127
114
129
5
88
143
80
127
99
86
118
99
3
117
107
120
133
74
66
107
107
6
116
111
102
123
114
86
98
123
2
123
135
148
110
143
153
119
146
5
134
150
108
98
90
126
135
141
2
109
119
128
121
94
75
110
101
8
87
121
155
106
123
105
121
85
1
105
115
134
142
121
127
119
131
0
114
126
80
145
145
135
108
108
8
133
118
119
100
107
117
91
131
9
136
119
95
100
127
133
125
123
8
127
112
104
120
120
128
99
100
1
95
142
133
138
148
84
102
162
4
121
125
99
134
151
120
129
148
9
122
107
111
119
92
85
114
121
1
104
123
99
112
92
115
87
92
7
106
135
136
155
115
91
94
104
7
122
117
131
118
134
117
142
135
7
106
119
135
95
104
122
120
90
3
110
148
117
112
136
168
139
82
5
96
120
105
132
101
113
87
118
1
119
83
136
128
57
108
106
162
6
108
78
113
122
127
108
125
107
8
112
115
113
110
114
129
89
121
9
108
129
153
99
93
85
136
129
1
127
103
114
117
117
134
93
65
4
135
133
142
100
87
107
125
132
7
127
130
134
116
120
123
113
127
9
100
104
99
126
140
121
128
98
8
100
103
125
121
132
120
103
92
8
109
119
116
119
110
120
131
135
5
84
64
122
132
115
150
99
92
7
119
120
108
107
135
95
100
146
5
104
137
106
128
96
128
127
92
5
122
117
127
119
86
119
88
111
9
131
124
93
105
114
154
118
111
1
120
141
119
136
101
132
102
135
8
107
114
85
137
87
121
105
128
1
93
106
121
117
118
98
141
116
9
130
120
134
131
124
129
135
136
4
117
118
113
168
97
97
121
87
7
120
108
108
135
105
95
121
99
9
121
123
127
119
111
113
104
130
5
81
115
155
118
116
101
140
115
1
123
136
142
107
108
168
115
147
2
129
102
97
118
118
107
150
105
8
101
114
109
92
98
120
105
134
2
111
133
92
114
128
117
106
113
3
114
124
100
119
107
140
110
113
7
112
152
115
98
138
108
126
126
4
127
92
131
157
80
89
133
113
5
144
131
77
135
129
126
88
109
10
126
120
127
108
119
151
142
132
5
92
125
113
128
122
85
154
123
3
100
80
153
135
78
102
125
98
7
98
125
139
134
131
134
117
107
4
107
100
64
119
134
157
135
151
2
141
106
140
153
113
109
164
101
5
125
89
114
150
81
155
147
120
3
144
99
113
116
143
118
119
115
10
98
83
121
108
140
85
136
103
1
86
148
116
81
137
103
129
97
6
141
157
101
114
112
126
128
143
8
105
128
121
159
160
127
119
126
2
136
118
107
108
161
121
120
129
8
105
130
73
106
91
104
129
128
5
126
133
135
96
136
117
120
107
2
114
106
122
106
114
122
107
112
6
89
122
113
81
138
106
106
133
4
108
140
128
89
130
138
105
88
4
110
120
127
82
169
137
111
107
7
91
85
144
126
101
106
114
136
1
65
99
88
106
113
102
128
98
7
128
106
125
119
105
81
160
93
3
133
114
86
120
119
120
114
122
3
133
127
135
116
105
109
140
129
4
88
143
135
114
124
126
114
139
3
93
124
82
165
104
127
124
136
7
119
130
120
119
116
105
110
130
5
121
84
116
115
110
112
116
99
0
101
141
132
146
113
126
142
99
2
101
117
113
78
135
94
115
148
6
91
130
106
99
100
102
119
137
3
141
126
101
123
98
137
119
93
6
118
113
108
69
128
68
94
86
8
116
116
113
113
105
120
128
95
7
147
101
112
119
133
112
88
111
8
113
117
112
96
100
133
153
134
2
104
111
105
135
93
100
144
136
2
114
90
122
113
77
135
156
94
7
144
129
111
119
157
106
129
130
2
121
120
124
93
114
138
143
142
6
119
97
95
116
88
135
94
106
8
114
140
154
148
103
124
106
112
9
139
101
117
147
116
147
134
92
0
109
144
85
105
101
126
128
143
3
100
126
106
127
100
85
86
120
4
148
120
106
118
120
91
92
128
10
98
96
110
106
109
86
118
133
6
120
154
107
81
157
123
127
97
2
120
140
100
123
111
106
93
149
1
73
120
119
110
115
107
104
92
1
120
129
109
150
107
127
139
143
3
112
143
79
141
127
85
90
116
1
101
101
100
138
145
114
116
121
1
135
114
92
117
136
107
123
96
4
148
132
126
106
109
95
130
82
2
128
149
93
113
133
127
91
111
6
157
77
126
79
105
123
129
119
0
125
104
142
119
156
109
129
106
9
117
139
91
156
121
78
99
107
2
99
112
148
135
121
143
86
140
10
136
70
115
126
139
120
113
126
5
78
156
150
134
114
133
113
105
1
117
136
127
114
106
129
109
128
5
122
114
163
120
129
87
147
142
3
146
113
128
114
134
126
98
107
1
99
163
107
125
113
87
128
141
10
145
90
130
93
63
122
93
123
5
106
106
133
113
72
136
121
122
7
95
127
125
141
111
85
106
100
2
128
144
121
136
124
149
119
115
8
127
134
108
107
121
113
114
127
5
115
115
112
116
128
99
91
140
3
120
107
155
82
173
158
101
147
3
131
162
125
116
133
73
136
99
0
120
85
149
115
141
127
148
120
7
108
132
98
126
111
137
128
121
10
105
83
105
140
164
96
121
132
0
80
120
133
177
114
130
138
128
5
119
128
114
115
105
128
128
133
0
100
142
100
92
139
121
93
112
9
105
105
153
95
162
114
122
82
9
150
122
146
147
115
87
130
92
1
113
105
72
121
120
113
128
159
4
130
131
129
95
135
125
95
114
2
110
99
156
135
102
108
99
92
2
112
140
108
94
121
135
127
138
9
127
115
128
132
146
91
102
82
7
128
94
89
136
155
141
140
122
5
141
124
106
140
143
125
129
77
4
106
125
142
84
118
128
120
91
1
114
122
107
130
84
113
130
120
6
85
99
121
108
102
119
99
112
5
126
124
120
144
104
74
141
134
4
119
114
115
101
135
132
79
114
10
121
134
135
148
125
101
96
136
8
135
149
128
149
99
132
142
120
5
118
126
93
86
140
126
135
102
5
114
102
78
80
132
132
127
92
7
91
101
103
99
128
127
114
100
7
97
113
103
155
107
111
90
137
2
76
98
113
91
124
109
113
119
1
145
114
149
79
108
124
157
113
9
112
134
124
135
87
156
93
135
5
128
101
120
109
99
115
143
121
2
106
136
140
128
84
113
99
127
6
114
85
128
133
105
135
112
158
8
106
128
141
131
132
119
108
96
9
133
121
116
113
149
137
103
92
10
112
141
127
122
101
91
143
127
3
124
109
130
150
126
159
90
115
7
104
119
128
134
97
140
100
108
7
113
93
122
113
126
154
105
130
3
95
161
100
112
120
112
143
114
1
114
119
107
156
83
129
116
87
3
142
119
101
160
85
123
135
87
9
105
120
114
118
127
119
112
121
6
99
116
107
107
162
106
133
81
5
110
135
112
125
124
143
101
92
6
88
138
99
103
138
100
94
113
6
127
131
122
93
101
128
145
113
3
115
143
106
119
125
116
105
103
5
149
99
118
86
134
117
120
112
8
111
124
78
150
124
114
102
94
4
71
86
107
134
98
88
122
111
1
93
135
134
143
159
137
96
141
8
107
140
105
101
121
90
117
82
0
106
128
120
119
128
99
120
113
1
82
94
95
118
105
104
100
118
0
107
81
108
124
119
94
135
90
6
115
136
134
127
124
107
101
110
1
94
132
114
114
63
132
119
97
7
134
129
128
124
110
101
86
111
8
124
109
91
96
134
128
95
135
2
157
112
108
109
91
99
58
138
5
117
140
134
90
115
121
76
115
3
116
96
99
85
110
129
85
99
2
114
98
77
129
123
124
145
66
3
107
61
116
127
146
135
143
87
5
144
131
135
148
115
101
106
63
2
130
125
114
154
127
150
116
114
7
104
92
136
140
115
115
90
128
3
103
129
148
108
120
106
117
118
6
45
116
129
100
106
91
133
130
1
113
110
106
138
100
85
139
170
1
134
113
107
118
128
94
142
93
9
106
134
117
114
133
132
130
126
5
78
152
139
128
134
117
112
98
6
149
124
155
113
97
118
133
105
1
103
157
116
105
120
159
101
100
2
90
96
133
130
145
135
121
149
8
92
114
122
127
99
148
148
99
7
130
101
97
102
79
127
106
93
5
101
117
112
125
123
92
93
109
2
126
100
66
137
125
114
114
151
0
120
98
132
121
94
101
87
109
9
119
134
104
136
101
146
149
155
1
107
114
107
99
127
149
99
137
2
115
85
78
135
149
107
137
106
3
93
127
123
117
120
99
142
86
2
86
116
136
127
110
114
105
128
4
108
119
134
136
86
116
97
113
8
143
103
141
118
148
108
107
87
8
107
143
120
106
129
122
106
130
5
122
131
157
94
107
112
112
110
4
85
129
114
117
106
103
122
93
7
109
70
156
100
94
155
114
144
10
106
92
133
156
125
91
139
175
4
100
99
114
138
84
120
99
120
8
100
114
119
139
134
121
124
103
1
143
135
99
124
115
103
126
90
2
140
97
124
136
128
134
150
103
6
107
110
69
105
154
144
146
127
9
121
108
118
121
129
120
125
117
8
134
108
119
75
101
133
96
113
7
91
120
91
127
139
121
120
155
0
140
103
126
117
107
133
107
79
5
127
132
102
112
126
120
98
122
4
105
113
95
132
149
140
90
113
2
139
117
102
115
109
101
129
126
10
122
108
128
107
98
128
135
121
3
101
101
99
133
142
107
89
114
8
142
93
128
138
100
135
101
156
3
157
97
100
135
106
135
107
107
7
124
133
112
100
136
114
106
108
0
130
104
134
169
135
94
113
86
10
113
112
101
106
101
136
123
102
6
128
106
97
126
79
141
121
141
4
116
115
114
110
121
143
70
124
2
135
138
93
141
110
149
99
132
9
135
149
89
133
91
153
121
176
2
105
122
120
131
138
113
107
129
2
84
102
106
135
109
75
128
135
8
133
99
56
133
121
146
147
140
2
100
100
107
101
121
135
107
114
1
113
117
96
87
90
147
140
151
9
143
92
120
86
143
139
132
148
4
179
130
106
131
95
115
108
98
10
70
92
129
128
111
128
95
116
8
98
85
113
107
146
76
123
140
5
99
143
95
134
113
133
88
165
8
127
120
103
116
88
99
141
102
6
121
121
112
121
142
133
104
128
8
118
159
107
108
114
133
130
124
8
150
133
102
94
122
109
110
134
3
114
136
99
91
126
145
110
107
8
142
122
137
110
84
131
141
138
3
153
99
127
100
134
141
134
111
7
121
106
98
128
101
122
155
121
6
138
78
137
124
148
120
142
123
0
135
127
110
121
108
123
144
101
3
92
116
123
130
107
127
92
101
8
116
134
118
86
122
113
119
99
4
104
95
130
106
129
99
122
140
9
105
106
99
113
137
115
151
150
8
123
95
89
92
125
157
114
91
2
121
139
118
128
101
112
100
134
5
111
132
96
98
80
120
70
62
8
147
95
118
114
101
79
119
157
3
101
109
125
81
131
114
105
113
0
135
126
112
115
108
122
109
132
7
141
130
172
108
134
92
99
90
2
126
125
139
100
155
153
140
96
8
70
151
117
158
120
127
95
98
7
106
111
115
117
128
116
87
121
6
120
117
108
106
104
112
146
109
1
114
104
132
98
142
114
72
113
2
80
126
119
107
130
113
104
82
2
115
143
99
104
121
100
97
94
2
65
109
148
137
121
100
148
112
4
108
115
139
113
120
99
102
128
10
111
131
129
109
104
143
133
115
5
114
146
106
119
100
113
97
123
6
136
155
108
142
96
99
119
91
5
130
120
123
127
109
97
145
121
6
121
94
126
119
130
119
140
143
1
89
108
61
103
120
141
134
123
4
143
147
148
107
141
128
114
97
8
120
124
155
105
114
144
143
113
4
100
89
105
136
124
119
126
124
7
71
79
81
99
96
75
135
143
7
116
130
122
95
111
84
105
128
6
134
152
135
89
86
113
120
108
9
114
94
134
118
97
104
123
101
7
156
106
157
139
93
135
159
113
3
111
129
130
111
115
130
130
101
5
148
134
91
85
124
78
83
143
2
159
101
155
140
94
143
159
117
10
109
127
127
111
113
132
129
106

