11
4
10
5
9
3
6
8
5
9
3
5
2
9
9
8
2
5
15
1
0
3
9
9
6
9
9
123
126
146
129
111
129
144
122
1
126
110
127
129
162
107
101
114
8
119
109
129
121
141
138
114
116
2
93
72
114
120
114
106
99
108
1
106
115
109
134
104
118
140
109
3
130
157
142
82
112
127
155
135
8
80
132
106
112
146
75
108
81
2
119
119
106
110
128
101
143
131
3
135
129
148
104
132
82
127
115
5
134
114
131
142
144
129
107
117
6
145
111
114
136
114
129
157
114
1
134
112
137
108
120
99
119
92
3
121
122
100
130
102
111
126
141
2
123
120
110
149
102
126
140
121
10
109
149
140
136
100
133
162
133
1
143
127
144
101
103
111
112
82
1
140
111
141
116
117
77
165
102
5
109
100
126
116
116
99
95
111
10
127
100
106
156
115
120
101
122
5
68
120
97
155
127
136
114
107
3
121
142
127
107
128
114
113
112
2
129
106
86
121
98
101
77
106
1
107
111
134
121
100
108
121
101
4
122
133
127
122
94
124
78
138
2
118
88
108
103
76
80
85
135
8
95
127
146
114
88
138
150
114
3
114
100
91
142
104
127
106
93
4
136
117
97
101
109
106
86
137
8
93
120
150
131
126
124
141
97
0
114
107
120
135
158
134
131
123
8
131
127
90
138
113
94
112
126
1
120
121
121
157
107
121
105
120
4
101
125
128
149
111
163
126
169
10
94
125
138
129
111
89
127
109
4
108
160
131
108
135
128
131
119
10
115
93
106
128
130
122
138
111
9
119
100
99
120
101
145
120
97
8
135
90
102
73
96
111
99
102
6
123
112
130
163
99
113
126
129
7
84
109
84
156
86
118
110
101
8
143
57
126
104
114
158
122
128
5
122
82
113
141
91
141
81
109
3
114
142
127
168
111
102
138
105
9
134
132
80
111
156
126
115
120
8
79
129
94
110
113
126
144
79
10
107
113
106
117
115
100
87
100
0
107
134
99
119
85
128
111
120
8
78
148
109
81
124
128
172
139
7
102
114
92
134
124
134
160
112
7
134
130
110
113
119
132
119
114
6
86
99
88
121
139
137
100
119
8
125
95
93
128
108
126
99
120
5
83
85
113
127
130
107
121
147
0
143
81
87
99
156
97
147
98
0
151
105
122
100
125
135
108
95
5
95
114
121
125
91
121
121
100
4
127
87
118
147
121
101
114
63
2
106
187
92
127
105
85
109
114
5
138
134
122
129
94
123
92
121
7
111
122
111
118
132
113
159
133
8
115
113
101
172
92
136
117
146
1
157
121
142
142
112
95
111
115
4
135
143
135
121
120
79
135
141
8
120
100
113
123
121
106
135
121
9
78
92
78
151
135
109
142
130
10
124
78
143
127
88
108
117
104
6
149
122
110
147
70
101
95
114
9
122
107
103
105
146
108
143
135
3
103
110
133
155
135
114
113
138
4
107
99
93
140
128
148
114
113
7
106
132
103
134
107
129
140
101
6
103
85
115
120
149
119
107
133
7
133
135
111
145
72
114
137
128
4
102
142
110
101
120
97
85
107
8
100
120
138
160
93
130
127
154
6
107
107
145
142
112
117
99
73
5
100
115
108
116
93
121
117
94
4
118
122
149
146
135
91
122
112
4
124
114
93
115
131
109
112
87
2
105
78
99
119
127
168
75
109
9
119
118
91
93
108
128
107
94
1
157
105
96
127
112
117
110
157
6
113
141
108
99
109
107
115
89
6
129
101
122
116
94
135
52
126
4
134
118
128
93
106
120
158
148
5
129
87
129
107
138
108
115
115
2
107
102
137
100
121
128
118
100
1
126
134
114
84
93
101
114
106
6
133
140
102
122
134
145
138
100
4
105
129
91
113
144
79
94
94
3
138
106
112
106
98
103
154
115
3
128
122
92
120
129
125
127
96
2
85
126
129
101
99
137
121
113
1
151
43
112
151
141
142
110
151
3
155
93
127
114
146
115
119
117
3
112
86
133
130
131
105
112
163
9
154
146
137
137
114
115
129
100
4
121
140
150
74
133
131
139
100
7
106
92
142
126
134
121
103
88
4
105
94
134
141
82
128
142
123
2
110
86
136
125
157
118
107
131
1
89
113
88
139
92
132
153
129
10
82
121
137
126
113
122
142
113
1
116
118
100
135
93
116
126
142
5
113
97
131
86
131
91
106
134
1
90
122
148
115
106
142
102
112
6
83
131
122
100
152
107
152
115
9
91
107
132
177
115
134
136
142
5
117
113
84
113
127
131
123
140
5
97
100
126
126
109
119
77
85
8
100
110
87
134
157
115
98
98
3
127
143
142
135
107
123
103
108
4
123
149
115
84
115
102
92
142
1
90
103
122
101
135
136
137
109
7
102
79
100
79
102
141
124
98
4
113
128
125
125
149
113
140
126
6
85
113
77
100
123
123
116
114
5
93
105
155
105
142
139
105
100
5
148
121
99
103
120
89
73
102
3
116
118
113
129
81
78
163
121
3
126
154
122
87
106
79
114
99
4
112
134
132
88
128
140
135
85
2
127
141
113
108
114
110
98
125
6
150
125
123
95
92
149
105
115
6
99
96
104
116
98
136
92
90
3
84
128
119
118
124
116
113
136
1
122
154
78
143
111
106
100
106
0
126
107
124
142
78
125
116
101
1
105
108
128
129
49
135
164
140
3
118
143
111
102
120
94
128
110
3
134
147
156
149
99
118
142
93
9
108
170
98
142
161
125
151
131
1
128
139
114
121
105
108
114
138
7
109
130
135
113
137
96
132
143
4
105
128
116
105
106
120
128
74
9
139
110
128
154
128
120
106
80
3
100
116
141
133
150
101
106
106
6
107
112
136
116
117
99
108
135
3
137
128
127
138
92
128
92
99
3
121
149
78
127
116
118
100
85
4
107
140
80
127
88
116
76
149
3
100
117
126
141
141
114
107
122
7
106
124
151
110
150
106
92
127
10
108
148
136
88
113
124
130
121
0
130
146
140
107
109
114
125
98
1
103
153
153
142
119
105
104
106
4
101
83
104
114
88
97
93
150
7
109
85
144
113
119
147
79
116
1
127
142
127
109
112
100
152
141
0
100
99
115
141
104
82
114
147
2
130
93
150
136
107
99
152
127
1
91
92
107
153
128
127
157
110
6
115
112
105
105
93
123
126
110
6
107
91
137
92
85
139
105
136
9
129
134
103
97
159
107
97
163
4
124
126
103
141
93
84
115
112
5
135
121
102
114
117
123
166
92
0
148
143
107
130
93
96
88
120
4
127
138
140
106
119
164
79
106
3
148
136
123
135
113
115
105
121
2
142
99
108
148
121
88
118
94
4
151
162
101
90
83
145
114
114
1
154
99
114
117
113
107
133
140
5
100
107
94
121
142
103
114
147
6
100
108
82
109
112
114
92
94
7
91
98
130
112
99
110
86
134
8
84
129
144
114
111
126
89
111
1
101
141
95
122
128
113
105
73
5
102
111
106
108
124
106
155
66
1
107
103
121
125
115
130
115
99
9
78
112
112
94
134
145
129
139
0
100
92
120
149
121
140
107
130
10
105
153
126
98
100
154
136
112
5
110
114
125
93
99
134
109
123
10
121
106
126
98
127
135
146
95
7
127
123
140
99
120
163
93
76
5
112
95
110
114
88
103
121
133
7
81
103
99
120
119
140
119
112
3
115
147
120
113
109
120
106
133
9
150
119
128
119
129
133
141
100
1
108
113
110
116
157
102
117
105
5
129
128
97
117
126
108
104
133
5
146
146
112
105
137
159
105
86
9
127
130
130
52
95
114
106
120
8
95
102
121
114
112
87
115
89
10
94
143
108
114
116
71
114
127
10
113
117
128
79
98
84
138
103
8
103
71
117
137
105
99
142
124
0
153
99
130
142
113
127
118
147
8
129
128
157
115
96
127
138
131
10
154
102
140
113
121
130
141
136
9
100
94
141
122
160
103
107
102
6
100
105
122
148
132
105
132
84
10
142
123
101
107
122
82
126
111
8
107
117
99
119
99
128
108
112
5
113
136
108
150
99
87
151
139
9
165
144
71
99
128
132
121
115
7
156
127
109
155
149
125
160
124
5
132
103
127
92
108
139
133
147
9
78
142
127
129
123
141
79
128
0
136
115
122
116
127
148
126
108
7
146
126
123
108
184
141
125
127
8
114
128
42
83
56
128
112
115
7
120
128
132
119
127
135
115
115
4
121
127
145
120
155
121
90
153
1
139
146
124
123
121
142
98
138
6
128
142
136
133
124
131
126
104
0
125
86
123
116
129
134
155
169
5
138
146
141
113
115
157
94
128
7
150
137
116
105
112
123
99
98
3
115
141
135
131
135
108
109
121
4
117
102
150
123
111
98
105
150
2
99
115
125
115
115
125
132
124
5
141
130
100
133
149
91
125
160
3
90
98
107
139
97
114
128
111
0
110
124
143
158
112
99
149
49
9
84
132
98
128
123
102
109
93
5
120
162
136
111
99
120
155
155
1
81
126
77
122
102
128
70
133
4
112
111
143
101
117
113
103
121
2
103
109
109
116
102
163
122
105
3
101
110
127
115
80
92
85
112
0
134
132
104
138
100
102
120
127
6
143
168
100
118
59
102
86
120
5
99
97
135
102
116
111
99
112
9
113
127
143
78
98
122
115
127
2
91
91
132
100
83
124
103
139
7
113
120
164
135
88
115
120
120
1
124
99
120
85
109
133
99
127
8
137
159
150
115
127
141
127
113
9
128
126
135
105
148
133
116
114
1
142
135
110
114
121
141
134
109
9
93
114
132
113
120
116
119
126
9
136
121
137
110
135
141
81
132
6
107
115
95
117
138
123
111
87
8
118
134
149
99
117
72
97
129
2
137
151
145
119
141
120
111
109
4
94
114
120
148
108
101
145
105
0
114
136
78
123
128
134
77
150
4
134
135
121
120
104
138
107
104
6
126
94
157
98
77
86
85
106
6
145
114
121
127
117
127
120
79
3
77
145
158
144
158
149
140
123
2
114
133
124
141
107
131
108
79
6
139
152
141
131
147
85
105
136
3
168
125
91
139
136
151
99
111
8
94
115
106
127
151
119
131
122
4
135
106
114
109
100
131
117
127
2
114
107
123
126
95
137
120
133
2
132
147
147
91
80
115
127
135
1
107
111
130
112
99
124
117
117
7
145
134
85
104
113
142
124
121
7
128
107
146
128
107
112
119
93
8
87
111
120
137
85
107
87
107
7
129
131
123
115
109
106
156
99
8
107
150
134
120
119
92
127
103
9
99
142
125
104
103
107
123
120
2
135
133
94
101
92
93
130
98
7
100
91
142
122
105
113
141
84
0
107
117
100
126
133
94
115
126
7
122
114
144
108
108
130
100
104
5
124
153
127
144
102
138
133
135
6
135
111
82
132
93
114
86
124
8
132
114
98
132
136
130
89
133
1
108
57
103
116
127
96
118
113
6
121
123
121
116
131
139
115
145
4
129
122
106
107
114
128
155
155
5
127
119
107
162
150
117
122
131
1
120
93
107
99
83
109
100
124
5
103
136
128
94
112
117
138
101
5
126
131
149
114
100
137
134
150
3
132
121
121
109
148
98
109
137
9
130
154
100
88
91
127
93
128
2
128
129
145
123
125
98
135
128
7
122
127
124
129
142
136
114
90
0
111
134
117
134
111
143
166
127
1
132
121
107
86
101
122
121
87
8
161
150
130
140
151
108
148
131
9
149
114
132
144
130
43
70
103
2
114
126
93
101
110
121
142
122
2
128
106
102
108
104
79
121
107
1
130
92
141
147
80
104
107
164
7
101
119
124
103
143
131
94
161
6
128
160
135
102
101
118
116
132
9
89
117
114
91
107
119
111
129
8
86
105
117
110
82
113
115
114
6
119
157
115
72
99
138
99
77
2
169
131
143
131
99
127
120
121
4
129
122
120
105
130
111
127
154
1
158
140
135
102
84
113
130
99
7
101
104
91
108
123
107
120
98
6
107
87
106
124
103
128
97
103
3
128
128
161
113
148
142
109
100
0
79
129
129
94
96
143
113
142
4
134
101
154
126
143
105
141
134
6
142
133
112
72
136
98
103
135
10
95
126
141
121
124
119
119
171
8
86
92
87
98
113
107
169
94
4
112
134
167
107
121
113
85
114
0
97
167
107
143
111
127
94
93
7
99
135
161
149
103
85
94
141
10
134
64
122
106
107
106
119
107
7
148
168
116
123
121
129
104
120
8
116
148
143
114
122
120
103
161
0
94
111
133
115
155
128
83
101
7
132
98
128
120
151
135
110
122
1
92
114
114
125
80
114
125
136
6
114
110
120
140
146
106
110
94
7
105
120
130
134
84
126
143
128
8
95
126
119
150
102
109
127
99
4
108
135
112
120
112
124
94
154
6
137
146
133
108
138
113
94
108
8
117
141
121
126
147
138
97
135
7
97
146
130
87
128
143
140
119
2
125
124
121
121
129
133
101
141
4
126
146
97
120
127
143
143
114
5
98
85
72
103
126
107
97
79
2
121
121
79
113
106
121
82
121
1
106
118
100
127
107
79
117
106
7
119
131
107
149
112
101
129
107
5
116
124
92
127
121
123
122
151
1
135
98
115
138
176
115
111
120
9
120
141
155
139
135
122
116
99
1
121
134
154
99
134
92
89
120
6
124
116
113
91
109
116
98
121
6
106
124
163
129
105
130
91
100
10
115
134
106
109
128
115
118
106
4
122
107
125
154
99
104
127
122
2
129
127
100
89
155
141
104
133
0
119
102
95
109
111
115
93
93
0
107
141
119
114
122
156
116
106
1
109
108
105
96
147
79
122
120
2
141
133
135
92
90
111
100
105
9
116
87
134
68
101
107
120
142
3
108
85
98
129
121
106
114
108
0
161
139
133
141
105
141
87
78
6
129
119
107
135
140
113
121
92
0
99
112
115
113
138
154
135
114
8
132
110
95
97
146
142
113
110
3
108
64
113
102
142
106
149
119
2
66
109
108
91
155
132
101
125
7
115
162
126
118
110
102
119
145
7
119
145
123
127
151
150
106
123
4
114
133
113
113
112
108
127
122
10
126
137
142
122
134
104
107
113
7
114
124
103
118
110
71
129
111
7
129
132
108
107
91
125
118
131
7
102
152
100
135
111
169
115
81
1
114
124
94
127
126
120
108
128
4
114
104
118
127
95
86
94
108
5
119
98
138
145
153
139
121
141
4
119
110
136
148
145
120
108
81
9
109
93
111
118
106
130
132
108
6
113
128
130
130
113
132
147
100
5
145
128
119
135
133
122
94
87
5
140
135
121
107
133
160
106
122
3
107
94
95
104
101
127
157
95
6
132
142
148
87
73
130
138
126
4
131
134
96
143
117
110
115
77
1
128
122
73
99
152
95
91
107
4
106
130
106
93
106
98
108
107
6
112
126
126
129
118
146
148
115
4
117
122
114
140
136
149
127
101
5
94
106
129
79
127
107
132
47
1
93
115
134
130
125
111
130
99
7
121
127
135
113
125
111
121
126
3
95
81
92
112
136
122
149
106
1
142
115
128
147
134
105
115
139
6
121
126
129
130
141
109
139
136
0
112
118
119
148
121
173
106
113
7
119
94
99
116
78
144
93
140
1
150
151
108
174
105
123
104
108
3
115
105
103
117
117
84
126
138
5
97
125
107
156
100
103
107
127
7
121
121
166
148
143
86
127
129
5
123
125
129
106
113
120
133
93
7
121
134
147
96
148
99
134
101
6
106
92
109
103
126
136
105
128
4
96
93
133
119
136
131
127
135
5
112
133
113
119
119
127
119
135
3
105
98
161
108
120
104
86
106
1
93
107
132
108
105
88
118
89
3
112
134
95
96
133
131
147
103
1
129
156
121
128
79
142
80
163
6
118
135
96
162
106
105
114
93
7
106
113
147
98
146
113
95
120
7
128
121
121
105
80
97
97
133
7
145
110
78
177
101
113
135
112
6
92
136
146
114
126
126
158
112
5
136
121
123
107
79
95
100
130

