16
9
8
1
3
4
9
3
8
15
6
6
3
4
5
9
3
0
14
1
5
1
4
2
6
2
5
148
129
128
132
113
110
84
120
3
93
111
97
129
114
118
128
114
4
117
146
112
113
129
85
177
152
4
137
106
112
109
143
134
106
127
7
103
108
121
148
122
111
98
114
2
99
116
142
130
108
133
106
122
3
147
109
103
137
107
105
115
96
7
100
112
142
127
112
124
85
133
5
148
78
111
126
106
97
122
87
4
121
120
104
116
112
101
119
119
8
143
122
114
126
118
138
127
128
10
98
135
108
122
116
106
127
100
8
89
109
118
149
120
90
150
163
6
142
84
91
111
113
126
135
123
8
119
145
117
140
120
112
99
143
3
124
122
118
122
123
132
112
129
7
99
111
97
119
119
120
156
100
2
112
141
124
106
162
114
126
128
1
107
105
142
95
167
136
121
121
10
93
109
99
113
91
93
105
72
5
99
101
141
124
107
120
107
99
0
133
160
99
128
162
105
118
95
8
111
97
114
105
133
106
120
144
6
83
106
101
116
64
106
97
106
9
107
134
127
87
138
98
152
120
3
136
162
98
142
114
115
106
137
6
128
122
104
122
120
136
125
107
0
143
78
121
124
142
148
121
126
5
90
113
116
145
128
117
131
107
6
110
95
163
93
101
115
128
106
1
113
154
105
107
106
114
96
155
7
105
115
125
107
124
126
127
120
6
141
120
116
112
129
133
125
107
9
132
110
147
89
89
142
136
86
8
119
95
95
126
86
155
153
163
5
128
90
149
135
94
84
146
101
6
135
121
124
167
92
101
127
100
6
132
121
143
112
91
109
100
88
5
103
121
134
114
113
108
118
91
6
112
110
109
86
103
100
134
101
2
127
121
76
106
102
119
100
86
6
134
112
106
120
92
109
57
132
7
103
132
105
121
124
116
149
147
9
136
124
113
126
114
121
114
126
3
120
99
95
135
129
137
134
118
5
74
150
107
90
112
124
100
120
6
140
112
100
116
98
102
130
122
7
38
99
129
120
91
146
75
117
5
163
121
112
90
92
128
87
120
6
92
121
81
101
117
146
58
120
5
147
103
104
93
128
105
104
134
2
124
120
92
142
125
106
133
161
2
93
125
127
112
119
148
88
110
2
142
92
117
89
113
135
112
134
3
143
95
132
121
101
128
105
104
2
100
157
103
148
147
92
94
119
2
101
100
133
121
145
108
147
120
9
140
123
125
114
92
121
109
135
6
95
140
129
94
92
138
56
112
0
115
117
99
108
103
132
129
135
9
103
107
175
88
143
153
94
105
0
122
138
121
143
122
102
107
116
2
113
166
120
142
156
132
80
105
6
135
114
120
115
137
100
112
106
2
101
130
116
115
138
107
79
106
8
101
119
107
117
133
144
91
138
6
134
125
118
135
80
130
139
138
9
127
120
101
147
129
108
87
147
1
120
136
136
126
94
112
92
102
7
120
85
134
106
94
113
115
122
0
127
140
118
85
137
111
127
98
2
111
138
133
127
128
155
107
122
1
91
149
144
114
92
107
136
110
1
134
128
120
108
64
112
135
113
1
97
105
84
106
151
121
122
149
9
147
103
98
118
107
102
128
113
4
92
64
92
114
135
101
95
107
2
107
127
108
142
101
120
111
137
2
131
158
155
106
113
91
80
84
7
162
134
70
143
125
124
121
121
3
104
139
78
147
85
137
96
93
1
108
106
79
92
122
120
88
143
2
127
120
134
129
146
138
93
98
5
127
99
108
101
111
129
112
107
4
128
113
93
136
118
111
137
135
8
135
141
140
118
138
66
162
110
2
136
135
96
86
134
114
132
137
9
142
112
120
97
106
107
97
119
1
154
113
95
121
114
135
120
143
7
112
112
78
127
129
99
107
154
5
152
109
99
142
169
115
100
141
3
120
150
121
114
127
115
121
121
10
115
121
113
113
142
102
118
116
4
103
99
105
108
98
89
122
122
7
114
149
107
82
92
135
139
132
9
120
151
86
116
112
112
147
118
6
119
140
99
126
110
129
106
92
5
134
148
100
128
107
127
135
117
10
103
93
124
129
86
104
126
122
8
93
80
129
108
99
119
149
100
1
148
140
123
129
87
154
128
120
9
154
115
124
113
123
134
111
128
4
92
124
85
135
93
94
150
114
5
99
143
86
125
122
127
110
119
5
129
127
117
143
120
146
109
117
10
116
138
107
119
72
107
155
91
10
164
120
139
89
118
69
118
88
1
97
102
127
126
120
110
109
107
10
134
79
114
121
141
142
107
99
5
105
94
72
122
87
142
103
117
5
118
130
126
106
95
151
121
115
2
124
113
99
108
99
118
106
136
6
119
155
119
105
114
101
100
118
1
86
120
149
142
101
90
126
126
5
101
107
78
130
164
129
117
97
6
101
129
121
165
97
128
129
104
4
122
112
71
91
125
107
113
141
5
128
88
96
112
108
135
107
119
1
54
110
110
92
99
113
156
101
8
130
111
141
140
90
106
121
125
1
120
114
126
114
123
121
121
109
9
134
102
122
153
102
111
121
112
3
69
129
142
155
91
128
141
107
3
108
137
101
92
121
145
117
133
5
107
127
99
111
100
126
131
143
10
104
103
120
121
96
128
113
93
2
120
107
122
139
137
116
138
83
3
113
97
106
112
124
146
107
114
4
95
99
101
139
124
90
128
119
2
101
124
94
91
116
128
145
113
5
124
105
124
129
129
104
99
125
3
94
104
87
109
122
109
119
114
0
111
160
119
117
103
120
149
96
10
105
122
135
128
121
98
114
143
2
129
97
149
100
122
117
101
111
6
133
169
124
130
117
128
113
95
6
77
90
140
133
140
109
138
92
8
177
107
104
138
118
125
139
125
1
135
141
77
87
134
151
112
105
1
119
119
108
104
125
93
127
159
10
120
131
128
109
100
103
126
137
4
106
149
107
112
88
106
79
140
1
156
125
152
128
106
132
112
158
9
135
89
128
121
121
113
141
80
9
102
95
95
112
133
129
114
85
2
136
130
110
118
107
104
135
99
0
123
123
108
128
127
103
125
113
7
140
135
125
89
112
140
107
98
2
134
122
103
136
91
108
134
125
1
99
107
148
103
121
100
130
124
7
113
112
121
102
120
131
120
106
3
146
98
134
100
150
119
140
129
9
100
131
127
96
140
113
115
127
8
172
110
136
112
129
114
126
122
5
87
105
104
127
77
106
144
129
6
115
133
88
87
118
128
150
155
3
121
126
89
125
90
121
138
135
9
137
121
147
166
107
114
112
120
8
121
106
113
106
120
120
107
127
6
101
109
86
133
123
116
124
107
4
135
171
135
126
121
110
91
111
3
141
121
126
109
112
136
145
91
7
107
113
104
101
120
126
147
115
1
98
131
102
127
138
135
76
128
8
113
122
135
129
127
107
119
121
2
136
111
124
138
133
124
110
105
6
123
87
148
129
86
121
92
143
3
142
108
155
97
147
134
120
105
2
111
92
117
84
118
149
113
140
7
114
128
145
126
100
103
139
123
5
128
93
80
56
121
99
112
142
4
127
92
105
108
74
123
110
116
9
119
115
128
101
137
93
129
81
1
121
141
105
109
94
126
132
157
5
110
142
107
105
134
108
100
126
2
122
99
127
114
159
105
139
128
8
115
130
137
128
115
148
115
98
0
113
170
140
71
127
70
113
136
3
109
135
122
112
108
88
80
108
8
128
115
166
114
93
100
98
101
5
141
89
122
133
120
121
127
124
9
131
167
92
107
135
140
100
184
8
141
105
150
141
107
170
128
118
6
124
91
137
126
140
142
100
113
10
101
69
109
120
119
93
97
172
1
98
140
120
79
135
100
90
88
8
110
90
118
128
115
160
104
94
9
131
132
130
129
99
124
98
83
10
66
145
130
123
142
120
121
99
3
107
118
94
77
83
126
106
113
1
151
132
112
144
128
126
94
128
5
87
131
106
118
74
121
100
142
2
96
119
121
144
136
138
106
120
7
92
128
113
115
107
123
114
135
1
113
109
147
134
93
94
121
128
6
134
106
125
114
120
107
117
119
10
134
101
146
127
121
128
120
119
3
95
136
116
141
107
115
132
129
6
123
103
120
134
137
124
129
141
8
137
136
124
115
119
106
114
91
3
87
114
119
91
126
137
136
128
6
101
114
147
122
96
148
108
122
10
99
89
170
148
99
114
121
114
4
138
135
117
99
129
118
107
107
6
129
119
142
129
164
154
85
154
4
156
84
131
82
77
111
105
115
5
83
112
133
115
136
142
144
118
2
79
78
128
113
134
133
143
71
6
100
114
137
125
108
102
92
121
3
113
110
119
93
89
109
107
113
7
115
126
120
119
94
120
100
99
9
124
107
137
119
133
83
107
124
10
104
119
113
106
120
91
120
130
7
108
96
107
99
131
105
154
128
2
112
154
102
129
149
106
98
94
1
129
129
87
143
111
108
122
140
4
124
123
71
126
132
114
95
98
2
115
65
104
124
98
71
118
75
7
99
98
114
141
91
118
119
130
10
149
121
78
118
121
128
155
117
6
145
162
130
119
128
106
146
105
7
129
132
123
136
128
146
131
134
8
91
100
121
115
90
104
123
107
2
104
96
113
104
97
155
127
86
2
120
107
143
112
136
134
150
89
1
113
126
93
146
149
82
122
135
8
86
105
95
136
136
96
90
105
7
98
126
107
81
129
111
113
141
4
86
170
143
99
127
134
115
116
4
99
129
65
127
113
139
71
106
2
128
128
110
129
102
124
111
117
2
96
106
144
113
106
109
108
124
2
118
107
135
119
103
141
111
64
9
112
128
125
108
143
133
142
96
9
128
127
127
97
119
86
117
67
9
114
119
143
121
112
155
125
84
1
119
143
122
171
121
117
134
114
1
142
105
136
97
138
128
113
111
2
150
94
103
139
163
100
127
143
10
115
125
113
142
130
110
114
149
4
134
95
91
102
114
106
127
77
7
124
92
99
93
135
85
124
95
4
114
106
100
110
112
77
127
106
7
122
134
136
97
87
127
145
103
5
114
115
123
80
92
170
130
113
9
109
98
120
128
59
140
127
112
3
116
138
121
106
128
122
120
103
5
119
73
104
134
135
155
114
116
0
142
107
80
135
121
104
156
98
2
91
133
98
131
121
124
133
96
6
102
138
144
123
120
124
107
124
8
136
50
107
134
103
134
128
113
8
151
157
122
127
135
116
141
89
5
78
92
105
107
153
115
126
142
7
142
135
122
89
102
88
157
138
1
109
106
92
101
121
118
143
110
9
130
116
145
64
100
140
109
100
8
114
122
96
107
105
121
127
99
6
111
142
93
132
113
116
106
135
6
93
126
89
108
108
92
123
94
8
80
112
109
112
114
134
106
124
0
166
111
120
107
149
119
100
96
7
127
138
105
108
82
105
98
97
1
122
145
118
95
103
110
141
126
4
136
162
112
117
127
162
121
170
2
113
130
93
110
99
143
101
98
6
108
99
138
96
121
95
114
168
6
122
172
146
139
105
129
120
121
8
127
126
121
117
113
78
128
126
2
125
140
108
108
128
127
87
97
3
103
87
136
103
122
117
131
135
4
129
99
113
89
128
132
149
106
9
118
158
154
125
133
106
107
94
7
90
100
113
93
105
117
135
102
9
140
132
141
112
114
133
108
115
5
84
94
143
122
119
146
112
130
9
165
119
107
127
115
113
121
95
2
130
132
120
100
106
106
91
125
8
112
105
106
99
122
106
91
120
4
126
105
65
118
125
111
110
86
8
119
123
128
127
119
90
149
85
9
124
120
84
121
96
88
94
82
5
114
158
115
98
121
89
108
104
1
81
129
136
142
87
150
123
106
3
106
122
111
101
118
123
119
94
6
102
99
82
122
106
84
99
126
9
120
92
126
144
92
166
97
96
1
134
119
112
116
93
131
139
160
7
72
120
135
125
135
115
112
100
5
96
129
74
93
92
114
157
99
0
134
113
144
123
127
102
114
111
3
127
91
111
114
107
138
92
128
5
83
133
113
93
120
164
98
120
4
153
114
119
121
119
125
108
121
4
116
78
126
129
110
76
112
108
7
94
114
122
146
128
127
147
155
5
139
154
113
103
157
101
141
109
7
112
143
93
119
92
132
117
82
5
147
115
98
99
121
100
92
99
1
108
141
127
136
149
141
126
112
0
116
150
123
138
136
117
95
113
3
133
120
101
100
125
112
121
102
9
133
98
87
128
105
126
156
142
3
117
107
154
79
123
132
84
133
1
130
123
133
128
140
96
108
113
7
108
115
99
107
106
71
132
136
3
107
107
95
129
131
141
115
164
8
93
121
103
107
162
107
86
104
7
115
113
124
134
80
134
143
120
9
145
120
182
142
131
136
106
143
0
113
171
141
113
117
115
138
161
1
107
134
100
155
109
135
102
129
7
115
156
105
142
108
121
149
122
5
92
81
126
120
95
143
110
121
5
83
92
126
120
181
158
109
100
6
138
120
122
111
138
76
79
101
8
138
127
108
94
111
114
109
136
8
106
134
156
130
114
115
152
94
6
111
150
133
117
136
79
100
126
4
127
84
159
136
138
86
102
92
6
109
145
114
114
113
99
143
121
4
88
121
119
106
133
138
121
88
2
118
84
90
106
137
113
127
115
5
149
91
103
94
140
97
127
95
7
96
110
148
75
127
150
101
106
5
166
142
140
122
135
122
93
115
7
113
149
140
111
133
124
114
99
9
119
113
113
83
128
140
87
126
5
129
113
102
118
126
123
101
110
4
106
118
115
86
126
112
122
113
9
120
112
95
83
137
100
92
131
10
104
147
99
111
99
119
101
150
1
131
104
94
86
137
104
142
96
0
119
148
100
115
117
148
111
121
4
100
110
115
114
114
123
85
111
10
128
109
108
120
112
59
135
77
5
102
116
128
135
144
108
121
88
1
92
105
133
136
107
120
120
150
2
94
113
111
122
101
118
157
121
8
105
127
129
149
116
119
135
64
4
130
87
137
124
123
91
102
123
8
123
95
113
96
145
125
106
119
5
119
147
79
109
69
123
118
102
3
100
93
140
121
109
137
128
124
6
121
113
149
103
86
121
106
141
3
142
96
109
70
124
94
111
103
8
109
113
127
90
107
103
115
113
10
115
147
132
120
149
134
98
143
7
92
143
120
128
131
109
147
133
4
127
120
145
113
129
114
138
113
4
112
129
101
146
119
125
135
151
6
123
126
129
156
130
129
113
134
9
120
155
128
109
113
113
100
119
7
162
75
89
159
92
113
119
113
8
156
125
146
112
113
120
109
138
6
109
109
141
95
101
76
104
177
9
92
107
99
121
122
120
93
79
7
123
102
117
143
92
133
120
114
1
136
91
129
88
130
114
100
132
3
157
93
124
99
113
100
99
105
3
114
101
143
100
98
114
119
103
8
85
136
97
160
128
92
98
98
7
98
142
89
138
108
97
131
114
3
115
82
105
104
134
119
107
136
2
106
91
128
145
117
129
135
97
0
99
142
71
103
104
62
141
133
5
108
101
101
136
133
141
128
129
4
94
98
133
121
119
111
86
108
6
106
140
147
134
141
85
120
141
8
120
92
127
153
124
154
120
142
5
102
99
115
72
113
110
100
125
4
112
120
159
91
135
101
119
111
8
126
100
86
99
98
147
75
157
4
117
94
88
108
121
128
126
114
5
101
113
142
106
105
129
122
104
8
121
117
142
102
94
141
137
98
6
78
109
92
135
125
121
121
119
7
92
114
119
124
110
108
127
135
6
122
78
134
80
143
104
133
93
8
105
137
142
108
112
118
64
141
6
107
143
82
103
114
140
103
137
4
137
132
113
116
125
112
92
119
7
105
138
102
141
121
149
156
103
4
73
122
106
114
136
90
95
81
1
149
113
90
56
100
134
128
153
8
143
133
98
132
120
83
95
132
10
119
88
119
111
94
122
148
86
7
121
98
155
78
119
114
103
134
10
87
105
114
111
161
147
82
107
7
113
86
129
114
93
124
147
79

