16
9
9
9
3
1
9
8
7
11
9
5
6
7
8
4
1
5
12
1
0
9
2
3
1
0
3
116
162
128
101
118
113
117
123
1
82
142
132
98
109
129
106
132
4
102
107
94
100
116
160
122
137
5
115
102
108
52
107
88
141
127
3
119
109
134
127
127
85
116
100
8
163
150
118
120
117
103
101
95
2
153
123
105
144
131
79
115
135
7
127
136
78
108
127
96
129
164
2
133
124
127
149
115
87
100
89
3
128
99
73
121
150
112
135
133
2
70
116
142
100
101
100
131
140
5
101
93
88
108
120
121
110
138
5
115
138
124
178
87
108
134
114
1
141
96
126
111
123
135
123
123
10
147
125
124
75
113
106
145
94
6
134
149
90
78
164
127
89
101
3
89
106
95
106
113
127
140
128
6
90
104
85
99
119
115
86
142
0
114
94
114
131
114
119
102
88
5
114
157
108
126
87
147
119
85
9
125
105
127
104
104
133
128
130
8
131
92
102
130
113
118
121
106
7
121
93
130
105
134
130
106
122
7
105
107
101
112
115
130
173
147
10
127
102
119
113
122
91
121
152
6
119
102
79
127
112
140
124
83
7
119
134
86
114
102
85
120
141
3
101
141
107
114
99
145
103
92
6
119
127
154
134
134
127
126
147
10
134
84
121
93
84
151
103
120
9
107
119
115
109
109
148
138
90
4
150
102
103
130
129
158
118
133
1
124
111
157
89
141
141
113
127
5
130
112
119
129
99
101
91
118
4
100
126
79
84
149
77
111
92
9
134
120
116
127
95
115
129
100
7
94
107
100
98
141
99
119
122
6
141
148
139
157
142
121
96
78
6
92
99
106
132
149
123
124
74
10
116
119
90
108
99
85
117
100
5
100
146
87
105
112
161
115
128
2
159
144
138
98
120
102
99
119
5
130
135
149
108
121
95
119
130
9
95
98
115
111
116
117
106
136
9
134
140
135
107
106
107
124
108
9
149
122
90
128
100
81
142
117
5
126
113
136
126
75
148
100
79
6
149
102
91
78
136
125
145
106
4
102
125
110
107
142
99
119
89
10
151
136
90
92
130
126
84
136
7
118
126
92
136
134
101
116
91
4
154
75
125
111
110
82
114
66
9
133
106
132
128
102
112
73
117
6
120
93
100
100
85
113
114
126
5
65
140
121
128
113
162
124
103
2
125
113
116
107
113
118
118
119
9
123
153
128
140
147
78
92
108
5
135
142
135
84
116
98
111
86
10
106
138
143
102
99
111
142
162
6
143
93
105
131
143
111
114
150
8
111
103
115
135
105
173
116
105
3
148
104
134
81
80
71
134
115
6
110
113
146
105
108
115
127
122
0
120
123
120
104
130
105
126
107
4
97
123
79
101
137
127
87
121
7
127
99
142
119
106
148
119
115
0
138
94
142
101
166
142
167
142
7
133
143
106
143
103
159
143
101
6
170
85
100
107
139
113
84
69
4
134
107
133
127
169
96
91
138
8
107
117
115
120
142
107
71
147
7
122
138
118
129
81
99
141
148
7
137
129
122
133
148
93
120
114
9
123
114
108
99
133
117
108
108
1
131
143
149
122
91
136
134
129
4
90
80
99
93
137
78
111
115
1
143
114
138
106
91
106
121
113
9
116
114
138
113
127
107
121
92
1
111
103
105
123
132
108
126
145
2
82
126
113
79
119
148
108
157
2
120
121
141
80
126
99
138
86
7
133
113
89
108
135
133
101
115
4
88
108
102
106
123
105
118
100
3
126
100
134
92
155
136
106
129
3
115
100
115
94
98
117
135
99
6
122
138
119
91
123
106
129
106
6
108
117
106
96
108
107
96
132
10
141
124
127
113
106
120
119
153
8
141
165
131
95
133
113
128
122
9
73
121
134
137
141
107
129
128
7
92
128
91
128
128
88
100
132
7
143
124
148
124
91
97
96
126
2
149
133
113
115
59
154
114
120
3
127
112
98
64
117
157
105
139
7
123
105
105
100
141
116
106
110
0
135
124
117
113
133
114
109
88
3
113
127
102
125
103
99
128
93
4
100
142
110
118
171
71
115
99
9
147
101
149
124
112
136
120
133
3
115
102
139
109
109
121
168
128
9
73
116
85
110
114
117
119
114
3
157
116
115
131
143
120
121
148
7
133
110
163
171
117
140
127
118
4
92
83
141
95
114
122
149
98
6
72
142
121
154
71
65
135
120
6
100
119
117
134
69
115
101
93
5
121
117
121
87
72
93
171
123
9
121
135
129
112
127
97
162
161
6
85
124
133
150
104
120
113
127
8
99
135
128
134
115
94
113
125
1
115
119
114
136
108
92
99
159
5
128
103
137
112
120
140
125
141
1
121
122
71
108
116
143
90
132
4
122
80
89
108
120
113
112
106
4
140
146
106
113
107
75
114
144
4
100
134
65
120
103
102
100
124
10
85
119
112
122
115
111
112
126
2
134
124
128
92
102
92
122
142
2
136
117
114
101
148
89
133
80
1
99
102
140
137
117
142
113
128
3
100
116
148
122
114
114
152
114
1
135
147
109
136
83
111
108
128
9
134
148
98
113
86
152
110
112
4
156
104
103
141
115
97
90
78
9
93
140
132
139
116
106
123
113
7
133
115
164
128
130
135
107
104
9
127
141
119
150
121
114
127
121
3
101
102
99
135
96
84
119
132
1
117
140
112
93
107
113
119
176
9
124
133
92
127
115
137
128
105
2
103
158
154
128
128
122
110
131
2
116
97
134
103
143
133
121
120
1
117
107
109
108
113
126
149
135
7
138
105
125
86
93
163
107
104
2
109
114
122
107
125
134
96
136
2
125
105
101
122
105
122
99
108
1
127
121
124
107
92
105
78
122
1
99
117
106
98
113
122
132
129
5
119
107
84
126
147
134
72
92
2
121
92
92
106
135
122
150
124
8
115
124
163
121
101
129
100
108
3
143
145
117
106
118
129
98
129
5
107
119
136
100
84
122
70
147
5
113
158
98
136
131
99
130
78
10
126
72
110
122
127
123
150
118
1
92
139
132
95
102
106
106
136
7
121
108
121
80
99
116
127
102
6
106
148
119
116
103
154
86
106
9
115
103
111
92
136
127
113
120
4
111
90
123
90
93
122
143
78
1
104
106
121
79
148
114
121
119
2
98
139
128
95
101
100
143
134
6
132
120
141
114
78
101
128
117
7
98
144
153
99
112
107
149
93
1
112
114
87
120
114
137
115
119
1
106
103
112
136
119
156
128
118
1
127
142
116
135
107
92
119
101
10
126
134
156
126
87
118
106
107
6
133
92
129
133
106
99
135
141
6
142
115
136
86
146
94
164
134
7
132
104
96
135
130
164
120
141
1
122
133
134
135
103
134
121
105
5
142
122
123
104
105
111
148
108
5
119
116
115
84
100
122
119
147
1
66
142
114
135
112
97
127
135
3
98
113
115
116
134
86
91
112
1
152
134
127
81
124
126
95
122
6
110
113
97
127
82
110
125
126
2
113
103
113
110
77
137
87
112
3
108
126
140
134
126
100
138
57
1
95
136
104
138
115
113
103
142
6
122
81
159
101
118
121
117
132
5
115
141
165
63
122
91
91
105
7
100
119
114
128
129
141
143
134
8
120
116
153
101
115
128
94
139
9
121
140
121
142
100
87
154
114
6
113
123
119
133
136
139
128
87
7
115
107
144
95
126
105
124
94
8
121
98
112
163
150
147
128
106
10
116
111
135
78
169
142
135
135
7
138
121
156
128
114
116
105
103
2
114
126
144
101
81
99
120
119
2
122
150
134
73
126
108
121
99
1
106
105
119
102
90
135
103
132
2
139
77
163
127
107
113
142
100
2
82
107
128
156
116
98
106
100
7
108
86
120
114
119
108
117
135
8
120
110
102
149
112
102
107
98
8
88
68
122
122
124
113
143
92
5
132
150
120
115
145
102
129
137
1
96
115
99
93
131
117
147
140
2
118
149
135
108
141
140
149
98
9
133
99
125
135
108
119
119
118
2
152
96
92
131
92
101
89
123
10
78
119
133
147
78
99
122
87
5
128
98
115
109
129
110
141
142
2
115
164
111
112
118
112
103
108
10
80
102
100
108
115
128
115
129
1
82
126
113
129
97
99
78
108
1
64
114
129
125
134
121
147
127
10
114
154
163
133
107
125
84
97
1
123
98
148
158
141
115
105
121
7
116
110
98
77
129
139
127
119
1
93
128
81
123
129
147
105
172
5
102
128
109
114
128
121
150
136
1
138
133
98
80
124
139
127
123
1
113
103
112
113
112
65
115
85
3
120
107
107
115
126
119
117
105
0
77
105
120
114
121
121
100
120
5
106
93
121
93
105
128
127
134
7
110
106
92
108
142
99
144
108
8
106
128
137
114
106
90
131
98
2
88
114
120
165
101
113
100
129
3
142
122
115
128
104
131
89
140
2
104
95
113
133
122
142
105
106
2
134
81
112
129
109
78
134
132
1
100
107
127
133
152
140
103
101
3
102
145
113
111
90
136
129
79
9
74
135
86
85
119
140
115
134
6
113
131
120
113
148
114
123
132
7
104
128
100
116
143
164
142
110
2
142
134
147
93
98
139
154
133
2
138
135
131
120
107
128
108
135
7
142
154
122
155
109
131
99
132
7
108
84
106
115
90
120
139
113
1
119
56
134
106
106
113
107
137
2
87
131
100
106
104
149
111
134
5
135
119
128
100
121
87
121
93
0
100
127
127
120
116
128
121
90
5
127
121
112
135
119
98
120
106
5
113
128
134
108
83
128
129
128
5
120
75
94
139
128
115
125
122
5
106
113
118
126
108
137
135
78
5
148
94
93
131
135
127
86
122
5
128
129
122
94
142
152
135
141
2
113
104
112
130
115
134
133
141
1
118
106
108
156
125
87
85
107
6
129
114
123
91
121
133
132
121
4
111
125
78
162
131
139
124
150
2
119
191
98
99
134
107
109
107
4
89
128
156
105
143
155
128
141
3
122
126
117
106
129
124
120
114
3
143
119
112
149
102
133
107
125
6
87
106
114
143
107
104
149
90
4
120
93
114
97
92
146
106
124
1
106
116
142
107
127
162
114
155
3
124
112
124
109
128
140
140
110
7
106
93
114
142
117
120
92
159
7
121
164
133
119
99
112
93
140
3
95
108
91
103
142
132
101
153
0
113
123
127
79
129
127
128
128
6
91
92
121
103
108
120
99
92
3
122
149
138
122
175
128
99
142
9
98
103
141
112
113
134
154
149
10
137
126
98
128
149
88
105
121
7
106
126
115
136
100
99
129
110
1
127
113
98
106
100
79
101
123
1
91
119
129
109
113
129
100
109
5
115
161
122
121
127
97
115
120
2
138
113
100
121
106
122
121
78
1
153
113
131
114
114
139
107
124
8
137
116
107
76
101
107
95
54
4
122
108
131
103
124
78
135
123
10
128
154
169
99
116
100
109
123
4
80
77
115
133
127
118
107
140
4
99
116
125
95
148
61
91
126
0
112
122
113
105
114
141
117
111
10
134
111
115
113
106
108
127
111
5
127
120
78
148
113
155
117
117
3
123
135
119
135
92
121
107
107
8
128
106
80
108
96
122
120
121
4
117
115
127
129
94
118
130
147
2
127
119
138
102
110
100
88
138
6
128
99
128
123
99
109
119
144
2
116
141
134
127
84
117
91
92
2
86
124
121
127
146
114
122
112
4
124
121
111
140
113
94
135
94
3
100
152
110
122
120
143
122
134
9
117
126
128
125
109
136
81
137
8
111
129
152
125
132
101
108
113
1
84
86
113
134
121
122
129
107
1
139
114
142
112
128
106
94
158
7
110
113
109
130
124
139
126
72
7
127
127
115
130
132
133
115
131
7
136
99
123
116
153
109
148
97
1
108
116
112
96
126
140
121
105
8
164
160
108
110
99
121
122
94
5
124
130
128
97
107
101
142
163
9
134
100
117
119
106
95
128
120
2
164
136
100
121
111
156
105
119
7
93
127
96
154
133
128
118
124
5
135
110
99
129
128
108
113
136
10
142
103
127
80
117
141
156
124
0
99
121
132
88
110
95
129
107
4
141
100
96
94
141
100
137
99
10
128
114
115
113
95
121
128
121
8
159
116
92
151
146
128
113
122
1
133
147
127
126
149
126
100
134
9
111
120
114
119
123
85
137
91
6
111
85
126
92
130
112
92
100
3
121
156
103
92
99
115
120
122
2
135
165
107
127
139
85
139
112
8
101
79
130
134
134
135
88
111
3
127
101
73
152
103
100
85
99
2
151
145
136
125
137
119
108
96
0
122
110
104
104
109
114
120
135
1
133
109
140
122
125
127
97
116
3
96
150
112
94
126
115
120
109
4
91
130
129
83
124
129
104
94
4
157
108
93
120
114
154
119
110
1
119
126
135
109
150
121
132
143
0
146
92
119
74
101
91
88
89
2
114
145
162
124
95
136
126
120
2
136
134
139
90
129
161
157
117
3
108
133
121
177
148
145
121
159
1
91
117
99
133
128
122
113
157
7
147
134
138
147
113
99
143
147
3
114
116
138
143
117
102
103
113
3
150
114
117
79
78
118
121
113
5
107
120
170
94
135
124
150
107
4
114
156
96
135
123
103
128
105
8
101
113
93
121
121
117
115
107
0
135
109
118
133
123
129
109
128
9
119
148
108
91
150
86
112
90
1
115
113
120
142
120
113
93
103
5
126
131
110
98
128
90
110
122
8
107
135
119
106
135
126
117
129
1
121
143
107
136
91
128
128
99
2
113
108
121
112
141
114
108
96
1
81
99
131
167
130
122
123
150
1
133
133
103
143
100
117
139
108
7
127
113
85
116
129
112
151
80
8
91
113
122
109
77
149
97
119
3
108
126
107
125
98
126
95
162
2
91
64
120
113
88
136
113
154
1
78
101
155
131
148
113
127
120
9
74
71
141
131
104
166
114
144
5
112
134
128
123
133
139
137
133
2
113
136
122
81
101
124
124
112
4
122
128
107
121
110
123
109
138
3
126
137
113
93
126
121
112
132
0
148
173
121
89
106
98
93
104
9
120
98
148
123
108
123
120
94
5
152
106
162
92
121
127
112
108
7
104
136
101
110
129
127
89
92
8
119
79
109
98
154
119
128
97
9
135
113
125
148
132
102
136
93
3
135
133
99
106
120
72
120
104
7
82
117
128
92
135
139
142
119
3
91
143
122
101
107
120
152
136
1
136
116
169
115
126
112
146
131
9
100
133
107
121
100
123
142
111
9
127
108
96
123
71
121
121
115
7
86
145
80
113
133
132
123
129
8
119
135
128
125
120
122
120
128
5
115
112
140
87
122
129
134
120
7
79
98
155
115
114
94
117
113
10
133
95
91
121
117
86
120
100
5
118
162
149
154
120
142
111
112
7
107
127
109
135
134
113
105
120
1
125
135
129
108
89
105
102
124
6
122
118
129
129
94
135
137
142
9
133
76
116
80
107
103
106
134
9
86
150
122
131
112
112
94
114
5
98
126
101
92
117
141
142
117
1
127
94
112
122
141
109
121
128
4
149
99
121
127
80
161
109
71
0
125
93
122
85
92
113
148
110
0
125
116
126
114
112
135
106
91
5
113
85
130
113
85
134
134
121
8
143
126
143
139
114
105
140
108
8
145
126
53
119
117
110
110
110
1
110
127
130
116
101
129
99
125
10
73
121
115
101
106
109
123
142
7
154
114
70
135
114
99
135
123
8
102
142
137
126
120
129
106
96
8
105
63
78
102
109
122
123
117
7
120
121
126
110
112
123
94
152
3
119
131
153
135
142
126
86
93
1
121
117
128
85
120
168
141
111
0
128
99
100
141
119
99
109
115
1
97
107
111
135
130
120
136
112
5
94
104
105
141
98
139
92
112
6
169
127
114
120
110
77
80
79
9
127
156
127
111
106
87
138
140
1
82
113
137
101
134
114
104
114
10
99
106
86
133
121
79
94
113
4
125
72
138
127
131
135
129
112
1
135
106
99
117
133
114
118
130
5
103
109
86
128
126
77
98
115

