13
0
7
7
1
9
6
2
3
13
5
8
8
10
2
6
0
2
13
0
4
1
4
7
8
1
8
84
105
155
106
106
116
146
104
10
159
118
95
137
145
88
78
116
1
66
130
118
129
108
125
111
132
1
117
126
142
145
99
119
119
142
4
109
114
131
104
112
106
121
114
4
120
149
111
113
135
106
121
99
9
122
129
136
86
144
142
87
91
8
136
115
115
104
91
83
107
98
4
78
140
141
136
168
120
145
149
4
134
128
119
130
99
101
105
95
8
91
105
106
139
98
136
98
125
2
126
122
131
133
113
87
98
124
1
132
135
120
108
128
99
130
104
4
46
116
122
95
127
107
136
91
3
89
114
119
97
148
106
116
112
9
120
128
132
103
86
141
114
162
9
74
116
93
125
88
120
136
116
4
132
122
164
115
128
67
117
113
3
149
115
168
120
106
116
153
119
9
134
107
125
118
123
134
98
87
2
141
141
115
63
133
113
106
130
0
84
115
101
144
98
122
99
108
4
112
119
145
123
88
111
84
115
4
100
140
123
115
110
132
154
120
5
107
168
119
102
122
115
119
126
5
121
132
113
106
125
121
93
128
2
120
126
131
138
127
128
101
99
0
127
129
90
112
100
121
105
130
1
148
120
114
148
142
86
95
141
4
143
97
142
99
82
111
127
127
10
118
135
121
108
86
149
121
114
10
112
108
137
125
121
76
147
105
10
89
103
88
58
77
104
149
156
8
122
77
106
114
120
99
161
135
7
135
106
88
111
79
114
107
99
7
115
100
124
78
129
124
115
113
3
118
128
94
143
104
89
128
148
2
128
112
115
136
113
115
112
120
3
110
88
153
119
116
85
105
92
1
99
151
108
135
91
100
123
128
7
128
104
139
98
169
129
127
84
2
101
98
125
57
110
132
127
119
2
147
99
160
135
127
116
147
94
2
109
114
142
92
98
99
139
137
1
69
113
148
94
114
120
119
129
3
129
114
128
146
112
143
131
146
8
149
134
114
100
117
154
94
162
7
123
74
143
133
113
99
150
117
2
110
145
103
105
156
113
111
156
0
97
135
107
175
138
117
127
130
2
120
133
115
136
73
124
119
116
8
113
107
90
114
101
121
71
115
8
120
181
124
115
78
123
98
143
5
123
109
120
134
126
132
142
128
4
123
115
70
87
89
114
170
119
9
79
128
122
93
114
91
128
127
1
128
142
129
121
105
96
141
93
10
135
116
127
99
152
123
149
128
2
128
115
142
164
101
142
115
144
1
105
114
129
143
137
114
113
128
3
86
115
103
102
122
135
122
109
1
121
129
83
149
61
135
107
98
5
83
145
137
112
112
79
143
123
2
147
128
100
142
136
99
143
101
7
135
142
92
106
150
130
124
108
9
140
134
106
62
122
125
95
105
1
119
134
106
63
91
116
149
120
6
125
146
81
106
108
134
112
122
2
135
124
112
148
152
123
105
119
7
147
136
109
162
142
84
148
86
5
146
117
74
126
102
129
129
87
7
102
133
134
133
91
99
134
130
3
115
121
126
131
106
99
140
99
7
147
168
120
82
120
129
116
140
9
94
112
83
148
128
116
108
124
2
141
128
120
107
127
124
126
96
10
126
122
111
104
115
133
143
121
7
142
109
110
101
84
93
133
120
9
105
128
111
86
124
178
167
93
10
116
72
135
126
82
97
114
80
10
157
107
154
122
107
122
133
102
6
120
131
123
108
121
146
101
140
7
100
131
93
99
118
131
107
83
6
100
85
101
146
99
121
93
113
4
100
122
117
144
96
152
118
136
3
105
143
144
88
120
123
135
146
8
127
88
165
104
147
129
107
101
2
110
84
120
111
153
123
99
104
1
122
147
122
107
179
107
131
82
9
174
106
138
133
115
111
129
112
5
136
123
104
123
122
115
132
122
0
109
129
113
145
135
136
103
99
4
62
142
128
137
125
98
100
119
10
101
128
126
108
108
155
116
99
9
115
124
119
109
118
92
127
86
4
119
96
146
107
62
125
150
108
9
107
101
109
103
156
116
92
85
5
84
111
108
116
127
93
143
99
2
70
84
87
107
106
134
91
139
3
136
71
128
128
79
130
114
126
2
108
130
131
135
114
107
81
114
9
142
118
81
107
104
136
93
134
4
120
121
119
107
116
133
133
148
10
113
146
126
118
139
118
138
100
1
105
93
132
101
126
96
90
140
9
108
114
101
100
117
128
138
125
9
105
101
108
116
126
134
115
110
1
99
139
143
96
134
105
118
116
4
103
148
79
121
78
150
117
156
8
107
78
85
125
123
133
80
164
4
113
90
115
120
106
113
134
98
6
79
129
123
148
73
114
83
115
1
132
128
119
92
104
134
82
115
4
126
126
128
117
108
106
100
145
9
108
146
74
116
98
145
112
149
10
119
113
115
117
123
113
87
56
3
93
136
118
143
140
98
118
98
3
84
136
93
90
145
108
103
103
2
103
99
126
100
106
148
124
114
2
138
134
128
104
162
103
93
154
7
149
132
98
135
74
123
156
85
7
97
95
122
113
133
121
85
122
8
96
79
127
83
121
122
121
140
2
106
96
132
98
126
114
70
140
8
105
74
110
91
144
139
94
113
6
100
113
141
97
135
114
140
113
3
148
112
135
108
128
142
124
107
6
135
113
108
153
127
68
102
117
9
128
131
146
114
141
135
134
117
6
135
104
104
120
147
112
134
113
7
109
150
104
80
121
140
140
112
2
148
149
110
74
122
108
139
113
7
93
132
113
114
113
135
130
100
5
125
103
128
134
156
129
113
156
3
107
113
117
113
64
92
108
114
3
86
114
122
121
129
104
84
116
4
141
163
92
122
107
117
72
97
4
141
58
110
113
117
142
115
121
2
114
119
157
103
82
69
138
97
4
122
90
120
65
127
135
95
98
3
85
113
128
127
100
76
121
119
9
134
147
109
116
96
121
106
120
4
154
122
139
171
147
122
110
93
9
156
108
138
118
121
116
116
122
5
133
149
98
109
100
139
126
148
6
90
112
127
99
102
92
149
106
9
141
122
94
110
156
86
94
117
5
145
127
136
155
116
110
130
148
2
81
121
87
77
126
91
128
126
3
89
136
113
133
108
124
101
100
0
148
136
137
97
98
133
115
91
3
119
129
105
107
99
122
107
107
3
136
100
90
114
99
114
106
122
7
117
100
128
98
113
142
138
130
1
133
116
88
101
69
120
116
113
9
114
123
125
120
107
140
127
142
10
143
94
84
117
103
93
108
106
1
114
148
94
112
130
99
127
143
8
112
117
125
113
121
117
140
124
8
84
120
129
117
164
112
120
112
10
116
126
142
128
113
169
134
91
4
134
122
128
112
97
110
127
118
3
122
93
132
121
136
121
121
110
4
149
100
112
128
121
91
132
136
1
80
105
138
100
130
126
110
134
8
82
108
153
132
105
121
119
124
3
98
109
105
112
133
123
154
119
2
116
122
108
105
98
110
81
116
1
135
88
81
116
95
134
57
149
7
109
113
90
119
119
100
120
147
7
107
117
114
129
156
123
129
134
4
115
148
154
139
119
92
109
132
5
99
140
112
95
116
143
124
128
3
105
90
131
108
114
107
131
148
2
118
110
70
120
140
147
135
155
3
104
88
106
127
112
107
95
127
2
107
124
142
77
91
94
108
86
0
110
94
107
141
116
91
111
140
3
100
85
131
149
120
118
109
74
2
114
136
120
114
112
143
90
139
5
127
107
125
114
102
136
129
148
9
155
86
117
125
125
112
90
128
5
92
100
122
121
118
124
99
147
10
131
88
126
125
116
110
132
109
8
121
94
123
128
140
68
114
121
7
118
140
99
100
142
112
143
145
2
99
114
99
104
104
127
121
118
3
121
152
92
105
111
134
139
102
9
142
97
119
76
94
102
104
140
3
120
164
111
99
135
119
105
132
0
147
120
93
117
115
121
112
79
7
146
98
109
84
101
88
105
106
4
157
124
123
133
91
130
147
139
8
142
151
123
120
127
112
133
134
6
154
99
112
87
104
109
122
110
3
140
125
106
118
169
113
114
114
8
94
141
109
112
135
137
105
128
2
137
99
120
121
114
107
92
101
8
73
135
89
91
120
114
117
125
7
114
90
65
94
107
122
119
128
1
102
113
101
133
156
115
140
127
7
94
76
170
115
84
114
133
126
5
121
141
130
148
134
126
142
91
1
97
112
126
130
138
105
84
127
6
126
105
170
107
105
131
157
78
7
133
114
152
98
132
85
106
91
6
124
115
84
149
91
147
80
134
8
127
143
137
120
119
132
126
121
2
156
113
112
102
141
110
153
70
8
118
142
137
110
119
93
139
101
4
151
121
140
147
124
98
113
167
5
108
70
120
121
108
114
132
150
9
104
113
127
102
122
89
95
96
6
148
99
106
106
121
122
137
85
0
109
92
111
138
152
93
150
118
7
113
104
114
109
136
136
88
138
6
121
107
128
71
151
128
127
108
8
119
87
113
149
105
97
136
135
8
93
104
108
123
84
99
91
121
5
135
83
120
126
114
127
109
130
1
107
137
113
114
140
131
174
131
4
92
107
124
88
78
130
103
91
8
105
69
108
95
122
102
105
136
5
136
81
109
128
112
143
116
108
3
125
117
146
141
120
127
100
114
9
109
160
155
127
95
120
152
145
10
114
127
103
97
121
131
128
134
6
134
106
122
84
111
121
135
121
8
115
82
99
121
93
124
86
137
4
114
120
142
130
120
106
78
109
5
88
103
114
110
121
134
114
112
1
117
133
96
107
120
105
103
95
2
114
126
150
113
141
100
93
118
6
98
98
120
120
84
124
108
113
2
87
142
120
147
128
136
65
129
6
127
113
112
98
100
95
77
85
4
97
94
124
127
142
106
128
135
7
117
115
129
127
68
133
127
113
8
115
100
74
113
135
138
133
116
3
102
121
122
99
138
113
106
127
5
108
108
121
123
117
160
135
124
2
127
108
70
144
144
129
132
139
1
99
114
74
129
136
126
141
107
8
136
125
123
125
120
109
90
108
8
105
135
102
128
103
120
97
112
0
127
160
143
149
93
106
108
115
5
100
100
142
115
113
108
120
113
5
134
123
119
114
99
150
121
94
8
81
140
138
127
141
124
108
98
3
110
117
130
137
126
133
114
98
9
127
92
112
108
127
108
121
143
3
123
127
138
142
106
121
112
102
4
109
109
102
128
130
110
108
78
8
110
89
113
103
82
114
123
116
10
87
118
103
128
142
128
92
124
5
127
119
120
142
122
121
146
147
2
116
106
102
85
122
120
79
128
5
99
129
143
95
125
148
114
140
5
98
107
134
87
126
141
95
114
6
93
109
99
81
77
114
112
99
8
118
99
108
113
121
110
118
121
1
118
104
71
105
140
105
93
114
9
125
158
136
121
124
112
77
106
2
128
114
132
147
129
120
136
106
9
120
129
85
126
93
95
103
143
6
100
136
69
156
99
84
120
115
5
92
120
114
124
122
156
127
128
9
128
149
106
152
128
132
153
138
3
161
117
120
110
84
157
126
140
5
145
91
113
117
101
106
90
143
5
101
133
84
121
99
123
98
102
1
121
122
116
88
106
127
107
84
3
122
105
72
133
133
100
139
136
3
136
147
153
136
108
126
147
119
6
122
131
114
132
104
135
107
122
7
75
120
112
106
139
159
123
144
10
79
116
126
108
149
114
137
148
10
114
113
152
113
101
120
150
129
5
122
116
98
79
69
88
131
140
9
120
101
121
109
151
102
125
118
8
73
102
110
113
129
162
110
109
2
126
93
122
91
93
99
113
116
1
133
110
112
123
120
126
155
85
6
148
78
115
105
130
103
132
134
5
106
153
122
111
130
111
115
99
4
71
108
117
118
105
98
132
155
8
98
142
87
135
125
106
96
139
6
149
119
84
94
98
132
142
84
5
150
127
136
149
120
148
132
105
8
142
100
121
116
129
94
141
157
3
112
105
161
95
105
72
112
118
7
108
90
138
121
132
133
104
93
7
144
94
128
108
91
77
100
100
3
160
86
127
90
98
114
99
85
5
129
106
73
93
127
109
115
131
9
116
121
110
122
86
118
128
106
1
115
107
114
130
121
137
121
114
6
166
106
113
97
101
94
116
154
5
122
114
120
146
129
113
92
119
4
126
100
122
138
124
125
99
129
6
140
99
127
149
115
137
112
136
3
113
103
142
107
99
113
114
112
8
132
126
88
112
122
106
130
107
2
107
106
127
103
142
99
133
122
10
146
121
93
106
132
106
129
127
1
92
126
84
112
72
155
142
147
1
81
129
142
126
123
115
136
106
5
89
134
101
114
116
91
100
156
4
121
143
108
114
107
114
94
135
3
113
97
112
129
147
141
114
100
7
142
106
117
141
112
123
90
128
4
114
95
126
137
94
119
114
141
6
113
89
133
145
149
141
85
126
4
108
113
114
127
120
92
140
109
1
53
98
88
121
125
127
129
144
9
132
116
90
70
114
92
132
107
7
129
131
113
126
107
130
141
94
6
117
100
128
122
134
109
115
120
4
122
143
127
113
102
125
81
115
3
128
75
150
124
121
87
89
101
0
119
138
135
155
113
98
111
109
1
107
107
120
132
120
107
100
99
9
95
122
113
137
106
149
138
100
2
114
90
121
118
168
111
112
39
9
156
121
96
98
128
91
78
119
7
112
105
113
128
106
121
107
125
9
122
106
113
79
86
114
113
121
4
51
115
149
101
128
90
166
128
1
108
133
80
86
168
148
105
113
6
147
99
149
145
137
98
98
87
2
117
117
112
133
122
95
74
98
9
93
147
93
128
120
99
117
141
2
103
134
127
152
108
141
111
113
6
120
130
133
135
120
95
96
124
9
131
124
102
137
112
129
128
108
6
126
104
123
108
104
133
122
118
9
100
122
127
109
116
151
69
107
10
112
121
126
127
154
143
108
96
3
108
108
117
129
120
109
97
133
6
115
128
66
154
126
129
122
141
4
107
103
149
130
126
114
159
120
2
136
134
126
90
139
106
134
157
3
99
113
84
77
100
81
79
131
1
108
142
94
97
135
105
106
134
1
131
117
133
150
85
142
132
118
1
120
132
114
79
139
124
128
140
3
87
143
143
121
114
128
117
105
5
78
109
139
156
107
73
144
80
1
120
127
105
149
106
104
119
118
1
157
132
130
110
97
113
90
71
0
107
123
127
146
156
80
134
127
2
109
70
107
95
155
90
100
113
4
120
129
148
120
121
142
104
110
1
91
126
107
129
107
125
113
132
7
135
114
147
141
136
117
149
118
6
112
98
115
129
135
163
154
121
0
132
134
119
108
98
106
124
94
0
100
135
134
113
147
125
120
106
3
98
107
134
140
109
113
124
142
7
104
145
134
107
128
109
111
140
4
150
107
102
116
108
125
119
131
2
100
94
119
126
119
89
99
114
2
108
86
99
103
80
123
130
125
9
113
92
119
79
153
73
99
122
9
136
85
109
113
120
121
113
114
4
109
120
89
128
134
128
109
120
8
98
120
113
98
91
114
110
97
3
113
143
154
71
113
115
129
115
6
106
138
123
129
94
106
154
89
5
92
143
111
112
82
84
76
98
8
125
144
126
96
94
106
132
157
9
103
116
79
59
120
121
120
115
5
142
146
111
128
128
98
133
103
6
128
147
98
135
100
120
121
83
0
131
127
126
121
114
119
106
74
6
119
104
139
111
129
105
116
120
6
113
135
126
102
96
106
124
108
8
121
72
139
70
99
125
163
123
2
99
139
130
106
108
141
73
132
3
140
176
130
162
116
108
114
125
8
128
130
128
93
89
114
107
129
1
123
69
86
99
142
136
146
106
4
145
86
120
128
94
123
107
141
0
109
119
153
114
106
110
127
118
9
126
136
129
108
125
148
133
107
5
118
127
127
122
135
71
101
139
3
146
128
113
79
70
108
110
135
7
122
121
113
112
141
102
95
121
0
141
76
68
105
103
108
142
110
4
141
135
114
86
72
106
107
126

