12
6
2
6
1
5
7
7
0
14
0
2
3
4
8
7
5
3
9
10
7
1
1
2
2
6
10
110
149
113
87
113
121
95
136
6
128
121
110
72
109
132
122
149
7
96
86
113
145
128
107
122
122
8
114
151
99
81
90
93
86
103
2
129
113
93
142
99
106
137
119
3
118
138
89
113
87
120
76
118
2
108
150
140
133
156
148
119
149
10
115
140
127
166
80
115
103
122
8
143
128
142
107
126
107
93
135
9
121
112
109
142
147
126
109
75
5
110
79
114
98
124
87
107
128
3
99
121
128
102
163
108
150
88
5
127
136
102
140
118
112
135
121
4
126
129
145
116
121
119
137
100
9
97
75
100
94
100
105
141
126
8
112
114
163
135
121
100
107
153
7
116
109
97
94
107
151
94
120
3
131
120
119
89
113
105
84
101
8
148
124
145
125
137
142
71
128
9
139
100
99
107
127
82
115
133
1
101
152
126
102
112
119
136
113
2
106
104
143
92
135
126
115
115
1
120
82
99
127
106
137
120
115
7
77
120
139
120
163
93
117
86
2
120
118
110
135
117
110
126
88
7
112
128
150
94
123
113
100
93
8
137
126
122
102
107
131
114
141
6
97
106
165
143
107
126
119
99
2
92
80
129
122
114
124
132
97
2
106
96
106
94
101
120
131
135
9
121
115
100
149
112
148
120
142
7
99
86
109
141
121
119
94
118
2
126
105
113
133
102
106
136
102
2
135
79
123
78
127
82
90
128
7
123
123
153
95
126
107
156
123
9
103
68
122
122
113
135
109
127
8
127
150
108
107
135
125
170
120
3
99
149
111
102
112
129
169
149
4
143
128
91
112
111
106
125
112
3
93
133
156
94
155
137
113
99
5
105
130
127
123
120
136
110
124
4
129
129
102
127
108
119
109
141
1
123
101
133
161
135
134
91
147
4
88
118
105
128
142
113
112
128
5
101
165
107
92
135
101
134
148
5
108
90
114
127
140
135
145
100
0
102
119
112
94
89
79
119
93
3
127
111
69
130
108
120
150
100
4
102
111
132
120
114
111
94
121
1
108
113
105
116
130
104
101
127
8
113
97
126
138
108
128
108
100
6
130
142
72
115
142
106
143
96
2
112
118
135
121
120
162
113
125
1
172
90
87
120
138
136
128
76
3
98
112
146
101
107
138
121
105
2
143
106
107
116
106
93
124
120
4
113
115
121
124
145
140
114
127
9
144
112
142
126
105
134
135
122
9
137
120
127
109
117
126
135
116
7
121
95
146
89
110
96
86
81
3
110
110
118
123
103
118
100
107
5
108
175
89
124
128
115
122
85
3
103
155
160
64
113
132
113
69
5
114
97
108
115
156
85
77
90
4
104
120
111
113
124
103
92
80
9
116
129
133
113
169
109
96
93
8
134
96
92
134
110
120
131
81
8
84
101
156
126
162
106
109
134
1
128
104
95
97
105
134
72
113
9
104
106
128
116
94
128
135
152
4
128
127
158
66
88
84
107
136
0
116
106
153
120
95
142
115
105
5
92
126
120
104
115
101
135
75
9
129
90
130
134
122
82
108
111
4
91
125
81
88
98
134
153
119
6
131
136
109
125
120
151
85
162
6
98
113
125
126
119
119
71
127
6
79
120
79
136
103
174
116
111
1
114
87
100
101
134
112
111
114
2
105
117
114
74
87
128
100
114
0
100
144
105
146
115
144
127
122
0
109
136
91
103
138
126
133
66
3
143
133
99
123
106
98
93
108
4
98
114
111
83
91
128
100
119
1
123
112
115
102
138
102
118
91
4
87
111
133
93
119
100
115
122
4
103
94
115
121
99
100
107
110
9
106
103
85
121
113
92
106
126
1
114
105
166
106
125
83
129
141
3
123
120
132
165
129
100
120
107
9
105
91
155
134
95
90
100
120
9
124
101
113
121
140
84
133
113
1
84
119
118
101
106
92
75
119
9
119
121
106
108
122
101
125
147
2
137
100
132
145
153
98
143
133
10
109
93
107
124
140
143
113
122
6
108
83
105
106
139
102
105
135
0
107
92
110
99
114
99
92
121
3
125
102
97
75
122
119
115
156
3
77
133
110
119
82
132
139
139
10
132
109
103
135
126
120
120
139
1
97
103
106
106
133
107
121
127
2
103
105
138
83
114
133
121
100
4
120
121
92
97
135
120
89
71
4
108
120
121
107
100
90
144
124
7
129
103
119
92
162
85
107
117
7
118
126
158
121
103
115
113
95
6
134
100
128
79
125
128
128
147
9
95
106
118
136
100
144
122
101
5
135
117
101
130
92
148
135
96
9
132
87
122
105
149
109
135
136
3
116
122
139
87
155
103
88
79
2
106
125
169
157
140
126
117
119
4
111
139
91
138
112
114
73
124
1
121
141
98
112
157
122
135
120
9
119
121
137
145
119
120
113
128
0
87
120
126
120
99
105
85
118
7
129
120
112
128
86
149
129
118
8
95
150
120
149
124
108
103
120
8
153
126
147
84
121
129
109
107
3
92
100
123
143
109
124
108
129
6
131
110
119
128
98
119
85
117
10
97
107
110
146
123
128
137
129
0
118
150
121
85
104
115
157
111
10
142
118
121
135
112
146
108
84
2
91
149
134
127
126
142
135
134
8
134
131
145
117
114
96
109
135
2
133
112
101
93
108
103
136
140
2
133
104
86
105
127
99
109
131
3
115
100
136
143
81
108
122
122
1
99
94
163
134
91
127
86
149
9
134
81
123
110
110
112
114
114
6
133
134
150
164
112
147
149
86
9
129
100
113
133
120
101
134
122
4
120
72
108
107
76
126
79
109
3
109
110
126
155
117
98
133
129
6
105
128
133
134
133
83
148
104
4
102
108
93
79
135
121
145
133
3
92
112
136
110
92
116
122
118
2
110
122
126
115
100
127
84
106
0
119
105
99
75
98
82
101
138
0
93
123
141
112
108
115
90
98
3
100
112
107
104
121
84
100
114
8
114
107
123
89
111
121
166
120
5
135
142
127
121
96
142
113
107
6
101
101
82
157
144
114
115
120
0
126
119
121
138
132
72
133
130
8
150
135
89
122
85
118
93
126
7
143
99
86
129
93
134
100
125
4
115
111
152
91
107
98
78
138
4
120
126
135
149
126
130
153
95
9
119
136
111
140
102
108
115
141
9
107
130
108
120
119
115
90
113
8
141
142
116
80
130
108
144
108
8
101
133
112
139
73
99
120
65
9
101
141
135
94
111
93
109
82
1
107
98
145
140
129
128
106
140
9
125
128
104
93
124
115
87
106
2
111
126
121
99
107
146
150
120
7
134
129
139
117
148
119
86
97
5
142
103
77
163
71
135
105
103
9
123
106
100
128
97
163
133
87
1
125
121
135
86
115
88
112
112
3
121
128
96
143
140
164
148
110
9
123
124
80
120
95
158
126
121
5
114
70
117
138
117
102
129
122
0
92
118
79
156
146
133
138
123
3
121
141
113
104
121
118
120
128
4
78
115
138
148
113
157
130
82
9
74
113
162
102
129
124
136
135
9
128
140
105
113
91
104
104
126
6
117
126
109
107
107
162
84
81
1
95
127
135
99
114
100
171
106
5
134
114
110
143
116
158
70
129
9
86
99
145
128
127
154
112
120
10
156
148
125
112
120
129
117
127
3
122
92
126
101
140
121
124
86
5
122
105
149
96
103
91
136
91
8
105
103
144
101
83
100
92
78
8
135
127
136
122
112
118
119
118
6
92
177
100
136
137
109
86
85
10
141
133
112
134
101
85
84
126
0
89
94
120
136
135
123
133
134
1
92
90
98
99
86
119
111
107
6
142
140
73
106
149
111
113
155
1
108
128
123
78
86
113
94
88
5
115
134
155
113
85
124
114
107
4
119
126
145
111
141
118
121
113
4
131
106
140
99
141
97
84
115
3
119
121
131
123
124
113
113
126
10
127
107
128
134
108
124
125
119
3
95
118
92
66
89
129
144
78
0
141
120
122
156
134
127
64
143
9
85
106
113
115
102
95
123
140
3
127
121
138
114
119
149
118
140
8
111
90
135
139
101
118
99
107
5
66
154
109
99
104
131
122
107
2
132
171
88
97
125
138
126
129
4
120
165
88
73
129
107
84
96
6
105
144
113
122
138
100
131
122
1
98
107
110
158
112
125
133
119
3
143
98
106
136
92
64
116
135
7
142
121
91
156
149
148
119
115
4
109
94
105
140
136
113
116
147
2
141
118
128
155
135
128
78
149
2
112
100
113
149
130
106
141
72
7
78
116
162
115
134
100
154
133
2
145
127
141
120
111
114
91
135
5
118
146
120
140
162
121
94
157
9
118
120
91
86
93
132
125
105
2
138
108
100
85
167
138
121
124
5
141
131
146
145
97
145
94
140
6
119
106
126
108
142
142
159
171
1
120
135
138
121
122
131
111
116
8
122
119
128
134
136
124
121
133
3
124
94
106
106
110
107
129
121
0
122
132
81
123
107
114
109
81
0
113
141
142
71
102
128
130
131
6
92
114
115
104
121
135
129
119
8
144
113
99
88
105
92
105
107
1
136
167
102
98
120
119
115
120
5
102
78
135
117
95
136
110
116
2
142
130
129
107
140
129
73
111
3
111
114
111
164
107
161
128
121
10
107
156
90
145
106
146
132
113
5
95
136
161
104
113
147
148
144
2
119
157
112
129
114
94
131
127
3
127
98
123
161
126
93
126
105
0
90
121
101
93
107
112
136
90
5
113
109
102
143
129
92
159
129
5
116
155
106
110
134
106
82
101
8
128
73
100
131
128
149
100
113
9
86
114
122
80
125
126
103
117
5
128
155
106
147
129
119
142
105
7
103
132
127
117
95
126
121
87
4
95
100
153
107
113
105
88
148
1
112
95
155
135
91
133
153
97
3
128
100
142
116
135
113
89
120
3
121
112
109
121
99
104
105
116
7
143
112
112
99
91
95
117
114
8
127
118
141
80
135
136
142
105
5
137
130
92
105
93
154
120
105
2
118
91
132
119
133
121
96
121
6
142
111
100
129
142
106
138
121
1
130
117
128
116
130
115
139
94
8
132
155
92
129
123
108
121
147
5
149
154
111
127
133
58
135
138
8
124
120
128
115
135
126
91
123
1
91
129
135
114
133
120
86
121
4
91
149
94
142
71
144
109
144
9
113
79
81
135
98
92
118
135
6
142
83
93
87
136
135
96
134
4
84
136
105
143
125
95
145
85
2
121
134
119
111
115
72
103
143
2
149
135
133
126
99
113
84
123
1
120
113
135
125
91
107
112
141
3
129
136
97
106
115
93
105
132
6
117
142
126
141
106
147
128
112
2
134
121
114
146
115
118
125
100
7
106
108
112
87
101
91
124
120
5
114
130
144
125
107
128
101
119
3
111
119
127
147
137
108
73
123
4
95
106
140
148
121
118
127
96
9
93
125
101
97
128
129
91
97
1
132
122
72
120
121
107
135
126
5
91
118
120
126
97
148
100
120
3
100
143
148
160
139
128
114
123
4
127
136
131
131
109
82
109
121
3
106
127
121
141
98
89
108
114
9
135
123
136
113
111
136
113
113
1
61
98
80
77
96
130
110
141
4
122
126
157
123
99
120
116
101
8
91
134
98
140
129
91
104
119
0
120
112
97
125
107
126
109
134
10
122
94
105
125
87
116
143
134
3
98
91
120
133
133
91
119
112
0
134
106
91
133
94
120
98
123
2
128
109
115
101
102
79
108
146
3
116
118
107
101
113
90
135
124
7
128
146
126
133
131
137
81
160
5
99
105
151
114
131
119
101
139
6
109
93
113
98
79
152
142
113
3
145
140
92
120
149
128
133
85
5
108
128
120
103
123
118
98
94
3
156
134
155
106
120
82
95
123
0
98
110
114
137
127
136
107
100
7
152
128
131
108
121
118
125
114
4
95
106
119
119
112
140
147
125
8
123
79
139
111
72
131
120
133
7
138
114
113
92
108
103
105
122
6
103
126
103
118
100
114
135
123
3
122
150
128
100
147
136
115
122
5
72
113
127
85
100
124
130
99
4
128
117
58
100
111
128
121
108
7
114
72
87
158
118
147
141
136
8
114
128
141
95
127
103
149
107
5
115
130
106
146
129
105
113
95
10
129
100
105
79
91
75
106
136
2
134
99
120
94
121
111
132
135
4
93
104
86
125
117
146
107
137
8
102
79
114
135
127
84
127
134
3
123
125
136
91
89
128
101
134
3
125
127
95
130
142
148
122
97
3
127
128
121
103
150
118
124
128
1
142
149
154
140
135
132
134
107
4
72
142
99
109
153
97
105
173
7
106
88
135
94
87
108
126
108
6
139
64
140
124
119
105
117
125
8
150
93
136
120
99
99
127
113
8
128
90
96
106
111
157
86
105
9
103
107
93
53
114
102
132
103
10
87
121
144
149
131
70
131
104
0
128
101
132
113
97
85
92
93
6
119
135
137
94
107
121
149
120
8
71
112
106
108
89
77
141
101
9
89
157
156
91
84
133
103
104
2
154
87
143
120
132
130
101
67
5
100
162
140
119
149
101
135
123
7
114
96
119
128
112
136
84
129
3
142
102
131
98
120
86
137
121
1
136
110
115
149
128
120
126
130
1
111
123
134
106
112
99
107
112
1
105
127
84
141
92
112
117
122
6
121
132
130
117
120
138
99
71
7
123
93
113
127
98
126
84
105
10
122
128
118
152
122
140
117
149
5
114
126
81
112
105
142
119
110
10
99
143
103
135
109
129
79
119
8
142
142
92
122
140
140
156
147
6
129
149
105
118
145
135
139
80
10
115
113
128
140
170
123
127
110
2
112
78
92
107
95
110
92
109
7
93
122
74
99
125
137
82
100
6
104
100
139
110
106
141
117
130
3
127
128
101
117
124
117
92
107
0
151
139
99
131
124
107
121
136
10
123
92
121
116
108
113
158
87
10
122
136
120
114
92
101
129
94
3
109
127
80
134
85
148
121
143
9
123
115
92
123
106
122
134
117
4
113
140
110
120
127
102
106
157
5
136
80
95
160
102
78
108
118
2
146
100
146
81
99
103
131
98
6
130
77
129
153
135
93
142
132
8
118
139
159
113
91
101
128
100
4
129
106
137
128
94
106
126
135
0
111
113
150
106
121
113
122
82
4
150
115
128
145
144
149
93
91
10
129
128
166
149
134
107
122
106
8
134
105
112
124
129
111
70
72
2
114
94
143
129
117
151
129
127
9
109
138
107
115
115
126
122
128
3
142
105
122
111
150
113
78
142
7
107
139
141
130
148
105
102
127
6
127
120
65
115
134
134
136
121
6
114
115
116
144
114
143
111
106
1
107
106
134
126
99
93
108
97
9
149
117
107
136
97
79
98
126
2
131
127
126
133
154
126
155
100
6
108
105
92
101
87
127
121
148
5
135
107
107
141
156
115
123
133
1
101
106
130
115
109
127
123
139
6
107
134
84
85
126
139
114
103
1
134
112
117
133
141
114
142
164
4
132
120
106
91
119
114
101
122
3
123
100
109
88
128
148
146
116
3
119
113
96
106
78
108
150
87
3
122
93
127
108
94
125
146
144
9
128
105
98
136
134
102
118
139
2
129
124
122
115
119
129
122
87
9
114
140
126
122
110
127
145
146
9
138
113
79
121
142
124
114
119
7
87
170
124
119
101
93
82
108
3
104
126
128
91
70
163
91
122
9
128
98
95
122
128
127
99
148
7
137
121
107
72
102
107
125
86
2
100
104
63
90
135
105
134
148
8
126
128
141
111
111
100
144
102
4
122
129
124
147
113
119
101
113
8
93
107
102
91
115
123
77
134
6
134
85
167
135
136
113
125
93
8
127
92
124
130
170
133
101
108
5
122
105
100
134
125
102
113
76
10
101
113
120
116
84
134
105
111
5
125
120
89
128
115
157
128
107
4
76
125
141
157
115
119
145
117
2
136
117
81
123
133
86
113
69
2
154
116
178
108
131
98
126
101
7
133
133
98
108
86
96
109
141
8
134
118
86
119
131
82
107
69

