13
4
7
1
9
5
6
8
0
11
1
8
5
4
2
4
5
3
13
10
8
4
5
1
1
1
8
105
114
124
93
114
134
113
141
4
84
112
92
128
135
88
101
101
4
115
134
106
108
107
114
99
106
4
99
133
114
122
126
143
108
103
9
101
99
120
118
81
133
128
114
6
96
128
121
126
88
107
100
120
5
132
117
99
86
113
153
123
113
9
101
99
116
92
113
96
150
110
1
106
111
97
143
140
85
126
124
9
120
150
108
124
133
98
101
123
3
101
128
100
136
141
120
135
133
1
78
131
133
141
108
103
106
113
3
98
148
161
115
132
156
99
109
6
118
126
118
152
120
114
120
133
2
127
111
138
94
140
136
103
121
7
136
93
80
142
139
108
105
128
10
113
163
133
134
113
105
121
118
3
158
109
108
127
114
119
129
107
9
113
112
125
120
142
147
134
115
9
132
122
111
98
98
140
100
101
8
121
126
139
103
108
156
85
112
4
113
99
91
111
141
142
130
104
2
114
130
58
115
114
111
112
93
3
86
140
141
118
109
140
84
77
4
113
93
134
98
138
91
132
69
6
147
112
101
139
120
137
106
104
0
162
130
121
129
113
129
106
165
3
108
143
119
154
94
125
128
134
4
85
128
133
124
117
156
107
107
6
135
99
107
162
117
158
156
132
8
140
114
100
107
104
152
128
105
10
101
123
132
106
106
71
112
115
6
114
121
135
102
122
94
114
131
4
116
117
86
124
112
125
93
120
1
96
85
108
103
128
82
102
101
3
120
71
101
141
132
154
117
90
7
114
120
136
127
78
112
96
112
8
114
94
93
115
128
91
119
121
10
142
137
138
88
94
112
101
125
4
93
107
156
86
66
67
105
118
1
92
127
132
120
134
113
112
154
3
130
143
122
101
141
150
98
127
9
99
127
122
135
117
139
136
81
10
118
109
167
122
93
113
135
101
10
134
131
63
86
94
111
114
121
10
109
165
117
126
108
81
122
66
4
120
119
107
120
113
127
134
98
1
127
148
106
65
122
120
153
113
4
148
105
94
95
127
94
156
137
6
135
106
115
144
117
126
114
104
5
121
93
134
134
148
148
98
107
8
136
114
121
117
136
136
133
116
6
121
135
67
145
100
112
124
129
4
163
173
124
134
98
112
134
100
9
142
135
125
135
113
145
105
94
4
113
117
100
141
85
92
122
137
3
129
125
126
86
130
105
103
155
9
97
126
96
113
104
130
117
146
4
117
112
117
105
92
80
114
88
5
106
106
98
115
113
135
100
93
5
127
167
128
120
113
142
109
95
6
114
107
113
130
134
141
114
104
0
106
114
105
100
124
101
107
108
6
170
113
105
115
106
135
106
112
8
99
112
101
106
135
133
124
129
5
79
136
97
139
163
94
151
99
9
112
97
139
113
136
113
113
112
7
121
118
98
72
108
98
149
114
3
88
150
128
121
97
106
128
123
10
126
100
111
128
101
128
118
167
10
129
126
118
155
126
94
142
134
8
102
146
136
93
105
111
121
91
4
81
79
128
127
120
87
93
106
1
170
113
106
122
120
115
123
88
8
53
81
120
93
80
156
130
93
5
99
118
101
139
73
103
113
82
2
103
135
114
148
120
74
141
130
4
124
124
138
129
104
108
74
101
6
115
109
127
118
107
135
108
101
7
96
127
114
114
119
127
109
109
5
134
141
89
128
145
128
134
106
7
147
135
110
109
115
132
127
115
4
84
147
124
126
129
131
119
149
8
143
114
98
105
146
131
116
117
0
119
112
100
108
154
132
100
122
2
131
156
96
110
87
92
86
129
3
109
111
100
149
135
153
142
142
0
139
78
101
141
83
156
92
114
1
109
138
106
129
106
150
116
150
2
129
130
85
88
116
102
107
86
1
110
111
150
128
147
124
141
147
9
124
133
131
117
121
145
106
134
4
127
105
105
100
114
132
114
111
6
95
125
113
134
112
119
111
126
2
106
131
75
106
126
92
130
116
3
128
103
120
134
129
114
151
124
2
113
98
113
138
134
117
133
113
5
88
140
115
120
105
151
140
125
3
88
112
105
100
86
131
146
135
0
108
131
112
129
107
129
121
126
9
155
135
128
107
149
128
120
114
5
98
143
105
100
100
128
147
123
2
132
127
103
143
114
99
133
148
7
114
151
120
135
147
121
106
170
1
129
164
129
109
117
106
116
111
1
120
82
113
116
92
99
107
122
2
100
85
77
123
77
147
91
102
1
160
117
112
118
80
95
107
127
2
119
134
143
101
113
125
123
113
0
93
102
106
122
127
94
102
82
1
154
138
134
114
131
143
119
130
2
133
108
120
113
128
128
111
137
8
142
142
134
95
151
127
88
107
4
118
107
160
122
106
119
132
144
3
122
133
95
147
125
92
117
120
5
158
78
126
85
103
91
131
93
9
129
122
88
150
122
161
117
98
5
122
93
113
91
82
116
137
157
5
123
121
80
133
128
101
135
91
8
112
115
97
122
108
102
101
123
2
137
134
143
113
95
115
111
135
1
136
143
142
114
118
124
122
135
10
135
108
106
126
99
120
130
107
8
101
126
133
142
110
121
123
121
5
126
92
130
115
103
92
100
91
7
127
109
93
136
92
125
146
136
5
109
113
109
127
103
146
126
115
1
122
107
111
135
115
89
117
110
4
114
108
99
106
101
100
103
147
6
155
136
128
142
116
128
100
104
9
108
111
106
123
138
114
93
91
7
109
107
107
93
189
123
130
107
6
117
126
136
84
121
148
116
134
7
141
162
120
120
119
107
95
135
5
121
126
124
78
140
134
112
120
4
116
135
164
98
108
144
100
135
5
90
138
98
134
98
143
162
130
1
127
116
108
127
77
122
93
149
8
122
111
152
104
127
92
128
71
8
113
108
99
105
98
127
115
129
4
112
110
129
131
113
92
102
128
6
114
111
112
104
99
155
140
109
10
127
122
129
105
133
139
73
142
4
135
114
102
63
143
97
93
124
6
143
106
126
100
125
93
118
122
3
96
121
108
113
108
110
156
114
9
124
121
129
139
98
101
101
138
3
115
105
108
105
122
115
121
133
10
115
111
149
148
158
133
147
108
1
98
84
119
106
117
102
109
149
2
91
127
169
101
164
106
111
92
8
114
135
99
112
122
120
134
129
6
107
82
135
107
120
136
86
92
2
119
114
91
83
86
103
106
102
1
116
180
109
84
64
129
113
103
1
99
127
93
114
140
106
134
105
7
121
79
128
142
161
113
141
137
4
98
147
88
114
86
160
111
86
1
126
114
144
142
98
149
128
112
8
108
123
128
161
135
113
117
122
5
141
129
119
93
97
107
136
143
3
93
149
120
127
149
134
124
133
10
120
125
118
131
113
113
134
128
1
142
114
162
85
142
114
120
156
4
113
125
120
114
127
112
119
94
5
135
122
122
120
122
114
134
139
9
127
121
126
71
142
110
100
151
8
104
99
113
120
122
128
111
153
0
145
139
123
108
114
140
115
141
1
104
123
118
114
106
117
114
123
4
133
112
121
141
99
160
140
128
7
140
127
117
138
125
98
122
92
1
96
127
111
120
113
95
156
131
9
119
127
92
114
95
113
79
95
9
118
89
105
115
117
124
100
127
9
123
113
154
129
142
149
119
93
1
114
90
134
121
124
119
110
109
8
126
143
121
105
118
119
117
146
9
127
160
109
113
100
125
138
108
8
83
122
118
101
86
78
134
130
3
138
108
136
141
135
130
136
120
5
117
137
111
143
73
118
115
98
7
114
112
142
135
107
102
95
132
5
125
138
121
115
82
129
126
156
9
77
151
102
121
143
91
92
128
1
148
80
127
119
135
98
107
100
10
124
120
128
143
104
142
121
79
2
115
128
93
99
134
113
131
99
10
95
94
99
134
135
136
132
129
10
98
98
120
134
141
113
113
146
9
91
108
123
109
114
115
133
128
8
118
85
106
100
139
141
113
135
5
119
105
151
116
117
134
119
106
0
116
127
91
98
121
98
113
107
4
113
124
123
138
104
154
109
121
2
69
128
106
103
117
142
91
111
8
99
138
104
126
90
141
86
92
3
111
108
85
107
98
71
89
119
7
133
135
114
100
98
99
115
102
4
131
105
108
138
102
88
112
149
3
124
115
92
148
145
87
137
93
3
74
137
126
94
142
113
101
108
6
83
142
135
135
129
83
144
115
2
134
149
125
148
121
125
108
137
2
118
129
122
121
129
147
148
105
4
106
130
116
105
134
128
111
99
2
130
111
110
114
129
109
135
111
7
110
118
135
86
117
107
127
117
1
92
129
115
103
91
149
129
113
5
114
126
130
69
104
108
65
101
7
137
130
85
125
107
108
126
115
6
114
112
99
139
155
135
114
69
7
146
86
87
78
118
110
127
102
8
135
121
148
134
98
136
135
67
6
147
93
136
91
70
116
125
124
8
132
112
136
121
121
121
85
154
0
113
137
112
120
98
107
92
126
4
135
77
107
127
147
80
132
105
7
122
124
110
105
94
123
109
80
6
125
92
123
124
114
116
100
110
7
97
89
135
134
135
71
149
132
3
113
118
128
149
127
112
118
85
5
152
133
113
156
99
115
114
126
8
121
115
101
129
136
115
107
123
1
91
113
137
131
142
118
113
121
1
116
92
121
108
76
107
98
140
6
122
134
140
98
104
98
126
105
2
120
155
120
88
100
111
147
118
3
140
106
140
122
98
109
147
75
3
105
92
127
84
98
107
126
128
9
110
89
136
101
114
114
111
149
2
128
104
120
103
88
122
120
116
6
97
99
76
100
146
120
134
130
4
121
121
100
147
105
101
122
148
9
124
127
163
113
126
101
115
77
4
81
112
125
95
105
108
98
99
8
118
105
92
145
102
106
126
112
6
94
112
130
121
97
142
161
97
0
100
112
128
122
154
149
91
122
6
98
114
114
107
119
98
142
107
6
137
108
126
132
114
108
107
97
6
136
137
122
129
104
107
118
127
4
136
104
141
96
120
143
105
107
7
74
106
135
132
149
142
136
71
5
128
101
93
114
81
107
129
115
4
102
131
122
133
128
78
100
100
3
121
113
119
143
120
132
89
133
9
97
113
148
111
129
91
119
120
10
105
68
87
106
127
93
113
87
4
86
98
102
128
177
72
127
127
8
132
123
113
77
88
137
99
110
1
109
122
115
171
130
132
137
149
10
119
132
120
93
113
134
100
92
7
92
85
122
111
94
140
128
146
9
126
124
133
110
99
104
102
128
0
123
97
106
127
139
121
87
106
3
136
120
144
130
148
113
132
106
8
125
113
129
158
126
106
128
120
6
136
115
150
100
128
129
153
113
6
97
135
150
121
134
127
115
127
5
112
105
122
111
107
92
108
136
9
93
130
136
108
162
127
147
130
8
107
170
136
138
141
103
118
134
5
156
120
154
115
97
135
106
135
3
132
98
106
104
107
121
107
133
9
126
123
100
143
122
113
136
117
3
111
119
132
124
126
116
112
96
6
113
121
94
123
106
91
124
126
9
126
104
149
103
156
115
111
141
6
85
100
123
104
123
122
126
133
1
100
104
133
160
121
140
107
119
7
93
112
91
92
102
134
93
113
9
138
110
134
114
106
151
120
125
1
113
135
121
93
113
100
133
124
1
93
122
123
107
119
95
142
112
3
79
162
80
137
132
136
144
110
7
141
111
142
115
142
103
113
118
8
66
126
135
121
104
134
143
106
3
130
109
106
114
121
119
112
129
6
119
106
127
132
106
119
132
124
9
107
129
120
121
109
126
88
145
6
106
110
127
110
152
114
127
119
7
122
112
140
127
141
128
132
127
0
101
107
88
146
120
118
118
106
1
140
99
100
115
87
95
113
149
6
94
126
120
112
93
122
96
135
7
67
118
143
113
101
139
87
122
1
125
121
117
121
91
109
114
114
9
108
105
79
144
102
129
99
113
1
128
132
142
128
114
131
139
100
7
100
87
125
166
112
106
101
96
8
83
127
114
140
113
91
115
137
6
134
126
150
86
86
112
91
143
3
103
140
121
112
120
128
108
79
9
142
102
117
79
102
114
133
128
4
122
99
113
119
136
110
125
136
1
117
118
120
114
136
105
121
165
8
105
141
145
99
118
95
146
94
4
126
90
78
141
147
117
137
87
6
153
120
104
109
107
122
114
103
7
157
101
114
92
108
121
103
159
2
106
120
105
141
120
121
144
105
2
92
114
88
123
135
89
120
99
1
117
134
121
90
73
136
99
107
10
113
115
119
83
130
99
128
151
1
106
112
100
79
126
111
102
64
5
122
102
99
143
113
116
147
91
4
120
87
128
110
102
100
106
92
5
115
110
93
99
96
150
122
141
6
147
106
95
135
125
78
97
133
8
115
149
110
132
110
105
100
114
3
124
84
100
77
127
127
159
128
4
121
86
99
99
145
113
120
119
1
103
158
119
149
115
99
103
92
2
141
119
147
69
86
122
155
106
1
124
128
118
108
106
65
127
121
8
143
162
99
115
92
83
140
90
1
87
145
115
129
128
102
127
106
6
106
135
114
130
93
92
139
125
4
112
117
122
146
114
123
91
120
9
99
120
133
71
126
100
125
93
1
92
109
106
110
86
136
102
101
2
102
72
125
107
80
80
131
144
6
135
109
149
84
136
129
144
98
9
113
100
154
145
120
150
108
143
3
85
120
79
141
124
82
119
130
3
137
112
113
94
134
85
115
92
1
123
144
155
119
120
71
114
112
2
143
131
100
124
128
100
127
113
8
135
112
142
125
110
150
153
107
7
121
81
56
119
104
108
84
107
4
134
148
99
125
129
115
71
111
1
123
73
104
110
135
119
88
120
2
128
99
127
130
84
82
140
118
6
128
126
105
162
94
129
108
130
7
103
113
127
136
109
142
86
110
6
110
114
140
139
142
125
113
96
2
148
162
97
142
137
134
127
176
6
120
105
120
119
101
70
108
61
3
116
81
142
142
135
135
105
130
3
101
140
142
114
111
98
81
125
7
108
113
104
116
120
127
106
94
9
125
128
140
107
143
121
102
128
0
98
113
128
153
106
113
156
131
6
119
134
160
67
98
127
140
100
10
86
113
136
90
129
127
118
98
8
121
137
139
163
105
121
107
99
1
116
58
126
64
128
121
89
129
10
98
61
152
102
94
126
130
112
3
113
69
92
130
129
132
105
114
3
159
131
136
106
128
110
115
143
7
126
115
110
94
112
143
112
160
9
97
126
134
107
116
68
125
119
4
119
130
115
120
116
168
100
134
8
151
142
92
141
113
122
114
151
7
113
100
135
127
109
144
136
105
1
94
114
94
149
75
127
146
119
7
121
127
88
95
124
99
130
132
6
128
154
106
143
93
135
127
116
2
105
143
88
126
122
119
116
135
8
149
114
107
124
119
136
114
138
5
136
126
124
126
118
124
145
136
2
85
128
126
91
114
137
137
134
1
121
127
131
93
117
101
131
138
9
118
164
150
95
129
127
113
113
6
112
149
133
142
86
134
120
109
7
80
102
120
128
96
89
124
128
6
127
107
145
116
129
90
116
142
2
131
114
134
116
92
54
71
119
0
122
139
82
110
120
119
131
108
6
125
166
118
142
130
150
113
150
3
142
140
75
99
121
147
120
117
4
124
91
124
128
129
144
128
130
6
107
145
127
110
128
86
135
110
7
85
101
123
111
118
93
93
83
1
136
119
73
114
125
98
85
147
5
117
100
89
115
98
100
137
112
6
139
120
120
91
122
119
134
122
7
124
131
136
111
78
127
103
126
3
127
124
117
142
92
100
149
120
6
107
150
116
124
128
108
115
122
2
104
156
121
105
142
114
120
108
4
98
88
116
117
121
119
149
110
5
121
129
136
145
86
155
111
129
3
105
91
88
163
161
94
108
155
3
78
109
106
113
87
108
121
113
10
109
97
116
123
127
136
94
125
7
141
118
130
95
108
122
139
143
2
73
108
115
116
85
101
118
120
8
115
96
117
123
129
140
95
127

