10
8
7
4
6
6
9
7
5
16
1
3
2
2
1
0
7
1
15
5
6
4
2
2
3
6
5
120
147
79
83
127
107
134
117
8
113
86
124
120
130
113
125
122
7
95
103
128
116
120
93
150
126
9
164
135
131
92
113
110
144
136
3
133
113
114
133
95
108
92
121
2
128
129
101
93
114
141
122
76
7
114
100
100
129
128
121
131
79
0
86
99
121
94
115
156
149
122
7
134
119
114
120
116
129
98
104
3
154
148
140
141
117
120
89
153
6
82
103
175
98
100
126
118
115
10
136
121
115
107
95
87
87
113
8
114
85
115
108
125
99
155
85
9
166
83
134
93
117
126
106
154
5
127
91
113
87
126
177
134
131
3
118
115
102
138
120
102
142
120
7
114
130
121
118
114
142
123
128
1
139
147
143
143
141
123
102
143
7
128
146
69
113
105
114
109
102
9
143
115
131
131
165
128
121
120
4
149
114
130
126
107
114
111
116
4
109
146
152
86
127
154
142
105
5
128
120
110
139
102
109
97
105
10
94
112
124
102
121
108
71
113
4
109
106
99
120
105
159
107
94
2
100
131
108
97
107
118
76
121
7
114
140
104
111
109
143
115
138
3
142
111
136
157
113
130
169
99
9
155
149
87
129
121
93
127
118
2
125
133
108
149
127
110
134
59
2
120
114
128
120
101
171
85
121
0
105
114
122
143
123
150
101
122
2
120
114
99
134
126
120
140
114
8
122
123
124
133
85
109
103
96
8
123
85
159
81
106
135
116
142
3
127
133
86
112
100
93
65
94
4
114
144
121
128
134
105
96
134
3
128
115
114
93
129
63
135
128
8
144
100
87
139
99
113
113
99
2
114
115
102
140
113
105
121
95
2
120
129
123
126
121
117
112
127
6
114
121
114
96
106
112
136
99
4
115
121
106
121
118
105
112
121
3
105
106
123
143
136
97
131
94
0
106
112
90
84
128
122
118
127
8
120
112
88
120
114
91
105
126
8
96
91
85
94
113
119
112
98
5
126
99
151
128
125
94
136
100
2
103
113
128
124
113
122
119
113
7
135
110
85
104
114
140
130
159
8
155
121
108
124
128
105
127
103
1
107
101
114
116
144
115
129
128
3
126
92
121
113
113
86
127
121
9
105
96
128
106
101
131
119
141
1
120
97
106
134
135
130
148
133
4
146
112
110
104
104
107
127
141
4
127
117
97
109
136
138
145
112
2
98
129
87
127
122
121
92
105
5
136
135
121
112
114
99
106
107
6
88
127
141
134
168
69
127
92
3
124
127
136
117
124
90
147
88
6
120
152
146
92
132
121
107
77
8
121
90
88
85
154
94
107
77
1
140
137
107
116
136
135
109
99
7
113
92
135
117
99
107
105
100
6
128
133
118
119
138
121
114
143
3
146
118
124
121
126
114
137
135
8
123
150
107
127
110
98
120
127
9
115
139
162
105
119
122
129
110
2
123
131
111
134
93
119
114
61
10
107
118
99
149
155
98
134
94
2
70
92
149
108
107
128
104
137
6
120
109
148
123
104
95
128
113
9
117
141
127
113
136
118
151
93
3
125
114
115
85
72
111
114
109
5
107
93
136
125
82
94
117
113
4
143
100
114
142
102
135
103
112
4
100
150
113
96
120
135
92
115
8
94
123
107
171
96
140
133
85
4
141
101
135
135
116
128
126
104
3
116
100
98
95
128
103
137
91
2
114
100
105
131
99
145
156
121
9
132
125
87
72
119
129
99
147
3
114
77
114
129
127
131
140
134
8
100
114
111
86
126
101
140
122
4
126
91
119
125
73
91
107
128
1
105
95
131
113
146
132
97
114
10
126
106
114
114
87
158
127
121
3
120
141
115
120
127
119
125
147
4
132
115
100
99
109
112
124
115
3
85
114
104
106
163
107
120
122
9
106
156
153
136
126
104
126
116
8
119
111
67
101
99
122
136
106
2
114
120
94
172
121
128
124
138
2
135
124
122
135
110
111
114
111
2
129
117
108
107
78
129
92
155
9
99
121
138
116
115
108
133
121
3
120
127
115
127
114
122
77
132
9
155
149
101
114
108
112
124
125
8
125
121
104
99
126
122
127
115
4
121
132
126
116
115
133
114
131
10
92
146
110
103
79
114
114
107
5
120
121
115
91
92
92
102
106
8
109
77
137
78
79
126
97
156
4
83
166
129
110
116
93
125
108
1
135
120
83
140
120
140
142
91
7
93
95
126
99
133
108
120
132
7
131
105
126
71
78
118
123
123
5
114
122
130
122
128
104
128
107
5
139
121
136
116
129
96
103
112
3
136
143
99
128
149
64
107
104
6
117
140
129
88
131
124
95
107
6
98
110
162
141
73
120
103
155
2
114
124
119
98
90
101
145
63
7
104
126
124
135
115
117
96
106
5
158
149
97
92
118
119
151
97
6
136
119
104
113
94
120
119
98
4
135
119
103
114
120
114
113
126
5
120
152
77
99
132
156
119
123
10
120
133
101
149
134
122
117
100
2
116
116
164
141
147
128
93
104
0
99
136
147
108
130
94
106
146
1
109
78
101
118
79
113
107
108
2
119
107
109
136
100
142
132
91
5
128
142
84
112
94
114
129
104
9
110
107
127
112
114
128
120
99
8
111
156
90
107
125
123
141
115
8
105
138
92
103
106
97
80
108
3
160
99
116
86
133
93
113
108
1
91
114
94
136
126
95
80
155
2
135
149
114
93
139
156
139
156
2
119
93
147
130
95
148
146
79
4
124
111
71
106
85
81
121
128
6
103
116
108
129
118
128
150
99
9
134
79
121
87
125
104
98
112
8
144
101
115
114
110
151
120
125
5
130
115
137
156
116
80
83
101
1
106
136
133
144
123
99
122
151
1
86
106
98
107
154
121
125
108
3
133
108
111
98
140
106
146
113
10
127
100
125
91
130
113
95
149
3
149
91
119
112
114
130
112
145
3
119
115
122
105
136
115
118
146
4
122
114
96
129
102
114
104
142
7
113
146
134
112
140
52
113
113
3
118
134
106
155
119
133
141
139
6
126
116
91
119
103
140
97
116
7
97
135
119
153
153
118
144
124
5
92
102
162
154
93
134
148
130
5
106
111
98
135
124
149
112
108
4
93
82
109
119
133
129
84
146
9
121
131
155
120
128
105
129
107
2
64
152
137
128
114
147
120
98
7
105
82
140
120
116
153
138
111
6
127
112
96
119
138
117
116
79
2
80
66
142
133
146
131
134
132
9
145
119
129
164
121
119
107
126
4
122
119
121
136
106
145
100
112
10
110
108
142
128
135
137
147
128
9
134
141
71
133
123
130
134
99
2
89
98
111
114
99
119
99
157
6
148
121
61
121
125
143
138
127
5
117
141
119
111
81
156
107
115
8
91
110
143
133
105
93
117
138
2
87
93
128
119
107
117
133
160
2
106
129
91
128
120
116
101
137
5
147
121
104
129
72
140
118
85
0
122
105
111
115
133
117
141
119
10
132
100
111
112
106
130
113
106
6
151
104
105
105
109
132
74
136
8
157
99
127
119
114
148
121
127
6
85
162
119
162
140
117
101
100
3
138
79
139
128
148
141
137
92
3
112
99
122
99
121
110
83
112
2
140
110
103
122
138
108
126
92
9
109
135
126
131
108
111
143
95
10
124
113
107
151
165
141
107
121
9
141
118
111
114
147
91
135
122
7
114
177
102
168
113
128
135
84
9
124
117
113
119
139
97
105
106
10
119
87
116
84
99
111
121
134
4
121
102
128
137
128
110
137
121
4
85
134
87
116
147
113
104
113
3
127
127
145
162
128
109
146
126
4
122
122
128
150
112
100
116
121
7
110
141
165
135
124
82
144
88
10
109
134
87
116
126
92
122
85
5
141
121
86
120
125
72
111
115
1
120
107
99
119
119
121
123
118
8
120
147
162
127
133
93
127
148
5
127
152
111
79
119
123
124
147
9
132
99
117
117
91
141
113
127
2
115
113
147
107
103
83
139
111
9
112
93
136
122
112
94
167
117
5
67
97
138
140
111
123
135
125
9
128
133
91
157
125
134
108
102
3
110
121
137
105
135
119
136
113
5
115
109
140
87
122
145
152
161
3
135
142
128
105
135
97
123
141
5
149
96
78
103
134
101
127
120
1
167
120
126
118
122
124
89
146
1
103
146
115
147
147
107
126
100
6
118
100
122
124
82
85
174
133
8
104
154
121
129
115
132
105
147
0
121
100
104
108
111
136
163
147
4
134
102
111
91
120
125
147
99
9
108
154
110
122
96
119
104
122
10
140
136
119
140
129
104
100
139
7
127
106
101
105
85
127
105
84
3
114
93
105
91
131
114
125
106
5
142
129
149
129
132
119
129
135
6
150
132
85
114
143
108
79
127
7
131
105
131
85
78
100
101
91
6
106
161
105
107
132
141
91
105
5
114
119
123
115
81
126
107
83
9
143
113
88
75
94
75
104
141
2
108
94
119
156
118
131
159
138
2
121
134
102
101
90
142
102
93
1
140
142
119
152
149
114
123
132
2
126
126
127
125
142
103
72
124
8
142
108
115
102
94
100
104
128
3
105
126
122
170
127
103
97
93
0
128
101
125
106
143
138
123
106
1
121
166
117
131
101
114
142
106
7
108
99
143
141
120
113
123
127
5
140
120
73
113
142
105
85
118
4
131
127
123
110
126
151
127
98
4
122
142
143
101
103
130
122
93
3
116
116
64
93
92
85
129
134
4
160
132
132
136
113
114
108
102
9
86
169
121
145
116
82
132
120
5
108
127
141
107
115
137
138
83
6
120
140
116
108
119
120
121
104
8
107
106
120
114
120
114
127
116
0
119
110
77
159
95
100
156
114
0
138
121
141
106
115
123
113
113
9
128
147
127
92
120
133
127
111
8
64
109
106
141
108
95
107
132
2
124
143
65
151
102
123
101
133
6
114
107
147
163
146
123
128
145
8
96
118
120
83
128
102
97
88
7
140
135
136
112
88
132
141
125
4
126
128
114
117
107
129
133
114
1
112
92
110
116
144
113
116
94
4
116
91
154
118
113
119
66
116
5
114
99
113
127
101
133
66
112
8
136
157
79
137
98
132
104
109
3
150
120
126
101
139
108
146
124
5
130
122
134
106
102
131
111
93
4
78
117
104
114
105
114
139
92
9
93
98
127
109
123
104
116
141
6
89
112
97
129
87
132
146
89
7
105
86
100
134
111
101
87
64
8
111
94
145
95
82
130
106
109
9
116
141
113
108
128
84
85
116
7
121
131
102
88
120
147
113
102
3
115
108
105
122
127
131
153
110
0
100
126
82
128
113
143
118
137
4
139
98
112
97
142
123
109
100
1
113
104
106
138
104
118
139
127
2
119
120
128
160
129
116
108
121
6
135
78
130
100
125
94
94
98
9
102
118
106
108
111
110
116
131
7
114
134
99
124
98
88
121
116
6
121
89
95
122
159
84
129
112
4
151
115
114
126
114
132
122
135
9
85
86
103
126
126
104
129
78
3
136
119
152
123
104
66
92
84
4
115
100
130
107
143
80
136
114
8
111
83
136
160
89
143
129
85
0
100
108
117
135
99
121
108
113
4
106
94
89
127
156
141
120
103
6
118
130
86
118
140
73
94
128
2
95
145
101
114
112
127
118
108
2
113
105
120
95
118
107
115
91
4
111
132
126
140
87
123
114
131
10
96
104
109
109
61
88
116
133
6
112
127
103
102
112
102
79
120
4
108
153
109
99
127
119
108
118
4
108
131
93
91
104
99
100
108
1
124
99
149
100
140
120
104
96
3
104
91
142
157
92
150
118
99
9
108
108
108
113
126
135
117
132
1
140
113
121
110
100
110
100
99
3
150
148
110
133
117
135
128
140
5
123
114
99
161
141
127
120
142
9
68
128
91
105
119
111
102
97
2
149
101
109
141
92
124
115
149
3
124
128
106
86
107
115
129
122
5
111
97
98
134
150
123
134
99
6
94
126
97
139
109
116
107
137
5
121
128
120
51
149
109
117
90
2
115
103
94
67
107
136
157
98
6
88
139
129
109
91
134
99
124
10
121
135
106
110
108
84
127
149
10
133
139
129
126
136
106
125
137
7
112
124
80
132
93
131
145
123
1
99
128
115
129
93
121
119
118
2
107
147
118
132
85
126
100
85
5
131
141
132
122
99
112
89
92
8
109
165
145
134
120
107
115
123
2
117
103
130
129
102
106
121
68
8
113
106
121
108
129
126
109
128
8
142
147
120
95
118
109
108
121
2
127
100
142
129
104
120
148
96
7
127
138
103
150
100
154
117
111
1
143
94
128
127
102
64
134
122
5
89
110
128
154
150
140
99
107
5
116
107
96
108
113
99
170
108
6
86
127
149
103
115
143
105
140
4
104
112
94
94
129
100
156
170
8
128
127
106
118
107
138
99
113
0
91
90
117
157
119
127
107
139
7
127
104
81
169
83
112
121
126
6
106
98
99
133
101
112
99
114
8
112
113
126
142
106
109
128
144
7
139
139
112
109
79
63
111
88
8
80
107
88
63
120
102
154
104
1
110
104
86
100
141
114
125
129
4
131
119
122
170
99
121
101
160
7
100
141
86
84
153
112
127
137
4
114
126
138
148
90
128
115
127
3
137
128
120
102
119
120
135
131
5
64
108
106
140
126
134
142
127
2
91
94
120
115
136
108
131
109
8
118
147
122
114
85
108
134
98
3
117
144
113
109
138
100
134
92
6
114
106
78
128
131
63
138
95
3
106
109
79
127
109
106
154
112
6
105
72
103
106
132
104
111
112
5
102
119
94
134
107
155
121
119
7
132
110
83
106
142
121
87
86
4
127
122
122
100
99
134
129
99
1
126
84
78
141
98
115
123
105
4
128
124
106
123
102
127
105
106
0
142
112
115
141
123
104
138
141
4
131
117
148
121
120
142
117
137
0
127
100
95
101
147
107
120
126
4
127
112
78
107
98
137
111
130
2
124
78
135
126
98
133
138
96
7
144
85
94
117
141
108
143
155
7
123
87
95
120
127
133
121
129
9
150
114
97
81
113
115
107
125
5
126
116
115
114
101
126
128
121
6
139
127
100
132
136
135
90
112
7
110
92
103
90
128
122
91
113
5
121
92
109
126
107
107
134
107
3
125
138
122
140
121
127
130
93
4
122
160
104
146
99
112
123
106
7
88
100
90
121
117
148
119
81
5
127
121
131
127
114
92
122
117
6
114
142
145
156
108
96
134
122
7
132
111
128
84
101
92
127
145
7
129
121
133
109
131
87
110
136
0
134
78
134
121
99
116
106
73
10
112
121
121
128
121
86
128
119
6
126
92
112
113
138
147
125
128
7
113
110
117
97
110
83
148
147
3
126
117
124
140
90
94
92
108
9
121
94
103
122
80
118
91
92
5
141
86
135
98
123
142
145
92
9
149
107
100
91
125
115
108
140
1
119
108
169
137
128
113
143
107
7
127
125
108
107
115
84
123
122
8
112
113
109
146
98
112
133
129
9
73
133
116
94
112
94
115
116
8
106
101
97
123
116
138
121
160
0
100
163
121
102
98
122
126
118
2
150
111
167
107
118
114
128
76
0
138
102
127
141
93
137
107
135
10
126
117
115
115
116
101
157
133
8
109
132
106
142
113
139
87
131
7
117
102
127
103
129
116
113
122
0
113
98
91
106
102
93
115
114
5
115
117
146
128
124
64
78
135
4
115
113
110
115
94
127
109
112
7
105
113
120
123
121
96
127
128
3
101
94
114
107
137
107
121
116
10
118
160
69
96
149
128
139
138
1
117
112
177
108
146
88
132
147
4
127
100
92
146
133
114
103
119
1
133
111
120
131
121
131
132
121
3
121
105
131
118
113
125
102
116
0
119
140
93
110
119
132
111
79
9
126
101
130
115
114
99
135
129
7
144
120
91
101
101
99
112
125
8
146
126
141
107
133
148
147
121
3
102
121
113
105
113
100
172
114
4
121
102
148
119
100
132
108
101
2
144
125
142
107
131
143
155
115

