7
2
8
2
2
7
2
8
3
16
5
2
7
4
1
1
1
7
11
6
2
2
2
2
1
1
4
101
142
136
121
114
132
123
140
10
121
105
98
141
142
73
122
115
7
127
119
120
118
147
125
134
90
7
60
121
108
121
140
94
98
121
0
99
107
128
155
93
131
121
112
8
121
135
92
119
136
93
105
98
3
142
98
155
115
112
126
104
120
8
108
134
139
100
103
150
140
91
4
143
109
106
77
97
155
128
119
8
114
128
112
107
127
137
88
116
2
97
128
123
96
138
102
134
134
7
133
96
114
127
112
147
92
132
3
96
129
107
121
113
113
112
99
7
118
113
126
125
111
130
115
113
6
124
86
81
104
135
146
106
129
7
126
133
121
91
132
122
104
128
9
102
169
110
143
73
123
129
126
10
142
99
88
114
90
109
127
96
4
130
107
89
113
67
136
127
147
9
115
105
101
100
101
84
102
85
8
111
120
144
134
92
110
64
142
6
98
125
118
90
105
126
115
121
8
113
113
134
94
115
79
83
145
5
107
96
112
124
129
106
101
127
6
100
143
99
143
136
138
108
100
2
114
101
84
118
147
92
121
100
6
122
125
144
122
103
142
162
120
4
132
71
146
106
109
125
151
92
4
115
106
112
138
113
120
140
142
4
120
115
115
115
98
121
109
152
1
128
87
135
77
120
97
108
143
1
120
142
128
129
107
77
141
84
3
95
95
106
121
135
93
86
114
10
131
113
136
140
138
106
120
142
7
134
114
99
97
133
125
98
121
6
133
113
94
102
120
113
89
94
6
99
142
128
117
149
114
123
139
8
90
133
121
98
116
119
128
121
4
90
129
109
142
67
112
147
122
2
136
134
106
71
112
119
113
120
8
143
148
148
126
98
102
102
87
3
138
140
139
111
117
113
80
100
7
91
125
107
111
135
99
100
134
8
120
100
95
116
141
149
107
95
2
114
131
97
121
122
148
110
66
5
93
111
90
131
116
120
138
129
10
115
161
137
98
150
117
93
97
4
111
148
127
149
122
109
111
115
8
107
157
103
73
117
150
142
111
1
100
107
127
121
97
106
159
134
8
93
113
154
113
118
109
134
93
1
71
73
111
135
130
114
116
126
3
115
113
156
149
107
101
91
140
6
85
116
87
119
122
94
108
158
3
130
127
114
100
104
96
101
141
7
133
133
120
84
115
135
101
108
6
130
129
119
143
140
119
126
96
8
78
91
101
169
150
87
129
113
8
132
101
107
110
122
112
131
114
3
109
131
142
112
121
119
106
125
10
114
106
94
133
113
108
161
73
9
127
122
97
110
118
115
86
70
4
108
143
136
101
119
122
137
135
4
139
104
107
98
115
126
113
116
7
128
138
109
110
107
106
134
80
9
106
102
122
96
111
91
115
107
7
143
133
128
117
86
108
143
126
4
98
127
114
94
131
120
141
121
5
94
117
121
128
131
114
160
113
3
143
133
141
115
122
115
120
131
4
121
118
91
136
98
149
129
120
1
115
135
107
131
79
111
132
176
0
94
115
131
107
106
107
111
108
2
110
83
120
113
119
95
120
108
8
114
122
108
114
127
121
143
121
6
122
100
162
129
155
98
103
60
9
86
120
114
127
135
143
98
104
9
113
107
150
142
114
102
129
92
8
116
86
141
135
126
108
139
109
1
92
116
138
119
104
138
126
71
2
117
134
105
87
92
112
94
80
0
113
108
116
144
122
114
114
99
9
127
133
132
100
105
137
78
151
3
113
143
122
168
78
108
83
106
4
135
128
132
107
92
109
103
118
2
114
131
149
85
99
113
126
92
4
92
149
103
156
101
113
132
91
7
146
120
73
114
126
118
127
126
9
124
109
83
85
147
107
89
132
2
77
107
128
125
95
124
129
134
1
102
108
107
128
126
137
112
153
1
118
114
98
76
66
63
133
130
1
106
122
142
134
115
128
96
131
1
129
176
105
81
126
133
116
117
10
120
131
92
136
90
137
105
98
8
167
138
142
129
141
102
111
96
1
129
114
141
111
110
143
126
128
7
111
85
120
129
118
122
121
110
7
113
92
64
141
118
143
127
86
8
80
132
128
105
72
114
132
93
4
80
129
146
114
96
143
117
121
4
71
135
135
143
149
121
149
125
7
85
140
112
99
93
136
106
99
7
98
122
64
92
92
135
126
149
6
119
106
98
98
126
127
100
119
3
141
133
126
138
122
150
105
79
1
121
149
101
88
119
107
111
139
6
96
138
123
148
138
93
95
92
7
119
137
106
126
124
115
143
135
2
107
104
163
118
80
121
81
99
8
93
100
128
144
120
149
85
119
9
93
126
113
98
115
158
142
92
0
134
98
93
118
112
113
157
98
9
109
177
103
126
109
150
94
106
6
115
108
125
133
114
101
120
105
0
126
99
114
140
94
128
127
92
5
75
109
120
135
124
141
113
134
8
113
139
117
112
113
111
156
114
9
138
135
140
106
102
129
113
126
3
107
112
120
117
80
141
112
100
8
127
132
130
128
114
120
120
92
2
126
130
112
127
112
99
131
130
2
104
142
118
110
139
158
113
162
3
145
107
148
151
166
91
137
105
8
111
123
79
163
114
107
129
126
6
134
133
104
155
65
102
133
106
8
112
97
155
116
101
120
152
105
1
75
101
141
133
110
98
98
98
10
107
176
125
100
92
157
153
95
10
149
104
146
124
113
103
120
100
0
127
75
95
136
113
110
124
156
2
118
109
139
69
107
110
112
84
6
129
128
152
139
113
113
126
84
4
113
163
89
142
143
161
128
82
4
120
91
112
140
134
119
91
120
6
117
79
121
107
95
120
99
112
9
163
106
87
119
123
106
127
109
4
120
122
130
87
115
74
149
120
4
137
110
129
129
123
131
123
120
1
110
112
137
84
85
139
150
119
7
80
129
98
127
135
90
100
102
9
94
141
92
131
107
154
122
145
8
147
142
120
131
98
117
138
118
0
119
101
115
106
101
130
133
122
5
128
117
94
134
110
98
118
149
7
113
121
130
100
104
134
112
114
6
134
123
103
100
127
143
118
138
9
92
106
113
136
136
117
91
95
6
129
141
111
93
95
110
103
109
9
104
102
138
129
100
131
104
113
4
128
77
119
91
148
92
137
125
2
101
56
105
105
127
93
95
80
3
93
135
113
119
140
99
103
84
1
135
133
114
126
118
96
104
126
6
92
127
145
128
117
110
111
133
7
141
135
86
128
127
134
101
124
9
141
165
157
156
138
113
79
137
10
125
155
135
136
139
134
120
124
4
114
109
126
88
158
117
153
140
4
80
120
80
121
135
121
112
81
10
113
113
94
134
130
112
102
123
7
121
108
142
141
100
124
90
129
9
122
98
134
94
107
140
115
121
6
100
104
138
85
95
135
122
149
5
128
148
55
156
128
120
136
156
1
135
123
89
85
105
113
118
138
2
126
114
90
129
68
133
126
135
9
113
134
106
104
139
105
86
128
1
111
114
88
110
134
84
85
136
5
105
115
97
120
99
144
113
77
4
112
93
143
130
96
99
133
135
1
145
124
100
87
128
108
128
112
6
128
84
105
134
134
133
121
90
9
135
123
103
156
112
95
136
140
8
113
127
133
132
141
114
124
118
4
88
102
114
124
127
110
104
78
3
136
132
133
101
146
134
139
96
10
135
97
116
117
147
149
87
120
8
119
107
104
93
118
129
115
118
9
112
98
105
122
100
84
131
127
8
107
85
104
127
113
150
121
125
5
134
143
125
141
114
150
156
123
5
91
91
98
91
115
128
117
107
7
113
130
86
119
145
100
116
96
9
99
128
99
136
130
112
92
114
6
77
113
115
121
124
100
114
85
3
123
98
121
134
115
120
106
97
8
113
134
114
105
97
99
100
128
3
135
106
147
113
127
103
115
81
2
98
101
119
134
105
103
163
94
1
84
80
114
114
148
157
143
113
1
107
127
153
141
109
107
114
103
8
120
107
91
100
96
120
143
69
2
128
173
146
122
113
137
140
134
2
125
136
114
115
71
159
86
124
1
97
133
98
92
105
117
92
94
4
124
77
93
140
98
120
94
123
7
109
99
148
124
135
119
128
134
2
121
142
67
137
121
126
142
109
1
147
142
97
141
112
82
114
132
8
150
149
111
139
92
147
88
124
8
90
137
112
107
156
102
112
146
6
125
91
141
144
164
114
134
107
4
90
108
121
115
99
107
117
125
4
108
129
79
126
133
91
139
97
6
100
97
116
124
105
136
79
131
9
143
120
122
122
119
88
157
140
5
140
136
102
143
99
139
85
115
7
106
106
120
141
118
135
99
105
3
121
162
132
129
170
124
142
147
5
110
127
109
116
100
127
135
129
1
129
140
127
137
108
123
155
80
7
148
129
127
113
141
105
122
120
8
94
112
143
131
77
107
132
114
10
159
95
103
57
93
140
108
125
4
114
107
134
121
141
116
117
113
8
100
102
100
79
105
131
112
134
5
118
117
86
114
148
98
73
119
2
127
89
118
119
105
112
147
108
4
96
140
120
133
83
120
142
101
5
121
92
122
106
128
142
123
125
4
100
120
115
98
121
123
117
143
0
118
107
114
120
123
102
128
154
1
108
115
113
91
125
139
97
107
7
157
119
124
79
150
112
121
101
1
114
117
86
128
114
95
111
114
4
119
135
90
162
134
108
97
78
3
92
98
130
123
113
111
138
100
9
130
116
145
108
121
122
154
144
6
93
163
106
100
106
111
70
107
7
114
135
111
106
94
94
101
155
8
121
141
106
106
132
110
111
148
4
125
110
139
144
130
121
81
121
8
105
148
135
131
122
136
129
102
2
114
137
113
104
106
129
86
127
5
125
113
142
121
123
84
144
113
5
110
110
141
110
114
114
103
134
3
118
81
128
134
118
142
90
122
4
134
142
136
129
105
71
147
96
9
121
104
115
88
127
94
118
128
10
114
140
119
88
163
90
122
106
6
133
125
137
128
107
105
155
108
9
122
84
127
94
108
113
142
136
3
126
99
146
147
104
145
150
109
2
69
106
92
140
128
100
124
105
1
97
128
164
128
129
107
122
149
7
135
140
126
147
95
153
128
135
7
159
135
133
99
110
99
109
122
5
153
106
113
149
109
109
100
117
7
147
112
135
138
113
85
137
111
8
86
100
120
115
150
109
156
107
9
170
99
134
120
105
107
134
126
8
146
108
65
101
105
124
143
137
2
128
105
98
157
135
92
128
113
1
94
107
101
120
108
89
116
85
4
141
101
121
88
91
113
92
116
6
120
127
129
133
149
122
136
131
10
128
98
85
146
121
115
115
108
9
143
94
121
99
111
105
106
133
3
107
128
126
108
130
72
120
153
3
104
84
87
109
102
99
129
106
1
128
133
102
119
93
109
102
107
5
85
133
111
84
124
126
101
140
2
150
132
114
93
94
103
101
86
9
124
127
70
123
90
125
90
81
10
101
106
126
115
115
113
88
116
7
135
127
128
123
84
93
151
136
10
92
106
105
116
116
127
133
101
7
148
126
124
108
151
91
125
93
6
97
149
77
107
87
128
136
137
7
90
107
104
157
122
114
127
107
8
149
122
149
100
119
127
104
115
6
104
129
115
123
93
111
141
131
6
105
103
114
92
102
105
122
138
2
132
112
134
146
143
119
121
108
10
133
101
118
128
114
129
143
133
10
117
146
70
97
101
116
88
136
2
141
120
101
105
117
100
94
148
9
128
92
113
149
114
121
136
94
2
152
94
136
148
145
113
135
83
6
99
133
131
101
129
113
110
106
2
142
101
108
170
139
78
131
125
6
136
156
117
102
119
122
88
92
2
134
151
143
126
149
93
127
109
9
143
131
108
131
140
93
87
111
3
145
94
114
149
112
120
121
131
7
95
135
122
104
150
129
129
85
7
120
114
121
98
129
129
91
109
0
106
122
87
156
139
108
142
132
4
119
114
115
151
104
108
166
114
4
139
121
156
133
108
149
127
98
10
102
131
102
162
85
106
154
92
5
112
121
100
143
90
106
114
147
4
113
143
138
115
95
164
100
106
0
149
123
174
87
112
128
93
92
9
115
115
164
147
107
128
79
126
7
84
112
98
111
156
133
121
149
3
74
85
86
144
122
121
86
107
10
153
115
128
106
92
108
152
106
1
133
132
95
121
166
108
91
134
3
92
106
107
106
154
120
116
120
5
119
131
134
135
143
109
120
122
6
142
118
133
131
91
150
72
120
1
128
124
100
141
85
143
107
121
3
134
122
127
79
127
116
112
111
7
100
154
165
125
99
96
106
120
2
148
136
85
129
138
132
98
115
7
109
136
142
133
134
110
80
102
4
101
141
106
122
135
119
112
101
8
60
96
132
127
155
134
86
145
2
140
124
136
93
123
98
115
123
6
134
113
154
117
110
122
143
127
8
145
136
136
111
94
113
61
120
0
86
93
134
113
117
125
122
115
8
85
148
91
88
91
98
114
86
7
123
93
120
79
115
120
101
112
2
127
106
137
100
99
70
102
92
4
90
115
84
108
123
83
111
134
3
102
108
122
84
108
120
121
108
9
107
148
150
145
128
122
112
149
1
140
129
132
117
128
101
100
107
10
185
121
120
141
119
91
113
108
4
124
97
112
106
136
103
126
110
7
87
134
103
110
141
127
124
97
7
143
85
139
121
97
130
113
114
6
125
99
134
111
127
120
148
131
6
119
98
116
85
120
136
117
115
5
88
120
107
144
107
114
129
125
4
118
120
138
90
99
82
121
118
7
130
148
108
121
79
129
114
102
3
99
127
113
140
100
123
131
93
6
119
109
101
92
141
112
93
129
8
111
106
105
149
86
110
128
99
1
68
85
106
125
83
120
105
107
3
109
135
74
130
116
78
107
118
6
107
112
99
105
127
111
125
142
3
119
126
99
101
120
133
103
102
4
108
141
137
110
140
138
100
149
6
148
113
122
135
134
99
129
100
10
88
95
114
110
119
140
135
81
7
124
107
101
138
111
132
86
158
3
119
130
97
119
120
116
128
118
5
156
128
90
111
137
110
127
95
5
105
117
141
135
132
121
106
113
10
113
108
137
141
61
113
117
104
10
107
92
92
128
99
160
105
137
0
109
60
101
115
117
102
156
118
1
90
146
142
132
91
105
98
117
9
113
114
113
135
122
135
88
152
0
121
86
84
65
157
134
123
128
4
114
109
139
119
112
82
141
127
9
76
89
150
110
120
103
120
125
1
153
99
113
126
116
137
139
101
8
112
113
134
105
107
135
114
138
9
145
98
112
64
114
86
130
143
1
94
91
131
132
98
93
120
120
2
99
150
149
120
125
92
102
106
6
136
89
99
106
123
143
100
134
8
155
135
136
119
115
97
141
119
1
124
128
149
133
117
91
97
114
4
68
108
121
103
109
137
106
132
4
102
120
108
97
192
133
130
109
4
94
114
105
120
133
90
107
138
1
113
113
127
140
96
123
126
170
5
106
95
120
127
138
115
139
142
7
114
124
111
110
133
130
138
105
6
88
94
122
128
96
109
124
145
7
122
101
110
85
121
94
115
83
6
140
112
121
121
140
85
134
128
7
100
94
99
129
98
118
109
94
2
138
115
126
170
128
112
115
79
7
96
122
127
93
143
118
135
125
5
122
100
98
134
126
143
124
134
0
134
119
100
98
134
112
119
109
7
114
88
100
120
118
120
104
118
6
112
124
119
119
142
110
139
122
8
85
71
122
106
158
134
93
127
5
87
146
121
122
48
148
93
116
9
98
122
107
87
140
110
50
103
4
158
132
166
121
90
57
100
103
6
99
139
61
145
105
154
116
72
8
115
106
126
120
85
102
116
113
4
114
113
98
93
105
85
114
97
2
119
93
135
106
103
87
118
98
8
132
106
139
137
102
116
102
111
4
100
147
110
138
119
103
134
74
7
126
122
112
114
133
124
95
137
0
86
119
98
125
89
125
120
122
1
141
106
131
101
147
109
99
129
7
121
121
116
115
134
121
94
136

