9
7
9
4
5
0
9
2
7
8
1
6
1
2
7
7
2
9
11
2
4
9
0
3
2
2
1
107
112
120
115
154
119
127
86
0
100
85
138
122
126
142
100
71
3
128
93
163
78
120
140
122
137
6
134
87
108
138
132
122
137
112
1
107
126
92
100
141
102
121
112
9
114
127
126
121
120
145
79
153
5
115
151
158
127
129
94
130
88
4
109
132
141
103
118
112
92
109
9
148
94
135
129
99
159
114
118
8
88
104
115
108
129
121
115
119
9
97
115
108
92
163
116
128
127
4
67
99
105
89
127
94
157
135
5
105
115
133
145
115
95
99
93
4
94
120
112
86
120
117
122
127
5
108
145
134
114
92
112
98
92
4
152
102
137
143
130
112
134
152
6
86
150
133
122
134
138
126
120
0
151
149
120
108
131
138
115
107
1
149
163
114
101
91
115
115
115
7
107
114
131
77
155
128
148
113
3
107
69
149
112
115
131
94
127
1
124
101
114
107
103
96
129
94
0
120
79
134
170
147
118
65
144
8
131
156
114
120
137
127
102
90
5
146
93
99
103
133
120
107
140
9
163
100
141
128
110
116
146
133
6
132
93
107
121
143
133
118
116
9
93
100
110
168
166
120
133
117
4
85
113
134
134
99
138
145
139
9
143
132
114
108
100
118
85
151
4
129
115
143
105
131
142
142
132
4
98
113
120
142
137
107
113
136
5
142
93
154
98
118
152
133
96
3
120
135
132
113
135
113
146
108
1
149
100
134
129
132
147
99
109
9
121
93
135
101
116
122
106
99
8
135
128
94
128
114
106
116
112
1
124
93
116
122
99
107
95
113
2
105
150
106
64
118
121
100
93
3
136
80
88
78
108
107
128
136
6
121
112
113
107
127
110
116
93
7
81
99
126
82
135
117
105
114
8
112
127
134
128
133
82
114
100
6
87
88
126
157
92
133
94
145
1
93
121
108
126
142
95
129
108
9
103
118
96
91
136
107
87
94
6
98
100
118
108
100
127
81
99
3
113
96
140
129
134
132
135
130
6
114
79
124
136
105
115
99
134
1
143
118
101
132
128
108
128
92
2
94
106
110
128
135
121
117
119
4
121
128
140
139
91
106
155
84
8
135
100
168
156
85
112
123
92
6
127
160
129
134
155
100
120
121
0
111
108
123
101
103
97
121
88
8
98
113
112
101
97
103
135
120
6
67
127
111
117
156
147
112
128
9
91
131
97
147
136
147
114
111
7
158
123
113
113
118
141
126
154
0
79
96
133
70
113
90
143
110
5
135
76
113
111
108
128
144
107
2
113
71
96
82
123
148
114
101
7
106
114
137
105
80
133
117
92
5
85
142
114
98
114
112
126
121
4
132
105
102
51
90
98
118
105
2
101
122
95
126
107
99
122
103
1
99
130
110
77
132
175
135
108
2
134
130
87
111
141
86
98
122
5
103
120
117
121
105
119
126
155
5
112
127
92
97
102
107
128
128
0
80
134
143
119
133
126
89
87
6
110
124
131
100
126
163
107
141
9
101
131
142
143
78
110
118
99
1
88
104
100
140
72
98
84
163
6
92
135
129
78
129
112
100
136
4
105
141
92
162
107
105
109
100
0
133
121
135
116
162
118
106
102
5
85
127
109
104
96
123
116
99
7
147
107
113
80
131
107
78
127
3
85
108
138
86
130
105
105
95
10
120
100
107
125
101
89
129
144
2
114
120
114
99
141
152
95
92
6
122
122
106
149
114
129
164
112
10
116
83
141
105
122
116
156
142
8
87
113
116
158
117
86
120
123
4
109
107
89
102
98
107
99
92
6
96
86
123
139
125
116
127
113
2
108
126
139
162
145
115
93
121
1
148
103
111
121
91
135
78
141
6
115
137
123
145
110
114
137
99
9
99
156
139
98
108
127
105
127
7
128
105
121
104
92
99
142
65
7
83
102
129
136
98
103
113
88
2
86
124
90
116
126
141
112
56
5
107
125
146
132
119
72
106
107
1
104
108
133
129
107
128
148
112
6
119
99
128
121
98
118
98
115
4
121
125
143
136
133
118
105
122
1
122
159
134
128
104
128
106
93
7
129
77
167
122
119
98
105
95
3
129
93
127
146
130
128
110
107
5
125
128
94
96
110
59
129
95
9
122
91
85
107
142
108
95
108
1
119
106
144
160
124
138
134
119
2
85
143
123
114
132
103
71
128
9
156
114
149
131
135
78
115
130
5
117
112
149
91
162
117
127
87
3
83
114
142
114
123
129
118
122
4
120
168
93
107
144
142
116
124
5
145
105
87
133
99
115
130
139
3
113
171
115
111
107
124
102
115
3
108
140
99
128
142
124
115
86
9
105
120
121
104
100
121
113
111
9
156
97
98
82
115
136
105
117
5
81
155
119
86
107
86
122
141
3
101
120
121
139
126
114
115
122
7
126
126
126
112
86
107
93
86
2
149
133
108
128
128
133
147
106
7
120
94
154
126
106
174
129
112
5
132
127
58
93
130
126
79
114
0
120
77
96
133
94
158
102
141
3
133
135
107
101
98
92
125
96
8
132
80
78
114
137
114
112
93
9
100
99
124
117
123
127
127
150
2
117
99
103
104
115
94
100
101
2
137
111
92
99
152
118
107
140
0
92
137
143
101
141
114
148
127
3
125
120
71
129
129
126
109
155
2
110
156
113
122
110
135
98
142
3
97
72
126
68
82
128
127
126
7
125
120
129
128
113
111
144
122
7
122
142
102
133
159
112
127
110
8
149
87
124
154
145
126
128
128
5
116
134
107
92
127
102
142
121
7
99
145
124
128
115
105
122
97
8
150
127
135
121
141
100
138
126
8
128
129
108
121
147
118
131
145
5
119
142
99
114
114
102
106
144
3
124
106
93
99
162
114
140
88
5
129
140
120
119
75
103
113
93
7
150
142
117
142
114
132
136
85
7
141
135
107
119
88
104
135
133
6
125
133
93
110
119
129
128
104
2
120
98
105
136
129
108
149
141
8
133
92
110
125
98
142
99
156
8
118
106
114
114
119
121
120
149
10
90
120
132
106
103
108
79
99
0
88
114
149
107
146
92
107
85
7
113
128
93
107
114
114
111
149
7
116
155
121
99
109
120
120
163
5
135
100
134
135
106
96
98
112
6
83
89
92
150
109
162
129
113
2
127
129
98
138
106
117
128
94
3
107
140
99
153
121
138
65
155
5
117
85
72
93
105
117
121
114
9
91
119
126
106
112
105
96
91
10
100
100
89
92
92
99
134
98
9
139
102
96
133
123
124
124
83
7
109
120
107
121
95
106
134
107
9
133
112
142
134
84
113
104
109
5
106
114
128
136
138
152
117
128
6
94
113
102
92
123
150
143
120
2
116
73
129
111
105
127
142
88
1
120
91
149
153
147
169
125
117
3
122
87
107
122
107
120
112
126
9
96
98
142
133
92
139
120
115
1
141
116
78
124
125
120
117
121
4
127
108
127
105
158
131
118
156
5
134
118
143
110
134
130
115
127
9
128
132
136
151
133
107
142
127
6
97
96
125
115
104
135
142
137
3
124
113
94
105
95
134
63
123
4
126
115
86
111
83
84
146
155
10
126
84
100
134
94
105
126
127
4
98
122
149
116
94
128
128
141
1
143
153
88
89
107
132
118
124
0
124
108
92
129
102
93
106
101
4
124
127
162
142
152
154
148
146
1
100
124
154
131
84
82
132
86
10
107
107
87
121
107
127
141
106
1
110
94
109
94
107
79
114
120
9
98
138
108
101
110
124
85
92
1
90
115
94
94
109
142
92
84
10
125
142
113
134
120
133
134
115
5
91
153
113
151
133
117
101
165
4
134
113
131
139
127
169
115
119
3
141
142
126
170
127
154
115
139
9
108
115
120
126
156
128
112
113
4
115
114
119
88
146
118
143
142
9
123
142
110
114
85
122
100
146
6
83
108
84
125
147
142
88
126
7
55
148
134
113
108
114
127
118
8
143
73
122
111
102
123
133
122
7
119
121
115
150
119
107
134
103
9
144
110
110
113
135
111
159
113
6
133
114
120
107
120
138
91
143
4
136
108
119
97
155
85
101
93
3
129
116
131
140
120
113
124
132
1
93
126
127
105
143
108
113
105
3
147
136
163
121
110
112
101
152
0
122
134
147
117
116
134
133
148
3
106
127
102
124
112
89
126
139
1
132
128
128
106
77
121
93
136
3
154
103
79
139
135
100
120
134
5
83
92
108
134
127
133
113
111
2
111
127
130
109
111
95
133
99
7
99
113
112
141
136
108
133
126
6
138
163
122
114
108
140
154
120
6
94
93
105
100
124
138
107
141
8
126
107
127
85
104
142
115
114
3
88
136
135
139
87
112
72
95
6
162
109
129
126
126
90
143
107
9
106
118
132
97
121
122
164
129
7
147
98
160
127
115
89
121
115
3
154
170
140
77
121
101
135
109
2
99
84
127
128
95
144
151
100
8
118
127
110
58
107
99
119
119
5
127
64
102
97
74
111
104
110
4
112
100
135
129
126
102
132
142
3
131
129
120
111
169
106
121
84
4
101
162
106
127
119
102
131
97
5
130
133
79
129
117
81
98
104
5
121
107
134
129
100
139
117
131
0
148
99
133
118
149
122
132
107
0
115
134
102
150
140
125
89
102
9
122
130
134
137
135
122
119
125
8
127
99
73
135
100
106
98
120
5
95
115
89
86
119
89
128
76
2
85
115
107
107
82
117
96
116
2
108
90
104
86
100
64
100
135
6
92
127
116
130
83
72
87
92
3
91
92
118
128
109
97
101
108
8
102
128
108
83
124
110
141
81
1
92
111
117
141
99
135
147
94
5
116
137
102
135
70
132
134
115
8
105
118
138
132
90
103
101
105
2
126
129
120
137
70
155
144
99
3
118
116
95
72
132
126
116
111
2
106
99
99
114
140
125
95
97
2
121
126
169
99
113
95
121
102
7
127
124
105
108
131
87
97
97
3
103
76
128
128
142
116
148
100
1
83
139
93
100
100
142
154
88
5
104
114
140
100
141
135
152
107
1
122
112
100
123
112
104
136
98
8
147
113
134
92
116
97
100
114
4
85
107
112
99
110
126
106
85
7
147
123
124
136
122
103
99
142
1
88
109
125
100
117
99
120
113
5
114
122
98
102
92
125
91
119
6
80
127
103
148
99
114
85
129
5
115
132
115
160
86
113
105
137
5
120
142
126
102
120
88
123
60
3
125
116
137
86
115
135
82
90
0
129
149
124
94
121
92
112
91
2
94
142
118
127
115
104
133
116
5
158
119
110
120
99
119
79
120
4
141
129
78
105
105
85
126
99
1
115
133
92
92
143
114
112
116
5
155
121
140
129
150
103
114
150
2
113
135
142
110
99
133
145
126
9
121
97
89
128
132
127
130
151
9
148
86
121
119
128
84
112
120
10
103
94
127
131
106
105
107
121
3
134
108
127
85
117
144
94
125
6
116
106
125
118
117
155
99
125
7
90
73
83
93
126
115
105
97
9
121
136
100
122
132
147
134
135
10
99
107
120
114
138
110
107
160
9
146
138
104
142
105
131
110
128
9
89
163
142
85
139
135
113
149
8
126
126
81
125
130
147
113
92
8
153
155
125
101
105
135
120
130
5
78
138
96
144
73
139
137
91
6
112
105
150
141
121
107
123
126
3
114
133
85
121
124
114
136
134
1
128
101
141
104
107
113
120
139
2
136
149
95
92
122
121
110
85
9
104
149
149
153
128
128
91
129
8
107
149
131
98
111
140
118
96
2
142
118
133
134
155
105
112
85
9
134
120
122
121
99
116
133
129
3
119
99
108
112
106
79
109
120
5
113
97
109
138
115
112
80
109
3
120
89
98
111
113
93
73
130
6
138
107
117
135
116
105
116
139
10
121
135
143
90
127
142
93
120
8
136
115
114
103
114
112
123
80
3
110
122
118
142
149
143
95
113
9
101
145
121
112
100
154
118
102
3
93
133
126
129
163
116
93
150
4
110
129
84
108
112
123
98
81
8
70
138
105
121
129
113
110
110
5
79
83
120
108
142
93
119
119
2
135
93
111
138
134
127
135
92
0
128
104
121
124
116
134
133
101
3
98
117
99
118
91
115
89
119
1
85
92
117
136
92
127
90
118
8
121
114
153
92
150
122
106
125
5
122
85
114
94
111
122
88
128
1
133
147
95
103
127
127
100
107
5
91
121
122
119
100
144
128
131
9
151
108
117
138
107
86
120
113
8
127
126
100
125
103
142
121
147
3
96
99
122
87
122
141
107
84
4
112
133
113
132
149
114
133
100
10
129
96
112
127
90
121
156
126
4
135
115
146
138
114
141
121
113
1
128
115
135
120
87
133
139
132
6
136
147
108
136
111
125
74
99
10
114
89
156
127
122
95
126
127
4
129
140
134
119
119
113
107
119
4
113
94
113
101
147
129
149
117
5
107
153
120
152
99
114
106
106
9
117
85
118
148
148
112
120
140
7
105
85
109
134
94
118
100
148
2
169
93
142
130
108
101
109
122
7
121
97
125
142
109
121
106
107
0
113
139
115
113
70
123
114
125
1
126
142
143
105
92
78
92
106
2
163
112
149
74
136
98
92
148
0
121
127
88
120
122
136
102
121
10
135
83
141
148
92
102
90
120
9
106
136
116
127
115
115
117
134
9
110
149
127
117
96
129
103
135
7
95
116
123
113
122
117
165
113
9
154
120
89
94
86
58
140
155
1
126
152
120
104
134
127
137
121
3
111
106
105
87
120
135
122
128
3
141
99
133
136
161
114
133
113
9
102
129
113
110
107
142
130
88
5
101
90
107
104
78
107
144
96
4
156
133
132
101
99
113
156
92
10
136
84
113
111
100
124
113
108
6
135
98
119
135
102
161
92
117
8
122
105
155
118
135
119
124
104
1
135
139
106
136
135
101
121
107
5
106
141
108
98
121
128
150
122
5
129
105
108
105
126
111
113
130
6
118
100
102
116
112
116
119
83
4
148
81
133
102
113
86
130
91
5
121
126
120
109
103
64
159
166
0
120
106
99
151
100
123
115
121
5
133
110
126
106
129
119
120
94
3
125
119
93
127
99
146
102
150
1
115
122
124
120
136
99
117
114
3
134
134
128
121
123
114
118
131
2
113
103
142
134
128
116
118
90
6
62
94
91
114
81
157
108
126
2
141
132
92
111
142
115
140
106
3
117
135
147
126
135
121
99
138
2
98
112
145
107
140
110
134
126
9
150
131
108
121
100
100
78
84
2
123
121
141
99
94
161
113
137
4
138
91
170
119
106
99
128
121
5
129
70
108
125
128
127
125
134
1
84
104
141
102
101
79
90
147
4
124
127
127
96
143
165
100
96
3
133
100
133
148
122
120
122
149
9
116
119
122
94
105
108
117
144
9
127
156
105
147
87
107
94
106
7
141
122
101
98
143
110
86
147
10
149
135
105
159
106
108
114
115
7
86
138
109
102
127
86
108
127
8
134
136
118
127
64
88
151
97
4
107
111
158
117
139
128
106
115
2
102
126
99
135
94
136
94
153
7
123
120
128
122
92
95
108
105
4
135
105
156
115
101
131
102
93
9
104
113
136
135
129
109
75
113
8
161
134
139
109
136
143
140
105
5
99
113
142
98
155
121
133
136
9
126
126
76
115
100
135
160
110
3
110
115
128
139
99
134
113
99
5
127
101
86
114
106
130
114
114
2
127
122
129
139
118
119
148
95
4
78
119
97
94
122
103
120
129
4
139
129
96
125
123
141
109
160
2
134
134
170
88
119
102
148
116
2
106
110
100
130
107
120
80
130
6
82
135
111
100
121
112
124
109
9
94
113
105
127
121
104
135
111
0
107
120
138
91
85
113
133
92
2
142
149
106
119
117
107
120
143
4
127
85
137
124
110
99
93
112
0
92
115
146
87
86
134
112
106
1
123
100
111
123
123
134
102
152
0
122
177
133
106
104
121
97
131
10
100
116
144
80
85
135
106
98
5
128
105
107
120
123
133
107
149

