9
9
4
8
6
1
8
5
6
13
10
1
8
4
3
7
6
7
14
6
3
5
1
10
0
5
7
107
123
110
108
90
120
113
108
5
101
123
125
120
144
140
136
148
1
150
106
142
162
175
92
122
98
3
85
95
136
151
71
142
157
98
5
113
125
59
131
121
96
126
119
8
74
150
146
106
111
99
137
109
6
97
108
97
140
111
127
110
113
3
115
96
132
108
90
127
115
108
0
147
125
86
146
132
157
114
129
0
122
90
138
124
135
115
114
101
6
105
139
121
116
99
132
100
119
2
129
97
119
136
147
111
165
122
2
120
155
98
128
99
89
98
108
9
86
94
98
132
117
78
134
105
7
106
99
130
122
138
177
108
107
4
101
122
126
109
97
109
110
109
9
112
98
119
127
147
136
106
105
3
101
101
127
115
106
128
135
84
1
117
110
122
132
105
140
125
132
4
110
142
115
110
138
153
108
114
4
153
124
136
128
120
116
121
146
5
134
120
150
142
136
131
123
126
0
100
107
103
119
91
111
114
135
4
95
85
99
103
126
125
86
105
7
105
118
114
136
105
118
122
144
2
100
131
127
101
119
85
131
128
9
104
99
105
136
135
112
136
95
7
119
73
141
95
94
85
128
114
4
134
94
126
108
97
102
99
114
9
130
100
65
121
77
138
159
111
2
106
114
69
122
100
99
141
98
5
134
100
105
115
132
150
150
141
4
108
136
125
121
112
85
82
126
1
127
94
128
123
119
120
119
114
0
116
102
135
105
122
136
104
95
7
113
65
130
122
109
91
118
101
5
122
142
93
131
99
99
85
127
2
141
117
106
112
112
133
147
92
4
117
118
92
176
96
141
119
142
3
96
139
119
110
130
94
121
126
3
105
121
94
157
107
134
162
119
8
99
101
104
106
93
119
113
131
2
118
111
128
143
117
122
103
134
2
122
132
100
116
87
134
85
127
6
105
121
106
118
85
92
138
142
9
68
150
97
109
88
112
104
92
2
136
73
143
113
114
98
66
128
1
85
127
130
76
107
121
93
111
6
127
124
134
108
126
114
103
119
0
127
115
108
91
171
128
107
132
6
98
119
130
133
113
113
90
80
3
106
104
126
106
123
111
114
96
4
120
107
121
97
128
101
132
114
9
139
137
99
108
101
120
106
126
3
122
129
128
102
99
93
129
83
6
129
134
136
105
109
121
112
111
6
135
137
117
120
128
147
128
110
0
97
116
104
98
112
134
73
132
8
99
135
95
134
136
101
117
126
8
117
108
105
139
112
108
148
121
5
125
112
101
114
101
79
166
122
5
79
156
122
126
116
123
82
126
8
135
95
145
140
119
108
135
140
4
120
108
117
135
124
88
157
119
5
123
156
115
136
83
106
116
111
2
137
98
104
100
112
136
99
108
3
130
123
93
122
125
121
124
134
3
128
142
136
100
108
119
111
114
7
110
114
114
107
114
118
131
131
3
147
128
104
92
125
146
98
100
6
147
109
99
140
110
126
125
120
6
127
102
103
106
107
134
106
93
6
102
107
153
149
124
104
100
117
3
139
138
120
105
89
156
91
142
0
113
120
106
114
153
128
105
105
10
101
108
116
112
134
107
134
153
0
115
157
119
98
77
101
114
108
9
106
115
113
121
120
88
120
135
7
129
122
136
127
99
128
105
103
0
86
105
106
92
105
141
105
134
6
118
100
95
99
126
101
141
120
7
117
115
120
112
115
143
128
123
9
72
150
139
120
123
126
140
135
10
101
129
83
135
128
132
120
118
4
117
120
101
123
107
150
100
127
6
88
127
88
97
96
106
102
101
9
121
128
147
92
136
121
135
133
9
117
129
116
105
136
74
122
122
9
92
123
107
138
82
145
80
135
7
91
99
150
111
105
127
127
132
6
109
124
93
132
95
90
82
107
2
135
98
119
135
129
108
122
142
7
112
150
91
134
99
116
109
122
9
120
114
126
130
90
119
103
136
10
134
75
127
115
135
72
101
119
1
91
121
111
148
141
137
85
99
1
115
107
85
111
97
129
109
113
6
101
110
100
115
129
123
114
140
6
146
102
154
134
99
87
119
83
6
112
70
136
128
175
81
112
127
4
142
113
109
115
113
155
120
141
5
101
133
124
134
92
102
148
134
5
121
99
109
103
151
119
135
112
0
158
113
139
114
125
76
100
135
1
127
109
120
87
157
128
132
156
6
117
114
103
130
141
135
92
108
2
115
131
112
63
120
137
149
104
10
71
128
90
108
121
115
114
141
3
93
116
107
142
125
85
101
133
10
134
142
101
78
117
129
100
114
9
107
94
121
126
120
101
142
102
9
141
136
149
121
85
115
127
118
8
135
153
81
125
120
126
130
87
2
86
167
150
108
131
99
131
115
3
135
74
83
114
136
153
144
132
9
133
87
150
116
119
106
106
127
4
114
131
147
142
93
79
134
110
2
105
113
127
106
102
79
141
89
4
145
113
88
122
105
112
96
134
7
119
119
118
132
129
123
104
154
4
104
93
141
90
106
71
178
145
7
103
118
142
86
91
128
155
145
2
122
86
148
139
139
95
110
130
8
106
102
90
118
115
133
91
101
5
110
122
112
150
133
155
98
124
10
118
106
147
117
100
128
121
155
6
112
135
117
132
133
151
128
115
7
92
156
113
80
125
122
132
156
6
117
95
132
123
123
134
115
103
9
107
149
106
101
94
146
120
112
8
146
130
148
150
91
93
104
135
1
131
100
148
127
135
94
114
86
8
109
135
108
134
150
113
133
129
3
106
115
103
168
100
121
143
117
8
127
106
141
128
121
114
134
126
7
110
116
93
129
128
135
113
150
7
124
149
155
133
126
130
101
140
9
124
94
144
78
110
119
129
133
6
98
120
90
116
119
92
127
100
6
101
106
112
102
118
128
121
133
2
105
119
130
93
115
127
126
145
8
133
129
116
154
138
109
120
118
7
91
152
131
131
122
115
82
155
6
119
107
126
121
132
130
136
100
1
98
145
97
120
106
113
111
139
6
86
111
80
107
137
112
136
98
8
120
85
104
120
127
104
135
135
6
111
120
131
122
143
93
93
130
6
126
134
144
122
119
105
115
90
4
80
134
135
145
147
97
74
105
6
118
130
110
94
114
99
131
145
8
103
82
82
89
107
134
121
123
10
110
71
106
125
169
111
135
100
3
150
154
123
113
84
114
128
143
3
126
77
121
71
143
78
105
128
5
110
149
101
100
101
160
169
100
10
106
108
115
105
117
112
94
94
3
157
140
100
104
126
153
109
77
7
67
105
120
76
149
71
115
101
2
134
120
115
107
113
124
136
100
2
121
129
129
99
128
125
115
113
1
121
127
112
85
118
132
160
91
3
112
96
110
84
106
165
83
113
4
139
137
121
138
85
102
129
168
1
90
98
78
131
96
122
130
129
10
115
111
118
171
110
78
134
114
3
140
129
97
70
126
113
150
102
10
118
110
119
132
125
110
98
140
10
107
149
72
100
143
100
121
139
7
114
106
124
161
139
142
156
107
5
139
149
112
127
76
115
111
131
7
108
122
111
110
126
104
98
123
2
93
106
121
122
105
111
105
99
10
120
134
141
130
101
144
89
141
7
135
106
95
129
96
76
131
149
3
73
120
129
139
142
128
130
117
4
131
114
120
107
110
89
121
120
0
96
112
103
110
126
123
142
132
4
127
133
140
87
121
105
128
92
1
127
127
122
114
112
92
141
107
2
108
92
113
77
118
97
119
115
9
112
120
115
98
92
133
89
142
6
92
105
114
113
111
124
107
126
8
103
108
92
78
103
123
130
120
3
154
132
130
106
113
84
118
106
6
129
147
97
105
124
121
127
102
4
101
125
120
136
115
136
116
109
9
117
146
150
86
138
133
127
65
9
108
132
106
113
100
92
99
142
8
135
110
135
123
120
126
101
148
4
130
142
134
109
142
143
137
148
1
114
96
70
108
91
105
89
127
2
121
91
128
135
109
122
113
105
7
142
132
133
129
120
103
127
99
5
93
113
106
114
123
125
135
107
2
105
144
114
117
133
134
98
135
7
96
142
144
121
133
151
107
99
6
117
155
111
120
122
118
142
115
3
92
142
125
122
73
131
120
130
9
104
95
150
112
137
119
124
128
9
163
114
109
136
97
142
121
106
10
166
121
137
135
120
91
92
111
1
122
137
148
119
115
117
121
138
10
124
122
83
113
112
122
99
148
3
130
122
113
145
93
113
152
92
0
149
107
132
127
91
107
120
92
0
109
110
124
107
139
107
84
135
9
98
107
134
123
97
107
142
128
9
140
115
126
127
128
121
153
80
8
143
142
134
119
122
113
116
110
2
98
127
137
115
117
121
123
133
5
141
106
106
156
127
129
139
98
7
104
114
136
109
106
105
115
125
7
119
134
105
129
105
122
118
114
9
130
78
107
136
150
141
135
85
4
133
93
99
113
113
131
137
66
4
100
146
136
92
80
105
118
105
1
130
87
94
142
129
58
143
91
2
99
107
121
113
131
148
98
128
5
156
106
96
142
114
157
78
132
9
99
134
105
132
130
132
149
123
2
126
108
119
156
103
113
155
99
1
149
135
121
84
136
121
141
101
6
87
112
112
148
163
96
107
116
2
108
88
133
123
135
150
106
118
0
122
145
118
121
105
128
122
129
3
71
102
134
95
133
114
96
133
0
141
116
119
114
107
122
124
92
5
95
110
142
128
57
92
106
127
3
154
135
139
120
112
114
127
102
9
79
90
133
110
120
106
76
143
2
120
96
107
95
119
128
114
142
5
103
117
112
77
99
125
106
92
1
106
143
133
102
120
120
107
128
3
130
121
140
120
107
119
93
132
2
101
92
112
133
142
98
79
98
9
118
106
107
133
84
110
127
131
1
151
104
106
100
134
152
113
127
8
117
121
162
122
137
126
100
114
2
123
110
112
109
121
116
129
133
1
139
102
121
108
119
139
99
115
9
97
59
108
112
95
128
100
135
7
106
77
162
137
127
143
93
136
8
140
152
137
113
109
117
148
133
1
134
109
97
148
125
119
106
134
8
136
126
135
118
129
127
123
106
9
113
85
139
113
120
112
120
119
5
114
121
112
126
106
129
147
98
6
133
103
107
93
118
125
116
99
1
96
116
134
108
127
135
86
113
8
128
130
141
126
85
99
141
118
9
132
130
115
96
138
116
131
127
4
99
98
114
108
121
135
98
114
1
142
121
120
120
143
122
96
126
3
117
98
136
99
123
97
135
99
2
108
101
114
134
130
113
74
107
3
98
106
93
113
116
113
154
148
1
119
87
142
135
114
113
121
140
7
129
152
131
122
106
72
110
135
6
109
155
130
156
133
99
130
90
5
142
89
123
153
138
106
109
169
10
125
111
107
95
67
113
131
108
0
79
134
114
125
146
116
113
106
2
113
111
122
148
154
146
98
78
8
128
109
71
24
128
137
93
152
6
133
79
99
111
125
91
136
115
3
135
139
94
125
106
127
114
93
10
145
129
127
106
101
132
148
128
8
120
96
86
131
113
135
97
114
7
76
90
105
97
116
104
97
115
6
145
118
119
110
139
162
111
87
7
164
124
120
85
109
127
141
110
4
114
112
114
155
107
64
145
79
2
160
121
144
125
139
93
134
112
8
99
119
100
119
111
122
157
101
7
110
120
128
107
108
135
115
144
9
108
112
114
105
115
93
127
77
1
101
138
112
113
143
106
107
154
4
104
156
141
133
114
150
92
122
0
107
75
87
128
114
129
99
123
5
135
99
125
102
107
130
154
138
1
88
106
75
129
134
127
115
135
8
121
127
117
105
131
97
94
114
9
121
85
130
114
112
112
133
106
2
112
128
101
79
128
113
109
106
4
123
120
128
112
103
107
133
121
1
126
101
121
113
136
134
114
114
7
121
136
141
130
88
122
84
145
2
135
128
139
78
80
99
117
120
1
164
104
70
128
85
113
89
124
7
82
105
82
94
177
128
90
92
4
133
132
148
99
100
103
113
136
2
147
70
74
148
93
137
121
134
6
137
115
100
112
117
125
127
95
7
120
128
142
114
104
150
72
121
2
135
140
117
107
116
109
99
128
6
137
118
90
123
143
113
92
107
1
128
93
107
142
133
126
126
100
5
113
125
124
123
146
84
127
113
0
83
121
143
115
137
113
147
120
2
121
147
113
128
94
96
149
118
8
127
97
153
118
100
111
122
123
3
129
103
137
121
114
122
86
86
1
141
142
120
114
82
148
112
136
9
124
130
98
149
134
114
158
130
7
93
114
120
110
119
106
122
118
10
149
88
138
108
122
131
150
85
3
118
128
119
170
121
114
84
140
1
126
112
146
149
134
134
108
105
6
120
150
107
140
101
112
125
155
3
92
95
132
125
137
101
121
118
9
120
113
103
103
136
127
119
51
1
110
127
135
117
105
117
134
114
1
107
118
128
129
101
120
85
103
8
121
131
144
112
106
129
156
107
9
113
114
106
134
139
134
114
93
7
162
111
81
107
122
162
79
82
9
134
106
99
115
111
128
73
126
8
144
119
90
114
79
136
148
136
8
147
131
117
139
139
111
104
96
4
132
105
100
106
114
100
120
109
2
122
132
88
81
98
114
123
170
6
129
106
123
156
92
123
120
142
6
101
79
126
91
135
112
102
92
4
115
130
157
98
101
99
84
142
9
128
107
141
114
108
104
111
128
3
100
133
110
100
85
100
122
145
5
100
142
112
89
108
101
113
136
1
127
121
119
83
125
146
106
107
1
112
115
104
127
120
110
151
107
4
115
103
121
97
119
122
127
126
0
113
102
99
86
114
122
110
114
3
82
129
106
113
97
100
134
102
7
88
99
119
90
105
85
122
114
6
127
137
127
99
97
120
164
78
8
100
120
113
92
163
106
151
143
8
103
120
93
111
108
79
112
107
5
113
123
148
106
88
104
100
144
5
110
133
87
141
117
121
106
115
7
83
110
92
125
75
112
115
135
3
100
118
125
110
138
71
113
124
2
122
117
115
60
98
141
118
129
6
121
128
135
132
106
106
119
122
5
129
131
93
116
121
129
149
100
6
148
128
127
105
107
133
120
135
10
134
99
105
149
127
80
126
144
3
135
92
106
116
107
107
122
106
9
107
46
102
126
123
116
122
142
3
68
135
121
97
113
65
141
141
0
125
127
89
120
116
94
143
109
0
121
101
87
91
133
139
117
124
1
119
94
125
80
122
136
108
93
7
117
103
118
95
120
89
115
102
2
107
101
127
126
130
115
120
151
8
115
131
99
106
109
113
132
94
8
102
145
120
117
126
122
142
121
2
125
89
121
110
149
105
90
136
1
135
128
113
117
118
130
119
127
8
114
112
119
100
113
117
78
88
9
98
121
98
93
134
169
99
112
9
86
128
104
114
121
116
112
124
4
145
107
77
122
127
113
129
88
4
120
128
83
111
141
129
137
122
2
113
107
107
131
136
113
109
89
3
117
123
89
66
141
136
132
129
5
144
134
143
106
113
111
104
121
1
142
129
119
126
118
98
103
108
1
120
130
123
96
123
121
143
119
1
127
107
105
117
128
127
113
128
9
134
128
72
123
112
92
109
140
4
125
133
106
74
114
93
94
110
9
95
116
119
106
135
89
125
156
0
78
156
106
90
98
124
86
110
9
85
86
125
131
139
115
114
142
9
114
122
98
87
129
122
97
110
6
109
139
143
102
100
133
121
93
3
99
114
128
120
143
136
112
113
3
119
94
114
119
132
120
113
99
6
95
114
117
91
150
133
102
124
4
146
130
100
126
151
113
113
165
2
102
139
118
116
122
115
107
96
8
94
100
113
144
120
103
108
162
6
78
106
66
117
102
104
118
93
9
92
164
163
112
153
124
125
155
8
141
135
115
118
84
73
131
105
1
120
120
106
124
121
149
101
114
0
103
130
161
116
91
131
139
131
3
115
117
121
99
128
116
130
92
1
107
131
118
113
106
131
127
98
1
99
130
156
117
90
127
135
126

