8
2
2
2
1
7
3
5
2
15
7
9
2
5
7
5
3
5
7
8
9
3
10
3
9
1
7
77
120
67
110
110
118
125
99
7
80
91
126
135
112
90
119
109
1
115
98
106
135
101
94
141
110
9
113
145
135
115
105
128
118
108
0
112
138
119
126
101
131
123
94
2
108
106
161
113
106
122
100
118
9
121
106
127
116
90
120
99
99
9
120
84
136
124
148
103
134
130
1
122
150
106
94
112
116
156
109
10
129
139
153
135
135
125
141
107
8
106
122
126
105
120
120
130
131
7
125
132
120
103
120
125
155
121
5
112
114
101
119
103
155
142
112
8
137
130
100
123
177
119
102
134
8
128
107
113
140
86
105
81
155
9
119
128
182
134
52
114
66
109
4
119
137
98
119
115
111
96
106
8
127
101
120
172
106
123
133
102
4
104
112
129
127
114
66
110
77
5
122
111
114
93
96
126
108
118
4
109
122
100
123
108
135
98
132
7
120
159
108
86
126
105
133
139
9
106
118
149
146
110
121
117
129
3
106
110
130
104
107
92
140
141
9
119
140
120
92
133
120
147
150
2
128
110
113
126
114
108
66
113
5
112
113
101
134
103
128
139
92
4
102
97
122
116
120
151
99
114
10
106
135
118
84
133
119
108
125
4
142
88
102
148
98
115
155
135
4
83
129
148
94
105
136
122
155
1
122
122
152
92
160
121
97
112
2
120
86
112
79
121
124
134
93
2
149
109
86
107
120
108
73
99
7
87
115
142
119
132
106
106
93
9
80
135
146
155
99
154
116
95
6
110
108
120
125
98
83
106
73
8
76
107
156
98
109
80
93
65
8
117
130
117
102
99
128
142
120
10
129
114
117
93
108
109
142
93
8
137
124
104
125
129
105
127
93
8
136
105
123
121
156
133
106
125
7
142
120
163
134
136
108
141
143
4
133
124
110
80
110
105
107
135
1
100
122
100
73
128
129
171
114
0
110
122
111
100
107
80
142
91
7
126
81
108
103
130
115
155
118
2
150
85
122
149
123
134
99
104
9
118
118
132
112
93
86
121
90
9
94
96
122
113
106
143
115
115
4
123
103
114
104
113
132
139
91
2
111
141
100
93
98
121
127
98
8
126
120
102
85
92
167
119
101
9
143
94
119
143
122
71
147
110
8
135
126
133
129
142
87
111
107
8
131
153
136
99
100
161
80
103
5
130
129
102
117
128
89
131
131
2
167
94
156
153
139
138
119
133
3
98
97
143
133
114
134
128
119
8
146
85
113
80
113
100
90
105
9
143
142
118
114
136
76
135
146
10
104
98
103
112
107
142
136
135
7
111
106
105
113
152
107
91
114
10
119
123
125
92
149
96
63
116
6
137
93
125
126
159
110
105
113
5
157
89
135
105
85
138
142
115
5
116
98
114
138
105
88
109
115
4
133
142
148
130
135
117
117
115
0
112
109
102
155
95
85
157
127
6
115
115
123
120
112
110
105
107
2
92
92
92
91
106
99
112
122
7
128
111
117
147
106
99
72
105
7
114
85
128
112
105
72
99
121
10
94
108
117
128
80
80
90
143
5
131
137
135
115
176
99
157
135
6
112
97
107
131
131
111
143
124
0
119
140
122
103
129
117
105
147
1
135
121
115
99
119
101
75
121
8
120
112
90
113
108
140
87
162
10
132
111
94
101
118
159
127
137
3
133
119
127
120
89
128
129
91
8
102
154
147
107
82
112
78
128
3
155
118
112
86
137
115
98
121
3
117
110
129
141
112
126
90
126
0
134
134
98
142
97
92
142
122
8
69
92
92
141
109
96
90
122
5
130
106
83
128
88
141
113
113
4
128
121
129
134
146
130
123
108
5
83
94
113
135
115
110
137
120
7
125
150
108
142
106
118
109
119
9
124
127
122
110
142
122
119
110
4
116
81
98
112
94
140
130
105
0
134
110
130
132
127
119
87
106
9
114
106
117
113
133
116
93
133
7
102
114
150
87
74
93
135
119
9
107
91
105
73
130
114
113
107
9
154
141
126
112
136
124
108
127
3
72
66
129
106
131
105
127
85
5
64
81
114
104
135
103
114
103
2
106
76
105
127
129
108
148
93
10
128
122
113
163
127
128
92
120
2
114
127
136
87
147
77
138
111
7
127
104
150
142
150
118
141
83
1
130
108
91
130
153
113
75
124
3
96
127
135
133
107
113
98
120
6
107
134
103
125
119
136
92
111
9
104
110
106
144
99
108
108
104
2
90
101
110
107
123
154
108
120
9
127
112
107
148
82
119
90
100
7
115
131
128
110
97
114
136
86
1
119
128
124
134
135
120
101
107
7
129
120
102
99
99
98
86
98
2
139
110
144
113
130
123
130
107
9
146
138
113
90
137
92
89
99
10
111
74
106
127
108
121
93
108
5
116
106
142
120
159
107
116
104
7
171
115
135
113
96
122
107
119
7
99
108
95
103
134
112
126
98
9
76
103
106
89
128
93
117
145
1
141
154
83
113
127
101
116
146
6
79
97
114
139
114
140
101
120
4
107
81
135
135
119
122
123
177
1
138
74
146
112
128
140
91
85
1
99
103
130
99
112
85
99
123
8
127
109
99
109
86
87
76
154
6
132
161
129
128
110
105
128
123
1
121
100
108
94
138
74
93
111
4
129
98
143
133
149
130
91
105
6
145
122
95
123
120
79
110
114
8
114
122
106
90
104
97
92
110
3
128
114
120
104
135
94
132
122
5
136
131
78
126
141
105
129
112
10
127
122
137
120
125
119
131
114
4
123
112
142
120
113
107
108
123
9
85
93
112
129
113
135
125
112
7
105
133
119
142
127
104
108
118
9
140
107
137
100
129
107
101
120
7
93
100
83
99
132
95
61
176
9
121
140
89
147
105
155
106
68
3
86
145
122
133
120
113
126
127
6
126
131
116
140
125
117
121
115
1
135
124
131
115
137
142
139
141
1
128
124
98
133
102
142
59
90
10
121
126
148
120
97
97
93
94
1
115
120
133
138
96
106
120
91
5
119
137
113
127
141
123
79
158
1
132
98
78
135
94
181
116
105
3
92
149
136
96
112
117
139
155
9
102
137
119
119
115
137
112
105
2
138
105
102
134
110
165
81
99
2
107
108
116
90
127
123
119
121
1
119
105
113
127
119
120
129
109
3
127
128
94
142
93
133
113
146
9
120
108
149
141
107
107
89
120
0
141
119
122
91
147
95
107
155
8
138
147
99
91
135
113
119
81
7
164
93
114
114
107
128
120
124
2
103
122
119
129
91
97
103
84
6
128
147
128
132
89
98
149
123
3
106
112
129
79
88
131
134
149
3
114
120
108
127
117
131
123
99
7
107
142
120
99
131
132
108
127
2
130
128
125
103
117
146
116
67
2
127
100
114
113
140
86
99
142
5
137
83
108
128
109
130
121
108
8
114
116
105
116
145
150
100
118
6
96
129
137
110
119
169
121
136
4
117
96
125
124
114
63
126
162
5
129
100
127
96
126
125
94
114
3
98
83
131
130
126
142
142
100
4
141
127
78
105
133
122
170
125
9
113
100
112
125
145
128
140
122
1
117
164
126
134
119
97
115
123
5
92
108
92
118
128
95
129
151
2
106
148
138
155
99
133
112
114
1
104
102
125
134
86
100
127
99
1
79
132
89
106
134
109
105
119
3
94
114
150
101
92
113
105
142
5
98
117
120
98
121
137
114
127
4
132
98
140
112
69
126
145
134
3
109
151
115
76
137
114
115
106
4
149
150
126
138
112
128
120
117
3
134
138
106
120
94
121
88
95
3
139
114
117
141
152
139
101
133
8
106
122
106
106
104
119
105
94
8
143
116
127
82
128
64
124
131
4
122
133
86
133
94
121
86
119
4
137
108
91
84
106
151
109
123
0
164
153
101
166
103
79
136
158
5
86
85
107
132
109
146
127
95
7
107
126
142
101
118
98
115
112
3
107
117
138
121
161
157
136
100
5
101
93
114
105
122
113
115
136
0
113
133
129
92
127
117
107
146
6
118
130
90
101
84
107
93
95
5
101
122
135
106
136
93
130
95
9
93
101
121
155
125
126
102
115
1
130
98
95
107
105
142
99
139
8
99
120
115
116
77
128
106
106
8
113
117
82
123
148
102
105
92
4
132
122
131
114
129
121
137
109
6
120
113
103
117
69
129
81
122
2
138
77
111
128
141
129
133
100
2
154
126
136
113
139
123
65
98
1
128
82
99
126
135
101
145
119
3
93
127
133
143
112
89
105
115
1
126
106
121
149
119
94
126
108
6
108
127
157
120
87
113
155
129
5
95
120
134
148
113
112
148
106
2
113
151
120
121
145
134
124
134
5
119
114
122
84
116
105
107
150
6
128
106
101
110
99
103
109
106
4
123
93
115
93
143
123
104
104
9
126
93
114
92
161
111
98
164
5
134
128
141
133
108
82
95
127
7
112
120
112
85
147
93
106
129
1
106
109
137
120
113
107
136
129
1
107
94
84
126
119
111
99
124
0
110
126
143
129
145
128
142
104
2
120
102
126
142
103
87
148
90
8
125
85
156
119
127
106
116
104
7
106
114
112
96
117
105
185
121
8
106
116
149
115
101
119
136
107
3
122
94
120
100
129
103
98
164
6
91
107
122
139
127
81
81
121
9
110
127
96
118
174
99
110
101
8
114
93
155
78
100
132
148
128
7
119
129
138
108
134
141
91
113
3
117
116
108
92
162
133
151
131
3
146
130
156
117
105
92
114
103
2
131
113
82
93
88
134
84
126
1
105
142
78
98
131
104
82
143
6
99
113
131
140
96
132
136
104
0
82
111
92
119
112
82
85
106
6
127
122
75
148
138
119
131
135
0
113
121
111
113
131
107
127
110
7
128
102
98
150
120
120
80
147
2
141
113
121
148
152
119
127
127
9
147
122
100
92
107
146
134
73
1
111
108
110
114
107
120
113
78
0
94
114
144
121
131
122
119
128
5
145
139
95
89
135
109
99
106
7
145
106
120
107
123
134
133
91
0
125
101
88
129
125
119
100
77
3
94
133
101
138
85
136
112
105
1
106
115
114
122
123
87
116
120
10
133
133
94
120
136
103
134
116
1
142
114
89
102
149
113
109
113
3
117
105
113
114
116
106
105
135
1
114
88
112
112
103
157
148
78
0
114
117
136
90
78
87
134
97
1
109
81
131
115
128
115
139
107
5
101
141
111
141
114
113
133
142
9
81
142
135
128
141
106
104
92
3
89
115
138
98
146
141
100
90
9
155
136
131
142
120
141
126
116
9
135
121
104
101
127
163
106
129
6
129
139
107
102
112
125
92
88
2
102
115
102
135
122
74
124
107
4
98
137
105
115
112
120
112
91
9
130
119
140
120
93
134
126
110
6
112
105
121
106
140
94
120
77
7
112
99
115
136
122
128
132
142
3
89
112
127
132
143
92
144
178
8
119
126
147
133
115
105
126
104
3
84
95
108
104
113
127
107
101
1
123
121
141
118
151
113
141
79
7
102
153
128
119
120
129
142
126
5
112
154
111
160
154
98
93
91
9
113
120
139
63
78
140
107
82
2
112
123
86
143
143
135
145
125
7
101
141
142
131
111
107
127
77
10
114
119
105
120
109
131
147
102
3
135
130
110
120
125
126
121
105
7
149
76
113
121
138
97
114
121
8
107
168
105
85
131
95
110
120
0
125
121
155
142
111
128
79
101
6
101
116
118
130
127
111
84
132
4
131
79
121
136
119
78
131
120
6
122
128
128
84
119
108
83
108
4
129
131
105
140
116
98
100
138
2
113
123
123
83
77
113
127
105
1
98
113
116
103
140
112
137
91
0
121
78
119
121
95
121
114
145
0
121
142
98
114
96
162
154
141
1
108
129
93
112
100
114
143
160
2
133
113
120
94
111
127
110
95
8
86
91
160
135
127
149
108
135
9
94
91
101
132
104
99
86
119
8
103
119
107
115
120
141
126
157
6
98
150
101
101
159
99
64
94
2
124
137
110
87
120
125
143
87
9
115
106
110
120
120
171
134
107
7
115
108
133
105
119
120
121
93
2
106
137
118
129
134
125
80
109
4
77
87
148
139
121
124
100
87
1
127
123
121
100
160
142
106
89
10
128
93
128
133
110
121
149
130
4
108
129
142
121
114
107
112
99
7
115
123
118
126
106
116
118
74
9
148
120
132
127
137
147
101
110
5
124
95
122
131
161
125
77
92
2
122
121
119
82
90
129
100
123
10
124
125
91
133
106
99
93
108
8
139
116
126
120
89
115
106
167
8
126
100
108
92
115
107
127
108
6
103
105
100
103
128
114
97
84
5
92
100
134
98
104
81
126
103
3
103
84
143
110
87
112
85
134
1
153
132
121
124
96
141
162
101
8
109
121
128
106
114
121
116
127
6
109
92
112
142
90
133
117
143
7
117
114
64
79
114
85
112
112
3
74
120
134
128
136
113
116
127
2
164
120
120
113
157
93
86
113
9
143
91
105
127
111
119
108
144
8
121
140
114
158
78
99
142
97
3
120
72
95
120
122
113
134
119
6
150
131
122
101
104
105
102
114
4
87
143
116
109
133
85
129
138
3
129
113
130
134
143
82
109
118
7
121
120
128
115
140
110
125
121
7
140
121
86
115
110
118
128
94
1
131
156
113
84
93
114
104
142
1
121
103
95
89
112
149
116
132
1
89
121
121
107
93
91
137
157
4
133
103
106
149
113
130
128
122
7
128
114
131
108
136
113
114
117
4
99
98
141
119
138
93
120
124
4
123
111
127
114
112
114
86
94
6
90
135
107
105
120
89
106
115
3
124
118
133
180
121
101
102
135
8
64
122
115
118
92
140
151
140
2
141
115
107
99
120
119
127
137
3
131
128
134
142
111
113
126
146
6
110
121
107
149
148
99
156
127
6
112
106
134
113
129
110
150
136
1
145
105
142
99
128
121
94
106
10
101
145
123
85
127
142
91
129
3
105
123
107
112
127
129
101
87
2
150
137
141
128
99
89
148
123
7
136
157
124
112
129
97
124
160
1
132
116
136
127
151
107
126
122
3
122
142
86
100
115
121
89
142
5
120
118
97
112
145
110
128
132
2
154
68
109
58
130
94
92
115
5
106
78
113
119
156
91
122
110
3
98
96
122
102
126
107
87
114
6
112
107
118
117
106
109
110
115
7
94
97
98
119
149
122
115
93
9
128
129
91
139
133
116
101
98
4
128
135
129
121
125
69
119
128
9
121
106
86
121
139
142
113
136
6
146
148
118
146
170
105
133
109
6
113
113
107
97
132
85
87
131
6
86
116
128
125
100
126
118
96
7
92
119
100
98
119
106
120
121
8
139
96
134
106
85
163
104
123
8
136
136
126
93
106
112
125
117
9
112
135
137
107
133
120
149
123
9
101
148
68
130
121
142
128
119
2
112
102
102
118
135
75
84
84
8
112
94
96
128
94
140
93
99
8
105
150
86
104
111
113
117
106
3
110
109
90
76
86
104
115
139
3
126
91
124
134
104
114
128
85
4
94
114
105
176
72
122
120
158
6
116
100
78
83
127
93
119
142
3
99
109
70
102
150
113
105
99
3
114
89
121
100
113
107
113
121
0
108
122
127
143
123
126
143
111
3
94
115
124
118
79
99
121
71
10
121
123
121
135
121
158
113
114
9
130
96
117
118
142
92
93
107
4
117
112
121
99
117
119
101
105
3
78
88
115
138
118
103
135
115
1
121
98
120
107
91
132
108
65
5
124
141
120
100
127
96
143
113
5
155
109
130
97
127
122
110
97
3
102
127
87
143
90
115
131
86
7
113
112
125
141
122
100
124
123
9
111
102
106
116
156
113
161
125
10
114
92
122
82
108
123
135
127
4
76
121
104
100
115
108
64
151
2
125
113
136
103
136
114
106
94
7
98
142
115
124
93
106
129
167
2
149
120
132
149
117
121
113
112
2
130
120
114
105
71
123
100
142
1
100
137
127
134
129
85
114
119
7
150
126
134
153
121
117
116
117

