16
3
7
4
3
4
2
7
3
9
7
6
10
2
8
6
7
9
14
4
3
1
2
6
5
7
5
100
121
115
122
132
128
120
98
0
135
121
100
81
107
105
142
129
9
122
115
144
131
136
131
113
87
10
120
117
116
86
75
159
67
129
6
113
114
114
88
107
87
100
137
8
141
98
129
161
103
119
142
99
2
134
109
146
127
128
141
82
104
9
158
108
108
91
108
110
96
102
10
128
94
119
78
119
71
114
141
1
119
122
129
146
103
112
132
122
1
154
83
155
125
105
111
114
139
10
109
72
113
134
105
120
78
120
7
117
129
99
113
121
135
98
110
4
104
109
121
102
143
130
96
142
1
129
155
127
116
107
127
83
127
1
143
130
114
134
131
84
122
119
5
167
108
87
112
130
114
136
114
3
120
134
120
99
112
119
85
102
9
153
132
115
76
129
141
119
108
7
78
80
141
98
128
98
129
100
8
100
125
114
140
114
133
132
106
6
92
97
80
127
141
79
142
124
7
107
100
145
109
52
134
108
120
1
130
116
127
118
101
99
142
136
4
150
127
78
89
123
123
114
118
10
119
124
116
112
121
109
112
122
2
120
154
111
93
148
95
104
127
8
114
135
126
121
122
107
133
137
9
103
96
143
113
107
80
106
120
6
134
115
120
136
112
152
107
99
3
69
104
111
152
121
71
113
91
3
86
122
91
72
120
109
97
128
1
130
118
151
135
124
108
134
103
9
98
96
120
106
98
135
134
141
0
106
133
88
109
93
122
120
135
8
113
111
167
140
115
112
128
110
5
86
107
136
105
99
93
114
125
7
112
91
139
118
86
121
106
99
3
135
96
102
144
147
105
75
149
5
130
137
120
108
113
63
136
115
1
162
124
112
129
136
149
134
127
6
127
85
105
134
132
118
157
148
5
122
89
127
121
148
123
112
147
0
71
119
131
86
116
145
111
85
7
122
119
145
143
118
124
120
127
5
66
99
144
110
90
98
143
116
1
99
128
101
110
126
142
97
116
2
121
119
114
106
127
110
132
105
7
120
98
94
152
105
107
121
76
7
102
152
108
134
87
93
123
105
0
113
94
131
116
92
104
88
116
1
99
119
103
135
111
134
85
124
3
143
71
136
128
101
113
99
125
5
112
91
119
99
108
114
142
115
7
128
101
115
118
124
85
129
131
2
121
115
130
106
104
149
112
85
6
120
102
107
126
137
161
128
95
2
92
155
123
114
132
139
107
131
2
96
103
77
131
124
142
135
168
3
128
138
115
84
127
136
115
135
4
95
91
118
136
121
110
64
84
2
113
118
92
87
112
116
90
99
7
108
120
117
109
92
130
120
98
5
127
100
128
109
157
112
78
98
5
92
99
101
107
115
158
126
148
5
143
93
105
130
115
109
105
93
1
141
122
134
114
102
113
95
134
0
93
102
67
150
91
115
137
113
0
125
86
119
136
88
120
160
112
3
114
86
128
142
108
114
123
82
9
114
111
89
117
99
132
121
101
5
143
145
107
149
122
93
126
146
0
122
119
102
147
141
120
114
91
3
115
112
151
116
115
110
71
128
8
132
127
112
105
101
120
131
129
6
106
104
121
116
120
108
107
102
7
142
107
100
160
112
114
128
112
3
124
121
142
113
124
84
99
93
3
121
133
155
130
99
143
114
116
9
109
163
121
168
118
132
112
96
7
141
100
127
93
161
121
132
100
8
139
127
157
142
100
141
121
91
10
148
101
123
72
140
139
111
112
9
105
128
127
122
88
120
89
61
1
127
101
119
128
127
136
125
128
7
92
107
88
100
141
106
126
101
0
134
136
114
89
93
135
133
101
5
121
135
121
114
101
65
113
122
6
112
113
114
114
78
99
134
160
6
86
135
130
131
114
116
131
104
0
131
82
123
121
131
114
137
116
6
129
111
153
110
116
129
88
96
9
103
138
92
81
127
89
62
135
4
94
85
84
85
121
131
71
117
3
85
140
124
120
145
113
99
101
4
144
121
156
119
103
113
153
97
5
105
91
92
95
114
102
140
126
7
97
103
100
118
128
120
110
130
4
123
115
97
127
162
117
114
93
7
99
112
99
140
138
99
121
93
6
96
107
113
120
134
124
125
72
4
112
141
132
124
104
120
131
112
8
102
105
112
97
106
116
114
91
1
122
93
93
102
71
147
110
153
5
100
128
124
119
68
85
121
126
8
103
112
132
118
92
121
115
130
6
96
107
105
92
142
111
131
100
4
104
115
106
114
118
100
119
107
0
111
121
129
112
113
122
99
118
5
100
107
121
115
143
110
80
91
9
129
126
156
114
84
84
101
94
8
100
135
129
108
129
119
155
106
4
112
106
118
127
133
107
74
102
8
119
150
112
117
123
132
99
109
4
139
110
112
175
124
113
129
107
8
129
115
105
124
167
110
87
92
8
121
135
104
112
125
82
133
90
9
120
160
138
149
128
105
110
140
9
101
108
107
131
121
120
114
132
6
99
140
107
83
111
78
88
157
1
85
103
121
124
106
119
94
132
10
141
155
117
112
110
114
115
119
3
126
120
94
122
126
98
145
82
5
149
122
134
131
111
130
119
133
1
119
135
110
120
90
106
141
119
3
93
106
73
113
109
160
99
96
6
92
117
162
128
109
102
109
134
10
132
120
142
100
118
124
147
99
3
111
118
110
79
99
94
95
105
0
133
121
115
111
129
100
98
147
4
112
106
108
136
104
126
118
84
1
68
145
140
105
86
117
112
106
6
121
88
135
135
128
127
100
141
9
126
146
120
108
115
110
125
99
3
148
98
101
103
143
127
109
113
1
93
114
127
121
115
136
87
122
2
122
108
92
140
135
127
77
136
9
145
113
135
131
95
129
91
101
4
113
95
119
105
120
135
113
98
10
110
121
118
143
138
101
134
121
6
173
83
93
107
93
136
114
68
1
129
120
143
127
76
120
128
100
10
135
130
128
114
115
99
119
101
3
156
131
112
110
95
109
112
95
1
123
127
129
107
135
114
92
120
10
128
156
98
122
121
110
92
106
9
85
119
102
128
140
146
119
127
4
81
120
100
129
111
113
147
109
6
124
105
72
123
106
99
141
141
4
153
99
106
102
124
119
119
103
6
151
100
105
128
143
132
107
100
1
120
123
137
73
102
105
156
93
2
132
95
138
82
106
134
98
80
4
128
127
113
100
104
121
90
113
2
118
142
120
136
110
115
100
150
0
103
112
135
129
113
104
101
128
4
123
126
115
134
111
131
108
104
7
92
107
125
146
93
114
148
131
10
128
121
121
119
80
131
96
115
0
141
73
124
119
100
149
102
121
6
118
121
119
118
78
79
113
132
2
90
120
99
119
97
134
179
126
1
123
114
117
126
138
124
135
145
5
142
127
108
102
87
111
105
142
2
107
120
134
127
114
115
113
133
7
142
143
128
140
154
120
114
142
5
123
100
143
141
107
127
123
91
1
135
142
147
101
122
132
117
101
1
134
126
121
163
114
157
71
108
6
103
117
128
93
113
145
72
121
1
142
136
102
126
114
148
104
128
0
100
154
98
136
115
71
141
119
8
108
80
128
103
112
121
112
97
7
117
120
147
120
111
127
134
123
10
117
148
122
78
112
91
108
110
5
89
122
115
110
86
84
106
140
1
160
86
156
116
106
114
102
103
9
88
91
124
124
149
93
127
142
6
126
93
90
155
85
98
115
104
2
133
134
116
147
148
115
112
147
6
110
134
134
131
122
138
120
157
7
98
133
108
112
120
142
104
128
6
127
103
142
111
120
107
116
103
3
129
107
119
142
122
116
136
99
7
126
115
87
120
127
111
120
90
9
122
126
112
103
123
119
137
130
4
104
116
107
99
88
105
93
113
1
118
123
100
126
91
102
93
115
3
121
106
128
129
131
94
133
104
6
108
115
114
102
144
113
94
98
3
120
108
62
127
50
129
105
143
9
150
113
101
121
144
110
140
115
5
134
129
113
100
71
126
105
135
5
115
146
149
142
84
105
114
141
7
103
131
108
136
76
119
114
140
7
86
120
98
119
126
146
105
123
1
119
105
104
114
156
115
113
168
7
116
82
147
89
147
113
134
102
10
134
105
135
115
109
160
121
107
7
116
135
100
118
126
132
118
120
0
99
128
101
94
140
107
89
131
8
118
113
128
118
109
144
75
158
5
126
99
120
108
139
105
147
92
3
131
84
134
134
115
100
145
147
1
125
127
94
118
135
104
125
113
4
97
121
98
98
97
104
97
105
4
134
118
102
121
127
167
92
163
7
122
104
101
121
93
93
119
108
1
82
85
119
118
142
98
149
94
4
134
120
158
104
149
113
137
142
6
107
142
112
121
140
148
170
148
0
110
115
92
106
111
100
115
93
2
108
109
106
126
102
120
107
131
7
72
68
137
104
50
124
121
93
0
95
116
122
119
93
100
119
129
0
124
97
130
134
129
107
82
108
5
143
116
120
111
127
123
143
121
7
70
93
154
126
103
78
125
113
0
150
97
136
117
133
127
115
134
3
130
93
147
121
93
93
114
98
2
138
103
104
104
102
109
108
105
1
129
108
122
134
121
112
103
107
2
127
80
113
136
95
121
111
127
8
132
100
102
82
82
113
116
135
6
129
103
121
105
112
73
99
91
7
108
133
152
134
128
100
143
128
8
102
103
98
130
128
163
140
149
0
107
91
132
93
134
108
167
100
6
136
116
171
132
123
139
100
135
7
142
125
122
114
122
76
109
163
8
105
136
111
163
138
105
122
155
2
85
107
86
101
149
122
105
98
6
108
91
126
142
137
107
95
100
8
119
149
80
110
86
92
72
124
7
124
157
122
126
92
105
65
115
8
124
180
105
116
69
105
143
131
3
107
130
98
92
119
147
115
106
4
168
124
106
110
106
91
90
133
0
87
129
87
98
85
133
113
109
0
139
109
126
98
114
105
132
94
8
138
97
118
80
117
145
143
115
1
127
152
104
87
137
110
163
131
7
112
112
138
92
138
100
126
117
9
149
125
119
118
126
145
135
92
1
103
127
146
120
122
92
93
99
4
136
109
149
172
123
68
115
134
4
142
115
151
114
127
93
156
109
2
99
121
94
136
122
152
130
136
1
85
128
145
127
107
96
132
99
9
129
99
97
161
121
146
117
113
5
100
75
132
135
122
116
118
136
8
115
87
120
114
166
117
131
109
9
131
126
107
123
95
120
133
121
7
129
137
110
156
112
132
85
141
9
130
132
95
102
129
133
86
98
1
93
117
125
137
150
106
125
150
9
83
107
101
133
127
119
121
141
4
112
121
109
145
122
113
93
115
4
95
120
93
127
88
136
124
100
1
114
133
65
121
92
136
128
108
7
141
100
116
103
134
120
136
119
7
114
96
105
127
136
123
124
109
1
121
130
127
100
136
125
143
112
5
113
117
149
145
109
99
108
122
7
126
108
111
107
80
100
122
114
2
126
115
135
150
95
92
127
82
5
108
133
133
96
108
129
91
124
7
112
119
118
144
114
103
125
99
6
117
107
129
131
105
105
143
92
3
121
91
128
80
105
87
99
132
1
153
129
99
104
138
146
131
137
2
120
117
126
122
80
106
130
132
4
120
105
104
128
108
118
147
122
2
101
110
115
98
118
108
107
121
9
106
115
92
117
103
97
142
127
9
130
94
170
107
102
91
86
136
1
78
146
98
176
127
119
149
106
8
114
110
128
124
102
104
107
104
3
98
110
134
84
109
137
127
109
4
97
149
133
123
113
107
82
143
5
139
120
123
97
119
85
140
127
2
106
87
140
95
102
150
113
117
6
124
115
66
99
68
92
126
94
1
121
111
92
137
106
116
94
77
4
108
101
106
94
117
136
132
114
2
115
106
71
83
101
86
107
86
2
139
107
138
134
110
145
152
121
4
73
126
103
141
108
113
122
92
2
114
108
141
129
101
141
157
109
7
122
120
142
100
127
94
97
142
6
138
115
95
115
140
113
149
150
9
127
142
124
91
158
93
111
107
6
105
138
139
149
107
128
147
140
4
90
101
111
114
101
130
105
122
7
126
164
85
107
120
141
105
91
3
113
107
113
100
93
112
114
107
6
110
129
124
100
107
135
99
103
1
105
136
85
85
115
112
128
129
5
110
99
107
142
125
106
119
108
0
101
152
71
128
105
109
119
149
10
100
140
110
91
94
122
127
135
1
98
124
106
136
119
131
134
120
7
108
113
103
125
106
148
93
114
5
134
79
139
117
107
93
104
121
8
145
107
88
136
147
94
127
121
2
97
106
126
115
126
104
125
92
1
106
161
121
131
93
128
140
152
7
108
154
136
153
99
99
118
166
4
127
135
142
113
120
120
120
92
6
115
139
114
114
106
142
150
134
5
122
121
164
121
127
113
120
129
8
80
144
135
136
127
141
135
123
6
142
113
110
129
120
139
107
134
1
154
109
137
115
134
97
88
139
6
167
145
114
91
86
79
135
139
8
118
120
133
111
68
63
80
135
1
140
131
154
133
120
135
113
121
2
107
107
128
101
118
141
125
96
6
97
93
120
108
108
106
112
106
7
109
136
128
139
142
119
91
126
10
131
120
117
157
147
131
150
107
3
114
125
106
107
123
86
133
121
6
95
145
124
142
112
153
91
85
2
121
98
122
79
105
183
133
139
9
118
125
83
86
94
154
115
147
8
99
118
106
148
108
95
156
127
0
121
162
108
129
153
100
109
116
9
105
99
116
105
120
93
128
92
10
89
149
133
148
133
120
125
108
7
113
122
88
66
102
106
126
121
1
88
111
122
191
129
98
124
115
6
132
134
99
140
87
127
80
133
9
134
149
93
100
104
99
117
104
6
114
121
86
98
128
133
116
128
8
98
155
113
145
105
107
157
132
7
119
126
120
107
109
106
128
128
5
99
119
136
99
114
79
111
105
9
106
115
120
97
86
135
141
93
4
113
130
120
123
120
93
119
116
9
176
134
128
128
127
100
151
108
10
157
114
105
128
130
128
108
106
6
116
64
107
142
115
150
107
92
8
98
144
86
151
131
102
129
107
4
51
118
143
116
80
154
114
76
4
106
142
104
114
108
113
135
121
8
119
74
131
106
152
136
122
100
2
117
87
107
115
135
139
85
109
3
108
99
94
124
131
80
97
106
10
131
134
120
126
115
135
111
154
1
91
154
106
106
87
73
133
108
0
114
115
111
109
148
101
120
94
7
153
161
109
155
115
83
112
130
9
96
138
113
78
139
130
121
142
10
112
39
111
177
133
78
128
120
3
112
150
68
104
129
120
112
92
2
108
95
91
147
99
89
146
132
5
146
86
85
118
109
90
113
104
9
140
148
117
114
121
111
124
131
3
153
124
98
90
115
128
102
112
2
137
87
92
112
140
141
84
107
2
135
92
118
77
147
120
120
128
7
121
120
115
143
110
142
136
108
4
135
114
93
95
112
129
98
94
0
94
101
103
87
126
125
121
114
7
136
98
87
92
126
108
134
132
8
135
145
146
119
125
95
115
130
1
131
136
169
135
117
103
103
135
6
120
117
128
102
93
140
112
122
6
115
117
103
94
111
101
120
127
8
95
131
103
94
157
136
105
120
4
124
124
134
122
125
121
128
127
0
61
111
82
129
103
113
113
130
10
103
92
110
142
133
144
142
112
6
127
122
121
137
101
115
109
120
8
143
100
101
105
142
135
116
107
5
140
133
124
110
114
128
116
128
1
134
78
114
77
129
143
124
141
10
139
132
86
125
119
121
121
141
2
104
122
118
120
110
121
114
126
6
138
128
108
119
98
100
140
123
8
129
120
86
146
124
121
90
101
9
106
127
77
105
130
110
159
99
1
103
113
100
87
127
101
142
136
9
130
109
102
116
85
145
143
94
1
102
100
140
117
73
106
72
99
1
110
113
85
107
115
86
116
127
9
99
129
109
125
97
93
114
119
8
140
104
106
118
93
138
129
125
1
136
133
151
148
145
100
118
131
2
97
126
108
121
100
93
111
118

