8
5
4
10
2
6
9
1
8
17
4
10
9
6
10
2
3
6
14
2
9
6
8
5
7
1
4
145
160
124
110
95
98
166
92
4
142
115
107
79
110
102
123
126
7
85
125
138
163
120
135
129
109
3
98
132
133
126
118
141
113
127
5
114
136
60
133
114
139
117
116
4
133
126
114
130
129
138
159
120
7
105
148
119
128
115
81
162
132
6
123
101
122
134
142
153
101
109
8
86
136
128
94
116
108
107
103
7
95
100
113
100
113
125
140
142
8
103
155
108
131
134
84
120
153
2
112
97
94
113
143
93
93
114
2
112
120
129
145
127
87
148
119
8
113
111
126
112
121
123
150
141
10
136
112
134
112
152
96
141
114
2
126
134
111
88
122
129
85
120
6
111
96
137
62
117
83
120
135
4
138
125
95
121
104
116
109
128
0
94
99
128
121
100
110
108
77
8
93
162
99
168
119
137
96
91
6
93
121
104
114
119
135
139
106
1
112
89
111
127
122
126
126
171
9
133
126
110
115
122
99
122
102
4
142
115
117
98
134
114
86
122
1
130
100
118
165
124
140
111
126
10
126
132
111
119
143
107
126
87
7
88
142
106
93
107
106
105
122
6
109
128
94
108
140
107
87
144
1
139
113
163
144
86
115
134
88
1
145
132
111
137
138
106
128
100
5
127
83
133
135
111
131
102
113
4
141
114
106
118
126
141
109
157
1
105
107
100
120
96
88
176
107
5
86
107
120
112
119
99
146
127
2
128
94
133
128
135
100
115
136
3
106
124
132
82
142
143
102
128
1
136
116
130
152
93
128
121
96
5
88
49
97
145
137
98
145
127
8
136
111
99
143
133
131
113
128
6
98
115
126
151
124
117
122
115
9
107
93
139
138
121
107
94
114
8
100
108
109
97
122
154
95
112
3
137
141
107
108
63
107
128
105
4
103
123
107
85
125
111
129
120
2
136
126
106
156
94
105
112
126
1
92
119
106
142
147
94
126
159
9
114
106
163
72
116
134
156
156
3
121
132
148
111
100
102
74
156
8
97
146
77
78
85
78
110
112
2
121
106
107
122
92
119
149
112
9
106
136
122
97
86
111
105
149
5
110
98
120
120
123
124
72
87
2
86
149
107
101
89
121
127
119
2
133
107
134
110
85
130
104
106
6
129
100
115
123
129
114
134
149
1
121
118
143
115
87
88
94
127
2
100
145
112
118
128
135
123
95
9
131
141
75
120
136
87
76
87
3
126
115
114
112
100
120
128
82
2
124
106
90
113
106
121
106
105
6
92
85
126
105
113
159
126
112
9
82
106
139
84
126
146
106
135
4
99
77
129
81
120
116
115
132
4
123
82
127
91
139
138
97
114
10
138
110
129
85
129
106
132
127
9
133
152
116
112
128
120
120
135
1
116
131
119
104
117
89
107
91
2
126
128
86
111
134
149
128
128
4
121
126
92
101
127
149
62
100
4
108
106
116
135
115
149
105
144
4
107
114
116
106
112
137
121
78
10
120
85
121
116
93
78
163
157
9
103
125
124
107
128
51
100
115
7
99
163
121
131
136
114
134
123
8
120
110
111
100
117
119
92
109
0
117
149
121
127
86
128
113
146
3
146
127
95
132
72
109
139
98
6
117
85
130
124
120
126
128
125
10
129
105
145
107
105
116
114
91
3
113
118
123
112
133
98
114
104
4
89
154
111
117
127
85
144
120
4
149
98
137
110
127
137
104
134
8
119
114
85
135
140
139
164
107
4
50
145
102
120
73
120
103
88
9
111
123
150
114
113
125
115
87
10
133
86
141
112
131
113
147
107
1
133
102
113
153
122
110
131
114
4
115
70
76
106
122
140
114
142
2
105
137
127
96
127
94
144
99
7
112
91
160
121
124
111
94
138
9
138
130
120
126
90
93
120
153
6
105
108
137
128
111
101
126
114
10
141
93
83
140
117
136
99
136
7
122
116
99
108
146
149
137
73
3
105
113
133
138
103
113
133
94
9
107
71
91
100
107
130
99
116
8
137
106
132
129
89
121
135
103
7
101
130
139
106
108
110
138
121
9
139
90
97
93
114
113
99
71
6
117
111
121
99
112
121
142
87
4
127
100
134
142
135
115
128
157
3
106
108
103
114
119
101
129
118
5
125
136
105
118
121
97
114
119
4
112
129
119
128
123
119
150
114
9
131
157
86
107
114
127
136
150
2
114
113
144
143
97
147
140
108
8
124
150
126
128
115
116
100
118
4
103
115
113
77
131
113
111
100
1
106
140
100
117
130
142
113
128
8
122
103
106
62
140
120
136
121
9
99
107
141
101
114
119
101
115
9
107
114
92
128
113
78
127
154
3
131
114
110
93
122
143
109
113
2
147
108
150
121
147
122
120
140
6
134
112
128
141
103
148
123
132
9
100
113
122
117
120
121
87
93
5
101
117
149
137
122
93
134
129
1
128
108
97
133
111
109
126
125
3
107
114
134
105
104
145
162
117
7
99
99
131
108
134
126
109
126
2
133
127
87
96
109
103
88
82
6
117
134
99
113
115
98
122
112
4
92
121
101
127
102
115
108
87
1
124
107
78
133
108
136
143
101
9
103
87
115
107
145
135
93
141
2
120
89
120
142
124
150
135
105
8
118
101
126
81
118
123
101
127
6
95
141
128
112
118
111
116
80
9
105
120
107
104
104
50
109
102
9
118
106
105
104
131
135
83
99
3
145
115
122
108
135
78
118
106
2
103
101
92
114
127
106
95
113
0
131
142
149
116
140
131
102
131
4
83
156
137
134
116
140
100
113
4
99
120
140
108
120
134
107
141
2
200
110
160
141
128
127
164
117
5
136
111
124
104
153
107
109
99
9
107
108
133
113
106
127
98
149
6
73
92
141
104
148
114
99
122
3
104
121
141
108
106
122
132
126
8
132
131
132
113
115
107
108
136
2
123
145
99
123
123
134
110
135
6
100
112
135
143
131
149
115
89
9
113
119
131
97
138
92
92
127
4
116
105
112
115
72
127
134
136
4
100
109
87
119
133
124
89
126
2
128
101
114
141
127
125
141
116
8
132
103
156
86
101
93
105
132
10
127
101
92
89
106
106
128
82
9
112
88
135
106
97
111
115
125
4
133
154
130
143
92
105
122
84
0
146
86
142
149
85
60
142
124
2
94
122
93
114
133
121
114
127
2
103
92
106
107
110
99
149
105
6
107
99
115
119
161
135
126
137
8
106
130
103
118
171
113
94
138
4
107
138
138
142
131
107
101
120
2
100
125
106
93
127
98
92
155
3
127
92
140
80
153
123
131
135
1
113
126
112
156
126
120
120
108
9
84
122
104
113
148
126
138
140
1
123
170
133
118
138
147
110
138
5
155
138
105
126
117
97
126
126
9
71
79
108
145
119
141
125
146
0
138
99
114
124
128
125
106
105
2
108
104
130
142
122
111
104
101
3
100
107
121
126
117
114
109
153
6
88
110
156
97
109
129
93
87
10
78
105
116
122
134
95
135
102
2
105
126
96
113
113
126
120
122
2
131
99
106
157
145
148
136
139
1
138
114
94
121
134
126
125
114
6
107
124
107
131
125
122
126
119
5
129
107
142
61
109
127
137
97
1
100
87
87
131
136
133
113
99
8
121
124
127
148
138
85
120
113
6
104
88
161
93
128
115
138
129
10
99
96
122
135
119
119
155
94
9
105
91
101
127
106
91
105
119
1
141
92
116
111
113
120
83
105
5
157
128
150
87
84
136
132
154
4
113
127
125
112
71
105
120
135
7
134
147
133
106
106
89
120
100
8
114
88
143
113
117
126
131
108
9
73
108
118
105
131
83
89
119
4
95
116
82
116
86
111
136
128
9
110
162
107
117
114
128
104
120
5
121
78
97
105
121
112
120
104
4
101
149
94
133
130
133
124
135
5
97
94
115
128
109
120
116
141
9
84
124
134
120
134
141
126
99
1
106
94
141
111
114
141
100
157
6
100
106
96
94
93
163
155
127
1
120
133
111
95
122
90
110
113
5
122
76
115
108
119
115
143
117
1
112
127
104
136
135
98
103
118
3
139
93
143
105
96
126
129
106
2
116
136
92
142
107
163
116
106
3
121
138
120
113
115
72
135
104
3
124
133
107
116
123
116
152
106
3
110
125
114
134
113
122
113
108
0
138
127
134
107
129
82
132
114
0
92
100
141
138
119
156
107
121
1
127
123
104
140
113
109
119
135
7
125
85
127
92
109
140
126
128
6
103
132
101
109
118
103
107
80
10
131
113
110
163
108
82
122
134
5
123
153
120
85
116
108
143
107
5
97
77
126
153
104
77
135
151
1
155
114
143
85
121
116
118
145
1
125
127
69
100
116
112
129
134
7
120
122
95
124
91
72
125
125
8
120
105
127
100
97
118
69
112
0
112
135
115
168
132
96
156
133
1
126
117
117
96
130
112
109
85
3
118
99
94
126
103
162
125
117
2
120
126
119
108
120
128
119
138
6
87
146
154
114
124
122
128
130
3
125
119
111
140
133
110
99
98
10
117
113
92
101
126
107
124
109
3
121
94
92
141
89
147
103
130
9
122
131
121
99
108
96
96
115
5
124
81
114
101
142
114
135
119
1
141
133
129
125
119
105
122
113
8
111
98
139
122
115
97
70
114
2
111
86
133
86
132
113
125
122
2
86
106
131
93
121
120
79
114
6
64
104
115
139
149
137
133
147
2
103
92
108
133
142
107
182
127
7
122
146
92
92
106
150
143
121
8
123
113
106
78
146
121
115
73
6
135
106
120
114
81
137
134
164
6
125
101
81
146
130
135
154
110
5
120
102
90
100
92
106
109
99
0
93
113
76
135
125
95
161
114
2
99
132
98
114
115
127
112
147
7
93
160
86
101
148
118
106
128
2
105
138
141
135
70
122
128
104
0
114
97
124
102
145
135
111
141
5
132
112
107
116
130
131
118
107
7
122
106
153
91
119
141
88
148
2
103
101
121
111
91
145
103
128
4
126
113
116
79
141
144
113
119
5
147
137
100
119
111
128
112
155
5
117
98
111
114
139
125
124
92
3
126
68
95
135
119
129
105
120
5
108
91
90
120
135
139
92
134
3
105
68
128
113
141
86
109
73
4
112
133
87
112
128
93
109
112
6
137
138
120
103
118
100
137
119
5
130
111
106
161
92
93
147
129
8
124
89
148
130
134
114
126
121
7
137
155
106
101
116
146
137
126
6
117
129
109
156
114
118
164
74
1
121
135
124
137
100
103
140
88
4
121
139
113
119
97
108
143
112
1
120
154
86
127
126
142
133
107
2
124
113
117
107
100
102
108
103
4
94
91
139
92
125
132
131
162
4
124
163
107
102
82
105
125
111
1
117
117
107
134
122
134
142
85
4
149
122
89
135
120
135
115
108
7
132
96
129
154
101
151
99
132
8
132
86
75
156
124
117
125
132
0
126
112
69
161
140
141
99
139
3
134
106
121
124
145
129
132
104
0
130
71
106
109
134
78
95
133
2
120
141
76
134
124
88
145
113
4
143
140
155
120
116
77
109
118
3
160
104
117
128
128
123
117
92
3
101
135
119
133
149
146
84
112
4
141
94
147
135
121
112
113
115
6
114
100
114
107
155
108
140
121
4
121
138
126
154
124
141
121
116
8
99
112
137
126
134
99
142
124
9
142
120
131
100
97
112
101
119
10
170
77
90
85
103
107
103
130
2
134
168
102
101
119
120
131
142
2
90
134
79
114
100
121
129
121
2
127
134
129
133
108
125
128
126
10
146
131
135
89
84
122
125
133
5
123
154
113
79
114
103
119
110
9
113
98
163
141
105
112
86
129
5
79
117
129
100
117
91
97
121
7
169
122
133
105
116
67
142
147
5
118
128
171
115
122
126
92
126
3
140
118
105
148
111
107
100
74
9
128
82
99
122
121
164
124
120
9
119
121
106
106
91
107
74
121
3
134
121
108
123
140
94
140
135
6
105
120
121
92
79
107
114
129
1
135
142
113
98
112
65
112
127
8
103
81
99
133
117
140
127
114
6
153
118
114
89
111
96
134
129
5
121
126
67
145
127
171
122
85
2
135
130
102
130
136
134
155
141
4
108
114
101
118
126
132
116
149
6
71
109
122
111
143
86
126
135
6
106
109
131
120
86
150
113
91
6
129
134
98
114
95
96
149
92
5
149
114
111
140
104
115
114
101
2
89
135
115
126
85
108
119
135
8
127
139
116
135
102
113
145
127
8
88
149
106
121
98
147
150
108
7
112
145
119
133
98
91
117
141
3
99
121
115
148
133
158
125
121
9
124
118
114
118
89
93
117
106
9
129
106
151
122
149
89
118
120
2
84
100
133
131
148
114
128
128
6
143
112
122
120
150
148
133
136
9
110
139
100
143
137
116
107
96
6
114
123
90
116
136
120
100
98
10
140
100
121
121
123
112
123
105
5
119
112
115
87
177
130
116
107
6
105
144
85
95
80
145
137
110
4
121
91
117
91
103
103
127
136
3
107
132
118
121
136
154
132
88
1
118
94
129
126
134
121
134
133
6
169
135
121
106
114
129
108
65
3
120
147
114
133
140
111
90
110
7
100
110
132
100
114
100
113
126
0
106
128
98
105
128
153
174
101
7
107
121
112
120
116
121
113
111
8
94
125
98
105
146
97
133
141
9
90
134
89
143
122
99
98
109
6
129
150
114
141
60
103
142
142
6
117
108
132
122
143
102
133
114
8
162
105
113
92
99
92
78
135
6
115
134
88
119
100
99
87
130
6
107
97
122
146
101
120
127
127
8
140
141
175
105
134
138
102
128
4
127
149
162
109
123
111
118
106
4
141
119
94
104
114
148
73
131
5
120
110
92
114
114
134
136
150
4
91
142
122
127
135
103
128
141
9
163
122
136
111
123
117
127
85
3
108
128
119
122
122
104
143
119
10
106
102
82
134
112
151
153
134
5
120
129
108
94
132
129
98
137
6
105
98
134
94
126
133
112
129
5
114
108
103
163
142
92
141
90
9
124
99
139
135
120
124
132
121
3
99
125
103
150
86
120
110
80
6
93
144
113
142
111
131
125
127
9
76
124
101
101
95
107
142
126
9
121
126
125
109
128
123
130
91
8
124
106
68
128
92
107
108
91
5
83
138
96
122
114
62
125
108
2
101
119
100
127
108
121
94
80
7
140
83
99
127
105
127
131
72
6
78
118
97
115
138
95
101
136
6
103
113
130
101
96
115
105
91
5
97
126
146
101
115
106
113
109
8
99
136
126
109
134
112
138
144
4
144
114
120
105
133
103
124
133
0
117
106
128
93
134
123
127
121
1
135
101
115
90
111
125
149
97
5
107
128
106
84
121
107
112
100
10
86
146
124
93
77
96
96
93
8
157
122
153
128
123
131
105
132
2
116
134
103
110
90
92
103
115
1
139
124
116
118
95
133
89
125
8
121
127
107
126
156
86
119
107
8
122
113
88
143
137
154
133
127
10
102
122
70
110
141
96
107
144
6
131
163
166
121
108
135
127
134
9
107
106
99
128
148
106
143
107
1
122
110
129
142
114
100
99
77
4
108
124
107
101
93
125
136
110
4
123
148
133
134
117
127
137
125
2
99
103
112
123
120
113
91
141
10
127
131
86
122
122
126
106
127
6
128
100
130
121
102
119
111
119
7
126
141
97
85
114
106
127
111
7
120
118
118
142
126
122
119
112
3
148
101
105
133
113
132
91
164
4
124
92
121
111
114
117
108
126
3
124
146
106
105
155
116
143
151
1
132
142
113
113
112
99
122
129
5
142
74
96
93
99
120
115
138
0
102
121
100
106
112
119
145
118
2
128
107
99
100
142
123
140
124
4
149
82
102
123
112
152
98
149
5
105
112
114
108
135
120
73
120
3
136
130
119
126
131
99
138
134
1
133
141
97
84
138
115
100
115
3
102
140
100
128
136
137
135
103
6
161
133
151
134
132
76
92
136
10
146
101
129
127
125
112
111
108
5
99
137
107
122
139
141
135
104

