17
6
4
0
3
3
9
0
2
11
3
8
7
6
1
7
2
1
15
5
3
8
1
9
3
2
7
107
92
100
106
121
113
125
152
1
106
150
95
123
86
128
139
142
6
112
145
105
101
141
113
92
114
9
157
100
95
115
117
127
129
109
0
63
95
96
95
99
147
116
85
8
95
118
126
140
86
105
63
89
8
144
104
101
124
105
153
146
141
5
128
121
95
141
80
106
150
131
3
81
148
113
87
115
105
116
105
6
131
136
121
119
116
92
101
149
0
119
125
141
127
114
150
97
108
4
91
126
101
126
80
133
84
112
1
105
101
114
99
121
136
72
110
8
121
119
114
86
135
125
141
131
6
104
99
116
135
142
112
102
132
1
132
125
129
149
99
127
113
120
9
104
127
107
113
106
131
111
156
7
118
133
100
107
77
132
132
119
7
148
124
142
98
107
125
108
103
7
99
100
126
120
121
82
95
95
7
115
158
120
140
83
119
84
96
7
133
120
149
123
131
130
119
149
4
115
121
97
126
155
124
87
118
0
117
140
107
126
126
94
121
128
1
104
88
131
78
123
91
121
114
8
126
123
116
103
137
130
128
127
5
101
121
120
104
102
148
128
120
9
119
148
141
119
106
122
92
122
4
131
147
114
123
63
128
111
131
9
97
106
120
111
110
121
113
113
4
124
94
141
108
129
135
115
104
3
131
112
122
126
128
113
133
139
2
114
107
74
141
88
93
113
106
5
132
153
128
135
147
122
123
110
7
145
117
112
150
149
122
125
134
6
128
65
142
119
80
91
87
106
4
110
142
86
98
128
89
102
90
2
118
179
150
132
141
114
134
109
9
121
120
113
90
154
172
143
123
1
150
81
148
113
92
100
87
87
5
125
159
130
116
127
124
129
104
3
163
122
114
105
75
106
128
139
7
74
113
116
116
106
146
106
115
6
128
98
116
102
139
101
117
113
4
108
129
136
131
140
122
139
116
3
107
124
149
89
121
100
119
121
5
96
127
132
108
95
119
108
150
5
127
104
133
149
154
94
156
109
8
127
115
110
100
156
96
115
78
3
124
125
82
127
96
120
143
82
8
135
97
93
94
113
99
110
140
3
160
118
145
109
131
149
115
85
0
120
116
77
140
125
90
89
99
4
147
133
122
121
104
94
112
115
1
150
121
120
127
106
100
122
140
4
124
94
92
108
88
129
130
115
1
126
120
115
124
133
111
98
94
6
117
114
127
125
113
88
111
129
7
138
142
101
101
86
127
101
138
2
104
139
128
100
102
136
95
136
3
116
111
99
139
106
107
108
102
7
139
113
150
145
91
156
105
114
2
127
122
128
113
152
91
118
100
7
95
96
130
122
87
84
99
72
6
136
85
114
108
137
104
110
112
5
92
136
118
100
125
108
122
109
3
156
94
98
131
127
98
116
105
5
105
84
106
120
98
110
115
141
4
146
125
134
134
135
122
121
106
5
120
113
107
92
92
125
159
98
0
89
124
110
127
109
120
107
93
6
143
98
92
126
100
108
143
118
0
114
170
99
117
100
141
103
127
7
84
113
126
98
107
96
140
98
0
112
120
189
133
120
155
145
79
0
115
73
80
96
114
147
73
137
2
128
96
149
93
128
137
114
129
2
137
134
117
140
87
91
93
130
9
117
119
105
125
71
148
91
93
2
140
113
98
105
53
132
115
108
8
114
126
128
97
82
113
123
118
9
109
136
133
113
87
127
106
136
5
119
133
98
135
141
107
156
100
1
114
115
120
140
118
124
182
95
9
122
179
136
113
126
128
143
99
3
139
93
115
102
109
85
91
141
3
95
116
139
119
119
173
129
87
7
146
115
130
130
124
101
113
114
2
104
101
106
100
117
157
105
85
9
129
112
73
111
105
129
140
136
7
90
107
101
121
102
164
120
132
3
134
143
111
104
80
117
101
150
7
163
108
126
94
103
111
116
134
2
119
85
141
130
113
176
141
99
5
113
120
132
121
92
88
162
135
1
96
114
122
105
133
98
118
104
8
111
138
79
99
110
80
106
98
9
141
125
114
113
128
103
126
114
6
85
99
85
98
99
73
121
152
3
89
91
139
75
114
120
141
114
6
112
142
102
121
134
101
125
106
9
122
103
124
147
84
128
126
126
2
112
128
114
102
100
125
125
111
5
98
127
122
135
121
135
84
151
3
107
87
128
129
107
148
124
78
9
91
153
131
101
99
113
92
117
8
122
129
118
71
127
119
109
131
6
137
86
117
106
115
136
134
110
8
143
77
102
136
81
128
127
129
8
147
136
87
81
124
112
121
127
0
131
132
106
121
91
147
128
131
6
99
123
133
124
127
139
125
100
4
121
120
83
124
113
120
91
115
2
100
91
100
123
94
109
103
122
6
114
77
81
143
125
136
100
100
1
70
92
155
154
126
114
100
98
5
110
104
146
112
124
115
120
143
2
108
134
141
115
120
112
150
128
4
98
97
94
131
122
99
103
114
4
84
100
86
90
77
113
114
131
7
113
92
131
101
149
123
117
141
10
142
89
119
75
120
141
105
111
1
131
107
113
79
108
143
59
116
5
87
112
101
126
86
113
106
146
5
111
119
110
149
112
142
136
100
2
98
101
118
93
142
110
161
79
3
95
131
113
121
128
122
145
121
4
120
124
115
95
86
136
119
95
6
113
137
94
114
121
135
117
116
8
136
98
130
72
141
108
129
98
5
78
127
109
106
144
111
108
137
4
112
144
107
156
115
104
136
121
9
123
117
107
118
133
133
99
144
3
114
119
120
115
107
121
92
146
6
116
78
114
102
127
156
96
156
2
67
141
141
106
129
131
132
88
1
125
134
121
98
112
113
99
100
1
113
112
129
153
114
110
93
140
0
130
115
100
102
114
114
118
98
7
127
125
111
100
132
145
127
100
3
129
128
98
116
94
86
73
88
1
138
102
131
124
113
97
77
128
2
127
99
123
109
125
127
137
96
9
151
99
111
97
113
134
99
101
5
160
95
118
128
119
135
149
99
3
126
101
122
142
108
115
90
106
7
84
103
140
103
116
93
93
113
8
99
131
101
107
94
127
135
105
3
100
122
116
113
130
73
126
157
6
99
149
122
124
112
116
121
126
7
159
121
135
110
106
125
148
124
4
156
88
127
120
132
133
150
97
3
121
97
127
78
149
163
133
113
3
116
121
110
117
108
109
118
120
9
118
112
116
111
106
140
121
122
9
104
108
106
101
131
140
112
102
10
127
91
105
95
122
155
144
109
6
142
108
105
144
101
116
126
124
2
99
117
141
145
112
124
105
113
6
107
140
115
108
120
141
84
122
1
140
117
104
148
142
108
96
83
4
134
142
105
126
140
107
128
92
1
114
113
108
101
122
129
115
141
4
72
113
152
134
101
133
84
115
3
136
97
78
81
121
118
113
143
9
115
128
122
118
130
166
152
89
9
97
86
134
149
140
93
107
83
9
117
108
126
85
101
113
155
114
9
131
115
119
145
135
137
92
87
1
114
137
102
100
111
82
100
72
6
152
132
100
93
94
154
112
138
6
79
113
113
110
120
147
163
127
4
109
122
118
96
114
118
120
142
0
148
127
114
101
136
157
77
131
2
127
93
156
136
119
113
109
112
2
66
114
130
85
87
72
104
100
1
107
122
107
127
102
107
99
121
5
121
102
127
99
107
108
120
120
5
114
124
118
128
136
123
91
97
0
136
136
123
114
116
162
152
124
4
84
105
114
131
141
121
112
92
2
108
78
140
145
140
140
123
114
3
78
128
110
141
118
125
127
113
4
63
129
149
66
87
141
139
108
3
100
134
163
156
84
124
99
157
6
112
110
144
120
111
71
136
99
7
154
137
134
135
130
134
113
136
2
113
120
162
127
114
121
120
132
8
95
117
104
102
104
134
106
141
5
97
67
140
133
114
149
121
107
4
85
126
125
129
151
121
86
120
9
96
111
122
106
109
113
116
105
4
158
93
124
173
103
113
116
78
9
103
115
107
105
126
141
116
120
7
148
56
98
129
116
90
111
107
9
92
99
116
124
150
114
128
103
3
159
86
137
142
102
110
94
100
4
114
121
129
134
112
105
121
112
6
125
129
124
112
120
139
77
124
7
112
97
122
137
120
121
113
124
5
110
106
89
108
134
121
128
108
3
117
134
84
101
141
85
91
111
1
119
135
137
136
120
126
142
123
6
109
85
121
56
120
120
105
127
4
160
140
161
116
100
132
113
99
6
115
114
130
133
128
108
77
125
6
112
136
91
86
99
118
86
101
1
129
93
105
105
120
174
123
120
7
150
124
141
111
123
113
92
118
7
93
87
98
110
160
128
134
101
9
85
133
98
125
77
126
98
85
3
102
94
101
92
127
154
102
72
7
92
120
98
142
127
148
90
115
1
108
124
79
109
100
108
113
85
9
142
127
95
96
101
136
136
133
6
116
102
128
112
134
108
111
89
9
135
102
121
112
106
117
113
157
4
77
85
98
114
122
86
122
140
4
92
107
123
155
111
73
153
129
4
122
140
127
115
115
115
120
89
6
149
110
88
129
130
99
136
127
10
108
132
113
102
108
149
110
98
2
121
149
123
123
109
117
128
171
10
58
92
128
133
112
85
139
99
2
94
90
121
113
91
109
128
97
3
115
118
113
120
105
104
114
115
1
113
121
97
117
98
91
107
170
9
135
146
131
100
136
122
131
129
2
114
110
99
101
106
116
101
136
3
106
121
112
140
121
137
127
123
4
138
124
92
107
99
87
86
130
3
92
78
105
109
98
141
107
86
0
85
87
106
100
116
114
108
147
3
164
128
130
108
118
127
101
86
5
109
90
165
136
129
152
96
119
5
115
85
142
121
125
135
121
115
2
132
90
106
93
116
120
119
87
0
120
102
106
89
84
156
152
80
5
105
142
96
136
147
140
114
147
6
106
103
97
128
96
124
107
138
8
115
114
118
122
139
90
135
116
2
129
92
125
129
132
89
141
134
9
125
122
115
64
121
117
122
100
6
121
140
65
105
107
110
121
153
2
149
137
120
60
130
130
88
128
1
130
101
146
113
117
105
109
120
3
122
117
152
108
81
115
87
121
3
106
106
103
114
91
140
99
118
0
121
118
86
98
149
129
114
121
4
126
117
142
113
106
128
120
108
6
101
116
118
124
84
101
133
100
9
105
148
61
84
152
131
96
131
6
109
102
102
138
99
100
127
141
5
144
115
92
141
139
130
120
143
1
123
104
110
124
177
98
93
120
5
96
71
121
144
116
118
113
99
6
113
121
140
109
148
128
94
113
3
132
123
134
113
117
100
108
115
3
117
157
109
131
158
116
111
129
7
101
106
127
137
99
132
110
94
3
131
94
127
129
103
112
118
129
1
142
121
125
117
86
146
132
98
8
113
74
134
94
106
127
104
136
1
100
142
132
75
121
85
88
121
6
76
103
112
98
128
112
117
125
8
88
109
95
93
77
157
87
133
4
135
99
128
93
111
159
129
151
9
159
151
91
81
121
104
101
147
5
116
129
98
114
158
107
134
78
5
150
114
132
114
125
108
78
127
8
149
121
142
110
135
126
100
93
2
138
117
115
116
145
154
129
93
9
92
105
121
113
134
93
84
90
8
95
72
121
143
121
136
66
131
9
132
135
152
139
137
136
111
107
5
128
97
129
131
89
127
97
122
7
99
122
123
122
115
95
155
158
8
120
130
89
128
128
113
108
118
10
108
112
121
81
101
113
141
120
6
134
134
140
120
129
128
128
145
9
119
107
139
132
106
107
94
107
2
145
101
127
114
116
91
122
102
8
127
76
131
128
95
105
127
129
7
100
140
140
109
143
110
138
113
5
122
92
102
131
127
108
132
121
3
74
114
113
131
137
110
115
128
4
127
119
123
155
122
65
127
112
6
125
101
123
140
154
114
164
127
6
130
118
80
146
145
107
143
121
1
122
115
119
115
118
84
85
133
2
133
129
106
100
107
105
130
104
5
113
148
124
93
157
154
92
114
5
140
138
93
103
108
122
97
127
2
127
147
109
148
103
128
100
105
0
143
115
143
128
91
123
132
151
8
101
104
105
114
142
116
121
145
5
125
109
150
115
125
102
108
115
2
138
115
120
83
113
103
128
94
0
122
105
96
120
120
110
115
77
5
129
81
102
127
136
100
121
113
1
104
120
115
136
90
148
122
59
1
125
142
126
106
121
119
110
133
5
118
110
89
132
141
108
122
113
6
127
95
113
111
141
108
103
137
1
114
160
133
132
117
133
98
134
0
123
128
120
134
118
118
127
126
5
101
115
102
119
139
128
99
145
9
115
132
74
156
78
132
91
112
3
131
96
113
89
120
122
86
132
4
135
153
112
101
117
140
95
119
0
134
80
162
122
126
84
97
124
9
110
99
103
126
121
116
118
107
2
106
92
117
161
95
134
98
95
3
134
91
109
146
140
92
135
134
2
92
126
123
118
149
134
136
89
4
141
114
123
105
105
160
136
105
3
150
132
93
116
114
109
142
137
9
113
94
145
139
94
100
116
120
9
100
140
114
119
85
137
121
113
9
84
114
105
147
112
113
141
116
1
109
124
153
133
133
153
123
157
5
100
80
96
81
120
87
124
95
1
97
128
95
150
114
126
114
99
6
127
122
100
128
134
147
108
107
5
130
124
111
91
128
109
114
113
5
78
85
144
132
108
100
129
136
1
105
101
97
113
92
77
107
150
5
147
136
114
97
111
147
142
99
2
113
132
125
106
120
110
97
118
2
105
117
156
119
110
143
100
127
5
151
132
112
126
117
116
135
113
9
111
127
104
115
108
99
121
85
1
127
102
106
108
94
142
103
102
10
121
142
108
127
127
147
109
105
5
98
109
93
104
107
136
145
99
1
129
117
94
111
156
138
141
119
10
137
136
111
166
109
138
135
99
2
129
91
127
105
99
107
110
149
6
115
138
133
89
105
138
115
96
0
133
121
126
141
107
126
98
106
1
105
107
107
119
127
140
113
128
1
107
85
125
85
104
78
118
129
6
101
105
122
111
135
118
129
144
7
121
131
126
114
113
123
103
113
2
124
100
161
139
132
150
154
107
3
161
106
164
136
94
120
123
75
6
114
126
106
99
95
138
125
65
7
86
84
114
121
77
127
114
99
7
92
142
108
150
129
101
120
119
1
128
130
128
89
122
91
100
159
1
78
100
126
134
147
124
115
107
8
99
133
132
70
124
90
88
132
3
112
123
93
56
117
137
126
113
8
124
115
123
127
125
124
100
113
10
145
92
118
131
93
124
118
99
0
138
99
126
108
132
157
121
105
3
68
125
121
70
123
118
112
101
8
106
119
148
80
105
133
73
128
3
119
119
135
162
133
137
116
96
8
144
105
107
107
99
121
107
102
3
94
93
161
129
126
153
105
136
8
137
112
107
116
107
128
89
95
10
119
123
100
92
160
99
128
150
8
107
110
105
113
128
97
142
106
0
100
115
125
89
106
123
104
113
6
122
119
94
109
105
100
141
135
3
81
121
122
113
104
128
99
133
0
130
122
130
123
87
133
92
95
4
100
92
114
139
101
99
85
104
10
133
107
98
93
150
58
136
104
6
141
87
156
117
137
104
98
102
2
91
137
119
144
116
137
157
93
7
125
112
115
116
108
88
121
96
1
135
92
142
116
124
82
65
129
8
92
145
104
99
135
112
91
85
10
115
112
123
127
106
149
145
99
9
124
91
103
112
117
79
102
97
10
102
130
113
122
133
131
104
100
3
126
113
119
141
139
86
131
155
1
134
100
111
119
122
122
127
142
4
122
95
113
114
133
99
113
99
0
108
117
114
132
152
109
116
119
9
113
92
119
120
124
140
98
144
8
121
133
107
104
106
104
135
134
5
63
109
112
113
116
82
73
136
7
118
137
150
157
150
154
109
101
0
126
119
133
120
149
107
98
91
2
133
115
135
128
84
118
104
85
7
132
108
113
87
129
150
127
97
6
128
114
131
128
145
115
96
90

