10
10
3
2
7
7
6
3
4
10
0
6
7
10
6
1
1
7
13
10
7
4
8
1
4
4
5
107
127
126
121
118
102
88
135
10
126
117
93
99
118
148
97
92
9
81
148
92
103
108
129
107
105
2
123
136
114
106
139
87
103
73
3
117
114
110
140
119
85
128
128
9
132
121
118
157
114
129
86
119
7
107
125
101
78
114
65
120
114
3
145
79
71
114
97
143
103
108
10
109
111
98
134
112
121
134
114
3
162
128
129
103
111
111
131
129
4
102
170
108
142
102
135
118
94
4
113
122
109
174
100
111
111
105
10
92
133
99
117
113
118
126
83
8
98
101
112
79
82
142
125
142
1
136
160
97
110
132
140
89
137
5
128
126
141
92
104
99
85
144
9
119
97
152
171
144
124
142
126
8
113
104
77
129
104
71
127
97
8
115
115
148
112
107
137
141
134
3
120
140
111
120
144
121
131
146
4
76
128
124
97
119
113
86
143
2
108
122
142
106
107
126
85
130
6
135
130
131
127
80
101
135
128
8
109
65
127
125
134
132
148
108
3
138
111
80
145
92
94
116
134
6
86
106
120
85
147
129
126
72
6
132
83
101
113
136
87
141
129
1
113
119
143
140
133
126
116
104
6
115
112
101
99
115
113
133
114
10
177
101
114
128
94
108
120
152
7
118
115
103
143
92
99
128
104
7
100
107
97
71
119
142
115
105
8
112
109
109
126
100
133
71
151
7
101
120
125
131
105
140
126
97
1
136
128
105
134
156
127
112
102
8
102
120
78
136
70
92
109
79
4
125
112
114
162
107
118
142
127
2
148
98
105
93
109
128
87
115
7
86
100
122
128
112
141
112
89
8
106
148
135
111
101
104
106
104
6
102
91
136
94
113
115
148
92
8
99
85
136
120
128
150
114
108
3
119
129
133
129
120
81
87
104
8
84
121
118
119
115
115
121
146
7
114
118
102
110
114
129
112
103
2
84
145
128
115
123
91
99
141
8
129
135
110
128
122
124
128
157
10
108
115
143
101
173
105
129
148
3
92
90
120
100
115
120
148
120
8
100
112
104
111
133
162
90
122
7
131
92
80
98
119
162
114
78
6
132
107
178
145
153
92
109
85
10
90
147
134
116
101
105
90
142
0
101
114
116
155
121
101
78
156
9
147
121
112
118
142
129
93
155
9
135
135
134
115
77
156
124
123
3
113
122
99
96
135
129
123
108
5
99
116
91
66
114
110
113
74
1
100
102
167
118
121
106
96
123
8
132
73
140
116
101
134
108
129
3
137
80
137
149
91
107
100
134
4
117
108
119
122
113
139
112
112
1
100
161
100
149
107
130
131
96
8
121
110
130
125
130
91
134
129
7
92
133
105
153
88
111
124
170
4
119
129
139
142
107
138
123
117
8
108
112
151
129
91
109
95
129
10
133
122
98
124
106
90
143
86
2
139
127
132
106
120
164
133
113
7
122
115
137
144
126
136
126
102
10
124
100
127
126
101
154
114
135
7
127
113
94
112
119
102
94
112
6
136
125
91
93
146
98
138
129
8
97
121
115
111
137
96
123
131
1
82
151
128
120
123
120
93
127
4
128
146
96
121
107
113
141
140
7
107
138
142
156
119
137
126
86
5
132
122
78
101
89
128
107
120
0
105
108
119
114
95
91
106
119
2
137
107
136
116
117
168
91
127
4
108
87
100
149
153
129
100
120
6
92
148
100
113
102
90
134
160
1
121
107
121
129
120
148
104
120
9
111
98
113
126
85
88
126
128
6
112
80
94
107
64
129
113
147
2
93
126
128
125
114
127
72
132
0
102
123
135
101
117
92
152
150
2
135
116
112
113
156
100
71
99
4
146
128
136
78
64
93
118
105
9
104
134
135
151
132
127
98
126
8
126
113
134
84
125
130
79
113
6
122
106
107
105
139
142
97
129
6
148
99
127
125
127
107
144
92
9
93
141
102
119
120
101
64
111
9
128
82
116
108
122
107
132
100
2
115
135
121
77
110
114
140
135
2
93
97
132
106
82
105
81
104
2
110
120
147
96
122
129
101
140
4
121
127
141
90
129
90
118
126
7
68
92
115
136
79
121
92
93
3
109
124
93
121
105
86
129
107
9
124
140
68
129
110
119
77
135
3
105
148
80
89
125
120
122
72
4
128
87
78
158
91
123
142
140
2
92
133
119
113
121
95
87
134
6
108
109
87
111
63
115
109
129
2
118
140
107
126
149
125
92
94
2
130
100
121
114
123
115
164
92
1
84
107
127
126
80
126
100
129
4
119
80
88
111
144
100
119
105
4
115
119
102
138
120
125
105
138
3
72
136
127
127
121
171
128
98
5
109
99
104
103
175
95
111
134
4
79
138
129
126
129
121
102
94
5
141
110
137
136
130
119
126
75
8
125
108
107
128
126
86
157
105
5
121
108
110
106
135
110
87
111
5
92
122
97
110
132
114
105
128
4
112
108
115
113
130
162
99
114
9
91
128
175
110
127
125
139
125
5
120
122
130
138
135
104
116
100
6
95
126
130
145
86
141
133
116
5
111
97
134
129
108
113
111
122
6
139
140
109
100
88
71
91
100
1
125
113
113
109
107
114
118
71
5
87
125
148
127
108
136
135
113
8
133
113
108
127
145
140
136
140
3
122
134
99
134
110
104
117
128
7
99
66
122
117
140
109
90
119
7
83
148
122
123
83
105
111
122
8
129
120
90
156
119
109
127
121
5
93
121
124
100
114
137
100
127
2
84
101
106
104
98
104
113
109
1
108
116
143
115
116
128
120
127
9
105
100
77
115
121
175
98
126
2
114
107
127
92
147
85
106
98
8
97
123
148
105
103
180
127
113
8
103
132
120
92
92
116
107
93
7
130
99
122
164
161
123
120
139
9
112
122
120
127
135
103
139
110
9
95
133
105
154
79
143
97
128
8
112
143
110
134
123
85
155
120
3
143
120
122
113
131
142
129
106
5
142
127
99
134
127
108
127
107
6
128
125
106
148
141
143
120
108
8
138
101
105
148
109
99
134
98
4
150
113
112
80
78
96
100
154
3
91
113
95
110
126
136
135
108
7
124
75
61
97
124
141
117
131
4
134
109
91
101
120
85
101
114
7
111
111
128
85
136
128
130
108
8
115
142
113
130
92
117
80
122
7
72
128
142
95
122
123
122
99
0
112
119
108
118
116
93
119
105
2
134
121
114
114
135
86
140
112
10
126
63
122
140
100
91
97
125
9
102
108
117
122
119
134
153
95
5
99
126
93
131
102
105
103
138
1
127
118
75
131
102
126
71
128
10
144
88
79
123
84
99
77
125
8
143
90
114
116
78
124
99
106
3
140
123
92
100
148
137
119
113
6
112
105
77
111
109
106
141
133
5
117
98
96
112
98
112
110
88
5
124
155
150
134
91
78
108
113
6
61
97
115
114
103
126
141
128
9
129
127
114
123
142
104
132
125
10
120
149
110
77
112
108
84
96
5
116
152
137
105
145
104
120
117
4
108
128
86
120
97
100
120
127
1
142
88
103
78
126
142
141
146
3
93
146
108
142
133
128
91
150
8
110
106
119
105
97
107
110
115
1
148
162
116
129
100
117
114
109
2
136
125
114
103
129
106
147
123
6
99
134
96
120
99
101
106
87
3
136
153
120
99
97
165
145
124
4
99
107
84
118
81
125
104
131
9
89
142
90
92
100
118
132
117
4
103
94
128
113
108
90
108
119
2
150
143
120
111
123
127
104
133
9
150
123
120
136
95
136
111
108
3
148
84
161
86
110
145
140
150
4
107
101
114
135
121
130
86
96
1
113
179
131
117
106
114
109
106
1
94
128
94
123
108
130
137
120
4
132
135
105
131
78
92
132
134
6
83
114
156
136
99
127
147
88
5
123
88
108
112
101
107
123
142
6
130
129
127
87
94
91
93
57
4
144
131
101
154
119
115
79
123
1
115
146
102
126
127
112
98
95
3
120
168
85
98
115
150
123
90
6
118
130
132
77
100
122
104
106
8
104
97
112
106
114
129
135
78
4
128
121
127
140
125
136
135
98
0
111
105
101
95
146
114
112
106
6
130
103
117
125
136
92
122
105
5
84
112
123
136
109
125
169
122
0
128
114
106
143
88
146
119
85
8
122
102
112
89
157
142
105
142
9
83
108
121
99
136
129
98
108
2
114
112
101
125
99
127
130
121
4
94
64
101
133
123
100
105
101
2
119
95
106
128
106
92
141
110
7
146
105
98
81
60
140
130
108
1
122
122
78
109
118
127
91
119
6
139
115
114
109
106
107
94
109
4
142
135
127
112
97
156
127
141
5
131
127
136
110
117
111
147
110
6
113
139
122
101
112
93
75
94
9
113
93
166
113
119
123
115
115
7
107
124
102
84
129
142
108
138
0
133
132
122
132
109
105
100
140
9
139
114
151
121
167
116
124
151
2
116
134
137
121
128
99
168
122
6
110
102
132
123
78
103
157
108
5
160
116
148
101
121
114
145
141
8
150
124
105
134
133
100
121
140
5
96
88
114
96
114
128
111
106
4
142
137
80
93
127
97
105
109
4
166
111
74
108
106
114
121
128
6
147
133
129
143
110
122
112
111
6
101
114
98
142
108
131
96
143
5
86
126
85
125
129
148
89
142
3
99
114
118
136
117
137
87
102
5
110
115
128
87
135
71
119
93
1
93
144
113
146
136
105
147
133
7
112
131
143
109
115
112
99
141
4
78
118
115
119
127
110
127
115
7
128
99
66
112
100
99
111
114
10
112
93
127
113
131
127
113
131
2
128
121
84
141
92
117
85
150
5
148
100
58
129
119
149
131
91
6
113
70
93
103
100
127
133
101
2
133
149
162
113
124
102
149
135
3
109
114
122
126
119
98
139
112
8
100
116
128
92
107
142
72
72
1
92
105
106
121
113
152
109
122
5
126
92
101
128
122
157
134
82
0
121
114
102
113
140
120
101
85
9
121
110
97
124
93
101
93
113
6
155
122
134
117
138
100
121
115
2
127
99
114
86
105
128
143
109
4
112
158
109
138
121
127
129
96
1
114
127
139
142
100
139
124
106
7
120
138
149
123
95
120
122
129
10
118
67
107
125
106
128
135
106
6
91
91
100
106
107
94
103
118
10
121
99
138
147
121
107
93
144
8
96
147
113
148
140
135
120
127
4
113
114
124
129
75
107
90
141
10
145
132
154
127
92
149
121
109
10
120
82
121
121
115
147
79
132
8
141
126
95
100
121
98
128
104
5
132
140
112
116
149
113
133
107
9
72
81
142
85
122
104
127
71
9
144
104
137
91
113
106
113
122
1
112
147
124
88
120
148
139
115
9
122
108
88
113
121
138
136
96
5
102
114
103
133
142
99
78
119
6
140
91
87
105
112
134
129
126
3
143
130
135
102
103
127
127
121
10
92
104
92
142
92
157
88
156
8
115
97
71
131
115
150
78
93
1
142
125
95
80
147
111
107
84
6
130
99
112
129
129
143
113
111
2
99
145
101
71
125
88
123
90
2
134
154
136
115
116
112
124
128
7
106
115
83
107
99
78
113
82
8
128
100
92
102
116
119
122
120
4
140
125
134
142
128
121
126
132
6
157
163
124
134
124
119
97
125
4
125
107
124
109
134
120
145
183
1
93
122
156
127
122
91
107
100
8
93
123
114
135
108
157
111
80
8
90
126
72
150
91
112
136
93
8
90
135
79
86
123
162
94
138
3
107
115
138
98
129
114
121
122
8
121
121
136
131
86
116
147
104
7
145
86
131
67
147
122
124
110
5
107
159
94
104
122
133
102
158
10
107
82
84
129
132
141
124
113
1
109
159
148
139
79
91
121
92
6
130
118
150
121
126
118
134
154
10
80
153
73
110
114
116
111
114
1
71
126
128
93
106
99
103
104
4
107
159
136
136
127
117
139
140
2
106
88
122
83
85
122
117
107
2
119
112
120
126
95
129
136
113
5
101
155
104
127
107
125
132
131
9
112
110
121
159
127
129
121
126
3
90
112
110
143
124
122
117
124
8
109
115
135
87
122
157
113
106
8
107
112
124
118
113
109
135
121
7
113
88
104
114
139
96
135
107
7
143
114
111
107
152
116
112
128
10
112
132
120
120
114
86
105
105
2
84
106
107
106
148
122
107
142
2
138
82
110
145
101
124
120
142
5
116
149
112
78
83
140
150
162
4
125
117
81
117
98
115
101
126
2
113
126
124
95
142
107
78
131
9
122
159
120
111
118
92
135
120
1
104
110
134
170
125
101
108
117
0
128
91
122
156
159
113
122
123
7
103
95
109
89
94
93
127
126
5
106
114
126
104
76
107
141
75
3
87
101
102
102
106
111
108
80
5
120
118
126
105
127
106
112
102
4
124
70
101
111
122
119
108
136
5
88
127
98
118
116
111
118
129
6
108
153
86
101
103
107
109
121
3
118
116
114
80
122
128
92
114
6
143
110
110
121
116
113
125
109
5
86
112
114
134
114
134
125
105
7
110
101
106
114
101
91
145
151
8
99
107
76
114
117
140
98
93
3
104
92
102
98
135
147
142
95
1
134
125
84
97
133
142
128
130
2
126
137
134
103
124
106
121
112
1
108
136
97
113
121
128
89
103
2
125
120
104
129
99
90
135
156
4
100
131
106
107
82
95
124
135
8
143
125
120
101
113
109
121
83
2
127
91
114
107
114
132
99
162
3
88
80
102
99
110
102
106
114
7
113
94
99
103
97
99
140
103
6
114
96
149
141
113
113
131
117
7
73
87
71
90
106
150
122
136
3
98
109
100
125
149
148
122
71
4
115
114
80
93
116
131
147
128
3
114
111
118
109
104
94
121
114
4
111
77
106
113
110
101
134
106
5
123
98
101
127
103
122
109
100
9
115
113
136
122
84
137
94
129
9
116
155
98
99
152
59
160
121
2
82
120
142
141
94
94
121
147
3
87
121
153
140
136
93
86
135
9
141
119
114
129
156
130
123
107
1
104
92
101
121
125
92
105
115
0
106
119
130
78
153
155
94
149
7
95
87
98
115
114
149
106
163
3
106
110
130
146
112
144
104
86
4
132
136
127
120
102
150
69
85
7
100
102
90
111
147
113
75
120
3
104
127
112
126
98
95
71
78
6
101
139
110
129
117
93
83
125
9
101
107
144
137
107
111
114
105
5
148
135
143
116
141
131
133
113
6
111
138
149
122
87
111
118
106
5
106
138
89
132
145
128
98
110
2
117
104
128
107
147
141
116
97
8
106
116
120
127
133
142
149
105
5
107
138
112
162
141
101
163
120
8
113
110
105
117
117
120
93
120
4
104
142
86
124
150
137
108
98
2
111
121
91
126
137
123
146
96
4
163
92
98
103
128
139
91
111
7
120
78
107
126
92
141
97
96
4
148
114
120
113
102
120
121
134
7
129
129
113
97
119
112
115
97
5
135
107
119
163
137
103
93
105
3
98
145
156
106
100
114
118
99
8
114
142
120
78
154
101
86
128
9
131
148
116
91
113
144
85
117
9
136
127
160
115
152
126
137
138
3
93
133
155
113
114
120
132
123
8
92
128
108
126
101
129
161
107
7
126
114
114
107
93
99
105
173
1
84
120
112
166
101
115
114
139
3
114
139
146
104
140
122
128
89
5
84
154
97
117
114
146
121
126
5
78
98
155
153
117
122
92
101
9
126
169
98
105
142
69
129
101
6
114
134
98
125
109
139
132
108
7
129
140
119
100
108
57
150
98
9
127
120
120
146
99
121
107
117
1
131
138
108
159
124
120
129
103
9
114
98
123
114
86
99
123
121
1
145
125
126
107
129
124
117
99
0
129
142
94
140
130
119
92
129
0
85
135
114
91
156
120
123
113
9
110
130
104
116
120
109
125
103
8
109
93
110
112
109
100
102
113
6
124
110
92
128
116
103
110
106
8
78
127
130
100
118
150
101
129
1
129
117
106
112
95
143
101
93
4
99
127
140
113
105
108
132
133
7
85
119
127
105
120
149
99
121

