15
2
7
3
7
2
8
9
6
14
7
8
9
8
7
5
9
10
12
5
9
3
10
2
0
1
2
114
101
156
81
113
154
85
140
2
106
143
77
113
114
129
103
100
1
71
111
119
126
122
94
141
98
1
107
98
91
135
72
141
107
125
1
105
108
73
97
127
107
142
105
8
121
129
133
126
151
100
120
97
4
108
91
120
100
112
132
85
107
4
143
122
126
114
66
121
104
107
3
103
155
126
102
65
126
123
155
1
131
133
86
73
118
136
135
136
9
134
94
106
136
142
115
104
92
5
111
105
102
119
106
98
100
108
6
102
115
129
137
99
123
93
121
9
134
98
93
94
129
122
118
160
6
93
106
121
140
128
120
61
102
9
119
88
108
120
110
117
86
130
4
163
149
106
99
111
116
149
105
7
119
108
107
135
101
84
107
141
3
100
153
143
102
132
115
92
145
4
117
117
149
125
152
169
131
90
6
104
86
69
102
121
114
125
99
6
110
127
96
130
128
97
126
100
8
113
110
105
94
96
100
116
71
9
96
131
100
122
119
121
112
135
2
61
92
104
114
97
119
138
104
6
119
126
126
93
125
127
128
119
4
99
96
141
105
132
108
79
86
1
92
90
121
146
138
129
99
145
8
106
110
102
111
85
106
97
141
3
95
115
120
120
124
128
104
96
7
129
85
138
89
134
87
98
127
4
98
161
129
106
118
101
153
120
9
150
85
135
114
127
102
139
113
3
93
113
127
97
127
116
113
93
8
104
159
111
107
127
118
108
100
8
150
103
106
107
107
136
107
144
4
126
113
112
101
120
100
81
127
2
80
91
128
100
155
142
114
130
1
132
140
113
121
128
122
151
120
2
150
132
128
106
100
88
114
92
10
130
78
121
106
85
94
83
82
10
85
88
100
90
105
121
93
119
8
117
126
125
114
109
92
121
106
1
150
120
106
138
124
99
91
72
3
124
130
143
99
124
97
96
85
9
91
85
126
91
107
101
106
111
1
117
125
109
120
108
101
135
126
3
86
129
113
120
113
124
151
154
0
113
110
119
129
86
151
122
123
8
129
108
127
114
125
90
143
131
4
85
100
92
98
106
120
122
103
4
93
134
156
113
138
109
114
121
4
103
108
89
60
108
107
99
132
9
142
161
119
97
115
108
99
89
2
114
129
114
87
147
156
111
100
5
117
98
126
98
121
91
113
133
2
113
106
133
95
146
111
103
105
4
129
110
127
92
95
119
112
64
4
73
120
116
114
150
104
122
116
5
143
119
113
150
100
94
124
131
1
103
92
131
102
102
119
121
90
10
166
135
101
133
92
130
140
101
3
95
89
63
127
121
95
93
70
4
140
134
101
150
116
93
131
95
5
170
116
157
154
156
120
139
72
5
108
126
92
94
118
122
120
138
6
119
122
111
113
84
149
138
126
7
120
143
83
113
135
113
129
123
1
88
119
120
108
135
114
127
135
3
126
144
99
127
101
126
114
103
7
112
78
127
143
101
112
165
83
2
147
116
130
128
99
127
137
99
7
115
113
133
120
99
102
150
105
0
99
84
133
119
103
106
115
143
1
111
114
92
146
106
116
127
110
8
147
143
85
110
114
114
98
117
2
136
89
105
129
119
138
113
113
9
127
142
105
120
129
137
91
135
2
121
106
121
142
159
120
157
146
8
110
129
106
126
151
113
115
88
7
128
98
84
126
113
120
85
125
5
119
139
134
125
106
177
143
118
9
100
114
152
118
99
141
118
125
8
130
106
98
133
71
115
126
92
10
133
101
107
98
99
105
105
141
6
95
128
97
119
128
95
114
114
1
91
116
142
50
83
117
149
120
4
141
120
120
123
98
138
125
121
4
96
127
106
107
73
111
105
134
4
145
130
115
100
95
129
82
127
3
139
103
69
126
151
106
100
100
6
107
93
121
125
112
117
98
170
7
129
115
100
100
99
112
104
84
5
115
65
125
122
96
83
133
103
2
98
105
143
145
120
94
168
86
7
141
125
128
85
92
106
100
113
5
133
109
128
176
101
100
121
113
3
48
123
107
111
123
105
150
150
2
104
142
121
115
120
133
107
121
6
92
129
147
136
91
126
99
94
5
78
133
107
93
100
89
90
129
2
79
120
87
105
122
135
138
105
6
100
141
116
131
94
108
114
93
7
84
120
116
134
91
127
106
122
7
148
120
113
86
113
100
128
109
4
118
114
113
86
64
117
134
121
4
102
127
164
108
106
109
152
124
10
114
126
108
120
134
122
97
153
6
133
127
120
117
121
123
112
103
5
72
112
106
126
112
126
87
101
4
141
135
85
141
100
167
126
129
1
113
121
132
88
97
97
123
84
5
125
77
99
117
135
150
128
130
2
109
112
134
99
117
100
105
94
9
131
148
109
131
106
118
148
113
7
134
153
124
110
112
88
106
124
9
94
118
111
114
108
140
127
92
9
121
108
159
113
166
118
137
111
9
120
77
135
148
160
134
121
149
10
97
139
110
114
103
119
107
110
0
111
127
101
104
108
135
121
127
8
105
115
119
114
127
116
116
135
3
159
128
89
99
192
135
114
115
0
95
107
123
113
110
134
74
120
5
93
118
109
113
133
143
128
106
5
142
128
107
139
128
100
128
153
5
162
116
103
148
143
128
143
103
6
106
122
122
105
118
134
71
92
4
100
72
86
125
117
126
93
79
0
132
114
87
92
84
125
132
117
7
149
121
120
90
106
96
62
102
1
114
147
119
136
133
91
99
148
4
115
120
85
134
127
88
101
156
10
85
93
137
123
123
119
145
95
6
134
113
95
117
129
130
134
116
2
131
137
143
86
104
123
79
155
1
122
106
84
139
111
114
125
135
2
98
94
145
112
122
113
136
119
3
127
116
73
127
81
94
122
108
7
111
113
121
106
134
132
96
134
3
146
142
119
73
107
113
146
107
6
105
107
139
129
109
138
87
124
2
102
107
107
106
112
136
102
111
10
105
96
147
95
92
114
112
79
2
118
139
112
114
113
95
108
129
2
104
140
119
134
99
112
87
123
3
129
146
96
136
134
102
114
119
3
93
113
101
133
122
153
97
144
3
85
125
140
107
116
100
102
137
9
100
73
122
87
80
115
155
114
10
100
138
139
137
160
121
120
134
9
129
123
104
152
121
68
132
86
10
110
122
87
100
108
116
108
112
8
108
134
110
133
121
107
99
104
6
109
114
106
105
93
100
139
112
9
140
101
94
83
87
131
143
113
9
117
85
128
126
120
82
145
131
7
124
95
122
141
141
138
100
120
5
142
121
108
106
99
140
127
94
1
115
73
138
132
113
129
147
107
5
107
86
127
128
102
148
86
73
1
140
127
129
94
133
147
84
130
2
106
101
134
107
135
141
86
129
1
104
117
135
114
135
115
145
109
9
112
78
140
128
126
153
139
90
6
102
91
106
133
116
146
129
100
3
116
105
100
113
119
113
142
136
4
142
86
81
113
111
104
113
155
8
128
97
104
104
119
102
114
103
8
132
162
144
94
97
148
100
85
2
156
103
128
92
141
147
107
124
2
121
97
155
126
125
112
131
93
2
85
121
134
119
98
120
128
82
8
83
88
120
132
156
142
133
112
1
107
119
129
139
122
106
103
139
1
134
124
100
93
114
119
128
131
4
141
78
108
85
120
105
86
127
8
109
114
142
100
127
134
142
70
9
121
121
112
126
66
110
93
146
0
98
114
90
121
135
78
92
150
10
100
108
121
127
93
109
157
149
2
126
136
144
136
93
121
112
88
6
106
105
129
116
99
133
123
106
10
93
94
126
146
113
127
142
126
7
148
127
126
147
137
114
105
150
1
106
110
153
105
126
132
111
102
1
114
103
88
107
136
141
82
116
5
99
113
121
128
131
94
116
137
9
122
126
127
157
120
126
113
99
5
110
111
108
142
78
98
128
93
9
113
119
107
109
85
120
63
49
10
124
141
120
128
99
95
90
153
8
109
124
146
139
104
118
131
114
7
100
119
141
126
144
126
104
65
4
110
134
127
127
156
119
115
87
3
109
134
133
86
103
85
104
114
4
78
99
131
114
114
91
108
99
1
107
113
126
120
132
126
98
140
8
149
114
129
108
147
147
135
107
2
65
115
117
121
113
121
96
142
8
141
143
88
113
105
106
125
94
0
149
156
114
121
119
112
102
107
2
96
146
108
91
129
141
86
105
9
133
121
83
101
133
121
91
81
5
119
122
98
148
135
127
101
110
6
99
108
92
101
116
99
99
127
8
113
179
128
99
109
100
163
113
7
128
147
122
116
94
117
94
159
6
114
114
130
89
106
127
104
127
2
105
65
92
136
150
138
129
93
6
85
122
134
80
132
95
111
151
3
128
111
115
105
127
158
107
124
7
99
108
129
130
114
119
128
124
1
122
101
113
145
121
112
100
107
7
108
108
131
137
92
132
95
128
8
128
110
110
114
148
108
114
111
7
86
136
139
125
142
104
129
107
4
121
110
146
140
112
112
123
152
5
99
111
86
122
65
149
101
122
6
122
95
136
101
148
147
128
161
5
70
114
126
99
103
147
107
117
3
130
115
90
114
124
130
115
124
1
120
128
138
143
123
140
110
120
3
83
115
113
142
106
154
126
128
5
134
121
141
121
157
106
119
129
9
93
81
129
137
101
105
112
95
2
148
125
168
118
90
120
121
108
8
156
75
86
120
128
91
99
133
6
93
154
154
108
113
82
135
130
1
149
100
115
93
104
123
102
140
4
129
131
127
136
118
120
85
111
9
142
119
106
133
110
114
135
113
2
119
118
95
127
114
107
161
108
9
135
117
89
127
101
118
111
133
2
125
86
127
101
141
129
103
95
4
113
124
114
130
113
139
101
142
3
132
105
144
97
117
134
99
117
4
128
122
117
135
89
96
137
151
3
99
111
141
157
128
143
135
122
8
112
77
106
113
135
115
150
120
7
130
120
103
136
149
110
137
161
1
131
128
137
142
117
94
133
107
4
101
138
121
120
107
148
103
129
7
138
104
99
101
120
124
150
99
4
111
120
133
91
102
117
110
149
5
137
108
95
112
105
118
72
103
2
109
92
105
114
129
133
116
105
5
70
119
146
105
114
124
149
106
5
131
121
148
147
143
101
120
167
10
85
138
93
139
120
143
99
110
5
114
136
84
122
135
116
111
43
0
85
153
100
121
114
97
85
98
3
126
143
148
137
110
75
106
152
5
142
91
105
135
92
132
136
123
9
123
127
148
121
139
106
134
107
9
137
121
137
106
129
134
100
123
9
106
85
99
112
131
100
116
138
7
101
64
140
114
124
107
122
126
1
127
101
135
135
130
123
106
134
7
133
118
125
114
107
142
129
89
5
136
106
111
121
94
140
140
128
4
127
80
96
108
115
111
78
133
3
102
97
126
133
128
99
127
79
3
114
110
83
104
156
113
127
143
4
134
106
105
125
121
103
108
105
5
124
110
114
112
114
113
92
121
7
110
135
134
114
121
119
136
147
5
141
113
110
71
106
125
120
98
1
121
114
131
119
105
142
112
93
6
87
148
71
116
143
109
140
115
8
80
114
126
119
111
120
113
127
0
120
92
104
126
128
117
115
121
7
120
122
85
91
127
128
96
113
1
89
142
107
95
98
128
100
115
1
135
101
120
134
105
118
126
106
9
65
107
132
130
106
134
127
82
2
67
88
125
129
92
122
98
126
3
144
133
78
89
118
113
100
104
10
97
106
107
128
113
101
117
131
5
101
130
114
155
115
106
106
106
2
90
135
105
115
101
149
99
134
1
108
122
79
118
92
123
121
129
6
139
90
114
92
99
109
139
97
1
96
139
116
143
118
96
92
157
8
99
143
125
114
90
133
114
93
4
156
141
141
128
115
127
108
122
9
85
77
127
106
106
114
121
145
5
113
116
85
139
99
93
136
138
10
106
105
102
132
113
127
101
94
0
112
107
119
106
159
84
108
133
7
127
135
85
126
132
93
126
98
2
110
107
114
100
90
100
106
119
5
176
111
98
104
85
107
108
88
4
135
109
114
132
93
93
119
98
0
87
99
127
142
97
69
129
129
6
105
155
102
69
118
117
106
100
4
113
114
112
133
106
142
98
104
3
119
120
168
115
147
145
98
131
4
107
144
157
156
140
115
92
136
7
115
84
123
108
125
112
123
107
6
116
125
88
132
122
143
116
128
0
98
98
114
100
105
112
100
155
3
113
122
106
135
86
140
97
108
8
127
105
119
116
115
84
133
146
8
106
115
104
121
115
105
96
146
9
120
122
156
142
99
103
127
118
8
128
127
100
140
103
94
127
88
9
113
99
109
109
117
122
95
71
6
105
104
124
148
103
120
109
140
6
113
113
113
110
125
135
122
143
2
96
131
105
85
116
121
101
115
9
141
103
109
97
120
142
116
133
0
159
112
78
127
107
159
122
97
1
133
142
112
100
95
122
96
118
0
95
74
126
104
119
123
107
121
9
157
119
144
97
91
163
119
98
1
119
121
126
131
99
114
150
162
4
104
139
112
107
133
127
88
121
3
114
111
101
118
138
131
139
116
8
143
131
142
96
149
113
98
127
2
86
115
71
134
162
154
121
156
5
78
87
118
114
119
96
146
116
4
106
99
122
113
121
125
108
85
2
134
111
92
136
111
134
87
114
10
93
108
123
101
128
149
122
104
6
92
113
115
143
101
129
100
105
2
126
91
83
107
140
133
130
163
3
130
117
98
101
106
142
121
93
8
111
104
128
118
120
150
122
93
3
99
131
121
156
149
107
114
137
2
135
140
125
101
95
114
91
154
5
125
121
137
107
118
128
122
126
4
98
106
123
131
118
135
121
89
0
139
99
108
105
156
130
112
127
5
114
148
93
121
159
133
93
100
1
135
108
136
114
132
129
106
91
3
108
128
119
104
124
109
89
138
5
142
115
127
104
105
163
139
122
7
112
122
115
128
122
112
133
112
3
92
128
118
135
118
105
137
135
8
84
144
136
107
98
119
128
142
7
113
107
124
134
78
97
151
128
2
105
134
100
133
100
77
135
122
9
106
116
132
164
76
98
148
105
1
97
98
74
154
141
135
119
141
6
134
162
134
123
127
107
164
136
2
122
101
101
116
128
100
140
130
5
103
121
96
114
126
115
95
120
9
135
118
127
149
122
95
114
132
7
136
128
115
154
118
147
64
99
1
135
85
134
126
113
93
106
134
7
115
128
105
131
133
107
140
121
4
93
106
89
125
120
120
140
82
3
151
85
80
117
108
142
154
118
6
161
94
74
128
103
121
114
126
10
157
134
132
94
113
119
87
117
5
100
122
94
116
97
109
111
107
3
145
92
101
85
99
92
126
126
2
127
94
136
142
102
141
134
128
1
137
123
132
117
121
107
119
144
9
127
100
136
142
127
134
103
104
8
100
141
85
133
135
126
124
121
6
131
115
113
62
77
94
142
102
7
124
128
101
128
113
113
134
141
0
123
156
92
153
113
94
139
143
1
126
111
122
148
136
93
131
136
0
105
119
107
121
111
126
106
122
5
127
118
119
114
155
139
147
87
8
123
119
136
129
134
84
146
84
9
92
112
157
127
142
75
135
103
2
125
99
142
78
88
128
131
95
0
135
130
140
95
128
124
155
144
2
122
94
121
137
92
120
108
143
9
112
135
113
116
80
100
100
115
6
145
119
117
85
155
85
121
127
2
130
143
126
142
120
116
130
121
10
105
92
91
133
119
123
110
98
5
111
137
121
102
78
122
145
105
7
151
124
111
123
124
89
104
122
5
141
152
107
128
99
122
122
138
1
90
103
121
125
104
134
106
106
0
152
130
90
96
156
128
113
135
3
136
141
121
91
152
146
108
103
3
119
140
147
123
100
111
149
71
2
100
84
121
123
150
134
121
118
3
127
98
126
133
108
123
94
115
6
77
141
91
123
107
156
82
81
8
109
114
97
153
99
100
100
107
8
128
97
130
141
111
129
88
119
9
83
145
93
122
100
154
81
78

