16
4
6
8
10
1
6
9
4
17
8
2
9
3
4
1
5
1
12
9
5
5
5
3
7
1
9
124
119
101
108
125
101
150
145
4
123
98
92
87
149
111
91
151
4
99
127
106
133
101
128
140
141
0
114
127
106
133
108
126
109
129
2
74
95
99
166
87
140
147
123
9
101
126
128
121
121
133
137
120
4
112
147
96
120
108
134
120
97
6
122
78
125
149
100
108
108
121
7
113
106
117
143
121
147
141
108
4
139
145
117
122
105
86
135
107
4
105
108
108
106
121
118
86
134
4
135
136
109
83
142
132
120
86
5
121
106
150
157
129
122
107
120
0
135
129
131
141
99
149
114
113
7
136
122
118
115
127
120
116
107
9
89
116
121
140
116
87
91
115
10
100
125
109
112
134
99
106
123
5
141
108
132
106
132
134
92
91
7
123
118
109
105
106
147
149
102
7
94
106
125
167
160
125
127
139
10
104
86
151
149
93
137
119
101
5
137
107
111
123
129
121
161
143
3
118
99
104
90
92
134
113
102
6
86
114
94
111
156
112
118
98
3
136
118
103
139
127
87
100
131
5
154
121
122
116
122
142
106
100
3
146
72
145
92
135
135
86
107
4
136
92
121
124
128
125
149
139
5
128
121
102
124
141
131
161
115
6
106
141
88
88
111
123
141
87
7
115
121
105
110
144
98
103
105
10
149
102
120
128
142
106
95
130
5
109
92
143
117
99
120
119
86
4
131
119
118
150
86
105
116
139
7
109
117
112
130
154
86
143
125
0
110
121
117
122
142
127
126
108
6
155
141
104
142
128
116
156
78
5
157
107
86
107
137
121
116
150
9
114
121
86
121
127
118
110
133
2
73
143
116
140
124
141
109
142
7
139
101
119
94
132
78
132
119
4
128
105
145
136
138
131
92
105
2
123
139
114
106
118
114
114
113
9
112
125
119
80
111
79
131
104
2
72
122
113
147
111
127
140
152
7
112
141
97
144
121
93
128
106
5
128
129
97
136
95
106
102
157
3
113
106
156
146
104
86
107
96
1
183
108
108
93
100
131
109
127
3
125
112
119
128
139
120
125
141
4
106
143
107
121
104
114
72
107
3
120
121
133
114
114
100
128
93
2
157
139
128
104
128
100
119
118
10
112
137
84
113
141
120
129
125
1
107
78
133
121
114
135
119
136
0
80
148
120
84
118
127
92
97
9
126
129
110
121
137
121
115
135
7
87
113
119
135
101
98
120
134
9
105
99
149
155
123
107
149
159
10
122
128
94
119
137
100
91
111
3
108
105
146
104
100
155
118
110
10
122
107
136
126
120
142
105
114
4
131
119
119
123
72
122
116
109
3
91
114
136
126
135
114
143
138
10
82
114
59
114
125
127
141
108
9
95
136
122
152
115
147
114
108
7
119
122
71
134
96
91
125
139
2
99
136
134
122
141
105
102
158
9
159
103
133
139
100
161
125
118
1
101
162
104
123
123
87
96
117
6
132
126
137
121
122
113
114
105
6
128
106
101
100
124
98
101
134
9
108
118
99
102
99
72
142
147
4
85
149
79
137
78
164
105
105
1
130
135
143
120
132
157
133
125
8
149
128
125
83
86
96
121
111
3
92
120
115
111
130
133
156
144
5
111
94
133
134
105
145
134
93
4
122
79
144
117
87
138
115
112
1
114
107
91
121
125
109
124
135
6
105
103
95
117
92
127
116
118
4
125
106
106
134
106
91
107
128
8
141
118
120
122
121
129
99
99
5
117
94
154
113
114
149
114
157
7
134
87
115
125
139
124
99
126
8
170
72
84
169
144
119
145
95
7
132
126
110
76
118
107
119
100
6
143
134
119
173
87
143
110
108
3
117
126
118
141
134
94
129
114
5
148
151
86
127
124
126
114
147
8
149
104
124
123
142
135
122
94
3
130
135
154
130
136
123
122
122
0
139
105
79
120
141
114
98
125
4
124
113
115
95
142
155
114
145
2
123
118
134
114
102
132
124
93
2
110
126
121
100
86
101
91
64
6
107
117
94
133
138
136
135
126
4
116
145
102
85
121
115
142
113
10
71
94
148
129
120
130
134
92
8
126
137
131
93
126
91
127
102
3
107
127
99
88
120
127
91
130
3
96
136
136
96
133
86
101
141
2
116
132
84
121
129
150
106
129
8
107
91
138
134
110
129
100
134
5
142
86
125
122
134
171
100
161
7
134
135
123
93
124
102
138
93
10
112
129
121
133
107
124
98
134
3
121
114
135
120
82
145
106
135
0
83
125
151
117
109
125
127
138
5
139
156
106
145
99
111
100
80
9
96
81
126
128
104
123
155
149
2
106
133
118
137
101
107
115
103
2
112
128
107
137
102
115
144
100
7
109
105
125
153
86
111
92
107
6
120
89
119
118
119
135
122
109
8
163
118
85
137
121
121
84
112
3
115
103
148
118
116
142
150
78
8
108
101
114
106
114
117
143
107
8
92
91
80
79
109
133
136
126
3
113
103
99
109
150
134
123
120
1
98
124
110
135
134
168
88
99
5
131
164
117
138
127
139
109
150
1
101
95
121
146
142
114
100
99
7
106
109
103
115
93
107
128
108
5
137
85
147
106
109
105
116
141
2
151
149
110
126
73
124
110
119
8
114
132
127
86
121
106
124
106
2
142
106
112
120
100
120
94
118
6
134
105
127
134
113
121
79
139
3
101
115
110
100
103
106
104
99
8
122
102
115
110
123
134
128
123
3
146
126
114
116
113
112
107
151
5
128
101
118
115
112
139
112
125
1
127
143
113
121
140
99
141
113
5
112
148
99
125
101
82
136
135
6
111
142
70
129
84
100
97
90
2
80
107
118
134
123
138
142
147
3
107
90
131
119
140
114
128
106
10
122
135
90
116
129
153
123
117
8
131
114
105
86
96
97
99
108
1
62
110
151
135
85
124
137
94
2
120
133
133
127
139
108
114
142
6
165
125
93
130
85
132
125
108
7
95
141
124
115
105
160
116
135
3
106
113
129
86
164
80
104
97
8
114
97
105
149
135
149
111
115
4
90
132
126
101
143
80
142
114
4
99
100
128
99
89
99
101
114
5
115
127
136
149
118
119
140
87
9
161
130
101
147
68
126
121
100
7
107
123
99
133
154
121
127
118
7
126
89
121
63
99
104
170
153
8
69
112
139
100
130
99
130
124
3
116
143
118
72
148
104
83
70
9
146
113
99
112
108
126
111
122
4
106
135
163
136
76
127
110
111
0
153
126
133
88
114
119
137
174
7
84
145
118
127
106
148
138
94
2
113
107
106
154
103
134
110
98
4
102
133
94
112
99
115
142
97
1
127
121
103
104
127
140
122
106
7
116
99
128
72
87
123
103
117
1
102
113
89
113
134
97
126
104
4
129
127
104
99
86
85
80
121
3
108
142
134
133
96
156
81
128
10
91
104
115
101
144
58
115
131
8
128
113
102
131
94
134
109
146
2
106
142
127
98
127
100
112
120
8
104
108
114
131
120
117
140
116
7
122
133
83
129
123
103
145
109
6
127
109
109
114
91
145
106
118
8
147
126
112
121
132
100
120
117
10
132
98
115
123
108
134
121
141
9
93
82
110
85
104
111
103
130
6
103
122
131
96
136
115
114
85
0
118
132
99
99
96
126
97
136
10
111
108
98
117
100
116
72
124
7
121
135
110
120
133
135
142
93
3
116
102
110
147
99
124
128
126
4
77
98
115
99
103
147
138
142
0
128
124
84
127
108
114
101
90
5
138
114
79
139
120
141
72
128
5
105
111
100
136
120
97
133
103
1
117
91
108
163
142
121
134
112
7
104
108
135
90
112
145
121
128
7
89
109
115
154
84
114
155
122
7
115
149
127
150
132
149
117
108
8
132
135
124
111
97
113
143
114
3
141
108
119
75
120
86
105
104
7
108
126
89
149
122
108
128
115
8
84
107
114
120
102
107
78
93
4
102
101
104
120
85
167
109
112
3
138
106
131
130
121
108
106
149
0
116
80
136
101
118
114
135
105
9
127
127
134
118
109
141
118
89
9
123
116
107
107
86
123
141
99
9
109
121
121
106
134
129
134
143
7
140
116
100
127
107
130
99
84
10
101
154
115
149
138
147
107
126
5
133
92
119
140
105
123
91
102
4
129
113
121
104
146
113
111
114
2
139
107
135
108
111
132
124
100
9
121
100
85
113
153
109
117
73
6
93
142
65
105
142
125
117
127
7
80
115
93
93
106
127
129
115
4
108
147
148
100
136
64
122
133
1
113
99
130
146
107
115
134
139
0
100
128
138
155
184
111
115
133
1
140
129
128
127
119
127
121
105
3
114
90
133
143
111
118
110
122
1
106
153
126
85
127
167
148
107
9
117
109
77
98
151
120
64
67
7
99
142
134
93
103
113
128
104
8
73
134
150
140
95
100
96
101
4
107
85
93
139
120
88
116
81
0
135
149
101
106
125
113
85
115
6
116
111
113
113
113
135
139
112
9
118
105
97
89
135
119
116
139
9
111
134
110
141
126
107
120
107
9
113
115
128
123
105
155
143
83
4
111
99
121
129
108
107
136
100
5
116
111
122
116
121
119
128
116
3
129
135
88
122
105
138
99
92
8
89
134
160
153
143
122
121
129
4
142
91
136
95
144
92
129
117
1
99
115
148
122
143
103
111
145
3
135
114
107
92
94
99
101
92
7
102
121
122
112
114
127
96
144
8
152
146
135
122
157
121
98
113
8
127
113
86
81
98
109
99
125
7
147
114
113
107
136
78
101
111
4
162
94
109
130
120
110
128
129
6
57
135
128
119
118
103
128
127
8
66
142
105
110
119
110
107
128
4
92
113
98
134
99
110
153
108
8
92
91
124
160
87
135
64
126
3
98
116
129
102
124
140
114
150
8
107
123
120
135
107
125
129
92
5
143
129
114
157
114
126
128
121
10
59
147
114
127
98
128
147
172
3
161
120
99
108
118
125
113
143
7
108
104
89
117
115
118
128
121
5
114
114
121
117
103
121
163
130
7
119
76
127
128
116
107
138
123
8
109
114
140
118
124
98
149
123
6
79
109
124
144
107
111
120
112
1
105
102
155
153
123
118
95
144
6
108
93
147
127
82
101
88
109
1
135
69
140
129
142
117
154
134
4
122
140
143
129
132
119
129
113
9
115
113
127
144
114
133
120
106
1
95
90
143
106
132
100
116
96
4
114
127
109
106
135
143
156
87
4
152
122
118
118
133
93
127
119
3
113
103
106
150
76
114
97
120
2
127
158
135
112
113
126
112
147
3
123
115
96
141
123
139
89
132
6
105
135
123
101
131
147
185
117
4
105
130
103
133
129
121
106
161
4
127
105
162
122
110
99
137
57
1
141
128
123
99
125
132
126
74
1
100
141
100
150
148
115
135
87
0
102
133
79
125
94
104
134
126
9
120
117
120
106
102
110
135
137
2
131
99
119
112
128
127
104
122
10
103
116
126
114
85
124
114
136
7
137
89
92
103
91
129
108
102
0
178
127
129
165
112
113
155
115
3
129
100
145
88
142
100
85
114
1
126
113
96
141
129
127
142
140
1
126
149
96
108
140
114
122
137
3
103
108
135
142
118
135
117
106
1
165
106
147
113
127
113
94
111
3
119
90
147
126
137
143
107
133
1
127
118
124
98
119
118
77
166
0
126
107
137
140
92
150
140
114
3
73
73
93
127
129
114
99
131
8
124
126
114
127
119
140
100
118
6
121
85
160
163
127
154
133
118
8
139
109
137
134
128
146
141
87
3
120
113
118
92
107
142
175
84
6
101
121
122
114
112
120
84
89
3
112
117
108
110
147
121
121
119
0
120
164
159
151
106
137
135
130
8
124
145
108
85
121
127
108
139
10
118
146
102
148
129
132
115
127
5
114
127
109
136
113
115
114
142
5
149
171
113
121
117
147
99
153
1
121
127
105
142
130
139
155
133
10
115
112
123
120
137
125
80
92
6
88
112
127
110
113
111
128
95
8
140
131
84
108
129
103
123
114
6
109
119
95
115
143
130
84
139
3
149
107
93
116
89
116
100
135
8
131
149
137
130
89
105
126
95
2
144
140
94
148
155
95
99
135
9
136
138
138
111
85
98
98
116
6
122
82
120
139
129
150
123
121
0
86
97
131
122
94
155
117
74
8
120
173
112
119
98
156
123
80
9
115
88
128
159
143
123
134
100
8
123
117
106
129
105
106
112
176
3
119
108
136
135
126
123
105
145
8
114
116
92
112
115
90
112
96
8
136
153
120
113
138
115
112
131
5
144
150
120
120
135
121
128
102
8
128
128
114
106
119
130
125
109
9
82
127
120
86
133
118
147
107
9
134
141
115
98
123
99
127
117
5
129
72
86
121
89
121
118
133
4
120
125
120
105
121
111
122
100
9
128
93
107
148
102
95
100
108
2
103
108
112
118
99
86
104
105
7
142
168
109
131
101
120
110
125
4
105
107
135
145
119
142
140
142
0
108
142
129
102
136
113
92
111
9
118
121
120
123
126
89
93
149
8
114
102
121
120
99
144
121
108
5
141
118
120
102
109
126
124
103
6
74
124
91
95
93
105
120
115
9
104
143
97
140
136
162
96
137
2
103
106
105
119
87
103
122
135
9
63
113
95
107
106
114
113
117
5
100
110
126
119
119
108
135
121
1
104
143
117
119
116
101
81
118
10
96
95
116
106
142
149
115
112
2
120
124
130
129
135
110
92
126
4
147
129
95
112
113
101
114
133
7
114
105
141
102
152
120
115
121
2
92
92
130
137
120
118
104
141
7
125
110
148
141
114
100
104
113
1
131
126
129
114
118
141
86
127
2
116
92
110
104
80
116
100
106
6
97
73
121
91
113
121
147
122
8
154
127
127
98
90
86
119
90
1
66
95
100
142
100
162
146
100
10
127
126
136
101
141
128
147
149
6
142
148
115
121
112
77
112
124
5
113
107
119
94
140
100
136
149
3
125
121
101
112
124
124
127
132
2
97
116
111
120
85
86
112
94
3
93
99
109
109
91
127
99
121
4
99
87
105
129
96
121
84
100
9
106
122
64
107
127
111
114
127
4
108
96
115
125
85
106
122
136
4
113
85
106
157
107
127
126
137
8
126
135
98
112
117
113
110
107
2
100
151
120
128
108
119
129
121
9
119
109
115
128
115
118
119
104
6
136
79
134
120
99
122
125
126
7
168
125
97
123
134
119
128
121
5
134
125
122
113
142
115
150
90
4
114
125
140
120
100
128
119
156
5
145
148
111
97
90
115
127
112
3
104
146
70
136
149
121
100
102
3
137
84
138
118
142
96
98
134
6
149
137
109
113
135
141
114
107
9
127
135
154
133
105
112
104
133
1
113
81
107
106
150
135
129
105
8
126
67
97
122
85
124
117
98
8
106
120
144
121
100
154
136
126
10
139
112
135
91
129
114
149
108
4
87
120
113
65
114
87
108
119
9
92
113
150
111
137
106
153
146
5
120
133
137
139
141
94
78
118
10
95
142
94
143
116
129
114
113
1
88
113
115
110
106
122
86
120
5
133
130
131
109
113
123
140
145
8
117
111
118
154
157
124
128
72
0
91
116
118
128
93
128
108
89
7
96
141
148
147
108
126
97
113
4
94
100
146
80
123
121
131
107
8
108
122
119
134
120
160
131
143
8
121
117
129
100
113
99
119
122
3
141
101
155
133
163
124
138
109
9
146
118
114
109
84
142
129
121
7
126
78
113
77
112
128
101
113
9
155
71
115
124
154
121
76
169
8
107
164
101
134
133
136
136
133
2
129
104
106
114
145
161
133
113
2
107
147
121
97
123
135
126
104
4
144
94
144
127
154
134
106
131
9
117
111
127
121
88
129
139
114
5
119
149
108
124
113
106
76
117
7
119
100
134
118
100
98
114
105
4
100
99
119
163
126
101
108
105
7
113
72
114
99
122
107
142
114
5
139
163
86
136
83
103
122
123
9
119
111
127
163
129
142
101
101
1
113
63
113
107
125
110
141
112

