8
2
7
6
5
9
7
5
0
12
3
0
1
2
10
5
5
3
10
1
9
10
5
9
8
7
8
87
109
85
91
113
109
80
127
8
157
141
120
116
106
141
96
143
9
120
84
144
127
85
150
112
119
3
121
107
122
100
152
123
133
149
7
140
149
99
128
127
86
73
142
4
106
121
128
122
116
150
91
113
1
126
149
112
106
121
124
119
142
1
108
114
147
141
92
111
138
62
2
107
127
118
117
141
129
117
87
4
128
115
99
125
84
122
103
112
4
131
116
99
107
107
79
135
120
3
98
127
92
148
164
110
114
103
5
148
113
142
108
85
110
106
110
10
104
79
129
120
120
103
90
100
0
84
122
126
141
93
148
135
108
10
128
169
120
135
129
134
121
80
10
119
116
148
108
103
130
113
126
8
101
142
135
107
84
122
151
92
2
148
155
101
107
130
92
97
96
6
112
113
106
152
147
129
113
117
5
103
120
118
113
109
118
148
105
1
119
123
122
117
93
99
121
130
1
136
139
91
116
127
113
90
132
2
122
107
98
116
108
142
67
80
10
133
114
135
126
94
141
128
114
3
175
142
127
119
85
129
162
103
1
125
127
115
126
111
128
118
82
4
88
108
103
124
101
126
112
130
2
101
132
123
92
141
89
140
142
5
105
113
99
107
107
126
122
146
7
120
106
103
84
92
107
86
144
4
134
95
100
105
128
114
121
118
1
133
136
135
91
145
135
99
77
10
93
157
127
119
99
125
108
122
9
135
141
116
105
115
140
123
105
4
122
107
103
98
90
121
150
119
9
100
96
99
121
114
132
114
127
4
107
135
148
112
87
124
138
127
8
141
128
107
117
92
115
115
120
9
113
85
137
119
122
98
124
134
5
111
86
122
98
89
130
138
149
3
121
124
121
137
79
132
106
157
4
107
120
97
135
99
87
107
112
8
157
102
122
100
99
141
129
154
9
126
103
128
162
103
85
115
120
9
127
79
113
114
123
151
89
110
1
114
81
123
92
75
117
98
129
3
133
66
115
133
104
95
106
106
8
88
126
109
115
107
118
99
92
5
99
133
115
106
138
122
105
117
2
94
98
92
64
124
135
168
137
1
107
140
127
115
92
129
143
122
8
89
152
101
92
94
136
126
71
8
156
86
114
142
120
141
135
144
0
99
99
71
91
113
106
119
117
8
115
126
129
79
100
128
99
101
1
105
129
100
113
143
136
133
87
2
94
156
121
110
119
120
135
106
5
114
101
114
102
150
93
128
78
1
141
163
92
73
127
119
103
109
6
135
91
81
123
95
101
116
120
5
121
110
128
129
142
123
113
109
1
120
115
113
76
104
101
118
107
3
121
156
111
148
120
119
105
80
9
137
85
135
121
100
133
135
100
2
85
128
114
90
79
80
93
95
6
106
120
105
115
169
114
116
99
8
112
75
109
136
120
122
87
154
10
133
140
141
84
143
102
154
128
5
137
135
141
120
94
134
148
140
9
113
94
102
133
102
115
105
104
6
164
124
108
128
105
114
120
119
2
127
124
129
117
99
132
135
103
7
122
124
138
105
150
135
138
139
1
142
138
125
93
114
122
127
126
9
148
161
134
148
136
108
113
153
8
94
106
119
150
123
105
85
119
8
89
114
116
115
127
156
76
129
7
156
157
129
132
129
103
87
92
5
100
86
100
106
159
134
126
93
0
71
135
101
109
128
93
148
120
6
104
107
118
93
127
108
137
157
6
118
136
72
142
139
150
127
129
7
90
107
106
138
109
105
107
112
8
124
102
136
123
141
120
148
123
9
127
92
102
120
113
145
121
118
1
100
151
121
114
115
132
130
110
9
108
150
113
99
107
109
121
133
5
104
113
131
111
119
98
76
107
2
120
94
111
119
132
130
87
159
8
101
130
106
114
101
122
138
134
7
95
102
127
148
86
73
140
134
7
145
133
109
130
120
86
127
170
0
87
127
157
104
109
127
125
99
7
126
88
99
122
122
126
115
164
9
102
128
113
120
116
114
96
115
5
140
161
128
128
131
109
113
152
7
116
111
148
116
123
133
110
113
7
113
119
100
135
121
153
108
114
0
112
147
106
100
134
112
116
132
3
104
108
150
86
110
108
99
120
6
134
115
114
129
143
128
139
104
2
113
137
117
141
109
148
149
85
5
149
130
103
109
95
100
80
148
2
139
94
121
83
105
85
106
128
5
101
130
92
111
117
135
114
149
1
117
82
108
119
123
115
112
116
6
98
112
136
134
124
100
129
130
4
112
116
96
117
131
95
122
108
2
132
131
139
117
121
129
100
92
10
135
158
111
140
113
127
149
118
3
83
123
100
150
132
113
111
120
10
132
108
134
78
134
136
132
125
3
129
163
117
102
99
125
107
136
5
101
108
127
122
138
87
114
91
7
142
88
115
113
118
120
178
156
1
106
149
125
107
113
126
150
121
10
91
85
140
105
133
85
117
144
7
133
99
107
175
120
120
130
131
2
139
154
99
129
91
84
113
121
0
108
141
85
111
125
123
120
112
4
111
143
143
135
121
126
130
115
4
92
154
125
136
128
90
97
115
7
85
126
107
104
80
97
94
73
4
140
92
108
91
116
98
107
109
8
137
108
140
114
106
111
111
141
2
101
178
103
121
139
107
113
121
3
121
95
93
141
131
104
134
127
8
95
105
135
113
122
124
93
106
8
146
146
149
126
147
122
141
118
5
100
131
101
98
179
106
89
108
2
111
142
74
133
106
81
93
116
9
137
106
106
127
113
97
128
115
8
135
82
124
164
108
87
142
126
5
73
120
118
126
79
107
128
103
7
137
116
128
148
71
111
108
94
6
115
108
119
91
101
117
105
126
7
99
128
130
131
115
99
126
155
4
52
121
103
103
119
115
92
103
0
124
148
87
129
121
106
135
137
5
90
93
94
81
145
110
108
117
0
105
122
86
100
104
114
112
92
6
111
127
150
109
86
94
102
131
9
149
120
105
100
137
120
140
128
2
100
138
101
89
99
114
102
133
8
117
121
102
124
100
108
138
132
9
116
106
127
135
117
100
114
109
5
81
113
117
141
112
108
162
150
3
78
106
84
113
65
100
80
84
4
144
120
128
103
107
136
138
116
4
85
134
85
122
128
83
108
156
5
134
134
143
100
119
56
132
95
2
121
104
114
105
141
128
91
135
7
121
163
108
145
105
102
131
102
8
107
117
133
114
91
87
110
145
6
98
98
136
110
92
108
88
104
5
82
125
108
108
93
106
85
138
4
83
123
127
149
120
155
124
121
8
108
119
100
81
140
100
147
127
4
86
131
129
129
126
127
108
143
6
114
121
99
92
115
130
106
117
8
143
93
94
106
86
113
106
97
2
138
123
145
128
117
120
102
133
3
147
144
101
103
135
132
150
101
10
103
99
145
120
107
107
99
116
4
105
104
132
147
101
149
121
111
10
126
119
73
105
109
84
89
173
9
107
97
97
85
166
121
111
135
8
107
108
94
121
139
115
107
100
6
147
127
75
85
99
128
97
103
5
85
127
94
93
93
143
106
125
10
102
124
66
105
93
114
125
114
7
120
131
129
85
101
157
121
122
9
140
121
126
92
88
136
101
143
1
128
127
115
95
136
144
138
128
3
115
129
80
130
115
129
100
117
6
96
117
118
101
101
102
129
129
10
119
141
100
110
120
148
133
114
1
87
109
121
99
134
120
94
125
3
88
84
113
86
92
98
120
100
2
118
134
120
83
88
133
106
156
5
121
114
81
142
87
98
140
86
1
119
107
78
157
135
140
117
93
8
57
156
156
119
149
112
105
127
4
110
134
95
123
157
125
119
138
1
90
134
99
90
91
91
120
116
8
119
135
92
43
128
89
87
87
5
127
84
88
134
90
100
119
108
8
108
101
114
113
156
135
128
127
1
88
108
111
120
144
145
96
112
1
112
135
127
151
112
127
145
116
8
91
119
128
92
100
153
106
114
2
134
165
144
91
99
108
126
120
3
150
108
133
120
125
100
119
134
4
116
114
110
118
131
126
133
114
2
129
139
142
124
107
94
156
82
4
132
108
122
126
159
115
86
120
10
116
143
120
86
113
100
92
118
2
140
156
122
122
107
110
126
156
9
106
79
129
99
140
59
83
133
9
140
110
90
112
109
115
135
127
1
143
133
115
116
106
113
131
93
1
126
103
93
123
87
167
121
121
4
113
89
126
138
119
144
112
99
8
93
146
120
122
140
131
95
148
8
113
130
114
127
149
143
109
130
5
123
136
87
142
97
139
106
115
5
136
88
161
86
117
83
97
85
2
99
138
134
113
95
135
151
117
4
99
127
128
94
127
136
132
108
1
113
141
87
124
136
93
160
115
5
127
135
119
91
132
155
108
128
7
123
106
128
120
131
105
134
128
1
118
117
108
124
125
133
100
123
5
164
129
160
97
147
140
100
95
8
111
133
109
105
119
125
106
83
7
106
93
118
127
105
98
104
116
1
99
121
127
121
112
126
128
100
2
119
117
118
130
95
113
89
128
9
133
134
103
115
132
140
123
74
8
140
119
102
126
124
131
123
142
9
92
142
73
123
107
106
59
118
4
99
126
108
122
115
156
107
108
10
93
119
127
118
140
126
91
111
7
108
127
83
109
147
110
155
133
7
110
82
114
117
121
131
126
106
5
114
118
133
119
108
114
119
107
7
103
120
124
86
113
102
115
130
9
128
113
79
157
121
136
94
112
1
76
119
99
130
105
80
150
157
2
99
110
135
93
154
124
108
109
8
87
120
113
134
111
147
124
113
8
115
135
120
97
108
111
98
99
1
137
87
125
92
119
96
136
101
9
133
161
104
116
132
128
129
117
5
108
108
114
137
121
128
131
78
6
134
123
97
94
121
110
135
68
3
127
101
118
105
125
141
101
127
7
130
120
104
115
101
145
137
106
7
100
118
115
86
105
94
85
97
0
121
117
140
105
117
148
101
105
9
110
119
100
159
126
129
115
121
5
138
101
125
115
135
115
102
127
2
131
128
84
113
114
129
145
99
7
124
119
145
98
111
143
112
165
9
142
99
99
82
78
121
83
132
1
71
119
112
132
129
122
107
127
9
79
111
90
135
99
126
118
120
7
156
110
113
106
131
102
112
110
9
93
129
110
126
126
138
94
127
5
118
130
102
106
135
119
121
129
1
104
147
79
102
141
99
98
147
6
99
143
104
123
113
110
107
128
7
133
168
79
95
109
129
146
133
5
111
103
114
117
103
127
120
110
10
123
126
84
127
131
126
94
147
3
132
149
126
133
142
109
96
121
0
135
135
123
107
109
100
94
124
4
107
103
124
99
142
114
142
100
9
103
143
126
130
122
129
148
131
9
126
129
117
129
142
135
104
103
7
134
169
115
92
147
121
105
141
10
131
116
107
93
119
131
127
155
5
124
149
93
128
141
100
127
120
8
102
109
114
148
90
75
140
97
7
101
91
78
111
158
135
111
126
5
87
152
116
95
142
133
150
136
0
118
102
131
108
126
84
101
146
9
141
121
137
129
116
130
134
113
10
136
142
113
136
112
149
88
125
5
125
123
107
100
129
145
127
122
5
129
123
114
102
131
117
108
103
5
145
114
161
105
135
117
120
83
0
143
120
113
107
107
111
113
91
10
135
150
129
147
69
149
134
113
10
134
128
139
156
121
135
122
85
1
119
116
114
93
108
151
84
107
7
144
137
105
128
122
137
114
98
7
110
133
113
130
126
143
88
122
5
147
144
145
145
141
126
106
127
8
148
78
125
125
127
134
113
103
7
98
95
111
143
140
149
149
106
2
103
113
120
120
158
122
114
101
8
147
116
121
105
156
119
118
135
6
130
113
136
78
83
104
155
126
6
117
109
102
150
100
139
126
114
10
142
124
107
88
182
106
99
104
4
148
128
101
153
95
146
116
128
10
115
149
111
115
108
114
147
85
1
113
99
112
129
114
105
135
128
2
142
90
90
106
101
146
94
111
3
123
80
144
139
96
99
153
131
5
138
116
113
104
157
100
104
94
7
138
105
130
130
142
129
133
110
5
148
124
118
100
107
101
85
89
4
116
127
115
106
137
141
141
106
0
119
129
99
112
121
95
105
159
6
138
148
125
152
115
94
93
104
7
83
127
139
141
103
127
128
121
7
134
126
123
140
93
93
114
93
7
140
115
132
89
148
122
119
98
5
131
97
121
111
139
128
99
113
2
128
114
105
114
115
107
129
136
7
133
107
143
119
98
116
96
92
1
135
163
93
91
105
126
106
120
3
103
99
135
109
93
106
93
144
2
131
134
126
105
95
105
114
86
1
91
120
141
120
114
99
119
94
10
109
110
107
127
136
100
133
154
10
110
108
126
106
132
100
126
119
5
113
106
156
78
156
106
81
101
7
108
82
134
140
122
82
83
161
6
126
105
131
121
112
97
115
128
2
155
96
95
133
144
92
102
129
3
113
113
127
133
134
82
106
70
6
160
106
134
100
109
135
115
106
0
100
149
94
118
100
104
100
131
1
142
86
107
122
122
111
87
128
2
108
149
112
120
97
107
141
177
6
94
135
101
144
148
148
109
107
9
141
113
118
97
107
135
115
132
9
91
112
105
113
99
99
89
106
8
91
118
136
137
117
147
116
123
9
128
96
103
105
145
97
116
129
8
96
129
93
143
179
82
120
112
1
141
160
136
133
105
126
120
113
2
126
136
103
120
127
124
140
110
2
120
111
73
119
95
103
135
109
4
149
100
161
111
133
112
126
101
2
93
140
142
128
126
110
105
117
7
138
122
133
120
140
128
128
104
3
108
116
118
104
136
108
144
107
1
85
167
123
130
104
107
115
112
6
85
100
85
116
139
90
127
122
0
134
78
119
139
120
105
125
105
7
109
133
92
119
101
144
129
106
2
122
123
64
116
94
123
78
111
3
105
149
114
126
84
107
117
105
7
103
114
79
133
140
171
107
87
6
146
143
107
96
108
143
121
152
1
101
102
87
132
119
113
120
109
4
106
99
117
121
106
124
121
93
9
85
135
107
126
110
134
160
115
2
107
149
145
88
141
117
130
129
3
129
140
113
116
123
113
133
116
4
120
121
160
106
120
101
144
149
3
90
83
116
106
115
94
134
120
5
129
119
130
106
89
129
108
83
10
109
117
146
104
124
129
91
157
1
102
119
139
106
101
135
140
109
9
95
99
113
83
127
100
140
120
1
146
106
135
106
90
112
130
122
0
114
85
85
101
125
100
85
100
5
138
115
119
155
123
149
102
98
5
106
92
140
155
109
113
98
133
3
117
127
113
139
150
125
157
90
2
120
114
147
120
92
101
114
98
4
128
95
121
140
121
113
113
132
4
104
89
142
99
105
115
106
135
4
96
101
142
117
117
117
140
91
2
113
96
156
110
136
113
108
119
3
119
108
105
163
148
121
94
129
9
102
113
133
107
74
118
100
105
6
141
132
124
143
99
108
82
126
4
92
133
85
134
120
120
105
135
1
84
107
125
113
119
112
146
124
5
109
110
86
143
116
106
113
122
3
119
101
123
146
120
108
105
151
2
85
98
119
90
118
79
122
113
4
101
114
126
94
98
146
108
107
6
112
107
119
135
111
119
110
72
9
95
100
128
75
122
96
105
167
3
135
119
107
94
149
127
93
113
6
142
80
126
84
112
145
139
142
1
142
143
140
109
95
112
96
78
5
119
101
105
117
105
127
146
142
6
105
131
92
105
104
102
106
155
9
164
130
112
115
121
94
129
98
4
95
94
94
86
114
77
145
109
4
90
115
93
104
107
113
129
135
2
92
134
135
107
113
74
99
142
5
110
125
135
149
99
134
117
101
2
96
111
86
100
143
96
148
130
1
143
108
113
136
137
92
132
141
3
93
96
98
126
121
129
142
134
1
78
120
111
115
139
126
129
91
6
137
107
155
136
125
90
171
152
10
114
98
65
134
99
87
78
164
1
122
138
100
71
101
163
113
115
5
143
100
151
131
124
86
166
152

