8
7
9
4
9
9
4
5
0
10
9
3
9
5
0
4
10
8
10
4
5
1
8
1
4
4
9
119
111
103
124
99
145
128
90
8
153
140
118
116
105
128
108
143
1
127
103
142
126
130
133
108
120
9
100
99
153
147
153
129
122
168
0
107
136
155
133
121
107
157
86
10
138
135
117
126
87
122
115
118
7
122
127
129
113
80
106
102
117
1
155
138
129
106
107
152
127
122
4
92
117
143
106
100
141
147
129
9
112
110
104
117
117
150
166
115
2
96
125
109
88
124
107
83
142
5
120
123
127
120
106
103
78
108
2
92
104
77
147
127
123
97
120
7
156
127
184
120
98
103
127
91
9
91
87
106
133
81
71
85
134
3
126
115
134
120
107
94
162
126
0
128
134
121
150
152
149
138
129
4
100
120
124
94
91
85
131
94
3
129
96
120
116
136
117
120
132
1
121
157
98
139
108
156
96
89
5
118
124
126
63
93
107
133
152
2
127
89
98
108
127
123
113
119
4
106
92
106
135
87
136
124
95
6
101
115
128
135
141
113
123
81
8
106
157
171
134
119
106
86
108
6
108
134
107
127
132
107
76
112
4
137
119
125
94
136
107
86
126
0
134
106
128
120
118
103
128
119
6
131
137
85
140
91
101
123
94
1
147
102
137
114
115
109
132
120
4
117
101
118
82
117
108
134
155
8
87
123
106
151
147
87
120
101
6
134
134
167
113
115
130
99
85
4
142
132
154
94
120
78
116
135
6
130
137
97
124
102
134
110
146
8
119
111
121
105
132
79
115
113
9
121
139
94
103
127
143
149
91
5
89
103
135
128
134
161
117
95
6
91
142
113
108
142
122
142
140
5
117
141
98
104
110
91
142
120
2
119
136
108
105
116
140
101
120
2
82
130
169
126
155
107
129
121
1
108
99
107
72
121
118
103
118
9
121
99
107
117
120
135
123
99
2
162
145
93
135
94
123
143
92
7
138
112
110
136
114
128
147
114
10
108
111
129
118
107
80
89
113
10
123
103
126
133
115
99
93
101
7
117
109
109
92
122
95
113
131
0
99
106
113
117
112
114
119
84
10
128
152
115
126
111
98
134
122
2
119
159
121
141
149
124
114
108
1
143
124
151
123
114
131
97
135
6
113
98
106
134
96
99
96
102
6
63
135
65
88
144
93
121
107
9
148
122
144
115
128
116
145
122
7
110
119
82
122
93
116
149
98
3
119
110
128
151
148
111
71
137
8
142
121
84
100
107
103
145
107
4
114
102
127
117
92
120
105
164
3
119
132
137
86
157
134
114
87
3
97
115
103
141
123
157
136
130
6
75
135
122
128
110
128
90
108
1
127
115
151
100
141
120
99
104
3
122
102
125
129
114
113
92
134
6
86
119
99
136
104
97
98
111
2
112
93
139
143
93
142
87
128
6
121
144
78
116
134
113
107
120
3
106
103
93
128
93
129
138
112
6
101
143
141
129
113
147
128
135
0
129
141
121
114
103
120
101
115
4
118
148
112
107
131
103
105
146
4
114
122
100
142
115
122
132
134
1
155
112
143
99
134
119
119
125
8
92
79
99
119
106
106
114
71
2
125
125
141
125
139
166
126
139
3
112
128
156
103
127
128
121
115
10
138
119
138
120
98
78
93
110
9
128
101
113
128
132
92
137
129
7
117
115
92
145
135
129
139
117
7
135
128
133
127
111
150
145
144
6
148
149
102
121
96
107
100
114
4
140
98
132
120
121
126
109
121
5
136
127
114
84
78
93
148
106
4
80
111
93
111
106
114
94
135
5
144
85
121
126
138
139
83
108
5
153
113
99
109
96
108
92
127
5
92
136
104
129
107
124
107
100
0
138
126
111
81
107
93
115
126
2
155
103
122
120
98
105
111
155
5
105
91
69
129
139
104
127
118
10
135
100
130
129
110
140
83
130
2
75
132
109
97
130
134
112
107
8
99
148
87
91
143
134
134
113
9
85
146
127
94
112
151
104
98
3
99
128
97
125
155
116
148
145
5
133
124
136
117
128
146
128
114
7
149
145
138
120
117
114
119
114
9
125
86
117
85
93
94
120
132
8
79
149
127
119
87
149
120
100
5
127
87
112
113
106
116
144
149
6
122
107
111
168
91
109
112
141
6
105
133
111
99
124
121
103
152
5
123
116
119
106
110
135
119
92
9
114
105
110
128
95
130
84
145
8
126
94
115
108
93
141
135
128
2
126
123
122
82
121
81
120
130
4
100
124
94
91
91
111
115
116
3
102
113
146
109
166
129
163
106
5
131
119
139
119
92
111
123
149
1
121
141
132
120
131
144
121
125
9
80
133
119
142
128
107
107
128
3
132
120
129
142
136
147
130
113
8
122
100
140
110
119
85
98
99
10
134
127
90
106
100
104
84
105
9
126
91
105
117
90
135
102
111
9
102
105
89
128
118
106
130
101
0
87
128
92
119
129
122
127
108
6
78
103
109
100
86
104
108
130
7
88
115
91
122
134
143
112
93
3
122
96
114
94
136
86
113
106
6
119
149
100
147
135
114
106
115
6
92
120
77
162
133
123
168
116
8
128
84
96
133
88
106
120
134
1
123
111
139
101
120
119
134
103
1
86
114
120
102
141
88
121
112
3
105
131
125
152
93
88
128
163
3
113
155
128
145
146
85
140
122
4
133
128
114
145
133
145
86
129
4
112
121
118
128
141
86
117
106
3
116
115
112
97
106
117
101
112
3
143
115
142
106
136
86
106
135
4
132
119
136
149
103
133
131
128
5
142
137
88
121
116
127
110
135
3
133
96
134
85
134
134
116
120
2
114
121
109
105
122
88
149
115
9
100
133
156
137
122
138
93
142
2
88
112
134
127
122
106
104
128
9
92
136
96
98
99
82
108
143
7
92
133
110
117
120
141
99
138
3
147
149
84
119
127
93
124
74
6
114
105
114
136
142
112
93
121
7
117
91
109
125
77
116
137
99
4
98
108
99
120
115
126
139
134
4
102
137
120
124
114
76
103
99
8
126
110
123
87
135
127
90
154
4
129
115
101
106
135
114
135
123
2
102
105
113
104
97
143
140
99
3
97
103
164
132
118
141
112
122
2
73
116
109
129
128
129
115
118
1
112
101
97
123
96
147
119
128
5
123
145
71
128
63
114
117
144
7
79
132
93
140
80
110
124
130
7
113
122
130
126
135
96
129
114
4
111
135
143
86
148
122
85
121
10
146
120
119
130
135
120
167
103
8
158
116
119
71
107
150
102
114
2
106
143
132
85
135
115
133
143
2
114
92
108
111
123
80
107
108
4
121
119
87
112
115
96
120
105
7
95
135
130
105
84
135
110
107
8
115
127
114
142
64
104
126
121
8
111
95
112
119
114
112
81
110
6
119
122
132
120
113
125
129
122
2
112
121
108
117
159
109
126
106
7
98
134
137
130
128
72
109
112
6
114
107
124
102
149
126
99
135
8
110
130
85
120
123
76
127
115
1
135
142
85
126
100
87
65
110
7
107
127
96
170
98
135
150
125
9
113
96
149
121
152
151
126
115
4
119
138
98
102
142
134
141
140
7
128
127
105
134
143
107
128
107
4
122
102
106
161
80
77
113
114
6
97
72
123
84
107
113
104
104
2
80
129
124
101
106
142
135
107
3
121
107
121
121
164
115
101
108
6
118
143
79
136
114
134
114
112
5
106
127
106
87
106
89
146
151
9
136
146
99
77
72
127
90
108
7
127
118
100
141
116
71
81
84
5
148
139
117
121
116
98
150
108
2
126
80
100
105
126
111
120
148
5
113
127
142
126
119
107
99
74
2
87
133
141
122
84
117
112
160
8
113
99
140
97
84
125
93
121
8
90
117
139
105
106
115
94
119
4
87
87
104
111
119
117
127
118
7
148
147
136
88
101
100
116
107
4
145
101
125
126
109
86
136
127
9
121
90
122
99
91
142
102
127
7
110
102
107
100
118
120
102
114
10
105
115
133
98
115
148
141
64
0
119
78
92
104
136
103
167
114
1
128
71
141
105
101
134
105
98
3
123
141
97
138
130
147
138
94
2
121
90
121
90
115
152
111
152
9
120
115
123
128
134
92
126
127
5
118
76
137
135
94
95
121
102
4
99
86
79
113
115
115
100
109
9
130
99
115
142
115
132
147
94
9
147
110
106
147
129
106
129
116
4
115
77
64
93
128
99
98
120
6
114
95
103
127
125
89
127
95
8
99
123
136
155
130
105
122
107
3
134
127
116
145
119
117
110
99
2
168
121
139
145
115
106
148
105
0
101
123
94
98
114
134
135
156
8
111
95
102
135
123
79
119
101
8
119
109
107
106
147
116
141
154
7
102
105
104
97
152
128
126
134
1
146
146
142
95
164
105
86
136
1
126
89
124
129
129
120
92
132
4
135
105
77
102
85
139
99
106
2
114
141
140
108
87
140
137
145
7
109
95
98
111
78
101
117
142
0
125
110
94
149
100
80
106
148
8
115
134
144
103
141
120
85
85
1
96
122
141
103
132
122
124
85
2
144
90
120
149
79
148
89
116
8
129
147
143
134
51
132
148
110
1
98
136
121
133
164
98
121
120
2
100
118
122
105
103
148
121
105
2
119
84
95
123
118
97
95
113
4
100
123
105
138
99
87
128
121
6
104
146
113
90
111
137
85
149
1
134
110
109
140
129
127
138
87
9
132
83
112
155
119
98
123
114
6
130
107
140
131
124
147
154
106
1
133
119
121
104
140
134
122
133
7
115
97
161
115
113
77
118
103
1
145
72
119
102
137
120
112
133
5
81
122
94
142
130
100
122
117
4
142
107
117
105
138
127
98
132
8
119
132
89
99
128
98
120
148
10
149
126
106
108
108
143
156
113
8
118
137
126
141
91
98
120
143
5
139
127
107
88
103
128
108
126
7
100
105
109
120
123
156
127
129
6
102
141
119
138
106
115
134
144
9
121
131
129
152
135
107
141
89
8
99
119
136
136
92
99
108
107
2
111
135
128
113
113
112
119
153
9
82
148
112
78
128
92
131
106
6
106
126
115
139
135
125
102
105
0
138
143
147
133
128
151
94
128
3
139
129
99
105
117
147
105
101
6
127
113
109
163
158
113
93
107
6
106
87
131
116
156
126
135
105
8
101
116
136
169
119
142
107
77
6
133
99
132
133
106
128
110
98
3
92
145
129
123
106
105
129
135
5
79
87
119
79
121
88
136
88
6
105
117
100
113
108
100
88
111
0
92
125
121
147
86
99
115
147
8
100
92
84
110
103
134
129
119
3
136
150
135
100
123
136
99
129
5
122
135
121
89
135
137
108
141
2
142
99
111
163
155
124
111
115
9
104
94
122
128
143
161
87
139
1
93
144
79
107
116
114
123
71
8
93
159
125
149
140
132
140
128
4
112
154
128
64
113
111
122
154
9
147
82
117
117
118
126
118
100
0
111
135
129
129
119
124
146
156
5
95
110
97
110
134
126
156
147
3
93
143
73
133
114
94
155
99
9
101
113
142
101
92
90
99
134
4
92
147
127
110
98
92
100
121
7
92
133
121
122
150
113
118
135
1
96
132
114
101
112
51
86
115
6
168
148
75
105
110
130
75
108
5
123
78
135
100
132
99
132
80
3
134
142
142
107
131
129
131
84
9
125
91
153
131
112
131
128
136
5
118
146
129
135
135
121
75
108
1
106
141
112
62
147
106
127
132
4
147
116
78
101
94
135
111
98
0
119
129
96
103
113
150
130
145
4
147
130
157
143
134
135
98
149
0
104
116
126
110
121
122
147
85
4
120
128
128
115
108
117
142
90
0
58
113
91
102
128
106
112
119
2
118
113
105
100
131
112
156
149
6
119
103
91
151
106
117
110
144
4
100
122
122
60
100
106
112
136
5
114
135
132
146
133
125
163
112
10
114
64
82
131
149
95
115
141
6
87
107
112
93
118
119
113
146
10
113
130
101
120
113
88
85
135
6
121
114
148
142
78
108
135
113
7
138
107
109
98
127
93
121
108
8
107
85
107
113
101
146
70
107
1
129
107
127
121
94
145
123
115
9
92
131
84
126
131
119
96
97
6
146
139
143
125
179
103
105
109
6
108
102
107
128
150
123
99
133
6
161
104
127
112
107
87
138
116
2
144
120
135
110
164
96
112
121
1
93
144
98
91
138
99
77
124
4
134
134
96
149
95
84
135
85
5
142
86
151
120
133
92
120
123
3
126
126
132
122
145
107
119
130
10
129
95
148
106
96
65
139
118
1
78
118
125
136
147
136
131
108
2
129
115
127
123
118
119
98
113
8
156
115
135
100
76
93
127
119
0
100
129
144
110
121
106
123
103
8
133
141
145
120
104
98
101
127
4
120
140
132
123
127
119
123
141
8
121
96
107
116
140
112
93
159
2
118
90
124
114
99
121
98
86
2
100
103
145
120
134
92
101
86
9
109
118
138
90
135
158
128
108
4
124
133
77
98
122
148
149
79
7
113
141
102
130
106
121
129
134
3
153
92
95
96
125
133
115
130
9
93
98
97
115
127
122
97
135
4
89
112
98
102
126
137
99
102
3
121
124
63
101
117
76
106
132
9
126
98
111
108
99
104
113
104
1
135
95
121
126
121
106
108
124
1
120
155
128
123
108
128
107
109
7
125
95
140
132
122
122
117
114
8
122
105
120
117
120
124
128
126
9
120
114
127
119
99
87
86
115
0
112
128
105
145
145
103
119
114
5
143
129
116
94
115
141
114
129
5
102
103
105
115
106
109
129
127
1
121
120
139
109
112
136
97
81
6
133
94
128
137
98
120
141
108
7
110
112
76
81
144
132
98
118
9
122
91
94
122
121
77
122
108
7
132
125
65
141
132
108
91
106
1
111
101
124
123
91
110
107
161
7
86
122
126
95
128
126
169
141
10
99
117
92
93
126
95
107
142
2
77
114
130
112
108
110
101
91
6
85
155
122
110
94
99
127
119
5
114
137
111
115
136
135
125
92
5
100
116
97
115
82
155
152
100
5
122
121
120
137
114
126
107
143
6
82
107
141
135
123
105
139
132
8
102
127
183
116
72
132
111
86
1
107
151
173
149
136
106
119
125
5
128
132
115
135
122
127
103
141
5
116
87
93
135
114
136
101
111
7
130
168
127
140
119
107
107
120
8
115
125
73
107
110
134
141
128
3
100
146
132
88
154
86
114
126
9
121
145
89
98
127
140
100
130
9
131
119
115
105
146
87
113
95
10
122
102
118
112
101
110
109
156
8
117
107
152
132
148
116
115
107
8
136
130
117
126
93
116
125
108
3
118
122
86
108
144
117
109
126
9
129
101
109
100
92
124
140
139
6
134
106
114
133
110
120
125
106
6
120
135
135
121
134
87
115
128
7
109
99
122
140
106
111
138
118
6
131
105
85
119
106
123
147
106
5
93
114
118
136
136
142
107
134
0
89
102
111
103
128
127
141
96
1
127
129
98
92
128
120
85
107
4
124
103
115
135
123
117
131
113
8
136
117
119
140
103
130
114
137
5
102
115
118
133
114
128
141
121
2
126
154
98
141
93
129
112
100
9
129
120
127
133
114
133
130
95
3
136
114
165
107
134
129
154
124
2
149
134
110
96
122
100
108
116
2
93
109
140
112
127
113
126
110
4
120
128
124
147
143
119
136
107
8
128
94
112
117
127
79
127
113
1
123
98
120
123
114
125
86
131
4
108
114
134
106
113
127
132
127
1
132
127
118
122
116
154
128
115
4
115
135
118
128
134
106
105
108
0
126
125
107
137
135
103
126
111
3
108
107
114
113
84
141
131
100
4
126
105
85
105
129
119
116
99
1
87
131
146
152
105
114
88
107
8
112
116
102
136
100
80
141
117
1
94
144
121
140
135
101
104
121
5
106
135
106
100
83
106
127
113
2
106
128
141
102
121
127
96
143
4
120
109
126
106
121
71
120
122
8
111
101
121
91
127
148
113
141
0
105
128
133
103
126
124
100
134
0
125
105
122
100
119
66
119
121

