7
5
8
10
7
7
0
9
6
7
9
0
7
4
1
9
2
8
14
1
6
2
3
7
6
7
5
140
121
115
131
113
101
100
118
8
139
124
124
114
81
140
91
64
8
103
96
99
93
141
129
158
87
8
124
118
105
100
128
134
109
130
4
107
141
147
119
149
157
136
142
0
120
145
122
111
141
84
113
98
7
134
128
135
101
88
138
122
107
7
107
106
150
151
83
120
142
114
4
117
106
121
90
109
95
89
132
2
120
120
92
93
162
88
142
98
9
113
111
146
133
121
86
142
100
9
146
112
110
123
140
118
131
130
10
126
139
114
134
149
126
135
114
3
119
112
77
114
155
113
123
88
2
130
95
86
120
77
116
107
85
1
97
129
123
135
88
100
133
117
4
134
107
98
119
94
147
88
154
5
128
122
136
149
113
100
140
115
3
119
93
98
125
124
127
115
147
8
127
100
91
81
120
131
127
127
8
128
116
134
106
129
127
113
156
2
116
108
168
93
98
110
143
122
7
113
72
124
152
115
144
115
148
1
129
115
120
136
116
127
125
119
3
149
135
117
92
149
115
151
121
4
126
102
124
134
104
79
87
120
6
142
93
143
142
121
125
82
119
4
145
83
120
133
160
87
119
84
0
141
130
109
105
98
120
131
134
7
100
111
115
128
107
127
148
132
1
127
100
122
127
116
121
128
154
0
117
135
121
75
98
124
126
115
4
94
93
113
139
119
106
106
88
3
157
115
156
99
122
108
98
94
4
113
73
96
123
134
125
107
107
10
86
104
99
72
68
80
99
107
4
121
113
131
140
93
116
155
126
7
120
136
113
89
107
140
107
149
8
106
175
146
105
143
115
96
121
4
125
108
116
111
107
111
130
98
8
127
124
98
111
107
133
114
128
5
119
149
104
148
107
96
133
99
8
135
79
114
130
79
102
134
114
5
106
107
121
132
121
116
113
91
3
136
129
100
121
104
128
115
113
4
92
141
119
115
121
104
149
94
7
112
87
135
160
101
98
118
104
1
130
101
123
141
101
76
97
126
6
95
140
133
127
85
129
136
141
1
158
140
114
125
106
96
154
104
4
98
137
101
99
99
120
118
127
0
143
131
120
105
121
172
168
116
0
113
114
85
129
107
88
113
142
3
104
126
169
112
110
126
120
86
4
136
136
120
84
132
114
70
121
8
83
155
151
77
133
159
127
119
6
113
80
91
117
126
135
112
103
9
78
112
139
107
121
128
100
113
8
145
107
138
164
78
111
140
119
1
106
112
141
95
97
148
119
109
0
108
117
107
134
135
112
154
94
7
133
121
88
94
133
141
108
115
2
116
133
134
89
108
132
138
120
8
110
136
102
113
89
126
140
135
2
70
97
130
135
140
116
120
135
9
120
127
132
95
127
115
85
119
4
121
117
123
112
115
95
133
99
6
131
94
154
152
101
99
121
109
7
91
85
113
91
112
126
115
120
3
129
94
63
125
163
116
128
160
1
156
114
146
136
117
107
128
100
3
145
142
109
122
109
121
103
81
6
45
104
157
109
140
96
106
124
1
100
76
101
128
119
87
78
94
6
122
123
126
85
125
99
133
124
6
88
108
99
104
121
142
149
115
6
140
127
118
120
133
114
126
122
7
106
141
110
122
132
116
121
122
5
128
80
120
97
114
140
123
120
3
94
112
160
104
97
127
124
103
1
106
135
127
114
127
123
100
97
1
120
122
121
105
136
122
122
107
4
109
122
93
149
142
136
113
140
8
123
76
146
104
112
132
107
108
8
121
149
108
127
101
110
107
124
1
139
120
128
87
111
115
135
147
10
133
127
71
85
109
171
86
121
1
131
122
133
113
91
135
71
133
8
135
95
119
114
107
116
112
106
1
122
133
68
120
120
132
136
103
4
89
129
101
116
117
156
95
128
7
94
121
103
112
131
162
107
168
10
108
106
123
105
57
126
135
133
5
122
96
120
127
95
43
111
134
9
148
106
147
119
112
127
116
112
6
148
104
119
126
134
142
126
163
3
99
143
74
140
101
123
123
111
5
98
94
109
134
133
84
150
124
0
120
121
115
122
100
72
142
122
4
122
108
139
134
133
81
121
120
3
94
141
105
101
120
127
101
106
4
138
127
127
128
103
112
104
114
10
118
128
127
106
113
132
103
129
8
132
113
102
120
127
123
142
91
0
128
95
147
89
136
138
145
132
1
122
119
105
125
134
149
109
106
6
99
111
159
105
130
96
136
122
4
127
150
134
115
82
142
117
122
4
118
137
137
112
113
127
150
102
3
120
127
149
101
155
109
106
90
10
144
81
102
131
113
100
149
134
7
121
106
123
103
124
134
115
84
6
134
124
108
127
156
96
141
151
7
108
140
89
128
92
150
111
99
5
75
98
122
121
99
109
107
105
5
125
122
121
126
100
122
122
122
7
130
131
133
106
97
115
131
99
6
92
98
98
110
134
100
106
124
8
131
121
79
117
132
86
106
127
5
134
107
120
150
84
111
115
121
4
92
178
119
136
132
124
131
95
4
86
107
121
117
121
74
92
73
8
137
119
105
109
121
119
133
79
1
66
71
112
125
142
133
78
147
7
128
121
115
118
128
121
121
103
2
63
126
128
145
138
97
131
116
8
86
118
112
133
135
143
96
120
10
116
139
135
113
120
110
100
95
9
108
98
106
130
117
100
114
119
8
114
153
141
150
162
125
102
98
8
118
118
100
125
135
126
114
149
4
129
140
77
159
125
121
114
93
8
111
123
136
130
121
111
105
127
7
129
103
64
82
113
128
113
113
0
139
93
128
120
112
117
73
53
4
113
88
127
147
129
104
113
120
2
107
119
129
109
102
119
122
128
5
142
125
126
108
131
94
118
128
7
118
136
129
149
145
78
106
113
5
133
126
123
121
110
106
132
110
8
93
141
101
142
115
67
98
114
7
118
86
134
118
109
91
106
100
0
117
132
92
116
150
106
114
122
7
111
156
114
129
98
121
101
99
9
153
134
71
92
126
155
97
114
10
151
104
152
127
85
129
114
127
2
101
135
121
128
121
115
115
133
1
124
103
93
111
129
146
78
100
8
124
126
94
107
109
124
171
125
5
119
113
115
100
146
118
141
105
4
99
111
106
97
127
120
139
156
1
121
100
136
85
129
119
126
137
10
124
78
112
127
127
147
91
138
7
92
82
119
128
100
116
134
91
9
143
145
73
107
100
124
120
155
1
74
140
110
138
142
115
137
114
1
99
114
131
102
92
109
136
127
8
114
109
122
107
126
94
93
100
6
127
87
118
113
120
71
138
135
3
124
110
96
84
125
91
94
146
3
134
115
129
103
156
147
104
124
2
111
119
111
126
147
95
128
149
2
123
124
138
86
113
114
140
118
5
133
114
141
114
142
111
149
100
6
114
89
106
137
98
80
143
135
2
95
124
105
96
127
134
113
139
0
121
141
108
78
94
122
112
101
2
121
129
126
107
108
92
146
116
2
133
134
108
121
105
127
141
115
1
150
79
98
140
119
157
100
112
7
113
128
132
85
112
136
100
143
4
148
93
104
108
131
92
118
120
5
134
93
92
101
113
135
120
113
6
113
150
106
119
113
93
87
113
2
90
148
112
111
89
108
121
119
4
150
120
130
115
135
104
87
91
7
114
124
120
95
141
108
123
111
1
140
135
87
121
143
131
129
113
6
134
110
107
73
113
106
129
99
1
94
93
132
146
133
113
100
140
4
170
121
114
98
137
123
141
125
2
99
150
148
121
100
100
124
98
6
108
127
104
161
132
102
122
84
3
136
79
158
79
120
133
122
100
10
113
134
122
131
113
75
99
119
6
127
131
144
149
133
114
112
123
7
122
150
98
115
147
101
114
115
4
113
155
127
108
78
107
122
162
7
128
143
119
147
111
101
119
95
9
107
121
134
112
112
131
94
94
9
128
107
85
121
136
153
127
136
7
107
110
119
112
117
132
154
120
4
111
175
111
113
108
113
116
127
3
128
106
122
135
142
123
109
90
6
109
121
133
142
101
96
96
120
7
130
127
133
87
132
142
110
121
3
91
101
128
143
119
119
117
92
0
106
135
117
118
105
96
127
130
3
107
96
104
127
107
120
170
138
1
114
127
120
125
120
120
150
144
6
157
101
149
138
121
153
70
129
3
120
134
128
109
122
112
105
132
5
99
111
119
96
119
112
88
145
8
104
83
135
147
118
122
84
101
7
149
119
104
85
94
129
138
159
6
120
113
123
100
136
98
141
104
5
101
107
73
102
119
159
88
91
2
102
120
151
126
87
110
83
113
6
150
136
120
112
153
92
120
89
3
123
120
115
72
105
128
110
162
2
94
118
101
160
144
112
113
157
6
80
95
131
120
141
148
120
120
8
121
116
149
73
116
135
76
133
1
118
121
126
126
150
125
102
125
8
140
104
131
91
87
113
107
108
1
124
120
121
117
134
112
153
136
0
154
95
133
125
106
118
129
101
6
141
98
99
144
82
121
97
146
3
116
100
93
140
127
127
150
108
4
93
121
91
95
121
96
100
123
1
106
109
110
110
145
141
112
139
5
116
128
148
66
134
187
118
113
4
98
102
117
110
161
101
81
99
2
134
121
129
107
107
109
90
87
4
128
137
121
106
148
113
148
81
5
90
100
114
120
131
115
130
121
5
106
142
106
100
103
120
69
103
6
133
125
88
99
97
98
100
111
4
93
109
112
141
126
121
114
135
9
122
116
85
101
117
120
120
119
0
143
117
112
142
87
92
99
155
7
99
141
114
99
127
107
79
116
0
107
103
146
107
114
144
161
122
5
142
115
114
119
152
118
114
111
6
148
91
123
125
130
161
109
114
8
120
93
155
92
127
140
124
106
5
122
127
135
109
130
117
130
122
1
79
136
94
132
70
86
135
123
9
92
130
140
95
115
121
133
95
1
117
129
113
113
107
115
108
99
9
97
128
111
126
114
129
138
121
5
114
114
143
147
103
106
134
144
7
95
125
134
112
75
113
138
138
9
92
122
121
130
141
106
87
127
5
92
120
105
105
119
106
140
147
6
95
113
129
99
149
135
121
148
7
113
144
105
109
126
128
114
146
7
93
114
110
108
128
146
120
93
9
152
156
154
133
70
131
142
108
6
133
114
109
133
144
103
128
89
9
124
63
135
64
118
86
101
139
10
89
140
100
106
149
140
114
135
8
101
140
95
76
71
106
135
132
9
94
80
117
111
115
143
157
128
1
79
126
100
87
108
135
118
114
8
128
85
103
107
83
156
138
104
2
128
114
129
128
101
148
106
131
4
141
71
132
99
99
140
109
108
4
99
105
141
114
110
111
107
126
2
116
139
84
121
128
114
160
101
3
67
98
101
121
116
108
93
121
3
102
133
181
109
119
102
135
127
1
94
94
119
117
87
133
108
106
7
127
121
124
82
128
132
91
99
3
107
101
95
126
115
100
113
126
7
91
106
112
95
86
138
111
103
5
119
120
135
109
114
89
140
141
8
117
123
114
98
77
126
114
83
0
94
86
155
95
99
106
127
118
9
136
114
99
72
142
112
167
106
3
129
121
126
99
105
128
133
142
6
117
107
135
118
135
98
120
112
8
114
104
98
100
120
136
101
143
1
121
111
151
144
129
115
142
103
1
144
98
124
108
127
114
118
139
1
85
117
122
120
134
117
106
99
4
127
142
113
116
125
106
140
130
2
82
142
128
90
107
92
162
119
6
71
108
90
117
80
115
103
83
8
117
156
93
120
141
98
102
107
9
113
131
101
176
120
135
171
109
5
95
94
138
129
134
103
128
120
10
136
106
96
125
114
100
122
99
8
162
136
107
111
133
106
92
108
2
120
112
127
87
97
147
145
131
2
102
108
125
113
87
103
123
90
1
114
134
71
108
104
153
119
122
8
115
102
128
95
113
142
113
78
3
74
110
104
120
134
123
119
141
0
106
99
89
122
106
87
128
118
6
121
109
130
148
121
106
105
102
3
122
93
136
118
107
107
135
159
7
108
99
142
103
118
89
101
85
2
147
137
114
93
115
72
112
100
3
104
124
119
102
120
99
103
108
9
129
127
92
104
100
181
114
127
3
95
127
108
132
123
145
102
156
7
85
115
130
150
70
123
57
96
9
121
99
121
126
161
125
117
135
8
114
141
67
109
106
73
129
92
4
85
139
140
80
111
112
114
117
7
114
92
135
121
112
130
136
85
6
114
156
78
94
99
106
112
140
1
110
99
105
128
148
116
141
105
2
107
113
119
107
105
131
119
115
2
142
128
135
124
117
121
91
116
5
119
118
136
129
112
124
106
121
0
94
126
126
101
87
131
131
116
1
143
136
110
102
132
82
113
120
6
85
71
123
121
128
106
106
149
2
106
99
119
112
110
140
77
126
10
129
120
100
107
124
75
106
92
1
118
107
105
106
130
94
86
114
7
94
147
110
98
117
154
93
121
3
103
91
130
100
130
111
121
77
4
96
89
112
121
143
134
106
96
8
127
107
113
153
135
93
149
134
4
105
85
100
110
77
130
126
127
7
107
95
101
93
105
146
138
119
9
99
125
106
112
107
114
78
135
0
112
116
117
129
132
133
108
86
3
106
111
108
127
120
126
128
107
3
98
136
136
136
120
142
87
107
6
118
119
107
150
119
130
88
126
5
145
128
121
129
101
149
100
101
3
125
127
137
84
105
128
84
143
6
107
122
143
107
100
117
103
129
3
100
106
92
123
128
99
116
139
5
98
140
137
127
116
106
117
134
4
121
121
136
136
128
142
106
113
9
111
100
147
103
115
118
122
120
6
134
114
112
155
119
117
141
127
8
139
58
128
91
105
105
115
125
7
138
102
142
116
147
120
120
110
0
112
98
136
135
128
122
123
101
10
111
91
101
104
70
129
120
100
1
111
77
88
126
141
147
112
129
2
85
128
112
106
152
121
120
92
1
150
106
93
115
106
93
139
108
6
114
130
101
100
114
121
124
154
2
116
98
92
106
129
114
85
127
1
131
112
113
104
94
113
100
85
10
65
115
135
110
128
98
110
110
1
121
121
111
94
106
92
63
104
7
152
113
110
103
123
148
128
79
5
136
84
93
98
113
128
101
113
3
118
124
119
122
108
148
149
103
5
122
127
112
101
91
115
137
94
9
115
125
123
111
124
87
120
134
8
105
127
116
97
131
80
120
99
8
98
155
132
109
105
128
94
92
3
139
120
82
89
110
113
117
111
1
131
115
108
101
77
114
115
114
1
127
118
91
127
119
87
134
115
6
148
104
128
127
163
89
123
114
8
118
141
143
103
112
98
65
101
10
114
64
112
107
156
89
135
115
0
95
127
147
90
108
107
114
99
3
137
131
135
92
123
117
108
112
7
139
102
145
120
130
95
112
108
6
120
78
126
96
108
103
118
115
8
101
121
95
117
115
138
127
134
8
120
60
105
99
99
134
121
98
7
122
156
117
113
116
85
100
135
9
90
128
122
134
132
120
111
98
9
143
99
107
143
114
84
153
99
7
135
79
107
110
92
108
136
111
7
135
140
89
93
123
113
136
144
5
113
119
109
100
148
87
81
98
9
106
136
137
125
114
132
122
128
7
95
99
127
123
112
101
72
109
7
123
130
127
150
125
97
87
142
2
136
105
123
142
92
122
79
113
0
163
135
127
134
123
86
144
130
3
136
119
128
127
112
117
93
113
7
90
92
106
140
124
99
128
120
8
121
103
90
102
110
106
118
111
7
141
139
106
134
105
121
145
115
3
51
101
107
116
122
114
80
79
7
127
127
120
169
86
148
154
124
1
108
97
76
104
108
130
138
112
1
94
106
110
148
71
102
104
98
3
129
130
142
97
148
108
132
150
2
125
94
111
126
136
122
146
125
5
75
125
106
128
124
157
99
103
6
140
98
79
73
105
85
146
104
1
141
104
136
109
118
120
106
127
4
107
129
139
111
92
140
114
90
6
85
121
119
84
121
79
111
130
8
147
98
136
115
121
125
99
125

