12
5
0
5
3
3
5
3
8
13
8
8
3
7
6
8
3
5
13
7
9
5
2
10
4
0
2
110
99
98
147
79
122
148
121
4
143
74
101
83
140
128
126
113
7
137
75
92
108
137
101
108
100
6
76
114
121
104
112
120
149
107
4
107
93
108
126
95
131
107
108
6
149
97
136
121
84
107
109
120
2
116
97
143
93
79
93
92
98
9
96
77
145
135
122
113
122
143
3
127
129
102
121
168
106
119
136
4
107
135
113
165
141
105
117
126
3
127
129
132
92
162
77
120
120
4
113
99
84
108
106
132
100
110
7
107
105
116
107
110
77
143
114
9
125
174
142
99
64
114
106
98
1
128
133
123
121
130
150
120
128
10
141
97
117
132
107
112
135
127
2
112
127
99
130
125
85
86
130
3
106
138
113
134
111
131
129
124
1
121
113
92
92
162
103
142
101
10
71
138
156
91
141
100
127
145
7
57
138
115
120
111
116
155
129
8
122
108
131
104
115
108
150
120
3
101
131
148
93
119
120
126
127
7
147
100
123
125
133
137
134
108
6
106
149
119
122
147
166
134
133
9
122
91
93
141
110
66
100
115
1
119
156
146
147
137
136
99
92
3
84
106
125
96
129
135
109
124
3
113
120
107
95
99
126
117
117
6
105
79
122
134
111
106
115
112
9
150
112
173
104
141
98
109
112
6
94
107
119
99
133
133
129
114
5
114
98
134
135
79
148
106
107
7
114
133
124
95
82
67
114
120
5
87
117
130
121
144
105
96
116
3
127
122
132
110
153
145
116
124
2
121
87
120
135
106
145
127
124
6
94
88
137
120
128
91
132
92
3
89
73
115
127
115
183
134
128
9
128
119
137
120
88
137
126
155
10
129
92
140
102
102
156
121
116
2
112
136
118
92
93
74
85
147
8
129
158
132
119
103
137
108
132
8
119
142
105
132
118
134
154
129
0
140
82
114
107
126
119
132
114
1
84
113
166
147
123
122
145
155
7
105
127
119
92
130
113
115
97
5
167
119
134
127
112
153
113
148
2
107
109
96
106
113
111
141
135
1
125
74
113
133
105
101
131
134
2
114
134
74
109
109
138
131
98
9
155
130
109
99
149
102
127
118
8
112
141
118
129
132
111
145
111
2
86
113
120
97
127
128
115
86
7
113
123
120
93
68
97
93
113
8
114
125
110
122
133
144
108
114
6
85
121
148
115
125
137
115
128
8
131
131
130
132
102
98
92
84
9
130
124
104
118
127
128
107
116
1
124
101
114
99
97
124
74
111
2
93
119
128
141
65
106
103
146
3
160
88
141
109
142
108
129
120
3
107
140
139
93
103
117
118
100
6
144
120
126
134
126
103
106
112
9
127
114
137
126
84
126
122
133
4
113
119
103
106
157
120
114
119
2
129
117
117
113
108
146
116
99
9
93
123
117
139
121
115
140
128
3
156
154
113
113
128
152
141
90
6
95
138
106
65
107
91
121
141
8
134
108
99
120
100
147
146
102
4
121
144
121
117
93
120
103
119
1
117
129
115
135
112
103
177
111
9
95
92
104
122
119
126
112
121
1
106
123
79
118
71
143
104
115
8
109
128
134
97
113
122
102
138
2
153
116
127
146
119
94
119
78
5
154
146
121
107
116
112
110
112
6
114
175
99
107
118
96
123
92
8
86
119
145
127
85
114
120
125
10
129
109
99
96
115
127
125
105
3
118
147
93
134
113
114
129
155
3
113
152
93
117
138
131
152
113
7
92
93
129
133
123
94
126
133
1
120
127
128
120
105
96
113
115
2
94
101
113
118
128
118
154
137
6
124
136
116
79
117
121
150
119
7
88
108
89
100
113
92
96
76
3
109
111
112
118
140
106
110
136
6
107
129
84
108
135
87
118
119
7
95
96
94
107
120
72
103
117
8
146
110
96
102
101
128
128
123
3
125
105
127
154
124
101
105
99
6
106
120
93
119
118
147
143
146
1
161
93
119
72
122
97
106
65
2
108
118
117
96
176
112
95
90
10
101
127
146
98
158
140
143
92
7
176
98
121
111
135
118
114
105
3
127
130
136
107
95
151
101
120
8
140
103
116
127
149
99
168
127
8
107
141
124
104
142
117
124
93
2
153
120
98
93
117
115
112
112
0
137
113
135
150
122
108
161
131
8
113
138
140
94
97
115
96
150
8
120
84
150
120
109
136
131
161
5
98
114
95
127
107
123
98
94
1
155
113
129
119
106
107
121
70
9
123
117
105
87
91
136
171
113
2
114
106
126
97
170
105
132
124
9
73
126
136
107
80
149
169
116
6
139
128
137
125
103
114
94
113
8
94
109
106
135
100
159
127
110
6
125
148
118
154
114
121
119
104
7
103
104
139
110
84
134
108
126
6
138
123
96
124
127
114
114
90
5
120
112
138
130
138
105
135
121
9
139
163
120
104
89
104
97
128
0
78
124
115
92
130
98
142
102
10
111
119
109
120
113
127
163
107
7
106
101
129
113
101
115
100
125
7
86
127
104
95
92
127
93
148
4
112
114
126
103
120
110
156
107
5
102
107
114
136
113
115
126
124
2
148
114
133
115
126
82
108
106
0
91
135
111
134
120
104
93
142
10
116
110
101
101
142
122
79
116
2
140
85
107
107
128
127
141
133
3
108
157
95
127
112
143
119
118
8
112
114
122
132
115
136
115
109
4
92
123
136
146
127
106
122
125
4
106
118
132
115
137
99
121
128
1
121
132
135
126
120
149
144
143
5
90
98
86
127
101
157
134
82
3
101
147
119
116
92
132
103
141
6
134
126
97
121
117
108
108
145
4
99
136
128
149
104
125
114
69
9
114
117
115
109
110
142
128
167
9
141
104
123
128
87
115
115
143
0
98
98
136
113
124
120
148
122
5
103
126
102
101
127
113
112
147
4
113
109
144
128
121
186
123
124
5
118
100
90
102
142
102
93
98
8
120
80
114
114
53
114
141
127
10
92
121
95
83
115
119
127
119
6
157
153
100
145
111
127
135
113
7
111
85
86
90
113
85
158
102
4
107
86
119
132
132
131
137
163
3
106
141
86
128
122
92
139
116
8
123
106
139
115
112
116
137
114
3
127
134
139
142
142
131
104
99
7
73
104
70
106
142
106
111
115
3
110
111
121
121
144
101
141
113
7
130
128
125
135
151
138
143
125
4
102
138
119
155
113
93
135
100
2
94
106
170
92
128
127
117
141
6
121
113
143
100
108
133
142
120
6
149
162
104
95
119
83
143
97
8
145
92
103
129
119
90
146
114
4
101
122
117
110
124
98
152
155
9
94
134
135
125
113
126
111
110
3
140
149
114
105
103
124
104
102
1
136
113
84
104
100
100
102
147
0
146
118
140
102
127
66
150
138
2
90
123
87
125
113
109
143
131
4
127
120
94
126
148
127
105
123
4
123
69
134
109
128
95
125
115
9
148
123
132
122
115
108
71
121
0
135
112
151
150
110
122
140
112
4
121
127
86
134
129
128
81
88
4
108
133
88
125
134
154
124
156
7
133
101
111
111
148
97
90
124
8
127
111
122
110
122
156
127
117
9
146
73
130
123
140
108
133
145
1
90
77
142
124
120
127
113
135
8
122
133
111
162
107
120
133
127
4
116
108
75
133
101
149
100
91
1
91
141
86
105
141
107
107
52
2
107
140
123
100
115
139
112
86
8
128
113
98
107
141
108
122
121
6
136
99
136
161
119
93
162
119
3
112
127
78
129
155
128
142
93
1
122
137
107
100
120
113
122
105
5
78
97
85
109
159
108
102
140
4
127
132
77
92
128
109
98
105
6
101
107
114
115
136
95
91
126
1
135
122
95
91
129
135
87
100
5
133
151
91
106
140
141
88
114
1
138
121
124
102
120
105
124
99
4
115
115
135
141
120
112
124
97
4
115
96
92
101
134
115
129
127
6
135
146
134
134
141
114
68
99
6
71
88
106
127
117
115
120
125
7
115
126
94
123
141
102
108
148
3
115
110
132
99
138
121
89
81
4
107
133
123
115
114
116
117
114
10
150
157
85
125
142
136
138
127
5
114
105
148
108
105
126
80
170
3
116
127
111
86
128
120
97
139
3
110
116
83
127
130
135
144
169
3
128
105
141
101
101
116
133
121
4
110
90
113
106
143
121
129
102
4
88
86
138
115
98
119
96
129
6
126
75
121
134
85
113
95
129
10
115
95
133
132
136
115
125
147
5
140
114
99
115
134
116
102
96
9
131
132
150
97
115
98
122
163
2
140
105
100
97
101
103
92
105
2
96
136
87
127
113
144
99
93
8
121
118
146
78
161
101
118
98
5
119
115
121
109
136
106
91
120
6
121
125
111
92
122
121
161
79
4
127
140
114
113
122
124
142
104
1
78
108
138
130
91
132
101
141
4
141
122
114
126
104
142
113
112
7
126
117
128
109
131
109
134
142
10
129
134
124
119
121
140
126
130
3
105
113
131
95
115
81
145
128
1
157
105
132
108
99
120
97
121
3
102
123
72
132
115
107
121
104
5
113
99
107
108
120
91
93
100
2
134
102
107
111
121
127
131
149
8
117
145
101
90
135
155
93
113
7
113
102
140
117
100
114
115
99
3
132
123
120
113
109
104
104
108
4
108
91
80
107
135
98
93
113
2
124
119
131
121
143
91
121
103
3
128
159
94
98
138
148
143
100
3
100
120
93
120
148
104
103
127
6
126
127
102
154
114
79
110
135
2
121
136
106
114
129
119
121
110
4
125
105
128
128
96
144
99
134
1
141
143
107
118
111
126
105
111
5
103
109
100
144
126
106
115
115
2
107
106
107
133
137
111
106
120
5
136
138
109
127
122
101
121
109
4
139
141
108
113
108
126
93
130
4
104
85
141
93
96
108
113
154
2
131
137
134
115
114
115
128
117
8
142
128
85
154
138
103
107
114
7
87
132
111
122
139
102
105
111
9
99
114
118
119
111
140
133
106
8
74
107
114
133
145
131
100
92
9
131
150
111
93
114
96
145
150
3
106
99
108
132
150
115
125
137
7
108
120
114
106
87
114
151
96
7
102
68
99
86
60
100
150
143
4
132
101
129
141
128
139
77
112
2
133
155
130
134
114
78
92
129
2
135
119
92
121
146
129
132
96
3
117
123
115
115
86
107
128
138
4
130
133
123
116
119
121
152
119
9
112
127
116
101
110
125
134
114
5
115
108
91
143
106
83
66
121
4
86
115
95
149
145
123
109
134
2
85
86
131
73
108
130
115
108
6
128
152
127
121
114
78
118
114
5
114
99
131
127
134
100
88
93
5
146
121
148
86
129
132
105
134
5
81
92
133
107
95
121
103
134
9
120
117
100
96
128
115
115
144
0
126
133
120
95
164
125
123
153
3
154
122
108
127
106
106
65
108
9
117
81
101
97
121
116
125
132
4
94
97
105
140
88
101
109
99
1
125
131
112
148
101
111
124
67
10
115
94
113
130
123
134
127
120
4
113
98
138
106
119
111
93
124
7
99
140
149
121
143
154
94
149
3
108
75
134
107
110
120
143
166
0
120
132
121
85
131
135
120
102
6
98
126
98
125
126
96
102
113
6
115
135
136
101
99
114
121
133
10
99
102
127
121
130
127
92
128
7
156
123
105
107
127
113
116
122
1
103
83
103
142
120
90
126
106
10
91
136
94
128
117
104
85
124
8
95
148
119
144
98
91
108
148
6
117
103
135
93
140
97
138
146
7
147
122
126
93
114
121
112
120
5
147
139
110
128
93
106
100
77
7
106
100
72
79
110
110
116
100
5
111
149
134
127
124
147
87
121
0
131
102
134
134
134
112
115
114
6
145
138
129
135
129
133
133
94
2
121
86
107
107
157
135
126
117
8
92
136
92
92
135
87
101
136
9
127
121
150
93
142
98
135
114
9
134
128
99
86
108
116
119
142
5
103
117
156
156
156
118
134
115
9
95
132
69
126
117
119
106
96
7
125
125
120
85
129
120
111
76
4
120
88
112
125
110
118
111
140
9
121
99
115
106
150
136
140
132
2
143
151
138
153
119
94
111
107
7
122
92
139
85
87
114
84
157
0
120
95
139
122
124
114
116
142
0
125
105
156
109
131
112
132
115
9
115
114
127
113
80
107
112
91
3
121
110
103
122
105
110
128
136
1
79
109
157
90
135
103
108
95
8
109
101
93
141
105
105
114
114
2
105
93
126
136
126
78
131
121
5
96
111
123
99
120
148
112
106
10
140
109
106
112
120
121
134
152
1
114
106
123
97
112
139
163
108
6
131
106
121
69
182
86
114
135
9
100
151
91
141
119
143
113
112
2
120
127
109
101
106
117
171
96
6
107
143
111
103
126
116
116
113
7
101
126
106
111
101
82
105
131
9
114
121
91
86
119
104
106
146
1
92
123
86
91
98
64
134
108
2
135
117
117
93
126
168
129
98
7
113
104
103
83
121
116
144
93
1
140
123
144
100
112
107
142
133
2
100
123
133
135
128
119
100
116
4
106
101
115
136
115
135
129
139
6
119
139
151
81
87
130
96
129
10
102
112
101
71
112
108
114
120
1
129
114
107
113
98
97
100
149
3
93
135
106
92
114
128
137
127
9
102
116
99
106
133
116
152
69
8
111
92
164
125
116
124
120
123
5
148
138
93
127
98
139
147
112
9
127
64
116
115
121
122
127
145
2
140
88
101
131
129
127
121
114
2
147
103
115
144
105
111
124
102
7
129
115
120
100
127
57
74
145
9
139
119
105
105
112
128
150
79
3
117
121
97
113
78
101
135
152
0
109
116
124
174
78
131
121
104
2
100
79
98
128
111
86
115
101
1
133
121
112
134
145
114
126
95
1
131
120
107
107
114
112
105
70
2
124
116
113
150
79
122
134
113
2
82
132
118
103
84
103
127
147
2
101
107
126
141
101
87
89
78
1
105
137
124
92
156
93
105
89
6
91
122
84
124
129
120
91
150
10
133
138
122
102
114
87
101
92
4
115
126
128
144
127
123
107
151
8
86
93
125
91
111
121
122
125
3
99
113
156
120
126
125
135
91
8
128
100
97
132
127
81
140
95
2
137
106
93
107
106
148
123
120
6
133
97
117
104
112
99
100
131
1
79
88
85
122
140
94
154
93
6
99
114
116
79
143
101
97
153
5
119
121
113
122
157
121
146
141
2
125
142
131
131
109
115
96
111
0
155
145
114
88
110
136
103
137
7
140
100
125
99
128
119
136
156
3
153
90
72
128
136
111
127
144
8
100
129
137
108
106
118
126
113
2
110
127
126
142
136
95
138
111
4
82
117
105
83
107
119
141
122
8
151
120
126
134
122
148
114
136
3
90
101
128
127
122
132
115
94
9
136
114
126
141
105
102
122
113
10
108
149
121
91
126
105
97
112
2
127
139
149
106
124
98
142
140
8
111
96
94
111
138
145
142
90
3
113
114
122
119
112
98
127
120
9
142
111
81
133
142
113
106
107
9
86
128
119
105
97
128
121
113
6
93
142
123
103
127
98
118
113
8
129
137
126
77
106
109
106
78
4
116
107
72
74
100
97
140
103
8
85
104
103
107
142
85
107
128
2
127
127
82
116
115
112
134
86
1
94
120
146
158
99
147
103
99
3
176
115
77
92
114
106
101
106
5
119
87
116
88
152
128
92
132
8
162
122
131
80
98
84
119
98
0
135
113
93
134
148
101
101
110
5
128
99
100
74
109
164
137
92
8
105
144
91
113
119
108
106
144
7
132
128
98
131
134
148
120
119
9
88
148
133
117
136
93
119
120
3
148
116
120
72
95
126
114
112
4
114
120
135
101
103
93
134
152
8
91
110
132
99
76
86
127
116
8
114
137
140
111
93
115
124
82
7
126
105
59
99
86
128
146
101
7
95
115
135
135
113
93
115
131
3
118
116
124
120
99
140
113
120
8
85
82
97
65
124
169
107
128
3
115
92
112
126
117
99
137
140
0
87
109
133
87
107
132
128
119
6
81
84
100
67
121
165
114
129

