13
3
6
8
4
4
5
3
1
10
0
7
2
3
1
2
5
4
8
9
10
9
9
8
3
7
3
135
115
115
134
111
113
92
141
9
104
119
119
98
170
108
104
93
2
116
111
120
135
105
101
142
114
4
96
110
106
101
140
132
130
139
1
114
115
87
131
133
113
107
107
9
121
107
132
112
115
113
120
86
3
138
123
111
141
120
150
113
83
5
134
112
89
125
128
106
79
123
3
134
107
125
86
121
139
142
92
2
127
115
152
110
128
141
105
140
8
121
135
114
117
106
104
78
112
2
144
122
120
105
104
140
94
154
1
101
141
107
81
131
129
140
96
6
127
135
128
134
78
57
103
99
0
106
121
113
105
113
99
120
126
2
123
94
115
82
135
77
118
103
10
121
89
119
117
134
123
115
91
1
119
142
114
142
98
126
145
121
7
114
132
100
177
105
118
94
133
9
127
107
108
101
109
85
111
155
5
128
117
130
150
129
113
128
151
7
98
96
120
123
101
110
119
72
7
104
150
140
99
103
120
120
139
1
113
107
113
114
95
110
134
109
6
141
142
100
149
114
89
129
125
9
109
106
163
119
113
133
106
96
0
120
112
71
100
123
120
94
119
5
100
106
107
114
139
121
141
74
7
109
99
119
118
86
126
93
128
8
135
110
92
100
89
126
160
120
2
99
105
146
81
145
157
100
115
8
120
108
115
115
156
152
120
103
1
97
105
116
118
148
130
111
131
2
98
134
128
105
154
122
109
105
4
101
125
149
122
135
144
132
125
4
156
134
149
113
115
160
99
133
1
125
117
124
126
162
134
71
120
6
127
129
133
98
100
120
113
80
0
108
131
84
100
93
95
107
109
8
126
136
95
77
104
112
96
102
9
147
129
139
127
123
94
132
117
7
102
108
120
131
100
90
123
107
6
121
71
124
112
145
121
156
154
10
127
124
116
123
129
127
112
105
1
108
113
131
126
92
124
124
108
6
138
63
127
126
134
92
143
107
4
105
136
130
101
126
92
106
114
2
134
143
84
118
113
130
156
146
0
112
102
111
85
145
92
86
78
1
141
121
114
108
124
147
86
150
8
95
126
132
111
134
140
121
107
2
121
123
134
94
106
73
73
106
2
115
127
162
157
122
108
84
153
8
81
156
128
93
107
148
150
125
1
116
107
129
120
115
126
79
98
3
130
104
105
125
149
141
104
111
10
121
130
142
136
123
122
95
106
1
103
106
95
121
138
134
114
104
5
121
127
105
134
104
141
120
74
8
92
82
92
129
98
123
119
143
7
100
135
123
78
105
105
79
154
9
135
125
139
134
145
134
117
111
4
131
130
150
91
142
99
120
125
8
108
116
120
125
129
110
135
150
7
102
95
107
107
154
94
133
105
5
122
103
150
95
105
127
150
171
9
114
91
138
115
135
105
127
118
0
106
116
97
150
106
100
143
127
1
110
125
143
93
131
148
127
124
0
141
97
123
149
128
76
118
138
6
115
124
125
101
152
136
127
90
5
79
125
121
134
112
75
148
93
3
98
121
97
119
162
101
129
122
5
140
120
135
117
165
149
99
121
5
110
99
108
130
115
92
126
159
7
112
103
114
109
85
112
106
104
8
139
85
102
84
91
143
129
115
3
114
140
107
154
123
94
128
120
3
76
144
113
127
136
153
118
59
6
153
121
162
104
146
104
100
135
4
135
92
142
121
127
124
122
126
7
130
130
99
134
112
120
117
122
10
135
156
119
120
164
104
148
119
4
123
126
110
119
119
143
107
133
5
135
148
128
98
177
135
105
78
2
74
123
138
95
88
133
99
116
8
115
137
127
147
87
86
114
132
4
163
112
123
112
127
99
105
122
3
95
91
94
149
107
120
136
106
8
127
119
121
135
104
111
122
100
2
135
106
99
128
125
106
133
131
3
118
127
140
133
134
129
111
98
10
99
115
137
108
107
120
152
106
2
118
120
119
116
148
124
102
97
4
123
146
161
141
95
90
145
114
0
140
108
99
97
127
148
123
141
8
140
136
129
102
105
149
92
127
4
78
137
128
113
107
123
68
139
2
127
112
151
98
85
128
85
102
8
131
119
151
108
140
101
136
96
5
138
92
106
100
170
142
115
94
5
86
142
116
133
155
130
156
143
4
110
142
119
127
115
134
142
119
8
120
86
113
124
153
92
128
108
2
147
127
135
108
119
119
109
99
4
97
81
87
142
104
139
89
129
5
99
121
114
118
71
105
86
131
9
123
120
120
110
108
99
80
99
1
118
84
138
146
167
107
109
154
4
98
125
140
149
128
154
111
92
3
128
87
116
120
92
114
113
130
6
139
72
120
71
114
113
110
138
9
97
136
85
80
109
136
97
141
1
100
131
99
129
131
129
135
106
4
78
122
122
135
115
116
127
125
6
85
122
97
108
133
93
140
95
2
135
106
124
115
155
134
160
83
5
99
80
100
140
73
112
134
116
7
119
155
135
94
115
128
129
128
8
128
89
99
128
136
87
108
156
1
93
150
79
100
127
115
131
134
6
129
114
136
116
159
143
77
100
3
106
113
128
78
121
77
105
127
0
148
107
148
146
100
101
166
109
10
114
84
113
79
91
119
121
107
1
125
140
117
158
131
91
105
89
7
127
105
114
107
168
134
107
121
6
127
107
131
98
105
99
114
126
2
77
109
94
145
115
84
93
127
1
82
145
127
121
108
127
79
98
8
99
146
111
106
127
157
121
102
8
120
118
104
111
157
125
106
106
9
147
120
87
126
115
113
99
120
4
164
108
120
117
107
93
98
106
3
132
91
87
85
131
106
146
94
2
95
97
142
106
114
93
107
113
4
133
119
101
137
121
120
109
144
6
90
121
87
140
95
104
121
102
2
117
98
107
122
81
136
123
94
4
99
90
138
141
123
115
86
93
1
108
145
132
128
132
94
78
138
4
112
140
107
86
105
129
88
109
2
121
107
116
80
122
99
116
113
4
133
100
102
137
121
124
88
133
0
104
105
123
139
128
104
87
126
8
136
108
78
143
166
127
128
130
1
172
136
142
118
98
121
109
79
3
101
93
116
133
104
137
134
134
7
127
117
129
97
133
96
61
118
7
141
127
119
80
156
138
116
92
6
110
92
112
110
84
119
97
101
7
124
135
145
93
113
78
133
116
1
99
98
136
140
105
114
89
121
10
139
127
114
116
133
127
102
124
2
107
153
102
97
109
144
132
113
5
161
114
119
136
141
122
105
93
9
118
73
106
116
105
113
149
113
6
111
120
116
119
106
101
112
113
1
115
135
127
112
92
127
110
119
1
160
138
104
113
127
114
150
141
4
113
107
92
147
147
127
110
92
6
141
143
105
127
151
122
106
83
8
123
101
112
113
102
135
135
104
6
120
114
110
113
108
97
116
119
6
131
80
152
152
142
85
105
135
2
108
118
122
129
119
127
107
113
2
143
128
103
134
107
143
92
142
8
135
107
91
92
140
122
179
99
4
140
134
119
100
111
83
92
122
0
119
120
121
115
100
127
134
120
1
115
88
93
133
107
150
114
107
2
134
97
116
99
138
83
105
108
5
132
113
93
103
134
98
107
127
9
94
133
134
161
106
152
137
113
7
95
100
132
98
93
115
115
128
10
128
135
117
99
113
101
110
102
6
132
117
135
93
102
113
131
137
8
134
87
105
128
139
129
92
139
1
86
116
115
131
99
120
99
85
8
103
116
101
94
85
117
124
112
1
77
107
126
101
112
156
131
104
7
122
119
177
135
108
127
137
124
0
138
142
98
117
131
99
74
111
8
92
129
113
109
124
168
81
119
6
99
106
100
100
129
169
136
101
2
90
155
72
79
108
136
134
145
2
97
80
121
106
163
112
120
126
0
138
113
125
98
124
90
129
106
7
119
94
135
114
156
119
171
118
3
93
137
135
121
100
116
95
129
7
112
113
134
112
121
149
92
148
0
157
93
91
77
105
90
85
123
9
110
121
136
110
99
93
136
140
3
88
137
124
87
118
130
135
109
6
105
95
91
103
115
83
143
154
3
99
128
131
112
109
106
106
139
9
132
145
100
141
114
148
103
115
4
136
107
99
120
111
121
140
135
1
121
136
162
126
107
116
110
125
0
147
123
105
117
101
135
130
115
5
106
120
116
92
120
119
131
124
7
84
115
148
107
120
136
123
128
4
134
106
107
94
124
103
85
100
1
126
94
124
104
100
124
92
108
2
101
91
112
92
89
101
136
98
6
122
162
107
109
121
140
96
120
7
106
73
90
114
107
99
129
149
8
101
92
150
104
125
142
125
113
4
113
124
92
129
154
99
87
126
1
100
99
132
148
125
129
122
98
6
133
112
113
150
107
115
136
75
8
122
122
85
99
132
156
107
112
10
137
115
102
133
122
154
112
129
6
98
120
140
146
85
143
116
108
4
156
127
107
110
96
99
99
100
1
113
96
96
116
106
121
128
118
4
129
133
132
94
121
165
124
135
8
121
112
123
80
112
135
122
110
2
103
93
111
87
86
120
116
118
3
106
102
128
134
132
91
108
127
2
140
97
149
135
114
117
136
112
6
99
123
135
79
125
127
78
113
3
87
82
113
133
138
116
116
158
6
131
93
121
101
128
118
99
114
10
124
114
162
127
147
128
124
129
6
135
112
128
128
110
109
116
113
6
120
152
123
99
128
111
136
125
4
140
115
112
128
110
139
100
142
6
102
165
75
128
136
155
116
98
9
101
136
127
108
123
121
116
119
6
105
121
134
113
141
158
119
109
6
72
122
132
107
124
144
112
156
4
116
136
98
105
126
105
91
106
7
114
121
98
126
110
150
138
119
9
85
126
108
115
120
146
135
128
1
132
121
142
120
96
110
101
100
9
96
113
121
136
99
134
113
129
5
132
91
126
132
132
69
120
130
4
110
125
93
120
81
126
88
115
5
123
118
145
98
105
105
107
101
3
123
94
102
156
101
114
114
125
1
120
124
79
168
109
112
125
79
9
123
110
127
150
109
107
105
112
0
77
119
120
121
81
111
85
118
5
121
112
104
107
119
133
142
81
6
127
141
142
107
112
134
120
108
2
132
119
105
85
157
122
106
131
4
108
120
91
142
129
123
136
102
8
89
135
118
126
149
126
156
86
6
118
114
119
127
120
103
94
112
4
95
130
122
117
140
125
112
124
4
107
152
148
110
136
100
129
111
3
121
120
57
121
159
98
126
132
2
115
105
136
110
133
114
126
115
9
126
98
98
146
85
133
142
152
1
155
137
120
109
93
121
117
77
3
154
134
117
129
147
121
134
93
7
72
91
117
113
140
118
140
103
10
128
109
129
110
138
114
118
119
0
135
114
100
121
119
107
111
97
2
123
100
87
103
128
114
127
134
6
102
108
87
147
105
115
127
106
8
119
88
128
100
110
107
96
136
5
146
125
123
119
110
136
164
109
6
149
129
120
103
127
131
127
92
9
143
104
128
88
108
148
115
148
6
102
78
78
132
119
136
121
94
9
113
106
127
127
105
121
89
100
7
134
104
99
165
119
133
91
83
2
130
118
129
130
121
119
89
101
3
128
149
113
120
111
128
66
128
5
141
121
107
135
107
98
140
129
8
147
132
146
143
123
93
133
137
3
103
127
108
66
101
152
131
105
1
97
101
119
123
122
117
106
99
8
107
105
124
120
176
130
127
150
5
117
134
152
119
154
70
156
105
10
101
96
100
121
82
119
136
86
10
119
114
133
121
133
105
122
134
2
111
103
151
101
114
132
127
85
7
126
117
141
127
96
96
123
83
7
132
134
121
131
124
104
143
135
1
135
150
129
113
137
132
126
124
3
99
114
91
142
136
110
109
120
4
98
72
139
113
113
134
122
134
8
98
121
128
141
121
125
88
163
1
112
127
137
126
117
85
136
99
10
98
128
127
126
107
130
102
120
7
108
121
121
129
89
106
146
156
1
136
98
102
113
138
106
92
111
4
102
114
120
147
126
79
148
141
4
128
136
134
107
84
114
124
141
3
89
122
84
124
79
97
122
133
8
103
98
138
115
112
107
139
119
9
108
127
124
109
173
117
129
137
7
115
113
93
116
101
108
130
120
9
150
112
139
94
139
141
107
137
2
130
113
121
72
136
112
142
113
1
118
132
106
140
113
105
110
122
2
137
114
134
115
133
134
112
114
1
111
112
107
135
152
104
111
76
7
128
92
107
86
101
90
96
136
8
76
103
110
141
137
88
163
151
2
121
137
120
96
117
140
127
140
6
110
135
141
92
101
119
109
91
8
114
112
115
100
131
106
79
124
7
80
125
106
149
125
105
107
112
5
121
185
150
113
107
86
127
127
9
130
146
122
147
135
121
115
99
1
70
137
85
135
101
106
135
86
10
140
133
161
128
125
120
115
115
3
109
75
109
80
122
150
102
115
2
130
109
149
142
110
95
110
114
8
138
142
127
74
121
97
123
150
8
135
113
133
88
101
114
150
98
1
136
148
139
132
92
87
113
119
3
159
135
127
107
153
148
121
134
9
91
104
78
97
77
103
134
156
0
156
99
121
128
135
131
88
149
1
118
113
148
115
148
114
85
105
0
136
130
155
121
109
116
121
116
5
159
107
142
72
125
99
130
95
8
124
82
95
112
114
110
106
115
7
122
105
156
97
107
100
101
118
10
140
113
169
111
91
129
136
113
2
94
151
111
106
91
133
135
116
2
106
101
114
99
138
123
114
134
7
113
166
134
116
133
136
134
122
1
65
126
150
135
120
96
86
111
6
147
133
107
109
139
80
116
114
6
104
106
83
134
118
139
137
141
3
105
118
89
114
114
119
99
103
10
118
79
117
131
113
104
128
106
2
134
101
106
99
106
135
81
114
3
134
122
99
103
115
136
152
101
7
155
119
133
134
133
124
113
117
9
105
141
111
82
90
92
141
100
4
122
104
107
142
105
120
106
121
3
126
106
126
110
110
100
135
144
9
120
109
139
127
110
129
101
89
6
154
108
98
138
113
136
112
150
2
152
107
120
107
120
129
101
113
4
107
127
149
113
119
93
106
85
0
91
143
134
144
116
113
108
107
3
83
121
79
101
92
155
126
120
9
119
135
149
120
107
135
114
128
1
96
113
136
176
109
131
70
146
5
89
121
120
141
109
94
133
107
5
127
64
122
136
98
108
109
131
4
127
105
168
119
132
125
138
126
8
154
127
113
99
135
161
135
140
9
116
149
133
117
107
114
146
131
9
163
105
114
123
159
86
134
86
7
131
122
111
141
134
108
121
131
1
134
101
105
96
88
138
137
130
5
141
129
135
115
107
122
105
99
3
124
107
105
141
156
107
100
126
3
102
131
128
127
143
154
99
156
8
105
121
146
99
139
149
106
92
9
106
121
129
136
113
156
93
131
9
148
100
89
106
142
120
148
97
6
134
114
132
123
135
115
113
114
6
123
119
108
113
149
141
107
128
4
112
113
105
118
152
124
77
109
8
126
141
134
126
120
78
126
136
5
81
106
166
114
89
116
138
121
8
141
178
147
134
109
114
126
101
3
92
107
162
90
113
123
85
113
3
85
79
116
134
121
138
90
106
2
123
100
118
131
93
121
68
112
0
135
133
115
136
123
124
135
126
1
126
108
124
124
114
126
127
94
3
110
135
109
120
134
135
107
85
5
133
127
139
143
132
119
93
120
1
121
128
84
112
135
146
131
127
5
78
105
128
157
120
86
145
118
2
114
71
135
115
99
105
154
81
8
168
91
91
107
111
135
114
145
5
100
155
122
87
122
121
137
106
4
118
153
95
112
72
127
112
77
5
125
99
120
104
119
132
94
138
7
125
147
132
108
96
101
147
134
1
104
113
143
130
118
94
102
115
7
112
123
126
134
134
104
112
162
5
129
110
134
89
82
137
107
133
5
133
119
116
78
91
114
119
120
1
141
153
114
112
98
134
93
152
3
111
123
113
113
135
99
105
116
6
105
136
124
134
114
128
95
114
8
142
150
113
121
105
133
89
152

