16
2
6
5
10
9
5
0
5
16
6
2
1
0
0
5
9
9
12
2
1
5
1
3
2
3
5
134
115
115
94
99
127
124
94
6
133
123
101
58
141
131
99
143
7
98
133
146
124
120
142
106
107
4
93
140
116
143
93
109
148
111
6
135
122
106
148
122
122
147
134
6
120
59
114
148
139
92
161
106
2
106
120
116
144
94
114
93
109
2
123
156
106
107
128
122
129
149
3
110
112
92
139
91
103
150
127
4
113
112
139
114
147
134
114
94
5
126
115
126
135
134
98
110
132
7
99
127
85
102
108
95
101
144
7
93
143
90
130
162
134
129
130
8
125
107
162
108
105
117
105
131
10
127
116
134
94
105
98
114
118
0
129
105
113
127
99
121
128
128
1
129
142
130
123
110
129
129
140
5
115
104
73
118
105
153
101
124
9
89
135
87
139
139
99
115
88
3
133
113
127
101
104
136
120
102
4
105
100
148
109
114
122
108
135
10
140
98
92
126
122
130
110
135
2
124
120
104
101
71
103
85
107
3
127
111
156
143
121
112
121
80
8
115
135
142
87
127
161
130
95
5
116
122
136
84
107
91
134
126
3
119
128
123
113
147
106
137
129
8
114
129
138
130
81
85
86
127
5
86
101
127
160
106
98
134
140
7
131
116
118
136
87
111
126
119
8
113
122
93
104
87
93
129
90
8
107
114
135
154
131
71
137
171
9
134
106
140
107
120
101
97
99
6
140
125
136
118
120
127
106
141
2
85
129
111
107
120
108
99
99
1
100
91
82
124
87
137
154
163
3
98
160
162
97
129
108
113
129
3
124
136
115
117
119
114
120
103
3
98
131
92
117
92
99
123
101
7
110
131
146
125
107
106
141
157
2
118
109
106
123
120
121
81
163
0
153
119
92
125
133
101
87
100
0
109
141
119
128
148
93
165
103
9
117
87
136
138
103
114
111
127
7
111
128
121
103
117
107
117
123
5
105
123
104
99
138
130
92
113
3
142
104
125
98
127
106
128
126
2
102
123
148
120
128
129
162
81
4
128
122
136
86
141
101
133
140
5
108
114
113
125
97
119
110
120
8
114
124
79
114
117
128
87
133
5
114
114
91
131
114
147
95
125
4
141
113
121
129
114
94
101
74
8
112
110
108
124
123
86
123
101
7
130
99
140
80
114
154
139
97
0
119
112
125
106
80
135
132
97
0
102
93
125
111
155
103
121
82
4
135
108
128
107
125
108
106
128
10
135
128
122
137
119
134
121
121
0
93
127
105
120
119
116
111
110
8
103
122
121
126
150
108
129
120
0
132
87
122
120
87
108
120
115
6
138
120
128
105
100
101
95
92
7
132
127
113
99
155
133
96
103
8
128
93
114
105
76
125
119
121
7
131
162
132
157
102
92
133
135
4
122
86
114
135
85
130
108
140
6
101
126
120
128
130
148
125
78
8
127
149
169
106
83
127
120
139
4
101
114
128
71
122
101
106
137
2
151
123
80
110
108
146
159
122
2
128
93
124
95
129
124
96
110
2
95
100
93
115
129
98
148
100
7
89
97
129
107
99
102
95
101
7
122
92
120
114
117
157
145
129
3
160
152
143
130
126
120
110
100
4
125
108
103
87
122
133
110
114
4
117
134
100
157
131
127
94
124
6
116
111
104
92
96
93
105
155
10
114
154
113
88
87
122
118
130
4
122
99
97
113
135
103
128
131
2
130
126
66
100
104
140
120
81
5
101
113
142
149
135
95
141
99
4
87
142
128
121
113
140
113
145
5
117
106
141
130
92
97
145
153
9
141
153
121
113
143
100
121
93
8
112
162
145
122
96
104
121
162
8
164
141
93
143
105
93
123
140
5
106
102
166
118
76
91
89
117
2
112
119
121
122
121
115
133
151
7
129
122
110
94
129
110
147
121
7
120
113
100
58
129
135
89
121
4
119
110
93
112
100
148
156
133
7
117
119
115
126
153
108
96
114
4
106
128
98
122
104
92
136
116
7
106
127
125
127
137
116
148
148
1
122
117
135
146
123
78
74
123
4
121
113
104
113
105
98
89
101
1
93
113
153
94
113
105
135
116
9
110
127
143
110
113
144
127
127
5
137
116
119
84
137
115
103
107
8
143
102
114
104
170
117
109
105
6
101
137
108
137
114
135
136
105
5
135
96
99
135
142
98
131
117
1
113
118
112
132
116
113
112
101
1
119
127
109
120
118
137
124
132
8
116
118
106
122
107
139
126
126
9
128
87
118
93
98
128
108
119
3
120
122
154
105
138
110
121
85
7
135
122
111
122
131
130
97
112
9
111
143
117
136
145
112
130
104
9
119
99
78
76
100
128
93
143
3
121
137
121
140
124
82
129
126
0
138
127
136
125
135
128
101
71
8
143
120
132
107
140
126
89
117
2
113
91
141
135
116
105
97
78
4
116
119
128
123
118
107
149
122
9
107
106
132
96
95
147
131
96
4
99
114
145
113
112
127
113
121
6
130
110
108
140
155
111
136
148
5
106
93
121
100
139
132
108
91
2
106
111
100
120
83
98
124
55
3
116
137
112
122
103
94
128
112
4
64
164
103
119
136
106
126
95
4
108
120
74
121
130
134
70
137
4
120
124
96
109
106
100
109
64
3
127
113
126
139
126
84
105
68
3
127
76
105
115
102
108
120
71
9
106
84
97
117
112
119
124
95
7
92
106
112
111
111
81
128
112
9
113
110
147
98
137
132
135
115
8
120
100
108
115
148
124
135
96
1
170
112
162
143
135
127
143
99
1
133
111
142
122
98
121
98
120
4
132
114
118
114
133
120
98
118
9
135
107
99
157
92
140
120
123
10
96
101
124
108
88
163
121
119
8
104
135
125
127
120
79
119
114
3
101
111
110
100
97
111
122
107
1
69
132
105
134
142
112
130
86
4
139
108
115
147
137
113
108
127
10
107
140
103
112
122
76
121
96
9
82
135
119
75
115
139
120
86
10
121
132
113
111
113
98
156
156
3
97
108
143
130
114
95
169
117
5
141
131
114
144
147
82
119
133
6
114
122
85
87
108
147
137
77
7
132
108
140
100
106
113
106
123
2
130
79
107
99
105
76
126
72
6
122
127
121
148
107
108
136
114
5
102
128
134
126
143
143
119
103
0
99
112
156
112
107
103
112
108
1
87
74
97
106
124
107
121
104
4
149
101
112
98
112
114
127
154
7
79
114
93
134
122
120
149
111
7
119
123
99
109
130
105
138
142
7
94
100
142
93
97
78
91
119
4
126
124
114
89
81
106
121
120
6
116
127
99
120
114
113
168
114
2
100
120
120
131
86
105
140
92
10
121
97
136
148
134
122
114
108
0
128
126
142
108
98
110
105
128
6
142
139
131
117
121
125
122
100
6
71
100
149
98
155
121
126
178
9
86
101
145
114
120
91
118
154
3
135
126
127
84
129
141
129
106
4
151
130
83
102
158
124
140
140
9
129
101
80
129
111
112
113
110
5
104
148
102
107
127
123
108
71
2
99
138
129
131
126
97
113
89
7
150
82
92
97
120
112
128
127
4
106
95
129
102
129
135
107
121
6
133
135
101
103
128
117
114
168
4
86
113
133
100
128
98
114
141
9
108
122
146
153
130
126
128
123
1
107
125
121
114
113
93
100
106
1
147
71
123
149
107
107
135
118
6
136
127
142
98
107
90
92
113
1
144
97
134
99
122
124
141
137
8
111
111
144
77
115
77
106
128
1
94
114
101
94
135
106
86
105
4
129
111
107
146
90
120
153
108
2
99
139
107
134
122
117
118
93
0
107
102
141
134
131
112
148
131
4
159
114
98
106
82
113
153
93
6
157
102
84
128
120
123
110
117
3
100
107
131
109
126
118
80
128
9
120
89
128
136
160
100
86
115
10
157
106
83
124
117
141
116
90
0
88
126
129
56
114
106
85
110
0
145
145
118
113
117
118
55
112
9
120
93
135
110
124
93
131
169
6
120
102
134
53
118
116
146
65
10
124
127
101
122
155
106
107
114
8
111
126
143
101
148
107
156
149
7
113
100
125
106
142
101
106
98
5
121
108
128
87
113
96
136
76
8
121
124
137
135
135
141
133
147
7
133
120
123
118
140
115
173
66
8
122
105
99
125
95
114
132
98
10
156
144
128
94
128
113
89
124
8
79
148
101
101
128
128
122
118
1
115
100
126
88
122
149
99
105
1
118
132
143
139
133
134
106
114
7
116
72
108
123
120
120
111
103
0
132
143
125
135
132
100
106
105
4
90
133
114
136
127
122
103
127
8
93
119
154
107
80
112
60
149
7
109
99
125
105
140
130
115
146
8
134
93
129
87
112
102
89
125
0
142
99
114
125
109
109
117
107
7
98
71
117
91
113
122
108
145
7
119
94
120
87
141
136
121
114
1
118
145
134
132
120
99
120
155
3
112
129
120
128
103
93
100
118
4
108
106
116
138
113
100
112
119
0
129
115
150
136
117
140
121
136
7
140
127
98
131
113
123
127
109
7
99
80
103
136
141
142
121
98
6
150
140
115
136
108
91
111
118
3
110
152
114
117
120
134
102
131
6
120
96
55
130
113
115
132
112
4
119
154
98
114
127
165
72
95
9
128
134
111
104
130
117
120
91
8
85
106
119
141
102
111
80
96
7
113
107
106
110
116
129
142
115
8
63
113
120
147
98
84
77
107
6
86
108
122
122
95
97
117
99
3
141
127
92
113
113
108
64
108
10
94
117
101
108
137
106
151
113
0
131
127
89
96
102
106
115
123
6
146
110
106
145
108
132
113
147
0
100
152
135
97
100
102
112
131
7
107
128
148
123
159
111
134
127
4
107
120
108
125
128
106
127
127
10
114
107
98
80
111
128
120
141
9
113
115
117
126
128
100
157
135
7
115
100
106
132
113
121
135
133
4
93
115
125
125
141
81
113
122
3
133
142
123
129
106
79
106
106
7
97
91
132
98
128
132
126
102
3
91
128
105
117
134
104
108
125
4
133
96
109
114
121
99
148
107
3
106
150
132
117
105
126
97
125
6
114
134
101
108
132
82
115
127
2
100
95
143
108
105
142
156
151
4
139
135
105
142
57
132
68
127
1
142
177
153
106
116
119
116
137
4
102
137
114
125
91
93
117
144
3
106
152
100
134
112
130
104
135
4
125
128
156
154
114
99
127
139
0
128
84
147
110
162
53
167
140
9
104
111
104
94
140
121
133
64
5
107
134
108
134
153
113
141
147
9
87
123
97
101
101
124
112
153
7
86
108
123
125
120
106
99
85
8
91
118
91
69
115
126
147
80
4
102
81
141
95
106
105
111
99
4
113
152
122
135
129
113
128
112
3
92
143
91
125
106
121
97
121
0
124
128
116
109
109
110
157
127
2
100
115
85
156
110
147
122
98
5
120
92
106
128
93
113
115
84
4
105
120
118
127
142
133
101
120
8
134
120
109
134
113
87
109
147
3
124
124
111
105
117
92
99
100
9
122
149
124
97
128
134
119
133
5
136
83
102
127
139
115
128
132
0
122
138
125
121
86
104
97
122
7
140
98
99
129
115
108
127
108
9
85
143
115
128
68
100
90
116
10
91
110
120
123
71
113
134
112
6
120
153
81
148
138
133
73
124
5
120
133
115
134
130
99
73
123
5
151
138
146
84
140
79
114
113
3
127
88
123
120
89
86
111
87
2
106
108
117
135
126
140
121
95
1
77
123
118
135
100
127
103
134
4
120
122
114
106
140
119
106
103
2
134
134
134
112
130
126
127
97
8
120
150
152
122
98
124
152
81
2
119
119
125
137
79
159
148
122
3
103
116
115
89
114
118
74
125
4
150
130
77
114
100
121
136
100
3
100
64
105
116
125
99
107
105
3
149
143
144
93
98
121
127
138
7
105
93
100
116
107
100
130
101
2
124
127
103
70
117
131
94
119
1
111
125
64
129
148
129
127
120
9
132
149
99
131
115
140
115
112
8
112
100
93
96
93
141
104
86
1
134
96
93
144
126
119
129
131
2
79
105
113
134
124
128
106
66
3
112
142
86
147
114
106
88
93
9
112
81
166
132
128
94
129
124
4
102
127
115
101
96
96
117
127
3
127
105
105
141
119
99
150
95
2
142
113
134
128
125
112
105
99
3
95
86
97
113
101
100
127
120
2
120
99
109
107
119
121
100
127
6
134
125
127
143
122
128
77
120
4
144
123
156
111
129
121
99
138
9
101
133
117
126
131
130
117
107
5
116
124
114
127
97
155
110
123
7
117
100
114
143
108
94
128
128
4
104
101
110
129
123
78
85
89
5
99
145
109
114
105
148
149
119
5
148
129
116
112
100
117
113
102
3
103
81
117
107
147
163
124
140
6
101
98
163
133
107
121
126
112
8
117
113
128
112
135
120
112
146
6
132
118
112
114
114
84
127
137
0
129
110
121
101
139
119
112
113
4
104
82
112
133
108
149
103
112
3
140
124
84
103
129
166
119
121
1
145
71
129
95
147
126
90
114
6
119
97
115
128
94
116
114
97
10
86
100
106
136
135
106
90
114
7
102
86
103
106
138
101
138
123
5
120
152
71
136
103
82
121
88
4
93
135
174
148
91
125
115
134
5
82
134
82
77
106
108
108
104
0
164
127
120
127
83
96
127
125
10
112
148
119
133
114
108
110
115
4
115
88
112
92
154
95
133
114
7
97
92
148
99
105
127
98
115
0
109
106
133
131
151
168
130
113
7
147
140
104
106
123
98
119
87
7
86
140
107
125
149
91
152
89
6
96
134
134
163
103
115
71
138
8
122
98
75
113
101
101
101
120
5
80
147
148
101
120
95
143
100
1
107
106
104
136
98
129
122
129
3
107
128
129
108
144
124
80
101
6
131
120
90
130
118
99
101
153
1
92
153
125
155
155
80
123
93
5
101
136
109
89
115
108
121
109
8
121
87
130
117
102
100
101
142
8
116
96
89
158
90
100
121
103
2
102
107
121
94
122
120
114
101
6
146
121
134
87
119
113
136
114
2
111
113
100
115
106
97
117
141
10
122
139
105
133
101
108
144
93
6
146
133
120
93
141
138
100
116
8
97
105
135
101
117
141
124
154
5
171
86
84
113
117
98
92
116
6
103
172
134
131
140
117
149
102
1
107
147
144
125
96
108
134
95
8
100
111
133
147
127
115
80
108
0
124
51
148
99
141
148
111
126
7
138
105
127
153
106
107
97
87
4
82
98
136
142
128
133
131
86
4
114
109
162
121
93
127
122
141
1
114
128
76
152
93
113
64
120
2
104
107
134
105
98
110
141
122
9
76
100
117
90
78
106
102
109
2
139
79
104
106
127
107
105
86
7
114
101
92
82
121
151
107
136
4
120
88
107
127
87
136
125
135
7
114
135
108
105
129
79
91
130
2
91
120
98
112
102
95
129
139
2
94
121
95
110
123
128
107
132
4
90
142
95
126
114
84
120
121
1
133
151
75
142
88
114
93
135
0
98
148
126
93
99
102
120
132
7
113
94
146
107
107
148
76
96
4
129
92
149
72
105
99
117
123
4
100
95
135
107
97
134
120
128
0
114
135
116
103
88
127
102
108
2
125
116
114
140
87
98
126
94
4
120
102
82
128
82
74
97
119
1
114
93
121
140
138
98
90
115
3
94
108
129
136
106
142
110
93
6
91
108
90
105
126
85
112
99
5
141
170
134
121
155
93
103
118
4
153
137
133
142
98
148
94
170
1
113
94
85
88
129
120
164
122
2
141
128
116
98
107
113
127
94
5
142
114
117
118
114
113
162
101
9
132
120
152
135
108
118
126
119
9
94
117
114
120
112
135
78
121
1
137
134
128
116
105
115
93
125
5
137
128
128
120
140
122
107
108
8
114
136
88
112
149
100
91
117
1
134
122
142
128
108
131
127
115
4
126
99
105
144
95
60
106
127
1
119
100
121
112
93
106
99
120
9
108
127
111
141
108
89
170
122
3
120
102
111
141
101
60
114
135
0
115
105
120
121
94
113
104
120

