16
1
0
1
6
7
3
8
8
7
3
5
0
9
9
8
5
7
17
9
4
4
4
5
5
3
4
137
100
125
106
132
84
125
148
1
101
97
121
144
116
129
156
124
1
118
117
107
118
122
120
75
140
7
91
100
126
113
150
119
105
103
4
116
129
110
110
128
44
86
119
10
111
111
135
110
114
93
114
139
2
113
111
135
110
129
121
117
121
9
126
139
113
115
140
139
95
81
8
120
110
131
128
89
129
84
129
6
113
95
99
99
124
110
137
139
5
131
154
91
113
99
108
100
138
6
113
130
87
107
154
141
103
125
6
140
100
99
107
78
173
153
89
1
144
117
124
72
121
156
123
126
6
91
133
128
134
103
134
100
128
4
135
92
112
120
158
105
115
129
9
107
110
102
103
113
100
95
92
2
140
128
120
91
173
97
142
100
8
92
110
127
110
138
97
129
129
1
106
92
92
147
101
111
95
169
5
132
128
107
111
112
162
144
99
9
104
114
132
149
91
106
159
141
5
106
128
131
106
123
119
129
107
2
113
129
148
154
128
123
110
106
4
124
92
122
135
95
150
120
105
9
72
130
119
107
128
122
122
105
8
152
126
107
115
112
147
140
109
8
134
93
114
108
120
136
115
131
1
102
113
129
127
140
108
126
134
5
98
133
88
106
146
135
125
146
5
136
103
93
138
105
95
142
151
5
94
114
106
120
100
133
105
148
9
148
130
166
129
122
143
73
92
0
138
96
80
121
78
126
98
133
0
150
92
109
91
145
58
117
104
10
133
107
119
112
128
107
128
135
6
56
120
121
89
91
91
122
91
7
87
138
127
135
151
124
71
121
7
120
107
134
103
138
125
119
124
3
106
112
109
102
122
112
102
163
5
163
127
138
144
128
109
77
135
2
120
114
111
116
130
127
103
119
9
95
107
147
82
117
153
106
137
0
128
149
127
116
98
147
94
93
5
122
114
123
129
139
121
157
113
9
123
124
114
84
143
123
121
99
9
113
149
88
139
128
131
134
92
5
138
131
141
124
133
140
116
119
5
104
109
118
76
159
103
146
105
2
128
105
121
85
99
93
105
146
3
133
91
100
142
119
103
108
145
0
115
133
128
110
101
97
162
120
1
124
157
110
137
100
140
99
129
10
134
107
127
98
109
127
127
98
4
147
131
89
101
121
102
171
116
3
133
113
147
82
133
127
113
123
9
116
103
79
70
102
106
118
89
9
119
105
134
142
115
122
120
113
7
113
151
126
120
95
110
129
102
2
116
142
129
126
114
98
97
101
8
141
94
105
119
94
104
135
144
6
112
81
128
94
165
135
103
116
1
139
83
136
131
83
112
170
135
9
126
93
83
143
132
129
107
111
7
98
131
115
115
147
82
99
119
3
122
128
101
141
120
73
108
134
1
67
136
134
101
134
104
99
112
5
129
120
136
126
125
141
101
110
6
133
117
99
119
103
116
106
143
7
57
101
105
122
102
68
130
142
1
113
176
127
120
123
142
103
108
3
117
93
128
152
65
86
113
104
5
100
116
126
120
101
108
163
115
2
138
120
120
140
107
90
132
92
4
113
109
118
90
96
107
116
107
5
135
77
128
100
104
128
143
102
4
99
155
99
148
81
77
112
144
8
107
79
123
81
115
120
83
109
1
131
98
96
148
127
97
158
98
3
78
112
150
111
116
156
106
101
10
120
134
111
130
130
133
119
144
8
114
135
106
116
135
125
136
123
2
105
104
114
144
105
125
123
90
1
135
101
143
99
113
127
99
106
1
126
121
145
85
122
105
89
89
1
122
114
128
105
90
127
140
105
6
133
113
139
110
111
106
93
90
0
140
118
156
89
107
131
105
76
3
169
105
93
97
106
116
121
113
4
114
153
99
131
143
146
95
128
4
92
128
115
119
138
106
103
126
6
93
117
87
137
74
133
144
128
3
145
141
94
108
118
148
107
113
3
106
112
122
98
102
148
113
115
1
147
67
114
154
127
106
126
97
5
99
120
128
108
136
141
120
83
3
120
102
131
131
134
136
127
135
6
96
122
99
92
135
88
108
133
0
106
126
128
135
68
151
114
120
10
99
99
125
135
98
117
99
107
6
126
135
113
125
136
106
119
86
0
135
129
96
100
119
80
112
106
5
176
105
146
46
149
130
121
136
1
162
108
120
102
108
93
129
127
4
98
121
78
154
118
112
140
98
0
115
133
115
113
99
132
137
106
9
115
124
114
133
135
91
123
82
4
80
106
126
91
146
92
130
122
3
140
116
108
128
146
102
141
137
5
127
142
123
113
101
89
113
87
6
78
145
117
121
155
107
127
113
5
115
85
116
165
114
126
97
110
5
132
150
136
116
101
133
128
93
9
96
102
133
120
119
149
110
136
3
124
118
157
104
156
99
98
122
10
112
101
125
99
162
110
113
88
1
81
116
145
118
95
141
119
98
1
145
99
86
137
85
162
141
120
5
95
87
90
117
133
149
108
141
5
118
121
107
109
111
106
96
116
7
95
108
135
132
122
127
141
129
7
95
92
120
158
80
143
103
97
4
93
87
78
100
131
129
137
117
3
154
92
112
110
123
123
102
112
4
122
71
108
141
102
126
103
79
6
127
100
104
142
87
132
121
99
6
120
109
133
107
117
148
119
99
1
93
122
137
111
109
126
153
112
8
111
150
127
121
96
119
93
103
8
117
82
144
141
150
102
121
120
9
126
99
120
108
133
98
145
99
9
106
105
74
112
118
100
114
110
1
99
104
135
121
164
126
123
106
2
116
102
99
126
102
82
119
118
10
124
124
95
98
121
136
109
102
8
123
113
133
137
52
114
114
121
1
107
107
131
120
90
100
98
132
1
93
99
115
106
117
87
107
126
8
128
132
113
118
136
96
111
119
5
137
136
169
110
113
86
149
123
5
120
109
92
98
130
139
79
112
6
147
100
104
91
150
105
127
85
5
100
136
93
118
176
127
113
99
7
135
140
138
103
127
120
145
101
6
162
121
111
81
119
90
101
92
8
106
145
115
98
100
99
127
122
4
136
94
127
100
101
144
112
113
4
126
112
99
106
135
121
99
167
7
107
107
155
118
108
105
145
111
4
120
139
149
126
140
107
100
108
9
113
142
127
169
103
103
107
125
7
93
118
107
135
122
114
92
146
1
110
120
137
129
145
79
122
98
4
130
134
142
139
148
141
136
129
9
107
122
120
128
60
120
101
92
9
134
121
125
76
113
123
142
120
9
128
95
98
111
128
117
120
62
1
118
173
120
133
106
124
122
121
2
135
114
152
140
126
119
160
90
3
95
119
78
117
99
111
110
84
9
134
182
103
93
150
117
146
140
5
117
118
140
142
72
136
132
128
7
114
99
105
142
142
135
106
89
4
114
156
113
112
100
116
139
113
9
82
91
113
122
156
101
107
110
5
98
133
132
154
156
133
105
169
1
149
141
131
138
120
114
105
99
0
146
127
121
92
141
108
134
141
4
111
100
123
141
119
106
130
122
2
122
111
134
114
116
153
110
151
6
103
81
99
137
151
164
125
82
0
86
106
147
90
101
132
102
157
2
88
143
95
154
150
116
86
87
9
126
138
143
108
117
81
112
159
8
127
120
128
67
128
118
138
102
5
142
89
136
139
133
97
129
128
4
122
151
112
136
134
111
142
125
9
128
147
115
88
106
152
127
72
9
107
130
129
142
126
105
112
117
0
98
100
121
99
113
108
146
92
1
135
120
97
113
122
128
119
77
7
87
142
104
139
110
93
136
102
6
92
100
112
108
119
113
106
128
1
112
114
129
117
84
96
144
68
4
121
107
104
123
103
115
120
139
5
87
78
155
123
134
128
141
128
7
103
134
126
151
100
112
120
103
3
107
108
107
117
132
120
128
116
8
109
163
138
105
114
141
122
104
5
127
127
87
84
129
119
113
102
1
128
127
146
107
85
87
107
115
3
146
99
149
94
122
111
116
87
10
121
134
138
107
102
91
115
106
8
93
117
119
117
139
93
120
117
4
141
135
142
140
138
135
120
114
0
136
83
86
147
93
99
105
135
2
87
116
106
127
141
150
114
121
9
122
112
147
113
105
112
112
85
2
101
112
108
92
141
90
119
91
7
117
100
126
138
139
151
99
176
10
111
105
106
122
124
96
106
103
2
81
122
115
134
63
118
103
107
10
127
120
111
93
81
135
136
117
3
97
152
121
107
113
94
117
135
1
114
100
115
98
87
79
128
78
7
126
127
143
141
128
110
130
94
3
136
94
100
119
144
121
77
106
1
145
95
121
135
97
112
100
78
7
93
119
111
80
125
120
115
161
7
92
135
100
129
135
99
102
117
3
121
119
120
141
99
120
107
112
2
120
101
121
163
148
125
99
106
9
118
121
108
103
120
125
116
106
2
103
139
133
101
138
137
121
155
3
109
114
110
100
122
121
135
143
1
126
106
133
126
86
97
93
106
2
101
105
120
135
100
102
116
113
7
128
112
120
113
114
129
92
115
2
101
107
81
94
99
133
106
150
4
106
108
156
133
119
121
119
115
9
123
134
119
120
144
104
120
111
0
147
132
118
149
116
136
127
142
5
142
84
133
105
100
141
143
114
2
122
127
122
102
112
113
104
99
1
121
86
103
115
114
113
122
115
2
119
119
128
115
99
120
79
127
9
102
79
102
150
111
135
75
126
1
106
145
94
142
111
94
100
121
4
109
71
120
166
100
79
119
80
9
101
140
190
130
143
142
115
141
7
105
112
96
159
127
136
121
123
1
92
100
113
130
97
120
99
115
5
126
86
158
128
86
124
88
145
4
70
129
100
107
161
100
109
108
6
106
100
163
116
110
123
124
94
1
128
125
134
111
119
121
155
102
5
140
92
134
155
106
132
150
58
6
134
141
99
120
141
113
125
131
0
141
114
80
135
141
116
114
141
6
122
103
76
122
86
148
95
96
4
112
118
105
99
121
97
97
142
9
102
99
89
125
80
86
142
142
7
114
126
151
142
95
119
83
139
7
93
61
112
113
100
118
105
107
4
121
116
136
114
105
133
127
120
4
89
98
103
92
134
133
132
129
8
121
140
147
85
133
150
134
126
7
99
147
154
98
105
125
138
136
6
156
133
136
114
76
86
77
108
9
98
108
107
99
122
146
113
141
10
86
155
124
131
135
135
125
106
9
108
133
100
142
126
107
93
90
1
105
100
129
143
163
93
120
117
4
147
114
114
113
93
128
114
127
0
150
114
118
113
113
127
103
90
8
96
104
102
91
71
114
105
138
8
137
134
80
128
118
105
157
150
1
100
121
148
103
129
110
83
128
8
85
138
133
141
115
112
143
116
10
99
119
76
84
121
111
126
148
8
113
110
115
114
107
97
89
146
5
117
135
121
93
99
136
105
118
5
93
121
101
64
109
116
128
122
1
101
118
147
111
139
85
107
101
7
107
106
127
147
129
118
127
96
4
120
109
106
117
117
115
93
142
8
154
149
105
97
116
110
135
146
3
106
117
77
137
122
135
128
147
2
125
133
99
108
113
114
106
112
0
129
133
110
86
119
137
112
98
7
59
109
124
138
128
136
155
85
2
147
120
135
113
115
147
125
144
4
114
135
105
119
86
93
98
143
7
126
85
185
142
149
121
136
106
1
134
73
141
138
109
104
121
104
4
142
98
109
115
132
94
147
128
6
120
92
115
105
129
147
103
161
6
149
135
127
126
111
120
94
122
2
124
126
122
102
122
91
156
111
9
101
111
121
88
139
105
146
128
5
136
105
109
114
102
120
121
97
4
109
126
118
103
134
105
107
129
9
115
125
115
86
64
106
104
128
7
113
121
123
120
100
113
80
106
7
94
107
130
159
115
123
99
128
3
120
128
120
112
107
121
140
124
5
102
134
118
124
143
99
136
108
9
97
105
128
120
133
112
134
120
9
114
135
104
128
145
88
65
120
8
121
149
73
131
118
112
102
138
6
128
146
120
92
116
133
121
135
8
100
102
145
125
106
132
111
119
8
85
99
139
110
125
124
137
155
8
161
108
106
72
120
128
135
110
3
111
123
149
125
128
146
120
111
3
121
107
120
100
143
130
102
115
2
132
118
134
98
113
94
107
146
2
119
121
101
151
92
142
99
128
0
129
103
78
90
108
101
65
105
2
93
92
133
120
97
135
134
149
7
124
115
129
79
129
136
112
137
5
136
77
106
143
122
155
149
128
5
133
86
116
131
99
97
121
96
9
119
132
89
141
101
85
114
148
2
113
100
112
129
110
115
87
106
2
121
103
110
115
67
125
127
147
9
141
131
97
147
122
101
106
127
10
121
115
124
126
93
71
104
121
4
120
100
132
139
114
115
113
64
6
125
113
141
134
113
99
142
160
3
92
70
131
140
128
104
105
89
4
134
110
115
125
136
156
161
148
2
92
87
94
136
103
105
99
80
10
122
135
83
115
109
131
97
148
1
115
132
107
123
114
137
135
103
2
85
102
92
144
113
74
120
117
2
105
109
136
125
121
129
126
140
3
107
113
104
116
88
97
138
106
7
107
119
147
99
154
138
126
165
7
170
109
106
112
106
127
86
120
2
105
78
128
140
139
120
140
78
9
108
130
132
163
135
147
140
120
8
136
99
132
132
106
118
122
106
9
142
130
119
162
134
117
81
138
2
121
160
141
145
103
134
135
126
8
114
105
141
113
144
121
128
138
7
105
116
77
101
96
128
134
112
7
118
136
129
113
100
96
112
141
8
112
101
128
104
100
118
135
100
2
115
133
169
88
89
119
96
105
6
100
118
117
127
106
98
86
132
9
92
105
143
141
100
110
112
141
9
106
135
127
130
134
125
121
134
6
99
119
176
112
149
127
136
112
2
112
84
117
103
135
121
116
157
9
113
108
105
129
114
119
129
94
8
115
147
124
142
121
117
96
127
4
94
110
84
106
125
153
121
148
9
76
86
120
94
123
141
120
156
9
72
121
133
158
144
98
127
121
7
147
134
122
99
135
93
118
121
8
93
94
141
126
122
137
111
110
2
149
107
134
138
98
118
148
109
8
126
142
142
148
99
144
121
142
0
162
129
131
123
93
161
89
107
4
65
110
118
136
149
113
107
77
7
111
113
132
92
155
84
92
106
3
76
125
92
148
116
114
92
86
8
86
121
110
163
142
93
92
127
3
116
98
92
81
111
147
58
127
6
129
134
139
105
105
122
112
127
3
127
120
76
96
94
110
134
95
5
113
124
77
123
121
142
147
118
6
128
171
132
93
81
140
103
99
9
87
93
160
147
113
132
131
122
1
122
108
150
137
112
140
106
102
1
161
126
126
153
118
57
95
130
0
106
104
91
152
120
131
96
135
5
113
99
138
74
77
148
92
105
1
107
107
113
105
127
135
140
99
1
119
135
111
118
117
109
117
134
10
85
126
112
142
144
105
148
150
6
122
122
127
142
114
121
127
87
3
115
89
152
79
145
110
95
141
5
101
133
151
112
109
123
103
119
6
117
138
113
124
146
156
117
154
0
94
128
103
146
128
102
106
118
8
140
113
107
164
122
100
77
134
2
90
113
104
119
97
141
122
147
1
131
140
115
101
135
121
90
100
8
121
91
105
64
78
131
123
98
5
106
155
100
156
133
91
144
107
7
105
117
101
106
152
126
120
137
4
132
122
107
94
118
96
114
121
7
121
127
124
108
80
116
113
106
0
129
137
105
100
156
129
137
94
10
164
120
131
85
120
99
122
147
3
114
108
136
102
85
115
115
119
1
94
85
119
126
109
71
99
86
9
101
80
127
139
111
147
121
101
3
111
106
106
108
97
133
134
107
6
119
102
120
131
92
103
120
135
4
114
136
114
103
118
122
132
133
5
161
157
113
140
102
116
112
115
3
128
93
127
89
111
103
134
128
4
129
143
121
142
128
99
90
100
2
98
106
117
106
140
134
111
115
10
109
108
134
92
121
145
127
142
9
126
146
120
137
134
95
85
94
3
100
108
116
112
143
130
106
119

