8
1
9
3
8
9
0
3
10
12
4
2
2
4
5
0
5
2
10
0
5
9
1
9
4
8
2
90
146
135
86
114
119
137
126
1
152
140
114
140
114
99
107
112
4
128
112
113
101
120
152
125
101
2
109
109
105
120
118
143
51
92
4
101
129
94
153
100
79
127
113
1
149
108
66
138
111
119
128
141
9
114
136
155
119
127
107
97
95
1
101
95
110
112
82
143
104
106
2
113
122
95
108
119
120
82
149
9
95
145
84
108
87
123
154
107
5
115
128
118
128
122
136
120
135
9
105
93
92
151
134
94
102
129
8
112
96
111
127
78
143
93
114
5
127
108
108
125
58
134
122
96
4
105
124
141
143
112
126
127
110
1
104
112
124
93
119
131
102
142
8
114
86
134
110
89
134
121
129
3
72
96
122
107
137
130
125
135
9
117
128
112
131
76
155
112
100
7
139
108
88
124
147
122
110
113
4
134
127
77
106
118
171
100
114
10
134
77
106
128
117
108
78
135
1
116
152
142
139
116
99
106
117
7
136
103
142
116
101
104
137
106
6
136
128
106
60
102
133
116
128
5
127
98
135
115
111
123
118
113
4
135
115
100
122
135
154
142
127
4
115
131
150
136
136
101
128
115
5
119
97
146
114
149
107
133
118
7
100
117
114
141
78
134
119
102
8
127
115
130
125
127
99
119
91
5
101
120
121
100
165
106
112
109
4
100
111
101
113
120
155
121
131
5
149
106
139
134
99
118
139
136
3
140
122
135
111
108
114
111
119
0
92
106
100
134
139
150
99
126
0
139
142
120
123
76
140
116
120
7
113
134
128
120
120
148
107
115
9
122
117
129
106
118
110
81
107
5
141
113
135
106
80
112
99
108
7
114
112
128
139
90
128
97
78
7
102
171
153
87
103
103
103
131
3
116
124
89
86
103
127
97
100
6
107
121
143
136
114
101
118
112
6
150
113
103
141
109
148
134
132
9
111
104
120
115
88
127
138
102
4
99
130
99
120
120
113
100
140
5
119
106
184
110
120
163
109
113
3
103
73
98
126
120
118
97
123
10
162
90
111
155
98
98
143
91
1
125
114
114
119
148
139
111
120
0
121
103
121
130
117
89
103
106
9
147
95
141
114
153
122
156
105
5
146
130
102
114
106
81
104
116
6
126
113
121
149
100
121
129
119
4
59
97
102
114
94
99
106
176
8
150
140
115
128
121
109
122
141
9
149
78
149
161
110
98
104
169
0
152
108
135
142
112
75
105
107
4
135
99
127
141
71
114
132
122
3
93
79
136
98
99
120
148
102
2
107
105
135
110
147
132
147
56
9
89
118
114
129
104
157
119
141
3
146
118
115
110
86
116
141
124
3
113
130
121
146
106
152
109
108
3
114
106
105
118
176
131
134
112
1
142
114
126
91
88
111
78
147
5
127
140
141
107
92
109
142
95
4
121
106
114
122
127
104
115
144
2
118
139
127
102
149
140
134
105
8
107
126
86
93
124
143
123
106
6
63
104
131
125
90
130
114
99
7
98
86
105
143
129
135
107
114
1
122
140
114
133
114
84
93
127
7
137
73
99
127
129
153
112
135
3
147
137
168
134
137
108
109
123
5
104
122
102
139
116
90
154
93
7
120
126
132
128
149
95
115
145
2
129
111
149
105
142
134
69
138
5
145
142
177
145
93
124
120
99
6
139
128
94
133
91
113
154
127
8
115
142
147
128
163
112
104
122
0
107
108
110
128
131
119
128
140
1
105
128
90
120
128
120
114
107
9
86
150
79
115
135
129
126
133
4
158
138
108
103
134
116
101
126
2
108
102
111
156
123
117
91
139
2
99
106
122
128
71
151
114
104
8
120
134
72
124
149
100
121
148
6
87
88
174
106
123
87
138
112
1
106
95
98
114
124
132
148
134
3
106
105
100
109
98
120
149
108
4
121
148
119
121
114
105
111
90
6
89
100
115
105
115
114
106
64
1
96
99
136
121
118
95
112
112
8
88
110
129
163
141
101
162
154
9
107
131
113
112
142
123
118
107
2
68
91
92
151
75
121
137
128
2
122
125
115
101
128
140
91
99
8
140
117
102
93
110
130
120
100
6
128
102
98
93
112
100
92
146
1
100
85
93
115
99
122
107
64
8
134
127
95
114
107
92
75
118
9
121
96
122
99
115
109
88
84
3
85
143
116
127
115
117
128
108
9
125
115
135
102
119
144
129
128
7
131
77
88
143
148
112
108
140
5
132
112
138
114
80
114
122
142
1
127
114
117
149
121
107
122
99
5
128
148
113
114
121
140
82
176
4
81
170
93
116
138
126
134
103
10
128
107
108
150
109
119
122
134
2
75
123
100
119
109
112
119
125
5
104
107
117
130
120
101
122
86
8
136
150
124
117
103
133
128
119
4
115
131
108
104
123
122
116
116
9
125
129
92
118
144
117
106
118
10
70
115
149
140
143
135
142
131
10
157
131
139
90
107
152
121
108
8
87
96
127
133
122
124
148
120
5
89
114
127
111
94
149
89
92
4
100
125
153
82
135
155
118
129
1
120
94
95
121
133
99
93
102
2
94
107
89
84
141
103
52
112
6
119
109
100
136
91
122
158
126
6
91
137
107
91
112
107
111
105
1
96
138
128
134
110
86
100
75
3
135
114
72
92
115
132
114
137
4
135
103
107
113
135
123
147
150
10
125
128
123
92
120
142
89
125
9
134
93
119
126
147
120
113
121
5
113
128
113
100
113
136
114
126
4
107
134
134
86
90
87
105
63
6
139
136
100
110
110
89
113
125
7
125
99
111
131
135
91
94
88
1
162
126
134
109
113
141
74
116
2
146
129
59
88
105
122
109
116
4
92
124
98
106
144
172
100
116
4
115
140
87
128
125
103
155
93
6
141
133
147
107
148
122
114
132
1
149
137
135
79
106
126
121
131
4
134
147
164
140
141
141
142
122
5
122
113
119
111
101
126
117
121
1
120
91
107
106
80
150
106
142
3
111
115
91
109
112
117
85
108
10
113
112
122
82
139
98
145
113
4
106
128
138
108
139
114
128
101
6
103
107
149
96
114
72
91
85
10
161
130
86
145
122
91
87
121
5
119
112
101
132
130
113
112
144
5
103
131
93
124
175
117
103
84
6
169
145
136
107
120
98
136
103
6
123
121
124
85
105
102
107
115
8
128
100
92
116
149
153
119
58
9
102
114
100
112
141
66
124
134
4
96
144
123
109
93
111
109
115
4
93
124
126
119
95
139
108
99
5
114
131
110
98
113
93
133
118
7
105
121
122
87
123
89
119
120
8
141
109
143
123
105
79
116
135
5
113
115
120
89
122
110
127
104
3
107
104
141
104
144
121
115
100
1
138
135
129
154
131
105
117
144
8
115
114
142
126
147
128
147
92
6
165
143
121
87
114
108
106
141
9
153
121
137
158
141
123
134
121
2
133
137
93
124
139
120
93
99
4
138
77
93
119
137
120
59
159
0
109
121
105
135
107
154
73
96
9
110
98
126
141
116
135
65
81
5
117
106
132
121
98
99
136
122
0
114
113
135
119
144
114
88
85
8
113
112
135
131
126
124
122
98
1
129
101
135
113
144
122
128
105
4
111
96
110
112
166
126
137
164
6
93
175
110
115
138
118
106
105
6
113
133
98
112
113
136
135
93
6
143
104
74
65
122
115
114
109
8
77
105
92
98
154
106
108
136
10
123
86
133
162
107
115
130
86
8
92
105
107
138
133
114
110
127
9
124
120
154
128
103
120
129
133
9
105
120
112
117
114
87
111
117
7
120
156
107
122
157
127
148
103
3
121
107
97
126
86
144
111
150
4
114
133
147
120
88
119
121
114
2
99
149
99
102
129
111
125
121
6
117
123
134
63
111
114
128
80
9
134
117
94
150
115
95
110
106
5
128
100
124
107
133
90
91
117
9
132
117
103
150
87
111
102
96
0
111
128
106
82
131
105
114
87
9
120
172
105
107
115
110
121
110
8
117
100
135
130
113
142
136
100
10
88
107
117
127
85
65
112
109
4
105
179
79
100
97
104
115
136
7
107
128
88
109
143
157
122
110
5
145
128
132
113
120
103
118
130
3
95
164
134
142
85
101
97
168
7
114
118
81
134
102
86
142
127
8
137
92
101
129
94
139
93
108
2
126
92
136
153
143
113
141
114
6
101
126
113
97
145
128
102
113
2
104
109
100
150
115
149
111
130
4
125
118
129
108
140
147
91
111
9
151
96
91
160
132
115
120
114
4
120
126
94
113
119
123
122
142
3
99
104
121
101
117
133
85
113
8
92
128
116
91
107
162
102
115
9
98
112
118
111
106
88
89
105
6
106
122
137
121
143
121
101
98
9
110
95
127
96
138
137
141
141
9
113
115
123
102
106
130
87
158
4
75
115
100
107
148
92
112
99
10
111
73
95
121
85
116
139
149
4
105
113
127
98
98
123
122
106
5
86
89
135
126
95
124
108
103
0
109
131
127
89
65
107
105
119
4
120
115
80
106
113
128
113
132
2
148
111
127
113
126
104
105
122
6
120
145
106
125
96
141
136
115
2
136
149
158
128
123
98
135
187
4
114
125
149
119
146
129
127
100
5
123
115
113
153
71
127
85
119
7
114
112
101
110
116
116
113
142
5
119
130
142
77
117
121
97
116
4
136
110
95
100
111
85
110
138
6
94
127
148
103
95
104
137
99
5
156
107
114
114
138
110
121
130
2
136
108
125
91
107
119
165
139
8
79
129
128
144
113
145
143
96
9
125
103
149
113
142
157
139
92
6
118
120
141
128
148
143
128
80
1
111
106
148
120
120
106
86
91
2
190
135
87
104
77
151
84
106
9
128
139
155
113
100
110
121
108
2
101
134
117
112
126
135
98
127
4
87
133
91
105
110
148
131
120
7
91
76
139
117
123
123
107
109
9
130
117
110
86
87
100
107
124
6
117
104
98
92
82
86
140
111
9
95
111
121
104
147
105
113
113
6
124
131
107
102
136
134
88
148
2
119
128
148
93
85
98
95
125
10
109
66
122
114
122
106
138
119
4
109
111
113
77
111
101
134
113
8
120
126
120
109
103
99
105
134
5
135
80
101
133
121
135
136
117
4
93
94
99
128
120
96
140
135
7
113
110
93
133
122
105
136
112
6
140
91
120
105
90
98
121
115
4
88
120
127
102
107
130
91
149
0
116
127
99
92
98
99
141
133
9
138
114
119
98
99
141
97
65
3
144
123
117
118
117
123
106
148
6
118
130
133
141
128
117
114
118
9
110
127
134
143
96
106
123
155
0
107
87
123
114
123
122
141
88
7
131
149
163
97
114
101
89
103
1
98
135
112
139
99
107
152
91
4
98
113
158
153
132
123
135
148
7
127
105
99
93
88
93
120
115
6
115
101
144
141
105
114
157
114
3
122
119
145
109
117
119
119
95
7
148
129
110
118
131
133
127
87
1
125
124
137
113
112
93
100
134
2
126
125
126
131
129
149
114
100
8
88
98
124
105
113
104
100
142
7
107
148
98
103
92
87
115
128
8
116
108
128
125
79
148
131
127
8
109
131
114
128
121
113
136
127
2
94
138
99
149
109
105
109
142
5
142
113
140
136
101
137
129
89
2
152
78
147
155
119
114
123
129
9
126
128
104
145
100
137
123
102
4
116
106
57
113
128
114
83
140
2
71
114
106
120
120
129
141
114
2
130
107
110
105
101
89
126
90
9
109
92
105
122
109
121
76
131
2
141
127
89
141
135
125
127
107
7
142
120
105
42
101
120
87
104
6
113
114
154
77
108
84
104
115
8
104
137
90
141
102
112
154
98
7
119
131
97
117
110
142
120
153
8
127
109
107
107
145
125
94
91
9
114
114
119
121
121
142
91
133
6
119
104
134
142
107
134
126
109
3
132
124
134
115
107
111
128
147
8
116
105
99
99
126
92
120
93
9
107
121
117
134
92
125
100
129
0
154
140
134
85
112
93
122
116
8
144
118
122
120
128
126
140
155
7
93
114
79
148
139
121
131
120
8
113
142
118
75
105
126
93
128
4
94
141
148
109
158
137
122
65
2
124
98
108
126
133
149
135
134
1
81
86
134
121
125
99
117
120
4
88
91
123
114
107
141
142
159
2
127
149
125
101
157
127
99
127
5
122
153
109
140
152
79
140
150
1
122
113
128
99
110
97
127
149
10
101
99
127
127
114
136
117
129
8
108
112
120
113
143
94
120
150
1
127
118
137
113
121
83
106
122
1
113
135
98
132
125
134
91
110
5
87
95
90
101
109
122
154
106
0
114
127
141
100
114
98
115
112
9
107
113
128
128
76
108
125
113
1
150
128
103
115
163
135
150
117
1
115
101
120
148
135
116
111
119
3
107
105
63
126
158
114
99
103
10
111
103
122
175
106
145
57
130
3
126
99
105
147
126
124
106
140
9
105
122
98
100
107
109
141
83
9
132
148
93
155
128
134
82
112
2
127
114
145
123
116
107
134
113
7
98
125
154
111
134
105
99
89
9
113
106
162
95
120
132
111
111
3
107
135
83
138
148
124
100
107
4
142
127
94
115
109
86
123
138
6
81
76
121
108
107
116
133
155
2
107
96
80
143
142
113
102
124
7
113
133
119
58
129
144
135
111
4
144
157
93
119
153
106
123
93
3
176
144
113
114
122
106
129
100
6
97
122
103
95
157
104
79
127
8
155
110
129
130
132
135
121
122
6
101
121
135
150
116
129
133
136
8
135
126
119
91
114
128
86
99
9
103
150
114
98
103
140
146
155
3
123
143
96
97
119
103
111
156
3
127
147
105
88
112
120
125
93
8
134
113
103
107
115
120
113
142
8
107
155
110
114
108
141
119
75
2
88
136
127
119
121
114
112
104
7
126
116
113
104
57
133
90
124
6
144
150
162
115
107
120
116
126
1
116
113
113
95
127
109
141
115
0
127
105
122
95
135
134
93
78
5
92
91
101
85
120
128
117
157
3
131
154
97
123
89
118
120
105
2
86
118
111
129
141
134
145
122
1
143
116
88
104
105
135
128
156
4
133
102
122
125
98
86
120
106
4
114
136
108
106
90
100
129
109
2
107
122
156
143
143
103
145
136
0
107
89
106
135
135
120
115
107
9
143
123
91
79
149
121
169
142
6
135
131
109
134
114
96
151
83
1
97
139
138
113
105
154
121
91
6
134
130
145
134
142
119
91
101
5
90
148
142
106
154
126
143
117
5
69
118
148
87
107
105
70
135
4
121
141
100
112
156
90
125
114
0
96
139
107
112
101
120
104
71
2
127
133
92
86
134
115
142
91
6
97
77
110
113
126
108
136
145
5
121
143
102
114
134
113
118
94
0
119
92
128
106
146
113
115
85
2
120
118
148
72
104
92
114
128
2
99
134
102
138
135
161
91
98
9
104
127
76
132
131
100
117
91
3
105
100
107
81
117
127
85
105
1
142
107
100
101
117
115
101
93
9
122
121
87
115
129
145
104
130
4
134
106
119
97
137
91
116
112
5
119
136
112
127
131
127
137
101
2
140
85
140
118
101
126
133
109
7
106
115
137
121
124
99
84
94
8
154
107
142
151
144
84
95
115
7
110
92
125
112
112
95
117
106
7
93
122
135
122
114
100
128
141
8
120
141
91
66
131
99
107
128
8
84
100
113
116
136
131
118
137
3
132
132
114
120
134
100
102
94
1
103
121
100
142
136
120
93
133
6
112
121
113
105
108
90
104
95
1
110
106
82
120
93
126
129
134
10
113
91
126
99
155
99
119
127
10
78
70
156
123
140
125
126
98
1
92
110
115
120
108
132
100
117
2
78
127
116
100
101
92
101
131
7
119
126
135
136
147
104
106
116
0
95
128
100
121
142
107
99
134
5
133
162
112
121
121
109
157
110
3
144
142
142
85
133
128
110
143
1
77
139
70
120
108
148
143
129
6
107
85
145
83
116
114
106
105
5
99
92
141
107
113
163
92
87
8
86
138
72
123
114
156
143
122

