10
7
2
1
4
4
10
5
4
7
0
2
5
9
2
4
3
4
8
5
3
5
2
9
9
7
10
85
152
95
122
122
113
59
100
1
140
109
105
105
123
105
167
107
1
125
102
115
93
107
102
124
119
5
110
100
139
121
124
126
142
127
8
136
124
127
107
135
67
128
162
9
93
109
116
88
110
128
128
79
10
105
116
149
78
79
146
135
104
1
102
154
121
114
62
99
143
131
3
109
131
104
151
113
110
101
129
9
130
106
116
127
120
91
129
95
6
113
116
118
139
132
99
65
107
0
98
91
112
105
85
127
122
114
4
108
96
128
109
125
113
99
133
0
107
156
142
148
98
135
114
127
3
78
123
140
112
128
127
133
131
2
77
113
133
88
119
120
124
94
7
122
110
134
90
130
100
126
93
7
93
85
106
129
140
111
95
128
10
114
120
106
165
128
119
124
114
7
145
99
126
112
108
67
145
114
2
123
114
108
106
117
107
120
119
8
117
80
94
108
152
145
110
163
8
85
142
128
101
66
126
96
130
7
143
128
145
111
94
93
122
108
3
121
123
141
105
77
104
115
131
8
144
140
103
158
101
115
79
95
5
106
115
86
152
124
133
137
92
7
101
140
103
112
123
155
106
133
10
89
99
73
99
106
104
83
155
8
106
106
85
110
154
82
162
120
6
78
98
136
152
127
119
131
143
7
87
88
91
106
100
125
146
77
1
113
124
90
94
87
129
134
122
4
131
105
97
142
121
122
104
124
5
113
60
93
115
155
87
120
74
3
116
88
110
103
120
140
171
133
5
134
120
127
114
97
150
149
89
8
150
106
128
84
100
114
99
111
4
123
119
111
159
112
128
116
119
9
129
106
151
108
113
105
141
106
6
126
121
129
126
130
120
111
133
9
108
121
148
131
76
140
131
140
2
106
134
147
127
114
100
111
93
2
95
114
113
104
95
150
92
91
6
128
121
140
92
128
115
132
109
5
149
123
93
100
86
107
112
119
8
118
115
116
94
113
133
110
148
1
132
80
85
117
107
113
115
134
0
114
112
120
108
121
107
129
129
8
87
130
73
122
131
122
133
84
6
134
110
93
126
154
117
108
97
9
142
141
158
118
115
129
135
93
10
100
98
142
122
128
133
141
106
7
109
94
114
129
140
109
112
121
3
127
98
115
127
111
105
120
123
7
117
79
123
126
105
145
91
130
5
121
101
135
68
143
119
127
147
10
121
117
94
121
102
127
166
133
0
92
134
107
108
113
143
122
126
8
142
175
126
161
79
92
127
121
2
121
102
123
84
117
151
101
114
3
95
124
124
122
105
140
111
122
0
115
89
114
107
120
101
85
141
4
132
118
144
135
119
101
105
98
2
126
80
140
118
113
115
126
78
5
155
107
99
159
136
120
114
134
9
125
110
103
170
114
129
117
97
9
105
112
101
100
139
121
100
132
7
133
108
100
124
93
134
101
126
4
115
95
113
107
105
117
141
93
4
119
138
148
93
98
113
150
135
1
122
102
99
85
87
154
120
88
5
106
141
121
102
128
126
115
135
8
75
93
120
124
101
92
99
126
2
121
104
112
138
99
78
121
123
9
112
57
133
118
106
94
115
102
7
85
136
108
79
126
126
127
108
7
45
66
100
162
93
137
146
126
1
112
127
103
114
130
120
126
93
0
79
115
86
115
129
72
156
126
7
103
113
109
142
84
156
139
137
3
133
115
129
83
148
128
134
118
9
121
134
130
129
103
116
100
107
1
114
107
122
82
92
128
170
121
5
101
120
119
102
98
135
92
108
3
115
164
121
144
120
134
140
93
1
132
136
101
51
81
124
87
115
4
106
115
109
132
127
105
102
115
9
161
109
114
113
110
143
117
149
2
141
106
133
108
113
119
104
94
4
85
134
114
101
127
170
121
132
6
99
126
115
113
146
89
107
122
9
129
116
142
123
94
115
127
111
4
77
108
105
120
130
153
114
144
2
89
116
135
122
117
123
118
132
3
120
94
147
93
152
149
104
136
8
134
114
101
100
123
112
134
117
6
140
101
120
136
116
150
136
126
7
112
96
98
120
127
119
107
100
4
106
110
142
104
101
121
142
150
2
93
75
108
107
94
112
69
127
6
90
134
106
91
105
151
122
72
8
78
105
80
107
117
120
95
130
2
131
106
77
111
127
153
99
92
6
142
74
123
122
105
118
111
122
4
105
126
125
140
101
155
133
128
6
86
150
95
110
88
132
110
113
0
150
148
103
117
122
123
120
81
4
129
110
146
130
95
115
74
113
10
117
140
130
152
95
129
141
84
9
124
107
123
127
141
141
126
118
5
123
112
118
113
122
119
86
99
9
114
141
134
92
74
120
76
118
1
161
131
135
98
106
87
109
123
4
93
141
112
122
141
107
138
166
7
123
106
133
106
113
105
101
125
9
122
142
140
96
132
124
113
88
9
121
127
93
109
147
109
120
67
10
101
150
137
122
133
141
88
126
10
118
85
132
128
86
113
109
141
0
81
119
154
115
150
120
102
143
6
113
133
115
128
127
119
112
173
2
111
145
126
106
117
81
101
85
8
78
129
157
137
134
126
102
111
6
116
132
128
121
100
116
150
102
3
125
128
63
129
124
106
65
118
3
126
113
101
120
71
103
124
114
2
132
83
133
100
114
108
120
113
2
109
118
87
115
119
129
121
79
8
138
99
132
100
137
149
87
125
6
135
85
87
82
142
125
136
107
9
136
86
111
83
79
117
134
124
6
107
147
91
104
125
106
119
127
3
139
135
122
115
119
112
114
134
1
116
106
104
112
134
128
151
108
1
97
120
128
88
99
131
118
110
5
121
129
103
97
128
135
71
127
5
121
143
125
128
146
135
136
116
3
113
107
127
105
115
84
118
141
8
114
123
114
140
102
107
133
157
8
112
131
106
127
116
155
122
111
6
144
98
148
122
104
86
126
118
7
145
136
77
91
86
131
128
115
1
133
110
121
106
149
142
148
106
3
149
120
111
119
123
130
112
130
7
140
120
106
113
95
133
71
122
3
100
100
80
110
142
125
144
144
6
107
105
129
97
110
87
136
99
7
117
121
78
90
128
132
86
140
8
134
133
113
109
112
123
135
123
8
134
119
120
117
79
126
133
63
8
109
124
106
90
91
105
80
111
6
121
93
149
102
99
102
124
105
7
114
117
98
84
101
119
122
110
2
78
103
128
93
102
93
90
105
2
89
99
104
126
99
114
133
135
1
79
123
124
107
118
129
116
129
8
112
129
137
100
115
127
128
129
4
77
50
72
126
127
135
143
135
3
119
101
101
107
91
167
136
100
3
102
157
113
74
92
111
126
150
9
114
128
123
114
112
121
144
118
7
112
105
120
140
107
130
132
134
1
112
118
114
154
105
111
108
106
3
126
118
121
121
120
114
93
135
0
106
119
77
95
165
90
112
106
2
125
129
128
114
85
126
117
122
9
142
137
117
101
112
130
123
101
10
122
98
126
136
149
120
120
115
10
142
143
90
159
132
96
112
99
1
124
154
112
105
93
105
98
112
5
141
110
121
116
103
110
112
106
9
106
109
111
128
136
81
134
107
3
125
114
134
68
142
102
144
140
0
164
93
110
143
114
119
123
104
3
155
130
128
108
97
121
118
123
5
104
119
143
99
132
98
126
114
2
140
113
107
134
141
134
115
101
9
89
119
141
108
142
58
103
105
2
106
114
98
92
107
112
122
84
8
135
100
114
116
111
115
91
134
5
112
124
160
147
122
109
124
127
3
107
117
117
150
121
134
110
133
10
108
142
88
129
111
137
102
98
0
88
113
116
160
157
105
92
105
8
148
121
107
108
119
114
121
116
7
146
143
150
136
128
108
83
107
5
134
101
124
123
120
96
119
117
5
142
98
125
153
148
63
136
108
9
119
127
135
129
103
111
121
122
0
121
74
138
108
133
135
121
161
1
150
144
112
106
112
89
100
85
1
107
109
75
135
107
109
108
124
8
113
118
111
111
81
138
94
100
7
108
143
91
92
129
121
117
109
8
122
135
98
131
141
131
100
128
2
114
138
117
93
112
99
120
118
0
129
120
95
124
125
84
120
108
6
124
122
121
147
132
121
164
99
1
136
150
94
136
85
129
108
113
4
154
91
134
101
109
155
139
128
6
75
99
126
118
150
87
151
115
0
77
132
120
84
142
115
116
136
8
77
129
141
92
113
95
137
120
4
134
112
134
129
102
119
120
115
4
116
114
141
94
102
116
85
105
6
129
122
84
121
107
125
121
106
2
105
109
106
106
136
85
92
121
3
92
144
109
107
91
162
127
122
4
125
142
119
131
103
91
115
113
4
125
118
112
132
141
116
94
136
3
120
114
110
121
135
104
135
115
2
92
95
90
121
115
119
157
125
10
109
100
100
161
106
100
99
92
6
112
114
110
127
108
126
102
109
8
99
123
123
113
114
131
105
146
0
89
142
126
108
137
115
120
119
9
131
119
105
103
120
87
128
77
7
114
154
131
133
104
118
106
141
8
112
112
139
92
115
120
120
99
3
144
108
120
101
95
101
149
147
8
125
130
112
98
169
117
108
154
2
99
122
128
113
119
106
85
99
6
78
81
135
111
127
76
108
143
1
135
131
133
127
114
122
101
109
7
121
136
129
114
106
112
97
131
2
99
131
142
121
141
95
73
102
1
90
120
113
99
107
116
107
135
8
137
141
128
94
115
111
85
99
1
105
129
116
85
94
93
98
112
3
134
124
125
144
128
98
79
160
1
123
93
147
143
133
93
108
154
3
120
121
116
139
78
105
101
91
4
114
106
108
114
111
126
142
115
6
119
128
134
115
123
93
105
95
9
137
126
112
97
115
114
117
117
10
105
121
138
127
84
157
138
107
2
114
127
121
124
146
135
76
134
9
118
108
111
109
85
73
139
145
6
128
97
129
92
101
94
122
105
4
86
120
148
113
112
114
114
145
4
117
99
128
100
98
89
112
129
8
122
98
136
68
122
109
92
154
5
153
113
134
150
141
132
115
134
9
113
143
126
141
117
117
136
127
5
105
119
98
88
115
117
113
115
5
129
161
133
101
78
142
157
150
5
80
159
124
114
107
136
131
86
5
118
134
111
108
65
125
102
129
5
108
114
127
131
136
127
78
119
8
118
104
126
144
109
134
117
100
8
127
114
126
159
68
126
109
156
4
86
133
89
152
114
100
121
121
1
142
109
113
125
154
90
157
81
10
93
103
84
153
121
106
103
111
5
118
136
122
111
91
142
152
79
9
111
148
104
107
93
127
88
110
5
79
88
122
150
132
122
161
126
3
136
126
123
141
128
92
163
77
6
93
126
114
107
141
93
80
106
4
156
116
120
98
118
120
110
132
1
115
136
96
93
136
119
108
117
1
110
117
108
92
126
134
148
105
9
116
138
146
117
113
130
94
107
3
120
94
110
101
118
93
178
109
3
91
128
101
121
98
94
121
126
4
120
134
122
127
97
120
156
106
2
134
125
135
114
95
108
131
87
1
148
131
133
107
88
120
149
113
1
122
135
115
93
114
106
117
101
7
107
113
135
163
128
127
120
161
2
128
123
125
87
127
129
112
134
4
145
141
148
72
121
141
135
99
3
115
143
106
138
100
127
72
134
6
99
99
169
101
91
133
115
142
6
126
120
99
179
107
134
120
134
2
115
99
114
115
114
93
127
135
5
108
123
159
128
99
99
147
141
0
88
141
107
135
123
104
114
127
5
88
126
114
94
128
128
146
135
7
113
110
99
80
126
75
76
93
8
117
114
131
121
102
99
114
128
5
109
122
79
115
117
122
176
117
5
122
134
143
127
155
136
103
160
6
113
99
106
151
136
103
130
116
1
97
99
148
79
85
130
141
123
1
139
140
116
125
87
106
108
118
2
112
101
120
134
101
129
89
119
2
77
123
90
88
132
122
127
90
2
126
148
124
107
127
79
120
124
0
119
88
114
110
84
114
107
120
4
107
111
106
94
128
137
114
80
7
118
106
109
108
113
85
130
124
8
104
95
108
146
130
122
117
147
6
154
87
125
151
137
124
119
122
10
90
164
93
138
112
120
98
100
7
124
135
107
100
152
133
96
143
9
114
127
137
162
121
114
128
128
7
104
163
133
73
131
86
121
119
3
122
99
134
134
80
156
107
105
6
112
142
110
105
92
143
128
148
4
129
123
119
128
89
127
105
88
4
108
154
117
118
139
113
117
125
1
103
102
102
142
69
157
120
119
10
78
132
125
150
123
106
88
96
8
153
127
109
157
149
112
107
94
5
111
101
91
81
85
109
93
107
2
106
106
126
134
90
122
128
133
2
97
101
122
121
140
112
162
135
7
101
122
117
145
109
148
123
104
6
108
78
98
152
107
133
112
100
6
88
108
124
127
138
84
86
93
10
79
155
113
125
146
113
106
140
9
119
141
71
107
103
145
98
110
0
98
106
79
128
120
120
133
106
8
111
120
94
126
85
107
108
124
7
123
120
101
141
120
113
108
135
10
142
117
120
80
113
105
128
128
8
127
109
114
153
103
105
118
154
5
125
119
136
135
112
127
99
127
9
138
143
64
126
109
137
143
122
4
86
110
112
142
127
121
106
141
1
84
116
115
85
135
130
99
141
9
112
123
130
114
73
91
131
109
7
85
109
89
111
126
157
106
143
7
114
107
149
107
116
105
156
144
0
149
134
88
117
127
142
136
92
3
117
136
148
117
122
90
96
98
4
140
106
146
80
122
98
131
109
8
117
126
108
104
117
122
112
101
7
113
102
98
142
120
91
129
99
5
127
112
127
119
143
120
97
130
1
129
100
98
122
84
96
135
142
3
94
113
121
144
113
139
113
119
0
131
120
120
95
100
105
103
114
1
130
138
127
107
103
142
89
99
6
71
137
122
124
127
116
91
105
3
157
104
101
113
92
131
153
108
10
132
119
113
102
126
67
101
92
4
114
113
119
119
149
134
154
99
2
105
107
140
140
120
108
127
111
7
145
116
114
102
103
93
73
101
8
107
92
117
92
141
121
116
142
5
115
104
149
102
91
114
140
94
5
138
107
140
127
135
110
113
164
7
123
105
127
136
100
135
99
91
10
113
141
105
136
114
153
121
112
8
131
122
132
119
131
86
107
129
5
142
112
113
140
108
119
122
118
5
148
109
121
143
126
111
102
116
2
132
121
113
150
143
137
107
128
1
119
136
142
127
113
95
85
130
2
120
102
113
120
126
86
93
149
6
108
122
109
81
80
127
105
109
4
94
111
101
115
104
130
142
121
8
111
92
132
132
92
110
116
111
3
121
113
134
132
92
147
113
141
8
81
121
70
170
111
109
113
120
9
120
130
94
96
107
98
127
172
4
102
151
77
132
150
90
150
116
6
118
126
129
96
120
162
92
106
5
157
107
127
81
135
97
147
141
1
115
88
117
120
132
120
93
120
6
94
113
143
131
100
138
98
97
1
148
107
112
116
126
119
91
115
5
114
123
135
125
120
99
120
125
8
66
125
120
99
77
124
115
132
7
99
121
125
126
106
102
109
93
10
77
101
110
135
86
110
107
146
1
126
145
106
128
99
183
128
100
5
99
148
127
141
107
92
106
98
4
111
107
114
114
127
141
124
133
0
112
101
142
85
116
107
127
115
6
134
100
131
117
119
82
107
97
8
143
120
113
88
97
120
99
126
7
112
98
107
114
88
134
123
86
10
118
123
102
141
87
117
133
122
2
92
158
131
113
85
105
106
109
9
107
95
87
145
143
95
112
93
6
108
120
139
104
119
111
138
128
5
138
95
102
91
106
138
97
87
8
136
146
128
113
113
122
152
143
2
109
145
98
112
86
91
128
114
8
137
99
112
142
162
128
120
139
2
113
135
112
119
127
127
108
135
1
113
120
99
99
107
88
155
141
1
106
133
145
109
131
138
88
109
8
113
111
140
117
146
104
76
137
5
98
112
127
126
87
97
100
126
4
107
130
145
105
134
139
92
109

