7
2
3
1
5
9
10
9
4
10
2
4
8
7
6
8
8
9
15
10
5
1
6
9
5
10
2
106
101
64
101
135
125
148
113
6
127
120
68
105
143
150
97
134
5
120
134
128
91
120
120
148
133
1
111
120
131
108
131
125
133
127
0
71
91
177
109
127
100
126
101
2
128
125
103
120
93
89
142
129
7
115
102
123
85
135
95
76
123
3
136
117
127
97
105
101
156
129
2
86
126
109
80
128
129
128
149
8
121
105
110
100
117
126
90
84
4
121
135
151
110
121
126
128
113
7
109
108
134
132
110
156
107
97
10
114
151
107
123
93
122
133
138
8
159
131
148
96
126
120
144
117
9
93
107
130
98
132
115
110
91
8
118
122
91
77
155
110
135
89
3
119
131
154
113
103
117
118
93
1
96
100
143
125
114
121
102
129
2
134
102
92
136
146
127
148
117
9
80
115
126
80
136
142
117
123
3
132
132
93
100
129
123
106
118
6
109
159
123
120
135
153
86
96
9
108
99
142
81
93
117
97
141
8
111
72
143
105
112
154
114
128
6
114
136
90
130
116
106
101
139
2
91
123
99
132
142
104
110
123
6
150
124
91
140
126
128
183
133
1
152
81
118
105
114
149
107
130
9
96
136
126
143
127
88
113
106
4
112
91
135
139
113
143
109
93
5
135
116
98
90
149
90
138
126
1
86
101
108
123
151
100
138
109
6
136
110
95
156
127
100
107
92
0
115
108
135
103
132
121
122
107
3
92
104
122
106
130
112
122
101
0
106
114
116
128
105
128
148
117
8
129
145
151
120
120
128
118
121
9
116
113
121
121
134
120
123
143
7
128
95
113
139
112
167
106
127
3
148
154
101
78
153
113
104
118
3
114
124
110
114
128
114
129
146
8
136
111
143
150
58
129
93
101
2
103
132
145
146
128
143
110
140
4
123
125
114
113
120
113
65
109
8
134
154
127
133
89
97
132
98
0
164
126
126
117
163
143
130
149
8
128
132
120
93
169
154
115
78
7
120
106
125
106
105
91
97
95
3
107
140
85
101
101
107
142
123
2
147
92
133
128
86
124
153
78
3
123
167
130
148
94
122
78
106
8
129
113
93
107
149
132
135
113
2
140
115
143
139
111
121
122
84
3
100
126
92
113
92
114
117
101
9
87
111
148
126
117
116
127
67
1
119
95
166
86
147
121
129
120
9
113
114
86
130
133
116
112
114
10
126
107
145
100
107
120
99
82
7
128
113
129
116
106
113
135
128
8
126
145
127
72
141
118
135
108
3
105
142
107
96
100
114
108
117
9
106
135
102
126
111
137
133
121
7
93
142
119
110
122
110
115
132
4
136
92
109
102
103
93
132
114
1
113
141
93
89
100
129
83
111
3
134
95
127
122
86
108
127
117
8
118
104
104
107
102
81
117
149
5
87
146
113
114
123
108
112
96
3
140
113
131
115
111
87
79
91
9
112
139
135
165
69
119
136
128
8
128
142
111
133
126
125
131
80
2
101
129
112
93
118
85
122
112
4
160
77
146
120
133
100
124
121
2
156
127
126
111
177
97
130
104
2
123
98
124
108
126
122
128
101
1
79
128
101
84
108
126
107
128
3
109
86
128
128
134
91
127
93
3
127
85
93
115
117
185
118
92
1
101
126
106
94
117
116
105
119
2
110
149
122
144
108
118
132
144
5
108
120
60
141
162
128
99
99
0
115
104
98
136
156
109
135
124
6
157
128
86
105
97
116
125
115
2
97
103
98
99
110
151
134
110
8
92
128
92
90
174
83
106
105
8
145
145
101
86
132
136
97
119
5
142
99
129
124
105
94
127
143
6
99
131
127
125
148
119
135
113
8
90
105
85
170
106
134
125
91
6
126
107
133
116
151
115
115
135
6
140
142
128
144
119
106
133
119
9
121
106
89
107
99
86
121
115
1
78
131
92
114
148
149
94
122
6
131
133
128
136
71
134
115
114
3
104
96
108
123
114
123
128
128
2
100
80
133
127
100
112
103
93
6
112
112
122
136
96
124
99
120
6
126
104
123
116
106
116
80
99
1
103
130
123
139
109
127
133
148
0
89
120
116
121
140
103
136
70
3
113
86
101
154
113
134
141
90
7
146
144
149
91
98
123
95
114
4
134
126
122
133
95
116
93
134
1
130
106
126
94
78
103
106
93
10
116
95
111
83
124
126
109
107
2
94
98
131
94
107
114
133
148
5
125
100
109
88
140
122
156
92
1
112
123
120
98
141
93
113
97
4
135
100
133
129
130
101
127
127
10
100
144
120
92
120
80
134
98
7
125
129
116
126
121
108
135
99
2
126
85
109
148
139
142
103
105
7
141
154
110
118
134
143
142
101
7
115
128
101
159
62
140
153
139
1
132
127
134
132
127
87
115
114
3
112
106
114
96
138
120
131
159
2
119
122
99
97
85
92
114
138
3
128
109
149
108
123
148
137
117
5
97
101
130
142
120
106
126
114
3
93
125
148
120
112
88
149
133
6
119
96
111
127
153
119
107
155
2
113
106
101
82
100
82
120
107
1
144
102
117
107
140
85
152
98
2
119
93
112
128
117
147
139
130
2
135
116
128
120
129
122
103
77
8
148
113
86
94
74
125
86
81
8
151
126
133
121
133
96
131
92
1
138
92
151
139
127
87
94
120
8
121
135
100
111
124
113
106
100
9
107
99
94
130
107
105
107
143
7
113
169
98
123
101
101
127
110
1
105
89
109
100
141
140
138
109
5
122
115
133
125
129
125
117
124
10
128
100
107
114
154
100
146
88
2
163
155
133
98
103
122
95
123
8
126
82
113
108
107
117
132
134
9
111
128
135
101
128
70
105
111
4
107
110
73
133
124
126
181
103
8
116
110
106
79
115
96
138
108
3
100
80
105
115
111
128
112
127
3
156
107
135
84
108
95
113
114
3
128
82
105
106
106
107
110
102
2
113
121
132
95
105
132
140
101
9
114
73
142
134
126
127
126
104
10
115
121
102
109
114
126
97
117
3
142
110
114
97
108
133
157
108
1
97
108
114
96
85
108
128
111
7
93
126
128
113
116
98
91
104
5
113
154
79
111
114
145
122
122
7
141
86
115
176
145
145
134
119
6
102
105
115
142
114
92
120
93
10
131
129
126
133
128
136
125
117
2
118
78
114
86
99
159
166
96
9
90
140
109
112
95
91
113
161
8
122
118
112
142
110
122
149
99
5
142
122
139
140
105
103
114
116
3
109
173
112
131
109
147
112
121
7
153
135
118
103
131
118
137
128
9
160
112
112
135
114
109
128
151
6
128
106
154
121
115
149
141
112
4
98
91
134
77
75
113
102
80
8
121
86
100
139
123
139
134
126
7
148
134
118
111
127
84
156
135
10
119
116
127
90
130
160
114
108
4
108
141
98
130
114
99
122
80
7
103
135
153
112
104
114
121
143
5
158
124
85
93
91
127
134
116
3
140
96
122
115
123
135
99
102
8
120
100
117
114
120
127
79
67
0
110
93
137
128
134
114
112
91
8
124
115
72
122
141
137
120
120
6
96
56
108
137
105
185
109
121
7
134
136
116
147
140
145
148
113
2
138
154
150
81
133
114
141
109
8
113
162
137
136
103
99
104
126
2
127
125
117
108
95
145
112
111
0
120
115
109
93
105
96
139
123
3
107
134
115
77
114
142
142
98
7
111
106
118
125
105
92
103
130
6
83
120
128
115
107
117
105
100
9
114
173
121
99
106
106
122
108
3
100
108
114
113
148
112
139
121
9
113
109
109
101
128
109
152
106
10
112
154
107
98
140
116
134
94
5
70
122
139
107
134
98
92
82
4
85
93
98
99
133
93
116
99
1
142
126
126
129
135
107
108
101
3
109
149
94
96
114
128
145
118
8
120
96
98
117
128
123
124
106
3
106
153
96
136
141
115
93
119
5
113
115
113
135
100
102
78
116
5
101
113
115
128
128
121
149
129
7
104
106
122
131
125
118
92
128
5
126
100
113
130
149
117
113
79
2
103
160
108
116
107
121
133
59
3
137
106
119
134
85
153
91
135
3
129
99
140
75
112
139
100
156
7
142
114
91
126
93
147
112
79
3
117
110
108
93
115
128
84
123
6
98
73
141
109
155
59
97
117
7
128
98
93
120
94
123
115
131
0
149
129
108
122
133
116
118
171
9
114
141
126
150
95
92
131
111
6
108
114
114
107
131
86
119
108
2
114
80
100
139
114
88
80
127
5
113
118
105
129
110
101
126
169
3
133
114
111
129
145
112
130
112
6
124
135
154
97
147
141
118
106
0
162
120
99
88
143
126
95
100
3
74
72
120
100
109
150
83
153
7
90
121
107
127
103
114
99
113
4
103
106
115
92
129
113
121
121
2
135
138
129
146
122
155
122
112
4
126
113
106
101
146
123
122
107
3
80
108
137
109
92
113
103
121
1
113
128
105
113
124
126
101
149
6
137
105
125
101
100
109
129
115
8
119
114
124
129
113
120
109
113
1
108
79
116
77
81
129
98
119
8
119
107
97
110
120
92
76
87
2
141
138
122
127
118
102
150
128
2
119
132
104
121
104
155
89
73
0
164
99
115
130
121
132
110
121
7
126
114
145
105
120
91
100
113
3
96
114
108
147
134
86
84
136
9
134
92
109
81
121
109
105
124
3
133
134
135
145
97
110
137
86
3
148
150
84
115
134
144
135
100
4
63
123
155
106
82
105
106
101
6
103
97
130
107
122
108
139
107
3
99
92
110
147
79
101
110
112
1
146
105
112
149
139
109
99
115
2
100
134
91
97
135
124
115
99
7
145
120
124
135
78
77
114
128
1
57
115
113
112
127
134
132
86
7
103
115
112
106
98
111
121
154
3
109
130
105
137
101
101
139
106
5
114
134
107
93
106
127
123
167
4
129
146
98
93
118
144
111
134
10
112
150
118
60
73
148
73
103
0
114
108
95
111
135
135
141
108
2
112
138
118
90
99
103
111
122
2
106
147
89
142
139
111
104
160
2
112
102
119
141
119
128
98
132
4
117
142
99
91
93
115
128
120
8
120
157
109
99
96
134
81
127
9
113
74
111
120
131
106
155
90
4
94
127
98
124
114
106
75
100
8
135
105
133
137
79
86
122
107
6
143
103
107
103
147
120
104
119
0
153
130
125
75
123
104
140
96
3
72
125
129
116
122
133
140
107
4
89
108
113
99
127
94
108
124
2
99
114
128
131
115
110
98
135
10
114
81
135
122
150
133
102
104
4
135
131
109
99
133
87
153
128
8
135
87
84
113
136
122
103
112
1
108
115
119
98
133
86
124
93
3
119
99
121
141
96
136
105
124
8
93
99
114
101
99
122
128
129
4
100
121
127
114
77
121
123
106
1
85
107
114
106
111
113
157
73
4
134
128
126
131
148
140
148
129
7
155
77
103
143
139
132
95
109
5
124
71
158
135
110
101
117
122
5
99
119
142
106
110
108
95
98
10
132
92
144
90
128
115
135
78
8
114
123
110
129
128
141
147
104
10
98
114
119
124
154
129
112
105
6
133
134
81
119
78
98
114
108
3
147
140
110
91
113
120
131
95
4
104
110
99
137
127
142
116
117
5
107
132
103
115
156
142
85
94
4
125
126
128
121
114
129
146
116
1
107
141
110
125
123
108
87
91
9
134
95
113
56
99
120
107
136
6
93
150
129
157
106
163
140
114
2
122
111
99
114
115
155
141
145
5
98
136
103
122
88
108
94
115
4
116
117
151
123
100
94
162
120
3
129
85
91
76
141
136
108
139
3
135
135
108
141
97
110
135
118
2
134
112
122
92
129
81
129
123
2
107
79
113
135
101
113
93
129
10
141
132
131
78
114
143
131
87
9
135
114
163
122
148
128
127
148
7
133
99
121
118
105
127
135
119
5
127
128
126
91
116
115
117
135
5
119
125
107
130
114
128
128
110
3
108
128
91
72
94
102
101
86
6
123
90
107
141
145
85
100
117
6
112
136
104
112
114
153
87
120
5
138
126
129
131
94
74
93
136
0
150
158
142
134
114
162
79
128
3
92
136
121
164
123
103
112
129
1
115
103
131
85
133
165
121
133
1
139
87
107
115
106
105
127
112
5
112
81
138
106
112
88
110
115
5
114
131
114
66
117
109
121
98
6
95
96
84
148
109
129
77
165
8
86
150
105
94
114
124
120
106
0
113
164
144
127
113
119
141
129
1
114
133
101
112
83
107
128
119
6
138
115
166
113
99
59
116
110
3
110
87
113
150
93
142
107
139
9
121
115
126
133
121
127
114
123
6
115
130
148
114
110
141
132
128
6
106
116
119
140
121
96
138
109
5
106
101
118
80
123
105
83
135
2
159
100
134
118
103
103
112
135
8
134
92
146
122
109
129
106
77
7
150
89
87
120
112
150
128
135
2
77
130
102
135
138
124
125
96
9
142
136
86
98
86
124
114
90
8
131
121
122
136
89
143
97
111
1
126
155
92
75
142
93
100
135
1
99
126
112
99
111
114
128
104
3
100
119
140
119
101
104
178
118
3
141
119
81
102
93
77
108
140
2
113
98
121
175
135
124
150
115
5
99
83
134
125
121
123
98
93
8
129
155
128
152
108
90
95
133
4
132
121
108
131
101
111
89
106
5
98
66
110
141
135
131
110
122
10
77
107
101
118
143
98
105
116
0
121
158
120
111
130
121
92
73
9
141
139
127
138
100
111
127
94
8
147
117
118
106
125
88
94
119
8
120
86
113
84
138
143
111
116
7
117
96
85
107
72
147
120
124
6
111
93
119
94
135
109
100
150
1
123
84
122
96
143
94
134
108
1
105
111
101
115
125
112
106
134
5
113
135
126
109
130
92
115
133
1
73
137
105
128
122
114
112
118
0
135
121
117
115
126
153
127
123
0
86
130
139
126
104
129
129
144
8
99
115
113
148
124
108
115
93
10
84
96
129
142
101
131
106
148
7
113
96
110
95
158
140
102
109
3
118
156
123
112
126
107
99
124
4
112
110
133
136
135
127
93
120
4
88
106
120
119
157
124
131
107
5
173
155
101
120
105
95
160
108
0
119
126
111
92
114
136
86
108
1
94
93
123
105
141
90
128
100
8
120
128
97
107
110
114
96
75
9
120
129
114
113
99
121
170
125
7
117
99
133
113
83
107
93
150
0
119
70
113
145
121
92
133
58
0
87
149
106
127
136
107
125
123
3
101
105
110
120
88
108
99
144
3
110
125
147
94
100
174
119
130
2
124
116
156
111
155
120
149
125
6
114
159
111
149
131
101
85
129
8
129
114
112
162
104
126
129
98
4
114
93
104
124
111
117
147
105
10
133
128
106
141
116
109
120
135
7
88
85
128
95
119
154
105
115
1
121
123
126
109
114
89
140
121
4
111
132
148
84
133
142
96
131
6
124
134
148
97
114
147
76
64
5
72
88
119
144
143
115
119
113
2
115
115
128
126
155
168
102
128
0
127
107
108
130
101
112
126
98
3
142
112
77
115
117
114
140
94
6
156
135
87
156
156
134
113
147
10
137
127
151
101
95
127
85
100
4
97
91
106
119
118
106
114
113
3
121
111
129
86
141
153
90
99
5
112
100
100
102
134
113
97
154
7
79
133
97
113
129
98
141
114
4
103
128
89
85
102
124
135
76
2
113
155
120
118
144
95
91
103
8
104
115
79
113
95
156
102
99
8
127
129
139
150
124
134
117
128
7
93
119
131
98
112
128
128
140
8
93
124
113
117
106
111
132
131
4
126
106
112
101
85
131
123
121
3
138
98
84
95
141
121
117
94
0
123
75
122
137
150
112
126
108
3
127
121
85
149
128
104
108
120
5
92
103
72
122
99
82
127
110
8
113
142
145
127
155
118
116
129
0
112
93
119
105
125
106
104
93
3
113
102
141
138
129
69
112
77
8
82
135
71
102
100
128
95
114
5
99
92
151
143
79
165
90
82
1
128
157
107
109
115
96
88
138
2
78
127
77
106
108
125
96
113

