14
6
8
6
2
4
8
4
3
9
6
9
7
9
10
4
2
2
12
10
3
4
0
1
5
8
2
124
143
123
137
148
115
135
134
3
115
129
135
142
77
155
116
107
7
92
130
119
72
108
100
121
121
6
140
134
93
109
135
141
125
98
0
136
146
142
132
127
107
113
107
4
119
107
162
106
148
125
102
112
9
150
68
93
122
136
103
93
160
4
106
127
127
79
139
106
92
112
5
167
100
67
148
104
87
106
98
4
133
135
100
114
116
110
108
126
6
101
140
143
97
129
114
126
129
9
133
120
112
141
165
112
84
135
2
97
118
109
156
124
98
113
93
2
144
135
115
97
78
122
107
145
1
149
124
119
112
94
101
65
74
9
130
132
95
141
115
123
107
114
3
127
127
129
116
109
127
119
135
7
105
109
111
152
101
180
163
149
9
112
114
138
136
113
97
181
113
8
72
142
109
127
101
97
111
119
7
120
73
128
152
121
108
131
139
7
137
133
143
71
107
121
92
156
9
92
95
122
107
106
154
114
136
9
107
115
146
95
132
107
150
91
6
113
119
127
142
121
128
134
130
10
128
80
119
85
122
106
124
113
4
154
136
110
85
157
116
67
127
2
89
107
86
169
141
107
115
141
4
138
143
112
127
119
111
66
128
1
103
87
117
70
110
113
122
103
6
91
135
122
111
128
82
93
160
9
119
114
115
174
100
140
102
143
4
115
108
120
102
126
102
127
138
4
141
107
121
111
114
115
121
109
2
119
122
144
148
102
101
99
113
3
139
95
109
114
127
135
90
119
2
88
123
141
122
107
99
141
83
5
108
98
133
116
118
109
113
105
2
114
129
120
90
107
127
98
80
4
134
92
106
115
135
101
155
139
5
148
129
135
116
120
85
122
124
7
110
113
126
108
135
116
86
93
0
126
140
114
114
123
142
106
129
3
106
115
114
164
94
118
102
103
6
104
122
135
120
130
121
120
119
5
105
112
113
102
119
131
112
85
1
106
84
146
84
111
133
122
130
4
129
76
72
108
114
148
114
97
4
112
128
99
88
118
98
108
120
0
108
102
112
119
100
135
152
110
7
133
93
101
117
155
99
111
115
0
116
119
107
141
97
129
128
112
9
107
77
120
109
96
102
78
135
1
121
101
123
110
104
149
147
131
4
121
137
124
138
93
82
104
109
4
127
128
120
108
100
91
128
101
5
110
96
116
109
84
99
145
133
5
91
108
68
106
128
121
116
175
2
126
118
118
126
137
99
127
152
0
140
113
129
132
153
111
133
142
1
113
123
136
98
120
87
104
85
5
164
135
119
137
120
121
108
73
4
76
98
112
85
102
125
121
122
1
114
106
99
131
99
94
141
101
8
114
101
141
95
124
146
117
91
8
120
127
93
94
110
114
108
107
4
123
138
128
111
113
162
134
160
0
143
117
134
138
125
147
129
117
5
113
106
145
100
111
144
120
112
6
99
101
121
132
100
143
97
112
1
123
128
94
99
171
124
118
98
4
115
94
132
87
154
137
127
94
8
141
125
115
100
99
96
142
101
5
139
142
127
121
111
110
82
128
0
141
120
132
128
113
91
141
105
5
120
94
142
125
118
131
118
175
8
139
84
121
136
118
150
133
103
0
119
170
138
114
134
141
119
93
8
93
113
147
86
61
108
100
121
4
129
82
122
164
95
96
110
120
9
73
88
87
136
126
125
86
142
3
130
118
128
78
120
122
114
125
9
128
123
113
102
78
89
120
114
5
114
113
101
109
127
117
94
119
2
67
120
117
95
148
143
145
114
7
139
91
88
121
126
142
142
106
4
148
127
125
123
134
127
114
111
6
117
116
118
141
104
91
84
123
2
112
122
93
122
146
100
116
184
10
82
115
120
133
142
133
132
136
3
153
99
139
156
114
142
135
121
10
142
94
115
83
171
129
117
115
9
139
90
111
87
121
109
126
135
6
134
120
94
126
142
113
115
123
2
150
123
113
140
143
117
125
134
4
121
101
119
136
126
119
139
131
8
91
136
105
144
111
99
144
106
4
137
110
90
142
129
127
116
124
6
120
144
141
85
93
90
133
147
5
85
106
139
106
106
91
121
139
5
128
100
138
71
136
115
147
119
6
107
103
141
114
117
129
150
126
9
142
142
126
119
93
131
135
148
7
95
134
118
143
126
100
130
117
6
95
93
131
83
118
129
104
133
6
101
102
107
173
144
119
127
125
9
112
134
123
152
100
153
119
84
7
63
137
119
113
94
162
145
119
1
101
119
122
101
133
106
94
121
3
69
112
118
101
107
94
83
128
2
121
157
78
133
82
92
134
126
5
120
148
90
156
118
148
119
121
10
131
71
107
102
112
128
119
99
6
121
135
98
127
124
90
114
119
8
137
146
100
127
107
90
116
119
3
128
140
106
90
85
135
111
130
1
123
99
106
149
105
80
88
101
7
130
86
140
122
140
121
60
132
10
108
102
137
116
114
164
57
129
1
95
116
126
133
113
119
139
103
4
95
135
104
164
113
184
136
111
3
110
110
102
73
107
102
94
155
1
140
100
92
131
79
137
127
105
6
130
91
141
129
148
91
115
121
4
95
121
117
103
125
133
126
104
4
103
103
114
133
120
176
98
139
0
117
170
108
112
140
116
75
138
2
136
114
117
138
130
82
126
147
2
78
142
128
117
100
93
153
146
2
124
143
107
91
122
84
177
105
5
121
127
128
131
93
83
137
136
1
127
121
99
123
68
136
104
96
3
122
111
119
120
132
106
124
107
3
132
101
111
114
129
93
82
154
2
127
133
133
132
157
120
144
112
6
105
148
100
134
96
110
135
99
9
90
149
146
129
100
98
86
150
2
112
124
125
113
112
143
135
98
2
128
151
96
121
134
110
113
112
5
79
135
116
97
121
119
122
120
3
120
115
106
117
127
149
135
85
3
107
120
124
110
107
105
143
118
8
127
131
107
82
115
99
99
135
9
97
150
126
140
125
128
113
125
0
103
118
150
91
107
113
142
100
10
108
107
120
93
134
108
102
139
0
150
114
147
128
125
121
142
104
7
107
101
107
155
80
122
111
148
9
123
82
142
138
99
110
146
125
2
115
136
98
101
126
94
138
112
8
138
117
122
107
112
146
128
91
8
128
113
114
100
111
114
135
108
8
142
121
129
94
101
95
130
113
10
121
126
120
134
96
121
164
91
3
90
74
113
109
144
153
93
149
4
101
142
106
108
75
121
105
65
3
121
135
108
129
114
135
119
149
8
131
115
150
118
115
115
92
133
5
112
125
141
127
141
122
86
118
4
149
113
126
105
84
87
114
137
7
112
121
109
97
126
123
116
136
2
104
112
105
150
107
149
106
93
2
110
134
156
87
99
106
141
106
7
138
85
98
164
104
78
134
118
9
97
100
109
85
130
154
114
88
5
92
92
115
137
122
99
119
66
3
120
149
138
135
86
115
135
94
8
114
104
114
114
141
113
149
92
5
119
149
140
148
66
104
121
104
9
95
105
73
100
138
128
106
116
5
108
80
122
140
78
141
118
127
1
129
87
72
114
109
96
71
142
0
96
88
98
135
149
106
130
139
9
107
122
127
114
109
135
155
107
1
109
95
110
87
131
88
143
121
8
103
148
113
109
121
163
142
85
1
105
96
114
129
133
123
124
121
2
64
105
75
129
93
142
105
145
1
155
141
125
121
126
136
142
105
9
118
149
72
94
119
93
99
115
2
98
122
169
114
135
128
135
148
7
105
145
127
127
112
104
117
83
8
101
127
105
90
133
118
108
112
10
74
120
106
112
101
92
155
114
2
150
85
104
98
126
73
156
122
0
126
128
116
112
99
115
91
129
3
131
77
114
128
101
138
107
98
8
127
121
112
110
134
128
136
94
4
99
114
133
123
107
118
96
119
7
117
121
107
113
102
95
123
118
7
114
118
144
126
90
148
122
92
6
133
123
142
106
101
120
84
114
8
101
136
117
95
116
89
139
127
10
127
87
126
119
149
88
87
114
8
122
136
75
120
123
114
82
134
9
134
127
115
101
105
113
96
122
4
95
97
149
95
128
92
139
102
7
105
121
128
107
128
87
109
100
7
129
130
92
93
126
108
118
139
7
118
123
148
99
106
119
140
114
9
159
120
83
103
129
137
104
113
3
108
136
85
118
98
107
124
156
9
148
109
131
114
99
110
157
127
5
84
125
108
156
122
158
155
121
9
98
116
105
115
96
103
132
101
1
84
131
131
92
163
121
88
138
6
148
110
92
138
107
90
137
148
5
107
121
124
79
122
134
149
116
8
112
94
138
109
136
109
165
142
2
121
122
108
99
107
50
92
142
3
100
120
78
103
110
122
95
75
10
111
141
78
83
90
101
100
129
3
128
129
117
107
129
149
91
116
2
124
114
95
134
142
114
120
119
8
97
128
119
112
150
149
145
102
8
147
121
151
113
101
105
114
93
9
79
70
112
99
82
128
127
135
8
124
155
105
100
107
105
122
87
8
128
112
136
99
136
106
92
134
2
134
108
125
114
64
68
127
158
1
94
157
144
92
115
121
89
91
3
137
117
104
146
153
115
159
101
10
106
74
120
134
98
93
145
107
4
96
149
98
93
92
106
122
88
2
150
147
78
105
115
105
115
115
2
121
100
99
141
122
135
125
90
3
115
99
120
119
97
146
103
116
5
114
132
84
117
132
94
134
150
6
153
155
144
122
108
103
123
79
2
137
134
131
98
106
115
139
106
4
85
129
134
97
82
74
142
106
1
109
128
116
154
100
119
107
107
7
115
120
104
113
93
81
128
93
4
85
129
99
65
142
135
73
129
6
138
113
129
112
139
123
112
85
9
150
131
123
141
106
113
104
91
4
107
112
117
112
135
120
126
135
9
116
137
110
122
104
138
128
120
2
88
127
133
118
125
119
128
121
1
77
108
107
85
127
127
116
119
3
113
99
128
126
105
104
85
149
3
119
120
142
123
141
105
88
123
3
156
126
115
99
107
123
103
108
0
137
117
136
93
96
115
101
127
3
156
128
99
93
117
135
100
128
1
92
115
162
97
113
135
137
106
8
98
136
148
110
118
125
114
115
5
98
123
109
115
159
101
108
115
7
119
156
81
114
125
116
134
143
8
107
107
111
135
83
126
170
152
2
96
151
107
128
127
133
83
98
7
117
136
108
128
107
113
130
98
5
128
105
129
118
112
152
103
101
4
146
109
111
156
141
91
127
121
5
99
142
127
78
162
137
97
123
1
119
170
128
125
103
103
143
156
9
125
89
96
106
112
133
98
120
10
107
132
95
123
124
138
154
152
6
121
100
115
142
104
143
122
98
1
125
97
133
158
140
97
134
119
3
107
151
156
104
105
134
87
143
8
83
119
122
109
114
118
102
106
2
114
119
121
143
96
137
150
129
2
106
142
65
100
138
137
83
100
5
168
140
140
113
121
124
145
130
1
100
105
108
134
121
92
92
135
0
113
119
116
131
118
121
102
99
9
127
114
108
145
154
134
120
117
8
98
100
133
132
113
142
148
122
7
144
114
85
122
132
108
112
85
3
113
121
108
72
137
78
156
135
7
145
127
136
141
90
141
114
125
8
121
136
101
141
113
126
89
107
8
156
135
78
128
97
110
132
147
3
133
84
135
137
113
93
126
112
8
113
121
133
143
121
116
113
127
8
110
110
160
100
96
79
121
121
6
127
135
112
111
134
99
121
122
8
148
126
107
118
98
121
109
113
1
143
121
142
93
78
80
120
94
8
113
94
142
106
116
125
116
148
5
143
133
90
78
149
90
97
86
9
116
106
134
127
106
92
106
89
8
121
132
149
179
109
92
135
126
9
140
113
120
94
135
99
91
110
0
108
97
123
107
127
106
113
115
9
109
91
120
126
98
79
113
100
6
111
108
85
107
134
122
103
121
8
122
119
130
111
98
127
143
142
9
120
143
140
92
120
105
151
145
10
106
115
129
152
117
131
93
127
1
100
121
178
106
84
119
107
107
0
114
123
142
118
77
109
102
122
5
94
100
133
131
128
126
120
132
2
146
127
104
150
141
113
144
160
6
107
140
99
135
135
100
121
122
2
126
91
90
74
78
134
80
111
4
127
114
120
119
94
154
147
130
1
117
113
92
128
121
125
109
114
6
129
109
155
104
140
142
136
151
8
100
98
147
85
103
114
79
109
4
100
99
106
121
112
159
89
132
9
128
113
154
83
110
84
134
125
8
135
108
126
132
117
122
106
152
8
92
120
126
115
131
114
106
123
8
107
146
109
143
132
114
103
132
9
108
101
140
113
127
142
97
123
8
128
106
110
126
138
129
115
119
1
116
112
100
104
84
127
107
119
1
139
140
110
110
142
135
131
88
7
139
126
105
136
125
114
105
91
4
94
121
107
103
111
100
129
117
1
123
99
114
104
105
96
98
111
0
148
113
112
165
109
112
109
144
5
135
92
103
128
147
97
92
120
5
147
127
104
127
145
120
89
112
8
105
120
126
123
115
90
127
146
8
95
127
115
119
129
125
128
104
6
127
96
117
127
134
104
99
134
1
121
103
131
107
118
98
127
134
6
141
127
110
84
82
121
119
114
10
92
132
139
114
105
110
122
133
5
108
154
133
137
127
120
136
160
7
81
110
109
133
149
82
101
131
6
150
129
143
115
139
134
133
97
6
95
104
173
153
120
142
112
107
4
120
134
98
128
151
120
81
114
4
127
106
127
91
122
93
113
93
8
118
115
101
99
130
103
130
112
7
130
99
107
137
145
111
84
89
4
121
120
122
97
92
129
126
133
5
114
108
128
105
86
139
113
115
3
114
143
94
115
98
72
130
103
3
122
140
110
118
98
121
115
143
5
100
149
119
112
107
114
117
123
8
118
113
131
95
120
117
99
126
6
135
110
110
94
139
129
95
106
8
72
93
94
108
92
116
90
117
3
143
117
91
121
107
113
163
133
7
124
125
120
101
109
112
138
127
2
116
105
147
68
100
137
134
105
9
100
117
100
112
124
155
118
134
7
131
128
102
86
88
120
154
137
7
97
85
126
100
110
107
71
95
4
180
129
90
126
129
111
127
117
9
117
105
116
114
85
134
114
120
0
128
94
146
121
92
108
113
121
2
136
148
121
85
141
120
78
137
3
107
126
122
103
92
154
100
120
5
102
123
107
136
97
114
114
125
3
127
135
105
83
140
99
141
107
4
129
70
156
149
135
108
134
113
0
107
163
83
106
116
149
117
66
6
157
120
121
121
116
109
155
120
2
141
160
135
82
115
146
129
150
7
102
146
116
113
152
129
64
74
3
113
133
87
89
108
82
120
93
1
141
117
101
113
120
170
121
110
4
126
117
110
107
88
113
144
131
4
104
137
98
104
119
115
136
126
4
114
107
71
89
126
113
88
77
2
132
105
121
134
147
90
79
108
0
127
152
140
98
120
141
141
121
10
146
127
120
96
125
136
75
110
7
114
75
135
102
184
103
92
86
9
109
112
127
91
104
112
128
93
5
128
105
128
108
105
122
126
103
8
138
113
91
91
97
100
132
130
8
121
99
160
117
105
117
145
134
1
97
141
128
131
84
136
129
126
10
114
112
141
116
118
135
142
129
9
158
113
120
152
90
140
128
84
7
122
156
154
116
97
107
106
126
8
113
149
106
129
138
80
109
78
8
149
141
109
159
121
134
163
137
5
132
118
93
84
107
119
101
109
1
161
113
78
126
97
127
115
128
2
96
113
128
87
114
111
72
102
10
73
102
105
154
124
108
94
100
4
125
144
134
127
105
108
136
119
8
122
78
81
124
113
113
96
100
1
117
128
128
92
111
104
80
119
8
109
112
96
117
116
142
93
102
10
129
123
108
145
127
87
142
160
2
100
108
140
135
96
74
111
122
0
121
156
109
127
117
44
106
88
2
126
114
107
80
120
77
91
113
1
134
117
125
109
103
110
119
163
1
119
128
122
91
122
119
94
120
1
126
107
109
78
125
71
98
118

