9
2
5
3
0
3
5
5
5
15
5
9
2
2
7
7
9
7
12
5
2
5
3
9
1
3
8
104
98
161
101
148
110
107
120
1
115
112
99
88
81
130
132
107
1
156
122
133
154
83
131
124
84
6
100
137
124
95
95
122
114
94
3
92
128
142
140
156
120
63
137
9
119
81
120
102
147
92
97
108
2
110
121
112
80
106
114
93
155
2
122
80
108
100
93
106
125
112
1
119
156
156
124
112
111
117
122
10
91
143
95
120
104
155
141
120
2
115
121
164
90
107
99
107
119
3
167
138
141
149
101
145
151
89
9
123
100
123
148
108
119
130
84
4
120
86
111
141
122
93
154
125
2
119
148
113
127
152
120
104
142
1
94
87
114
140
94
121
121
89
7
113
93
83
133
163
97
75
135
1
79
119
99
103
150
128
127
79
7
100
106
142
124
126
113
130
112
2
144
86
119
91
117
98
121
126
4
138
93
127
115
123
131
132
167
1
122
99
124
98
108
111
113
124
3
143
104
117
148
94
141
128
121
5
141
111
123
129
128
158
95
93
7
126
113
83
126
135
113
104
113
8
91
115
129
107
100
113
114
122
5
155
136
135
92
146
94
120
112
0
132
107
121
165
117
92
145
106
5
100
125
109
102
93
113
153
130
1
91
122
120
115
108
136
110
148
8
110
87
115
108
109
124
140
119
1
113
134
111
124
112
91
103
152
6
147
132
110
127
167
113
143
106
7
124
118
125
128
120
110
131
128
3
71
106
124
91
132
114
140
114
0
85
134
109
98
85
158
135
123
4
124
134
121
107
101
106
114
119
9
120
129
120
162
142
122
119
119
6
100
139
83
84
99
86
113
146
9
136
99
106
91
129
135
113
140
5
148
155
137
113
99
143
121
128
1
132
109
129
122
93
146
105
93
1
125
130
107
122
128
149
74
138
4
85
140
114
121
136
110
111
85
10
96
112
107
108
74
97
111
128
1
107
113
105
126
98
123
93
106
5
121
149
110
121
109
121
129
128
2
125
153
118
83
105
75
137
120
7
106
146
81
120
133
71
107
121
2
128
113
135
79
140
111
101
69
4
80
118
99
92
121
107
80
95
8
120
104
143
125
80
74
99
113
3
128
127
114
106
118
126
150
124
5
139
119
117
93
106
121
123
146
8
132
99
114
133
162
113
105
125
6
126
137
121
115
101
100
130
115
8
77
114
140
137
105
123
116
114
8
133
111
130
99
127
119
126
94
2
133
116
124
85
88
104
134
125
4
129
105
121
154
98
100
173
130
6
121
136
102
121
120
142
133
124
4
108
87
93
125
154
100
112
114
5
128
104
128
133
103
105
113
154
0
92
128
110
122
132
83
128
150
6
94
110
141
122
92
136
128
129
2
142
105
122
109
101
104
121
131
7
108
126
163
96
122
91
150
147
3
148
149
91
106
98
126
85
123
4
87
120
155
114
113
85
82
103
8
97
141
124
113
132
142
123
94
5
99
112
108
95
143
135
101
132
5
120
135
61
106
117
137
128
143
1
117
122
106
112
103
113
101
119
3
94
133
113
108
147
131
105
162
2
95
114
127
122
102
99
143
105
3
96
140
142
115
88
123
128
122
7
99
114
82
129
129
142
149
106
2
139
133
126
115
82
158
128
128
3
117
120
106
123
124
106
140
122
10
106
112
102
106
122
110
127
85
6
152
100
104
109
108
135
142
90
5
103
105
124
92
86
126
137
120
9
128
71
132
134
162
116
127
113
2
113
92
107
150
110
123
123
136
10
125
100
90
118
117
115
120
139
9
86
66
134
127
102
106
127
94
5
127
104
132
99
124
111
133
114
8
108
124
104
92
123
98
115
141
3
114
93
129
129
149
144
138
133
3
115
92
106
115
116
93
106
91
9
128
104
155
145
127
73
121
118
7
99
87
128
100
144
105
155
92
3
120
137
128
100
120
89
112
139
10
101
98
107
85
123
128
93
103
3
119
127
102
116
97
152
91
120
7
80
97
118
129
126
111
90
122
5
100
121
95
122
137
114
91
103
9
131
99
115
136
116
102
105
118
8
109
119
119
115
106
124
113
127
7
100
148
107
105
134
141
99
108
8
139
95
153
155
121
138
86
99
9
101
99
138
99
79
116
129
119
10
95
103
100
107
117
112
132
134
9
105
98
108
105
104
120
126
103
1
94
106
127
120
115
149
119
73
8
111
65
97
107
106
116
142
110
5
154
65
161
152
149
120
119
133
1
108
92
113
123
91
100
107
127
5
134
81
106
139
128
85
127
116
5
101
128
135
148
112
134
149
91
9
124
142
78
140
143
116
94
109
6
141
120
110
110
96
75
128
125
3
106
103
99
130
134
118
143
124
7
121
108
105
123
111
102
135
109
1
107
140
106
128
129
74
134
81
5
106
143
141
114
104
96
127
93
6
113
115
141
130
126
149
148
161
9
101
110
108
156
121
112
114
125
2
120
125
77
115
98
105
135
120
9
97
107
106
148
100
87
89
110
6
109
68
110
116
141
137
91
64
8
126
98
113
107
136
113
100
105
1
112
115
130
119
103
119
112
99
10
143
100
91
101
124
144
126
101
7
117
105
107
103
134
146
114
135
4
121
84
131
130
113
105
121
121
1
144
133
92
109
98
85
80
118
8
118
124
99
118
110
112
114
128
10
153
80
100
127
116
108
148
148
6
142
92
91
136
94
142
109
114
2
136
143
127
84
151
129
114
112
3
107
127
137
68
106
142
131
161
1
92
107
91
104
108
141
123
139
1
98
122
105
121
136
84
138
107
9
107
123
133
102
152
171
100
86
8
140
121
134
116
113
134
120
67
4
92
127
112
121
142
148
145
103
9
151
100
114
119
107
114
124
138
1
92
102
110
136
122
136
130
142
6
106
144
123
127
132
96
157
127
4
78
120
101
86
114
112
128
103
7
105
107
145
137
131
101
130
107
1
142
142
123
169
141
131
126
109
1
139
81
126
106
85
105
133
142
6
136
104
97
120
115
95
102
121
9
108
129
126
122
128
93
99
92
2
144
126
79
93
137
81
128
153
8
136
89
121
109
64
104
121
113
4
101
135
156
108
131
140
124
108
3
110
113
134
75
114
87
124
121
7
127
109
101
141
112
157
122
156
8
112
138
128
121
109
163
111
106
6
98
105
114
92
133
143
105
133
4
99
130
112
151
128
111
136
149
1
88
146
120
109
94
91
127
126
4
122
115
119
109
80
114
139
112
6
110
88
81
119
104
101
91
106
8
113
126
92
141
141
101
99
152
4
142
148
104
106
128
113
120
109
4
145
131
78
116
130
139
87
112
3
155
114
116
114
109
92
103
138
8
112
118
102
140
111
113
100
129
5
112
103
154
107
119
114
106
127
7
93
103
129
135
117
140
114
132
1
149
153
124
100
111
126
98
154
10
120
119
124
113
119
105
103
83
5
106
120
150
121
93
122
105
147
7
120
116
83
101
127
109
120
108
6
101
99
164
120
119
140
116
129
7
123
142
98
119
119
117
136
128
1
131
121
120
115
114
83
117
93
9
124
120
124
82
117
134
120
136
5
130
144
106
135
107
94
115
84
4
108
106
131
114
127
92
143
64
3
125
103
119
135
130
77
104
113
6
120
130
131
108
120
112
104
135
3
85
106
120
101
105
131
110
135
10
94
114
100
88
125
139
120
114
0
129
108
86
145
105
108
134
119
9
104
105
100
123
127
99
100
135
9
137
122
146
128
96
87
144
118
6
106
116
132
120
120
117
79
141
8
155
127
115
114
135
135
121
132
2
137
102
130
100
120
106
132
110
2
115
110
63
136
135
140
128
85
6
105
133
93
126
127
113
90
128
7
58
127
116
121
123
96
130
105
4
128
125
112
116
78
91
115
137
2
122
100
132
118
127
109
112
107
7
94
101
143
135
125
156
120
126
6
124
101
119
122
71
85
94
134
5
107
121
133
105
129
131
95
116
0
122
113
117
128
111
121
136
149
10
156
121
92
104
141
102
114
116
1
91
166
107
133
101
96
118
149
8
132
115
125
114
133
112
92
143
6
109
143
103
105
93
114
114
127
0
107
139
104
124
95
141
119
89
7
128
129
61
73
114
133
141
108
4
119
72
148
103
114
120
85
136
3
112
103
128
94
93
91
108
108
7
126
102
107
146
140
115
65
130
7
116
115
101
162
131
133
153
102
3
112
88
146
115
113
112
107
118
6
92
128
105
88
119
117
135
106
4
91
113
155
78
109
117
136
144
7
96
139
118
92
107
126
117
90
2
111
91
106
129
132
80
144
100
5
96
91
141
113
120
108
108
125
5
138
137
132
84
107
100
129
122
8
100
130
143
123
107
128
110
109
2
106
80
120
156
107
106
111
89
6
113
126
129
111
124
107
113
114
6
117
156
143
99
85
127
117
106
1
114
122
93
173
147
119
141
127
3
78
118
155
114
128
77
122
108
6
100
135
149
134
135
106
113
113
2
153
106
98
155
120
105
93
131
0
159
63
152
126
132
109
132
152
6
129
88
117
121
111
79
127
113
6
120
105
106
90
90
112
117
118
1
129
136
128
89
99
94
128
120
3
67
129
121
102
118
91
155
109
6
134
129
137
133
138
135
120
120
3
105
130
119
116
97
134
101
99
7
125
97
101
135
107
99
93
111
8
105
77
137
69
73
110
147
108
2
113
93
100
135
78
124
110
122
7
118
94
93
110
108
124
86
134
6
156
128
157
113
118
108
114
140
5
119
78
128
101
105
116
76
97
5
120
76
106
129
126
140
128
120
8
100
146
120
97
124
99
112
103
3
79
101
120
105
103
99
122
92
4
145
108
113
121
88
117
127
118
3
107
136
124
121
137
112
129
135
3
108
99
127
114
142
116
119
91
2
86
101
92
94
118
98
121
112
2
99
134
122
113
100
145
133
112
8
139
123
118
127
107
115
172
113
8
114
99
119
125
86
111
114
120
9
71
129
107
108
141
135
132
113
1
113
126
104
126
95
93
90
93
6
137
98
129
119
118
120
117
134
4
82
126
125
140
133
132
123
105
1
142
113
141
131
108
95
119
161
7
126
141
157
128
163
112
68
131
4
157
99
107
149
114
105
143
142
8
101
129
144
92
96
94
141
140
5
147
155
122
78
89
103
108
122
6
124
95
82
118
119
104
136
111
2
158
98
130
124
95
107
129
97
1
120
134
134
133
135
86
97
129
3
117
107
127
127
107
98
122
129
5
128
107
127
100
83
141
112
151
4
106
86
135
121
85
92
126
100
10
120
134
108
112
102
80
99
91
3
120
103
128
87
134
77
127
106
5
114
150
136
92
128
115
131
94
10
136
127
70
107
118
106
96
88
8
124
141
102
129
109
121
121
133
1
95
129
112
118
144
84
133
82
8
72
126
104
87
133
108
106
124
4
129
105
135
113
157
125
120
92
3
122
151
127
90
152
111
150
90
9
137
121
129
127
163
128
129
142
6
140
126
97
141
111
110
111
102
5
156
120
120
124
150
114
117
143
0
108
104
95
112
100
129
112
136
6
120
78
156
164
98
126
119
135
9
57
112
126
110
120
126
130
79
4
97
114
114
119
108
112
134
110
4
140
85
128
123
120
135
98
112
0
91
121
98
97
120
124
130
116
9
121
85
126
106
122
161
98
134
5
136
94
156
126
146
128
128
99
6
139
123
100
93
115
89
74
106
5
130
119
95
124
115
76
134
177
4
113
74
129
128
92
113
115
113
8
111
113
122
137
117
103
86
130
1
78
104
71
91
135
122
94
111
9
113
163
120
132
122
106
106
117
10
140
125
108
112
101
124
114
130
5
131
140
127
110
128
127
91
117
1
131
127
81
122
126
113
98
109
0
161
88
113
142
143
108
88
71
2
117
117
105
113
143
136
124
116
6
150
103
111
135
129
102
142
151
1
115
118
116
113
92
123
142
73
1
115
101
101
112
114
130
104
121
2
131
139
155
136
127
96
96
119
7
112
95
115
112
102
115
106
92
4
125
135
130
155
60
87
114
142
6
133
120
70
120
129
99
157
133
7
130
76
144
139
97
141
113
102
2
136
137
109
122
134
119
119
139
4
104
161
89
102
170
78
120
86
5
96
117
84
113
134
93
131
158
7
142
150
154
115
129
135
85
114
8
68
106
114
106
146
97
140
80
9
106
125
127
130
81
114
142
134
7
135
135
121
126
111
119
119
124
4
107
105
136
120
128
113
79
100
9
105
113
95
119
153
161
82
106
5
130
114
120
113
149
96
111
155
9
154
118
153
98
138
99
135
129
1
120
87
128
132
115
135
96
119
5
78
112
114
107
136
120
145
100
6
127
99
110
98
148
91
158
81
2
95
127
117
104
134
97
89
142
5
134
114
106
91
117
124
105
156
1
141
94
121
105
123
141
131
125
9
107
133
136
131
129
92
128
143
1
120
112
92
99
135
167
114
134
3
135
103
115
93
115
111
128
135
4
127
93
112
121
106
113
114
103
1
147
125
142
114
132
115
142
119
2
137
104
148
85
129
121
143
93
3
113
99
123
158
153
91
91
120
7
107
149
124
120
114
114
105
106
1
135
140
114
99
105
144
127
98
3
126
136
91
125
94
62
114
137
8
127
129
103
127
147
135
97
127
8
112
121
125
72
147
132
118
154
7
122
115
92
103
90
96
107
103
0
147
103
104
109
132
105
107
110
0
141
135
149
123
92
110
114
120
1
150
102
125
120
96
115
128
129
8
142
101
160
114
158
115
162
84
5
92
118
135
104
112
125
128
100
1
140
141
93
141
81
149
87
149
9
136
174
97
85
122
113
120
109
0
153
106
107
134
130
148
85
84
5
107
119
99
110
91
120
106
121
4
133
106
134
97
164
155
114
138
4
112
127
109
122
112
157
138
111
10
134
102
114
114
92
77
141
120
1
81
135
107
93
121
82
121
141
5
120
72
141
85
110
65
106
118
6
94
100
104
89
73
107
121
118
0
101
136
135
141
78
99
84
147
3
105
82
130
121
78
128
141
136
5
123
113
120
121
120
120
111
93
6
115
95
113
111
101
113
102
113
9
135
73
149
120
114
148
106
121
1
97
122
127
124
97
130
106
106
5
99
148
108
148
119
128
140
127
6
65
120
136
134
108
122
109
85
1
102
134
81
140
87
142
119
135
4
127
121
149
94
94
144
126
114
4
111
141
136
87
134
118
127
114
3
118
103
108
119
117
100
120
119
2
113
131
102
156
146
120
127
88
3
106
112
112
89
121
105
113
101
9
136
111
141
106
107
137
122
133
9
135
102
111
106
141
112
95
85
1
138
89
151
108
159
90
116
115
7
95
86
128
105
99
108
112
115
2
65
93
115
127
121
148
120
80
7
107
135
98
108
124
124
100
127
6
113
96
134
142
109
171
153
122
1
117
109
121
116
93
119
143
106
6
144
134
97
122
107
86
128
92
4
122
88
83
134
94
87
106
123
2
128
92
140
107
106
129
108
134
1
93
99
141
108
85
133
89
71
5
127
163
146
131
102
112
77
119
7
86
107
95
109
113
183
110
87
3
103
109
146
98
91
64
134
111
1
108
122
103
130
154
125
130
103
3
72
128
127
148
122
108
114
131
3
100
132
98
118
119
116
150
114
1
154
104
104
148
110
109
123
96
7
117
88
118
89
70
113
101
156
4
145
126
117
126
108
145
117
102
7
112
119
112
136
121
122
117
142
6
120
110
128
122
149
113
95
153
4
99
141
113
107
105
144
108
93
7
106
120
125
135
100
117
92
133
3
128
86
97
122
118
96
130
135
5
111
112
117
107
147
84
136
134
1
142
128
110
87
121
106
108
75
6
120
119
143
156
87
92
123
103
5
142
147
130
128
107
118
76
98
3
101
137
135
92
134
141
80
109
9
104
130
101
138
113
142
129
98
7
98
124
99
121
112
120
127
141
5
92
100
126
100
112
113
130
134
4
118
136
86
106
121
97
114
111
8
95
124
103
119
112
119
123
134

