11
6
3
1
6
8
1
4
6
15
10
10
6
3
8
9
2
5
8
1
1
0
10
7
7
5
7
90
99
119
97
100
138
121
133
3
143
97
127
115
78
99
154
128
6
141
140
124
163
132
108
100
141
10
130
105
128
140
147
145
101
109
9
106
152
87
72
100
114
114
117
4
107
138
75
110
86
83
121
85
9
75
124
164
125
127
111
114
106
8
130
149
94
126
142
99
136
92
4
115
114
104
108
131
94
105
120
2
139
121
128
143
117
127
127
119
2
123
107
107
121
108
124
146
119
7
65
113
116
119
109
107
119
147
2
114
100
112
130
92
133
129
103
2
93
101
154
111
138
108
85
111
1
97
144
140
81
93
92
106
99
2
105
105
106
122
156
137
142
108
1
162
116
126
136
108
108
92
115
6
135
93
107
113
78
94
128
127
7
105
84
98
113
133
128
135
122
3
110
118
98
93
124
91
134
120
7
129
122
120
117
113
153
99
103
5
162
105
83
153
159
112
113
108
4
124
103
122
115
116
92
126
98
3
158
124
130
87
79
127
132
93
3
131
86
145
135
89
119
113
105
6
109
140
121
128
88
143
131
108
9
148
111
107
129
148
115
189
92
3
106
86
123
86
95
112
122
160
5
99
153
101
98
138
126
142
116
3
109
95
92
110
115
134
108
101
9
113
132
97
149
128
112
120
136
10
150
101
97
155
110
105
107
102
5
89
163
129
89
107
98
89
142
6
120
73
100
119
127
115
142
116
1
117
116
137
107
114
142
100
80
8
95
147
107
67
131
106
127
127
6
116
127
113
119
136
101
143
94
6
92
85
137
119
113
108
115
91
2
86
123
100
115
113
141
146
122
0
120
132
108
112
126
112
107
111
3
122
106
115
150
129
136
109
93
4
132
125
92
127
123
139
119
100
0
86
80
128
99
94
128
114
112
9
132
132
91
89
112
142
148
79
6
116
119
108
104
114
119
102
150
1
100
128
88
135
121
122
113
76
5
113
134
116
102
107
145
80
126
6
129
126
126
92
119
105
134
177
3
145
142
147
124
127
158
121
101
4
115
91
141
131
115
110
71
119
3
94
100
98
79
151
114
118
114
8
110
77
134
142
134
101
141
113
3
113
131
137
110
99
79
112
164
0
113
125
130
138
127
120
114
98
0
136
120
110
100
106
103
97
126
7
98
118
116
133
141
117
130
113
4
141
97
121
159
108
131
108
112
9
123
85
149
107
140
95
114
105
3
105
88
85
93
97
119
99
59
3
124
106
99
99
120
121
144
107
6
126
126
117
82
91
116
120
106
9
111
80
127
99
114
100
104
105
4
114
112
120
126
100
99
102
108
4
111
109
135
125
111
145
101
129
5
97
134
130
128
125
105
110
107
5
126
125
91
85
102
149
95
98
5
98
100
129
86
116
116
125
99
10
124
126
137
131
94
110
85
134
3
81
116
118
128
133
149
115
126
4
126
125
105
148
118
140
135
113
2
135
120
115
123
144
159
135
84
7
83
93
113
126
146
120
115
113
9
122
105
144
148
93
131
121
93
9
112
135
123
136
112
120
134
127
10
109
86
140
104
108
136
140
122
9
110
170
89
119
125
140
117
85
1
133
131
133
116
121
103
108
121
2
107
121
135
121
121
112
88
150
4
122
141
108
128
124
112
115
81
8
94
126
128
117
86
99
106
160
3
97
114
90
135
94
127
100
91
10
121
105
150
133
110
93
108
119
6
116
127
149
103
106
104
129
101
2
126
98
96
84
105
126
103
87
4
130
119
101
151
133
109
86
96
8
107
106
115
131
154
163
122
131
2
170
139
110
112
132
121
127
91
3
93
137
100
109
130
125
122
121
4
113
118
101
127
132
130
130
103
1
154
141
136
119
92
96
123
125
9
155
113
112
90
128
98
114
108
6
125
102
75
121
133
149
134
123
7
121
112
128
87
111
134
113
108
6
136
170
153
84
136
123
120
129
8
121
126
127
126
106
115
114
94
9
122
65
131
99
147
90
149
113
1
108
142
127
101
105
99
124
100
6
127
126
97
147
85
141
147
103
3
105
42
141
113
118
129
148
94
8
122
142
79
128
126
118
141
131
4
149
87
140
126
88
112
63
133
6
142
103
161
176
153
105
105
153
5
103
98
129
116
114
122
148
140
2
126
104
105
128
108
122
155
119
3
121
96
112
96
76
119
118
113
7
126
118
124
118
153
123
162
115
6
101
141
143
96
139
89
162
101
5
136
127
136
108
114
82
108
109
7
121
105
107
100
128
42
105
113
9
118
120
132
114
104
118
146
105
6
125
74
111
108
100
112
126
119
3
141
120
125
181
91
135
127
89
2
182
110
107
125
105
100
150
107
1
138
99
138
110
120
127
70
105
2
135
121
141
113
161
148
134
139
8
93
144
105
110
126
122
93
145
5
99
88
154
79
155
128
111
142
3
176
121
121
135
138
91
150
113
8
138
157
110
111
112
123
77
107
3
103
118
143
112
125
108
121
72
4
127
87
106
89
129
96
87
145
7
114
115
148
101
119
126
125
116
7
150
115
134
99
95
110
136
138
6
133
133
129
107
82
112
92
86
4
112
109
142
99
147
119
97
114
6
93
114
116
146
130
104
144
121
4
94
107
114
115
88
96
127
93
5
97
128
101
143
105
90
116
92
3
77
112
121
157
120
125
142
106
3
59
89
90
116
102
142
77
121
1
129
101
139
126
141
156
132
133
9
115
124
106
91
99
149
106
96
2
127
130
118
114
110
107
133
128
9
96
96
107
108
148
111
143
106
7
83
86
118
135
99
108
92
104
4
134
136
115
127
128
137
92
129
10
106
127
105
119
122
123
113
141
7
124
119
100
121
86
125
127
133
6
155
113
101
119
103
113
114
154
8
134
128
115
106
101
100
134
92
4
108
114
128
101
112
108
116
86
4
90
128
106
85
149
161
98
107
6
143
105
136
120
96
115
133
128
3
101
119
139
135
120
91
113
112
7
110
107
105
105
129
118
105
163
3
134
135
118
104
134
114
160
125
2
101
113
135
85
149
142
109
135
9
117
120
136
114
90
113
111
66
0
121
126
120
123
97
118
134
97
7
145
107
152
129
104
128
122
86
3
133
123
137
126
92
137
135
133
0
143
104
116
107
122
121
94
134
8
111
115
131
100
123
77
117
103
10
108
95
113
148
115
88
120
79
8
117
148
94
114
134
45
111
138
2
92
87
138
105
132
80
107
115
5
117
149
134
130
137
113
143
146
1
79
110
133
117
90
129
97
107
1
125
107
107
100
122
123
95
119
5
136
148
128
128
95
100
154
161
7
89
120
116
113
108
156
106
114
4
84
130
106
122
129
128
134
135
1
133
117
108
102
136
161
89
129
6
118
100
115
100
116
99
94
95
6
128
101
117
99
114
122
114
122
10
114
100
125
89
132
100
101
101
3
109
104
124
107
93
94
105
132
4
135
91
94
117
134
77
116
112
3
93
127
109
143
100
145
105
126
4
118
85
134
119
129
91
132
77
6
100
155
94
128
103
110
120
144
1
121
121
135
141
145
106
129
136
7
120
144
163
92
141
99
91
116
8
90
131
128
119
107
109
126
124
3
94
107
119
105
116
116
125
167
1
94
124
135
106
121
126
129
76
0
119
141
100
74
131
99
142
121
8
99
110
127
94
93
95
103
120
3
115
97
113
114
126
97
126
127
5
135
124
112
154
122
154
135
114
2
95
113
120
91
104
113
104
71
6
100
114
131
89
91
123
115
147
0
105
109
115
113
89
114
94
120
7
117
101
157
107
110
141
113
108
9
87
92
142
132
94
147
100
135
9
121
154
98
128
124
100
89
104
5
106
91
148
130
124
141
173
151
5
103
101
129
122
150
116
106
112
3
116
125
105
141
141
113
101
141
0
112
124
140
89
94
129
107
107
0
125
79
120
93
115
139
116
87
2
127
97
156
142
122
82
110
77
3
120
142
134
141
156
120
141
135
0
121
107
97
112
149
108
141
113
7
161
106
118
100
84
89
103
126
3
102
104
135
92
79
132
133
107
6
114
134
94
120
134
100
114
56
3
140
128
138
85
112
143
92
142
1
113
121
97
144
177
128
97
146
9
74
106
123
140
88
117
102
124
9
133
116
103
120
104
122
91
107
0
128
85
112
109
101
92
108
83
8
71
100
140
116
104
122
101
115
1
93
105
154
131
94
154
113
126
6
136
118
128
88
148
119
119
124
7
88
134
124
166
60
108
143
133
7
89
84
105
142
127
130
105
109
10
126
135
125
121
124
114
115
113
0
126
128
99
105
108
121
111
112
9
86
120
150
142
121
141
115
129
2
132
113
92
128
145
120
109
126
3
112
123
198
133
130
124
104
121
0
121
71
113
120
93
118
159
129
8
84
119
149
145
132
126
114
106
7
122
64
132
127
120
120
123
101
10
140
116
105
82
134
153
99
116
8
106
131
134
125
113
119
134
120
4
111
133
105
106
143
134
122
146
6
87
121
126
152
114
99
121
112
1
89
106
136
122
112
116
126
118
6
122
108
99
111
105
85
89
112
7
122
90
104
148
94
124
106
143
10
107
88
104
108
125
99
122
108
8
100
118
79
108
124
156
107
126
9
99
119
155
113
121
119
100
143
6
101
136
103
122
115
124
129
133
1
128
121
154
135
96
147
104
124
4
136
95
114
67
142
93
117
120
4
55
100
139
106
136
92
110
93
2
115
136
128
132
124
125
107
100
6
86
143
136
106
134
131
133
127
4
103
133
133
136
108
131
105
112
1
128
94
130
128
98
126
108
142
4
125
114
98
126
120
141
100
114
1
99
114
116
94
78
121
117
85
4
119
148
123
120
117
116
105
121
8
119
142
99
139
113
148
101
140
4
152
145
106
128
109
128
86
84
1
98
133
118
101
127
134
135
130
0
114
113
146
147
124
126
78
107
6
141
140
105
152
106
90
101
120
2
101
120
133
143
113
99
106
87
2
106
123
118
99
122
148
92
123
10
122
129
127
112
124
113
125
107
5
137
126
137
112
114
110
135
129
6
116
114
138
85
100
129
128
121
1
135
139
99
125
71
113
112
92
7
165
138
108
88
120
121
128
114
6
120
129
114
152
66
121
168
106
2
101
132
140
145
145
122
94
101
2
89
107
112
115
101
96
121
122
4
106
111
130
119
115
96
120
134
5
129
97
92
135
119
137
111
92
10
127
136
131
127
99
86
60
130
5
128
100
121
102
114
84
101
106
1
123
115
124
117
95
150
108
142
9
142
110
136
88
131
113
92
149
6
77
128
139
97
127
113
114
112
4
143
141
98
70
85
100
148
103
9
131
121
103
113
136
126
141
128
7
78
157
127
103
109
90
127
105
7
90
98
127
122
113
155
87
84
6
122
105
113
134
119
115
133
155
9
127
118
107
127
113
100
83
110
3
107
111
126
85
135
140
133
85
2
135
118
140
93
88
133
128
131
2
132
113
118
146
120
95
147
84
5
102
124
101
141
185
143
141
127
6
142
122
137
119
104
99
134
121
10
89
132
110
80
124
100
134
134
5
88
141
138
127
58
107
129
81
8
96
90
108
91
111
126
134
130
1
116
136
100
87
118
119
128
114
1
115
125
115
72
103
134
110
72
2
147
107
132
109
136
141
114
107
1
113
132
151
142
111
88
109
125
7
153
93
162
86
122
112
99
93
8
129
113
102
104
120
105
117
113
7
137
114
111
122
113
128
78
123
10
113
119
147
121
149
121
109
99
5
115
114
116
86
135
75
91
84
6
128
128
120
117
135
129
140
106
2
144
127
128
93
136
87
97
118
9
81
123
120
93
123
140
86
126
6
128
122
123
128
137
106
101
127
5
107
139
98
135
149
105
108
117
1
113
156
120
100
107
122
83
100
8
123
114
54
163
123
105
139
121
6
107
108
124
108
115
93
133
130
6
150
75
112
126
148
98
139
99
3
106
121
99
98
125
111
157
109
0
164
121
92
81
100
115
100
163
9
129
123
94
114
145
99
82
105
4
95
100
109
106
127
134
85
100
9
138
128
100
113
139
122
146
116
3
92
113
93
141
85
140
120
107
7
118
155
106
139
130
127
125
81
5
106
120
134
107
105
127
105
127
5
128
121
106
112
112
157
88
156
9
126
126
141
122
121
103
126
128
2
146
108
123
113
85
148
110
107
7
85
117
107
87
93
118
108
121
1
122
84
119
127
113
107
121
127
6
77
130
112
113
89
126
114
147
6
89
132
120
136
135
82
113
94
5
81
147
88
94
125
106
91
107
6
128
78
156
119
115
110
119
134
2
128
152
110
109
135
129
148
119
5
119
132
126
128
92
101
98
147
6
129
145
79
107
121
129
122
67
7
121
155
116
96
113
75
134
150
5
98
115
122
126
142
130
147
80
7
110
103
115
112
155
106
134
126
6
128
115
99
107
101
131
138
135
3
141
145
82
146
124
99
115
106
5
120
93
115
144
123
114
92
109
3
137
162
121
113
82
118
113
101
0
122
140
138
106
128
114
95
86
6
127
98
86
138
123
120
132
168
5
157
155
134
95
147
126
106
119
2
94
121
124
127
78
111
98
120
8
127
122
150
115
88
120
105
128
3
124
157
121
106
140
113
107
149
2
101
137
114
82
103
146
127
141
5
94
126
122
89
120
123
141
121
10
80
113
99
140
130
135
120
115
2
110
80
133
120
115
106
143
102
0
122
142
121
142
148
149
118
106
0
103
148
114
128
93
114
112
107
5
93
102
92
128
96
116
64
129
6
114
98
120
133
106
126
150
121
9
75
113
121
121
111
132
134
120
4
137
117
81
146
130
128
114
93
6
149
141
121
108
56
142
105
136
1
106
149
140
147
66
99
143
117
9
86
93
97
112
108
115
133
131
1
115
104
101
115
119
110
107
99
0
138
128
123
112
122
136
107
162
4
115
107
131
119
106
149
145
127
5
110
134
104
94
102
169
120
102
0
127
113
144
99
122
98
127
86
8
129
151
136
115
93
121
103
145
3
104
127
134
121
101
168
119
121
9
100
130
96
141
115
104
110
95
3
129
153
82
135
126
122
135
141
9
99
118
106
114
135
161
111
113
5
122
86
100
129
125
121
121
115
1
112
121
98
142
86
142
86
125
4
105
94
107
148
114
103
121
124
1
152
109
111
93
107
80
118
94
2
119
102
119
143
116
120
140
122
5
94
138
134
131
141
123
114
114
2
101
148
114
160
101
170
135
128
6
125
103
106
113
157
133
106
137
6
75
129
115
80
122
113
119
114
4
114
102
137
110
119
120
92
119
10
101
130
77
121
125
142
138
93
7
125
100
138
115
122
134
115
118
10
87
128
105
135
108
122
119
71
3
134
71
142
127
141
123
87
110
3
124
136
98
120
107
119
131
114
2
120
149
118
103
134
114
145
123
2
114
126
136
107
111
116
117
121
9
122
97
121
130
117
137
92
156
9
128
129
122
101
111
134
106
153
6
93
131
135
78
94
91
142
117
0
107
123
99
136
129
90
79
150
7
59
153
107
138
98
105
157
154
5
93
151
102
147
81
101
134
86
2
130
141
140
92
116
116
102
123
1
114
105
102
92
135
128
117
123
6
132
142
99
116
122
121
112
94
6
142
137
128
142
88
135
108
152
0
123
120
94
124
136
110
140
108
9
127
116
108
93
106
85
130
106
9
160
115
125
107
99
129
162
114
8
96
100
102
105
87
115
94
139
10
113
103
106
89
80
90
115
96
8
119
58
124
90
134
137
143
124
4
116
112
100
71
134
155
85
139
9
114
140
121
119
133
150
128
89
1
136
102
105
120
127
129
104
130
6
92
107
154
103
164
135
145
134
3
108
148
99
92
99
118
145
119
8
131
140
154
107
127
106
155
108
4
125
139
95
93
120
101
99
58
10
86
114
96
131
89
95
98
92
9
101
136
119
98
108
125
106
137
6
111
171
107
145
131
151
115
101
9
93
116
99
135
85
97
104
93

