7
0
1
0
9
8
10
5
3
7
3
10
2
6
0
3
1
8
14
6
2
10
9
6
2
10
8
132
94
142
120
85
155
113
117
1
93
89
145
112
120
127
106
85
6
120
135
96
123
127
127
129
161
7
128
156
122
110
133
120
85
98
2
120
157
115
130
156
119
124
103
4
136
126
88
102
164
115
93
131
3
123
125
140
156
116
109
126
142
1
126
126
115
147
138
115
136
112
1
135
126
112
141
81
95
118
129
6
79
93
135
108
101
91
86
101
10
108
102
107
147
115
143
91
80
3
88
133
100
78
127
140
126
111
2
134
89
90
109
113
124
94
98
9
103
135
140
99
85
90
94
134
2
113
121
134
116
100
86
133
122
6
132
107
103
101
145
101
119
130
8
117
121
113
117
144
140
98
136
3
129
148
151
108
102
100
57
126
9
135
136
147
114
82
131
114
142
6
126
113
107
111
112
124
114
92
3
121
124
117
103
121
97
111
121
5
106
106
126
123
106
103
112
118
6
86
87
127
91
92
111
113
107
6
120
111
118
94
121
113
120
121
2
133
114
130
131
99
101
117
110
1
139
144
107
108
108
141
99
111
8
142
114
111
91
108
140
99
85
5
128
105
141
87
132
125
135
125
7
81
135
119
107
133
127
135
119
2
99
149
122
122
126
136
100
104
3
108
131
105
126
120
141
111
114
1
114
107
106
100
135
106
136
73
6
130
108
94
158
106
98
91
107
8
118
149
120
99
103
120
128
107
4
104
122
117
109
100
105
98
109
3
114
121
113
104
94
89
106
133
3
122
133
142
99
141
122
123
148
7
93
106
114
119
123
114
135
158
7
101
97
121
117
110
115
104
114
6
107
117
125
114
109
106
119
120
2
120
94
128
80
133
104
108
112
8
113
158
74
121
149
113
114
105
6
111
127
136
128
110
118
99
104
2
87
120
164
129
139
101
114
148
2
92
161
98
112
109
112
109
114
5
93
100
118
104
160
98
121
110
6
123
125
114
113
139
130
92
120
5
109
111
148
127
93
93
163
156
7
131
129
82
123
129
105
78
106
8
121
132
81
105
78
154
101
120
8
121
161
149
93
119
120
88
139
2
112
102
114
105
107
132
122
124
5
100
57
88
103
113
129
104
148
8
116
107
77
102
127
91
119
112
9
119
86
137
150
149
119
138
135
8
79
85
118
128
88
121
128
129
7
131
101
104
112
81
88
121
96
0
166
119
120
89
76
114
118
140
1
91
99
120
128
102
116
122
139
8
119
156
99
121
142
114
125
100
4
109
133
128
142
140
122
110
161
9
126
127
101
118
103
108
111
119
3
81
116
127
147
94
128
116
147
0
112
118
105
104
115
112
126
103
0
155
100
107
109
109
149
120
78
6
107
83
93
135
131
117
113
118
8
122
134
163
92
152
113
106
93
2
108
116
92
116
122
92
121
106
1
103
158
101
121
136
104
101
127
1
103
120
129
123
125
111
91
136
6
143
127
93
98
103
112
119
108
2
161
147
76
121
104
118
113
106
3
143
159
130
129
122
122
121
96
0
87
105
85
122
91
131
78
118
4
139
131
112
128
111
121
106
112
1
100
96
127
135
151
117
124
135
6
121
131
119
110
110
85
92
148
5
85
89
121
133
92
130
100
86
3
131
117
105
92
114
121
82
186
5
144
98
108
116
130
124
74
86
5
106
122
131
167
83
150
120
113
9
113
121
92
137
127
108
126
130
5
128
122
79
134
115
106
134
147
4
136
144
113
101
135
124
139
166
1
134
113
86
102
126
115
122
133
8
108
94
135
105
124
135
114
94
8
139
98
134
113
113
160
133
129
9
128
148
108
83
100
136
112
150
0
132
142
122
141
136
96
113
130
5
108
112
113
126
98
106
117
97
0
135
129
151
101
115
122
120
120
6
121
131
118
141
106
112
157
127
0
115
122
122
124
105
129
113
86
3
101
120
114
89
156
145
154
91
3
105
107
143
77
125
128
133
113
2
95
105
103
107
113
126
61
119
2
93
111
117
124
86
122
106
138
2
171
114
91
117
118
129
122
116
0
127
86
98
75
120
149
103
128
3
110
109
110
110
142
121
121
101
3
120
160
94
143
108
139
138
127
6
106
104
142
141
107
143
158
119
7
119
145
137
89
123
100
147
107
1
93
115
108
133
123
112
114
119
6
119
142
112
100
112
93
150
126
6
126
110
110
163
78
165
101
118
5
112
121
141
136
154
115
121
151
10
99
106
128
94
130
69
131
102
8
118
119
77
145
141
107
122
139
2
114
104
87
63
124
111
121
128
3
97
106
143
133
114
150
147
77
1
109
111
120
127
92
102
93
129
5
123
138
91
143
96
86
85
124
1
96
114
110
102
124
106
127
113
7
93
115
123
141
112
134
129
101
10
76
110
105
149
50
150
103
122
6
163
84
121
145
134
143
121
122
7
111
83
116
98
122
125
128
108
3
112
127
93
134
105
99
112
147
5
146
149
74
135
101
121
99
133
9
89
145
92
126
107
107
116
108
3
96
140
99
122
105
107
96
108
3
136
114
120
110
101
143
147
140
2
122
123
113
120
122
106
129
106
9
134
146
120
122
103
121
120
92
4
112
131
85
119
119
115
103
136
9
89
124
107
111
74
105
80
105
6
95
99
120
106
93
123
148
136
4
154
94
126
107
109
88
117
109
3
127
120
126
136
105
124
129
93
9
134
106
140
121
103
91
115
145
5
113
104
120
121
102
115
73
141
7
94
111
143
123
100
154
138
129
5
92
119
133
124
150
139
86
93
2
153
117
118
127
120
133
80
100
6
115
106
125
98
101
126
112
126
3
86
103
61
123
115
129
127
80
7
102
91
121
151
121
89
164
129
6
102
136
119
114
116
140
117
123
10
108
107
121
113
143
109
112
85
1
94
173
105
106
98
135
93
162
10
119
113
123
110
97
135
134
122
4
127
99
121
112
118
126
135
135
10
83
128
108
126
152
129
128
128
0
113
139
112
79
124
93
143
127
6
103
125
122
91
115
153
98
124
1
72
129
107
120
84
121
95
93
0
109
107
129
127
115
109
110
92
9
119
107
145
107
86
127
97
142
0
80
118
147
111
99
125
143
126
1
155
112
129
118
112
99
125
123
1
142
151
108
132
140
130
126
122
4
105
79
102
126
98
113
97
91
7
100
122
121
99
141
127
136
118
5
115
136
94
137
157
111
132
152
9
132
145
99
107
139
135
76
107
7
141
106
95
112
128
102
134
133
9
121
120
99
94
144
122
110
113
6
99
108
128
119
131
80
120
114
1
125
114
106
143
128
99
114
78
8
126
125
106
93
108
136
109
108
1
107
121
129
122
119
133
137
126
9
106
82
93
163
125
126
114
102
5
131
121
137
120
128
114
82
108
3
121
126
117
93
107
79
119
130
3
121
120
91
106
97
139
107
113
2
159
100
126
133
114
91
88
128
7
120
107
78
94
123
122
71
128
8
100
111
122
132
106
81
127
91
5
113
97
129
98
134
86
170
148
7
121
127
99
139
112
84
135
84
8
109
141
125
94
113
59
127
144
8
101
119
75
146
117
129
118
106
7
119
69
120
120
91
120
81
120
1
135
118
113
115
124
92
75
122
9
100
157
119
129
137
128
101
90
6
102
126
134
93
136
125
135
97
6
129
124
127
113
134
104
111
106
0
87
114
121
91
140
139
138
84
9
123
107
116
121
99
97
106
145
9
138
105
149
129
123
101
139
148
5
87
114
123
87
73
113
70
85
9
85
93
107
113
126
122
126
148
8
178
122
141
121
93
128
96
136
5
142
157
107
131
134
81
119
121
9
90
137
107
93
156
132
128
121
1
144
119
98
132
113
124
85
122
9
106
171
149
135
121
92
122
145
10
128
109
108
133
136
136
153
112
10
119
117
152
107
130
104
123
156
5
91
103
141
86
107
118
107
71
2
132
94
131
118
103
129
106
135
1
127
109
139
90
122
100
121
99
5
112
140
110
111
113
110
122
111
3
121
151
111
110
147
95
96
134
1
119
114
135
93
132
133
138
117
1
120
139
101
120
138
87
120
140
9
149
137
123
130
127
121
112
114
6
122
99
124
128
82
136
101
124
5
120
107
149
137
106
108
122
113
7
104
103
92
99
103
121
92
105
0
113
109
98
133
128
114
142
155
1
144
134
99
126
109
116
121
135
6
115
105
143
126
143
105
124
101
2
119
101
117
126
121
121
71
121
4
131
133
152
115
122
134
107
146
1
116
115
128
118
120
126
134
115
6
119
104
92
103
148
99
90
127
3
156
129
119
91
108
121
94
148
4
112
122
101
146
95
119
111
94
3
135
106
92
105
122
118
122
151
6
103
84
93
115
103
115
132
105
1
168
135
129
110
105
121
92
161
9
114
92
85
129
134
100
103
115
5
135
106
147
122
114
114
136
127
5
151
104
142
151
120
112
140
125
7
133
149
110
127
67
130
132
141
4
116
119
121
106
104
107
134
117
8
126
94
113
120
113
94
114
100
7
149
120
114
134
99
130
110
74
9
80
141
100
107
78
134
138
107
10
156
130
93
120
133
126
147
106
8
90
139
126
158
135
119
123
138
0
138
103
124
152
101
118
131
100
4
168
127
117
127
118
150
100
107
9
139
140
131
103
113
126
126
136
6
106
140
116
57
114
115
161
143
4
131
99
129
89
80
114
133
100
8
154
139
107
162
126
154
106
92
3
128
107
92
118
125
98
87
124
3
100
150
94
117
101
120
132
149
1
115
128
93
157
107
125
129
127
4
91
130
85
56
103
113
107
113
3
125
153
114
112
119
131
111
106
9
118
130
163
121
113
91
127
110
7
122
125
116
99
128
143
107
114
10
91
135
83
109
100
115
112
122
8
123
129
87
139
85
125
136
112
4
113
127
112
138
139
99
133
95
0
140
127
148
129
91
122
112
154
7
133
113
99
126
84
123
129
105
10
121
119
139
101
138
98
128
107
4
147
108
124
105
108
104
113
114
9
106
107
67
167
99
100
89
128
5
100
147
121
139
109
132
152
108
9
128
89
127
112
98
90
121
128
6
120
148
112
147
86
122
137
94
10
84
126
116
138
137
100
138
121
6
85
124
73
104
136
163
93
127
6
113
112
118
128
99
140
93
135
5
104
145
133
108
104
86
114
124
4
115
125
91
120
131
91
92
99
9
85
105
106
119
139
117
124
110
6
132
128
117
133
63
138
107
77
3
123
127
105
110
122
135
107
138
2
100
112
115
105
137
134
123
141
9
109
102
150
139
102
105
163
121
4
110
140
129
134
119
138
99
67
1
120
146
123
140
147
119
135
122
7
120
110
114
106
114
142
119
127
3
92
126
97
121
118
104
112
118
3
100
119
121
108
98
115
148
141
4
86
131
83
126
142
135
125
120
6
80
121
82
121
144
98
118
114
5
122
79
86
140
96
89
91
114
9
119
107
115
115
133
115
147
95
1
123
146
147
139
128
99
130
90
9
137
114
120
163
93
136
130
127
2
112
98
92
135
101
97
138
145
6
133
122
67
87
130
116
115
144
3
102
120
109
128
129
91
126
121
5
131
109
97
98
185
140
103
119
6
110
113
109
125
134
155
128
120
7
115
125
100
119
113
127
98
125
2
126
105
86
119
122
134
130
146
9
116
108
106
147
90
83
99
117
5
118
91
151
134
114
127
144
79
0
91
106
113
146
130
85
91
108
7
127
92
99
127
118
139
128
120
2
140
129
127
100
146
114
91
148
5
97
83
126
134
129
128
97
98
5
85
100
156
108
115
133
81
113
2
127
148
106
142
105
137
135
104
3
132
136
105
99
135
103
90
107
7
121
94
100
129
127
99
158
116
3
128
95
127
126
94
140
124
134
7
101
118
111
113
130
128
96
113
2
97
102
112
135
113
141
134
110
1
112
124
109
118
115
141
86
106
4
63
112
121
107
142
110
104
117
2
132
82
96
110
93
116
81
80
7
140
116
107
125
98
106
152
92
5
114
160
129
156
146
122
126
130
2
149
117
120
141
128
85
129
129
7
100
119
100
121
130
128
120
132
1
108
123
143
116
100
107
95
149
8
102
138
99
137
113
141
156
99
9
139
131
132
113
154
103
115
95
7
106
95
142
80
107
132
119
127
1
149
62
98
121
116
99
95
126
9
135
115
128
132
103
146
85
106
3
108
79
110
111
116
120
101
94
4
118
162
142
113
100
129
87
98
7
109
119
127
124
129
123
127
97
8
134
137
148
117
155
101
121
133
6
128
115
105
116
135
140
136
90
1
127
115
86
136
124
121
130
128
7
140
139
100
123
105
122
143
120
4
118
147
137
106
133
125
94
162
8
123
113
93
143
124
149
107
91
6
140
99
119
105
111
106
64
114
2
112
127
129
121
125
94
93
126
7
126
116
114
104
115
127
127
123
5
99
117
111
144
107
109
142
136
9
131
136
122
150
110
146
129
89
6
140
112
106
117
125
155
132
107
10
119
158
125
99
116
110
113
119
4
139
104
128
138
84
119
107
127
3
118
104
125
139
125
97
128
107
1
82
138
91
143
71
99
120
130
6
126
127
95
88
128
127
120
100
3
128
100
136
94
133
155
127
113
3
120
94
69
100
119
123
122
114
4
135
155
94
131
91
127
127
137
7
82
120
121
80
126
134
120
101
1
131
109
111
127
123
105
119
126
1
117
118
121
135
99
135
126
127
9
149
121
105
98
121
155
124
137
3
105
64
101
97
140
98
113
87
5
127
105
99
134
136
99
100
100
3
113
101
105
120
154
140
115
147
4
88
76
133
146
137
106
77
114
3
136
102
133
113
124
120
93
134
4
108
128
162
113
125
106
144
137
9
121
91
122
135
129
133
108
113
3
139
117
126
116
92
141
116
107
0
77
113
109
146
139
114
100
125
3
91
86
114
101
128
131
94
92
2
100
110
91
148
115
151
77
105
6
85
127
99
116
107
142
123
104
3
89
111
119
129
126
53
120
138
0
118
106
106
137
125
107
115
100
5
134
92
116
127
150
106
113
131
3
134
127
92
137
122
91
131
118
2
119
156
109
94
159
116
118
121
1
101
108
133
150
126
92
142
107
6
118
163
78
85
98
90
123
128
6
133
129
113
112
120
93
110
140
8
125
134
112
118
103
101
106
119
3
121
85
148
142
112
88
124
107
2
123
105
140
133
98
100
123
92
0
150
149
118
136
138
125
88
114
4
133
130
61
149
120
106
106
122
8
103
116
116
74
111
130
113
103
1
123
132
135
133
103
114
128
108
0
45
124
107
150
119
175
112
125
6
150
57
107
145
113
98
134
107
9
122
87
105
111
98
86
123
128
9
136
101
89
128
105
105
107
141
5
100
123
120
126
87
117
70
123
7
127
119
113
108
105
114
128
129
2
98
107
86
106
146
133
91
119
6
119
133
114
134
105
126
109
92
5
98
133
58
133
148
96
138
103
5
116
86
169
124
126
108
105
148
4
124
92
141
105
102
82
141
136
2
142
95
106
119
130
155
95
176
7
101
106
117
114
89
137
182
100
7
122
83
129
132
98
130
116
128
2
98
84
158
148
120
130
134
129
3
137
117
139
115
138
141
108
98
2
135
101
122
141
136
99
139
119
6
101
120
130
131
115
124
150
157
7
121
158
141
151
96
100
114
121
3
103
184
99
140
98
130
113
100
3
135
145
102
109
142
134
114
128
7
143
91
105
120
86
116
121
114
1
140
124
138
150
141
106
112
120
4
127
113
112
114
134
119
140
117
2
100
124
120
108
129
102
115
117
8
120
103
130
107
101
106
168
130
3
143
85
109
125
138
153
100
85
4
140
120
76
120
92
129
159
83
7
134
114
109
92
95
135
67
93
0
94
100
125
149
93
117
129
99
6
102
113
120
113
106
113
87
128
4
120
106
106
126
113
120
113
71
2
107
124
104
93
71
149
135
102
8
127
123
150
138
107
107
129
126
8
128
103
114
126
113
115
115
75

