14
10
10
1
6
2
5
2
8
10
10
3
6
8
2
4
1
5
11
6
6
2
2
7
9
2
3
139
136
108
155
94
124
125
134
0
135
107
104
119
113
109
128
92
2
121
115
95
136
98
140
142
108
0
114
159
89
116
99
117
104
124
5
127
113
99
115
140
125
142
115
3
130
107
112
130
81
113
120
100
9
124
98
116
108
129
121
126
103
9
156
86
71
108
97
118
165
141
9
156
98
107
107
108
141
127
124
8
92
120
107
121
108
101
108
107
5
161
119
111
92
107
147
116
127
7
167
134
150
121
120
115
156
113
9
106
134
106
90
135
80
78
163
3
135
142
107
107
148
103
133
134
1
97
146
110
121
146
105
130
120
5
120
173
120
87
127
114
125
135
9
115
131
76
114
124
130
122
126
0
123
88
101
105
108
115
121
93
6
118
92
105
143
124
142
105
110
8
83
86
121
128
136
121
105
116
10
110
95
116
92
108
127
134
122
2
135
108
138
145
157
110
99
101
2
90
107
127
109
93
135
119
119
8
120
130
128
115
96
128
101
111
10
105
129
127
148
88
99
152
122
3
109
101
95
104
95
110
139
114
3
82
78
94
107
135
127
115
94
8
105
107
92
115
85
160
133
129
4
133
108
103
134
135
119
108
140
9
141
141
103
125
113
94
89
148
10
85
91
114
108
78
109
120
157
6
139
94
128
125
128
130
107
139
4
98
133
100
114
107
112
114
85
8
103
106
99
133
131
117
114
102
5
135
122
105
105
122
100
108
115
1
105
109
128
135
128
125
78
134
1
100
94
108
135
96
126
144
125
5
119
119
140
128
134
114
140
99
8
122
92
100
92
114
98
66
106
9
155
133
120
97
100
128
56
159
6
92
115
111
135
94
99
125
106
1
92
130
137
155
136
110
111
113
2
143
122
155
128
102
99
120
86
8
121
124
148
127
127
109
94
119
4
125
98
100
85
96
103
128
88
7
137
113
133
107
114
112
120
131
1
135
122
113
113
86
125
145
123
0
155
101
142
162
144
115
124
150
7
151
130
150
86
100
87
120
107
9
128
121
116
130
133
93
103
109
9
134
128
78
122
120
124
126
121
2
139
120
126
92
139
142
110
121
3
117
99
80
98
114
128
135
117
1
104
113
133
123
125
143
145
76
10
128
106
97
116
119
118
71
133
3
120
142
141
106
129
128
121
112
3
145
89
106
120
122
104
100
108
3
99
152
137
149
144
121
111
129
7
120
164
137
89
99
94
121
122
0
121
114
116
113
107
97
108
129
7
144
114
113
149
85
100
99
170
7
112
129
135
107
112
157
106
136
2
128
111
95
149
107
128
94
98
7
77
134
127
126
127
127
93
84
9
86
117
119
120
108
142
125
131
9
136
126
105
114
129
129
122
134
4
122
121
94
80
90
73
120
127
9
93
96
118
115
132
111
115
132
10
105
122
90
119
118
104
101
141
6
143
112
110
134
138
113
95
157
9
117
77
98
139
114
98
122
132
3
126
108
134
133
135
105
141
136
4
135
94
138
77
104
95
128
94
9
106
87
111
114
107
111
121
139
1
90
115
107
115
115
146
98
119
9
139
102
111
121
65
97
134
136
7
118
111
101
113
112
124
105
92
1
93
116
94
113
85
125
119
77
5
97
145
155
105
119
106
110
126
3
87
110
131
118
100
144
101
113
9
128
114
146
107
125
105
114
112
5
105
157
115
108
108
143
129
110
5
137
92
134
127
101
128
107
142
7
105
87
114
78
108
128
86
89
10
107
135
117
91
102
105
141
121
3
111
120
122
130
140
127
125
91
5
122
119
107
116
142
91
108
65
3
133
107
123
150
109
146
134
137
1
157
140
122
123
114
117
157
140
0
92
141
126
119
122
120
95
113
6
124
94
121
127
71
79
128
85
8
82
126
122
148
106
84
106
112
7
114
121
114
108
85
132
95
108
9
142
123
130
108
113
132
107
101
8
92
114
125
112
113
89
104
131
1
100
131
100
105
120
132
77
122
4
119
93
155
123
144
113
129
115
8
67
128
127
113
142
134
139
132
0
71
106
150
164
106
123
122
106
0
143
121
119
119
112
128
97
99
9
98
127
129
108
116
113
122
131
4
169
145
113
113
147
138
149
85
7
96
110
80
70
130
132
122
129
0
107
125
110
113
112
135
148
107
6
99
134
98
137
142
123
86
170
9
116
142
108
108
106
114
127
137
6
120
109
86
120
93
155
113
105
1
124
121
164
128
125
115
157
140
3
87
142
121
135
156
122
120
128
7
124
142
148
132
134
78
146
88
5
107
91
149
131
99
105
121
140
10
96
114
122
149
104
93
148
98
5
118
115
147
114
113
138
110
135
10
107
109
149
127
115
158
154
114
10
152
93
98
107
106
125
110
121
1
105
101
105
139
127
123
127
129
6
108
145
120
135
113
131
129
119
1
80
124
148
132
135
123
116
163
5
140
145
106
77
96
114
118
163
6
91
89
140
129
122
95
101
141
2
142
107
124
107
132
126
112
116
8
119
94
95
135
106
104
123
119
1
122
85
136
127
96
92
117
97
0
100
127
149
108
125
98
120
127
1
127
112
88
127
148
114
113
126
8
85
153
114
115
116
139
157
117
5
115
109
117
84
121
135
132
140
8
103
90
120
119
99
71
120
99
9
103
108
89
100
119
120
72
138
6
106
101
122
100
109
135
127
122
6
145
141
131
127
110
142
105
82
10
80
98
119
113
84
138
111
99
4
97
100
146
111
149
125
106
117
7
133
132
101
133
121
132
112
126
5
99
66
114
128
112
148
126
126
5
128
130
148
137
113
133
109
134
5
120
142
86
110
81
133
102
142
2
85
101
130
117
113
149
106
106
9
110
123
115
89
83
128
115
101
4
67
100
77
112
94
126
135
98
9
114
156
141
106
127
114
129
74
8
109
105
82
118
113
129
127
105
4
108
141
136
124
97
100
92
119
8
106
98
119
131
105
120
136
106
2
122
135
117
100
90
85
108
144
6
129
126
110
155
97
93
115
106
9
130
146
143
125
76
102
136
88
1
107
116
111
134
99
106
101
86
3
98
118
87
129
128
105
79
123
7
127
108
140
147
105
107
99
94
1
123
133
103
127
114
140
123
92
9
140
131
123
121
122
92
115
104
3
106
154
102
109
113
139
92
116
4
162
142
112
108
111
126
126
117
2
120
133
98
149
103
144
118
100
0
129
92
104
108
89
144
107
120
8
123
121
112
99
135
140
135
127
2
135
124
133
146
143
82
120
156
4
96
80
145
117
123
130
147
129
4
139
106
114
124
130
128
91
66
7
86
105
152
142
137
119
84
70
9
134
90
107
128
100
100
132
134
7
140
149
136
125
119
166
105
160
2
104
116
122
100
142
145
162
118
7
97
121
109
148
99
129
126
114
8
146
119
109
141
119
107
134
126
1
98
134
93
101
106
113
104
94
7
112
128
78
121
128
99
124
149
8
112
158
112
113
122
116
129
149
1
106
149
107
75
105
132
85
132
7
133
122
138
107
92
142
145
141
8
120
128
144
152
156
113
80
121
7
104
125
105
146
150
121
119
97
5
112
100
102
128
100
123
108
99
5
94
95
126
114
133
119
106
118
0
72
120
127
147
131
125
141
99
1
126
128
158
113
107
111
109
144
3
102
126
146
142
120
98
138
120
0
118
121
117
122
120
106
134
85
4
112
114
100
108
126
146
91
136
0
130
135
104
132
115
100
115
90
9
94
135
113
120
141
119
92
128
10
134
114
97
129
110
120
149
101
9
90
135
130
142
135
105
123
141
1
87
136
133
115
91
94
135
148
1
106
140
135
93
92
99
115
126
4
142
88
126
128
114
101
119
48
2
162
115
108
114
115
135
129
135
1
87
89
101
140
108
93
109
94
3
121
135
122
93
132
155
142
128
3
113
128
77
133
136
93
109
131
6
58
134
95
114
107
113
92
101
9
90
124
107
129
126
128
120
133
10
93
141
106
125
147
121
108
124
3
108
127
97
93
126
114
133
112
1
65
87
96
115
155
144
80
96
10
99
90
136
98
143
115
108
129
7
119
108
127
111
108
107
90
129
8
156
124
108
103
136
103
107
107
0
138
128
125
140
89
149
118
150
7
160
87
106
99
115
145
129
132
3
108
128
176
92
119
107
119
93
4
135
114
129
99
128
82
116
96
8
88
114
91
117
141
107
141
104
6
120
98
112
121
153
111
137
119
6
127
132
115
86
115
134
128
108
3
101
113
99
65
119
110
137
135
0
104
127
83
111
99
115
105
99
6
92
109
94
119
155
141
107
125
10
99
107
99
118
125
107
146
120
1
146
133
124
102
131
106
116
115
3
123
122
135
73
120
151
119
127
7
141
102
128
99
91
157
129
137
5
135
148
143
113
115
139
128
99
1
135
112
144
77
79
102
125
112
2
93
97
115
100
92
106
102
71
5
120
95
138
133
115
143
129
97
9
143
134
108
101
139
135
127
118
3
136
94
117
142
128
112
123
124
4
78
78
120
99
116
107
156
112
2
108
79
100
113
130
135
86
120
9
99
122
134
151
90
121
120
143
4
106
153
154
97
92
145
126
122
6
123
126
137
130
103
106
94
99
4
74
106
114
157
106
143
137
112
1
119
97
101
113
102
98
128
151
0
132
144
124
91
103
108
127
121
3
119
129
132
107
121
120
106
101
7
120
158
108
106
109
81
133
137
9
106
107
158
155
93
113
92
134
3
128
120
136
151
125
113
121
129
3
116
127
160
125
128
128
85
117
5
92
129
111
133
122
126
105
100
4
157
120
120
72
80
141
123
95
7
128
117
131
121
105
122
123
121
1
114
112
86
101
122
154
114
114
6
173
119
88
79
112
143
107
119
5
120
110
91
92
107
144
110
120
10
99
100
75
119
142
118
84
95
5
138
101
123
95
127
117
143
100
1
94
120
173
160
121
127
95
123
8
119
96
105
134
84
129
100
113
3
118
117
101
106
119
137
94
133
2
113
113
170
155
117
112
156
101
8
107
79
108
110
89
128
126
120
2
113
105
140
114
127
141
141
123
9
119
108
123
129
112
118
135
141
4
120
119
135
139
126
124
78
118
4
122
143
112
145
100
95
140
121
5
88
77
132
129
139
118
97
97
7
147
118
127
91
82
114
98
123
7
77
141
133
143
117
150
133
115
8
91
126
101
114
109
87
136
98
3
118
127
103
160
100
141
85
99
2
113
137
137
110
135
124
102
159
9
129
150
149
146
104
125
111
133
1
113
94
104
94
87
135
110
122
9
90
108
109
110
78
130
85
96
10
114
166
128
116
134
88
134
85
5
127
103
107
126
113
83
143
127
7
120
57
129
139
76
169
110
98
7
84
144
118
121
119
107
152
88
8
113
144
106
82
106
119
146
130
7
120
140
136
143
92
115
89
149
5
109
99
98
93
126
127
100
145
3
117
72
120
132
148
116
119
104
8
121
139
114
107
115
71
106
137
2
135
85
101
126
154
82
106
141
8
114
162
123
127
122
129
128
110
0
155
93
144
107
102
147
100
116
0
119
124
93
114
106
111
113
96
4
110
127
145
86
87
112
140
101
6
124
115
126
116
120
73
105
121
1
120
121
94
141
125
127
127
115
2
159
127
131
110
93
107
101
92
5
106
100
162
145
148
155
84
80
6
112
92
125
99
102
107
148
108
9
109
100
106
135
101
115
105
77
5
127
121
107
120
124
111
110
147
9
120
119
134
127
127
120
109
107
0
107
106
146
77
142
147
120
114
10
121
101
101
131
114
123
124
144
3
139
125
80
114
139
125
134
120
0
132
114
141
142
119
114
100
93
4
151
105
97
136
133
140
115
136
7
127
137
98
139
126
102
141
112
9
99
158
134
154
135
115
122
119
6
133
115
98
97
133
104
108
128
10
122
121
107
134
115
129
119
81
5
118
145
116
134
121
135
123
120
8
101
119
142
132
98
126
114
136
2
156
93
122
137
159
110
116
135
0
123
89
136
111
125
119
126
114
4
142
140
86
128
149
103
150
101
9
92
107
120
131
100
106
123
93
2
114
85
135
152
87
144
126
85
1
106
142
94
134
92
94
101
128
0
141
113
119
104
79
121
120
120
7
115
117
130
98
124
130
129
89
2
126
110
107
107
127
144
116
183
7
155
109
115
100
122
119
125
116
5
126
92
107
121
124
136
122
134
3
120
96
109
149
108
112
111
102
3
113
118
140
98
144
120
112
103
5
107
107
124
65
113
143
88
141
7
92
142
105
134
90
128
100
110
9
135
134
151
128
112
122
117
128
2
91
102
143
127
136
105
114
118
2
139
101
119
98
120
130
103
114
7
143
134
121
106
136
111
100
98
4
113
97
112
89
135
109
95
127
5
137
130
140
106
78
112
109
129
2
153
127
112
136
127
133
142
126
8
87
154
129
137
99
107
115
112
4
85
155
108
164
148
90
85
100
1
115
121
128
128
118
127
114
89
3
133
141
122
136
105
123
114
82
3
123
95
79
124
103
108
125
111
3
86
108
131
116
112
126
134
153
3
130
134
87
127
143
155
107
111
1
107
81
108
118
118
112
128
118
2
132
110
121
88
126
121
109
122
8
99
117
103
142
144
122
108
110
1
99
119
117
108
121
96
100
124
3
113
134
122
114
134
78
86
151
3
128
113
106
101
111
104
136
136
1
126
114
106
108
100
100
126
123
8
115
113
116
125
125
110
79
71
5
146
83
149
93
121
145
110
164
5
79
102
120
113
84
124
106
122
4
135
104
130
128
106
78
135
125
9
79
76
85
123
121
114
122
129
8
123
107
173
105
102
92
110
120
10
105
123
112
120
78
117
113
82
10
114
134
129
108
128
143
128
134
7
105
103
114
128
111
104
86
140
6
131
135
86
96
84
107
105
102
7
107
93
84
120
130
107
136
128
5
119
112
126
80
129
100
107
85
1
112
128
135
120
129
110
133
121
3
119
121
105
156
145
112
98
107
8
102
119
126
126
136
146
130
124
4
118
99
87
133
102
148
115
117
3
114
127
119
115
112
163
87
132
6
129
150
115
122
127
139
102
86
8
121
98
144
139
144
133
131
106
7
88
128
107
129
120
135
125
102
8
136
105
113
102
106
128
114
116
4
116
124
91
121
125
134
115
91
7
117
103
99
113
113
83
100
144
4
128
120
82
145
141
84
92
143
1
127
132
120
113
119
135
167
123
9
119
145
98
98
108
78
131
142
8
111
112
136
126
105
139
103
106
6
112
113
115
129
116
121
111
131
6
100
129
123
127
108
102
85
116
7
105
106
72
107
153
159
86
80
3
132
141
165
112
113
135
110
116
7
126
110
87
121
146
134
87
120
8
132
126
136
83
115
123
127
148
9
133
91
111
130
80
105
118
121
3
106
122
120
119
128
121
96
115
9
104
86
107
79
120
87
142
124
2
135
66
117
118
122
126
95
90
8
126
127
102
101
151
142
127
127
5
113
126
105
135
111
141
106
86
1
93
127
103
106
110
171
113
139
1
98
123
102
129
146
163
101
94
9
119
84
138
98
110
111
108
100
9
127
112
149
100
100
139
138
141
8
101
122
86
152
126
134
79
70
6
120
112
114
94
86
127
115
118
6
111
106
128
134
127
87
76
113
10
114
76
147
134
113
105
108
106
10
91
120
122
83
142
124
112
103
2
95
128
114
139
94
149
108
140
2
113
135
119
94
120
128
115
121
8
111
141
98
169
120
114
108
129
9
101
77
130
111
107
127
72
109
2
138
121
107
156
108
151
125
141
6
108
117
121
137
56
139
104
109
7
105
123
111
116
83
114
78
101
4
87
134
93
126
104
86
104
114
7
120
139
104
112
144
101
103
146
9
138
129
144
119
129
97
134
135
4
135
82
99
92
147
120
115
127
2
120
145
107
83
107
140
91
104
8
128
130
112
105
129
84
134
100
2
129
81
95
86
141
115
111
133
9
118
144
105
80
115
139
85
107

