11
1
7
4
7
5
9
4
2
15
2
2
6
7
6
5
6
6
14
7
3
4
5
8
9
3
8
116
86
162
106
126
98
108
119
8
138
157
112
144
121
105
94
104
6
101
113
106
83
140
141
102
151
2
128
116
95
87
125
118
100
136
5
107
99
94
100
111
110
126
95
8
141
133
143
95
137
113
106
157
0
96
131
123
113
117
107
113
106
2
112
103
111
107
94
140
162
107
0
87
74
109
129
136
136
162
131
10
121
108
117
128
113
134
134
137
5
128
130
112
113
105
123
137
102
3
110
127
113
103
101
113
114
86
5
142
134
134
112
99
107
128
107
1
130
89
106
105
105
149
116
139
9
133
109
125
84
89
121
109
121
5
142
111
112
114
115
96
139
84
2
120
125
117
127
79
118
106
151
6
139
171
124
122
123
99
101
126
4
132
157
128
78
135
134
102
107
3
108
114
111
145
128
90
115
122
4
108
97
116
113
118
156
141
114
4
102
108
155
119
121
125
109
85
6
106
117
100
125
128
92
114
162
4
129
115
107
104
106
121
145
111
3
148
115
122
100
98
133
65
81
8
106
80
129
113
105
139
87
96
1
122
163
84
105
116
142
106
144
4
112
148
126
96
132
99
111
152
4
128
111
94
105
126
110
91
106
1
141
119
128
135
74
108
121
123
7
98
122
122
120
86
100
120
96
2
114
95
141
86
120
122
108
124
1
134
127
108
114
140
99
117
114
4
136
116
136
108
117
128
148
135
4
98
113
111
149
124
93
103
136
2
105
134
72
119
106
138
114
94
8
107
106
120
105
79
101
120
104
6
149
125
126
112
135
102
101
121
7
140
142
98
103
137
116
139
105
2
126
129
109
134
64
134
100
110
4
120
157
120
109
125
139
81
108
9
85
120
135
108
137
120
128
136
1
140
121
142
142
121
134
109
118
1
109
121
112
146
113
143
128
118
2
111
95
112
157
97
123
112
113
4
116
120
129
122
106
141
125
120
8
127
138
92
121
125
136
124
103
9
101
135
127
85
138
124
140
122
6
96
79
121
115
123
127
127
124
3
100
89
114
120
126
147
121
99
6
85
102
136
107
99
120
120
127
6
99
102
93
131
94
78
133
133
1
108
77
143
156
96
137
131
148
2
117
84
126
130
95
155
128
122
5
139
107
107
133
132
113
153
140
2
132
106
150
112
134
86
120
140
8
111
102
143
125
104
122
137
140
7
135
113
135
106
103
153
115
105
2
114
89
106
102
142
133
131
157
10
141
143
98
146
108
94
106
140
4
127
143
106
120
106
119
100
140
10
132
108
91
109
104
122
128
117
6
98
104
121
113
77
121
92
103
9
106
122
131
85
158
115
135
138
4
139
122
142
88
106
119
145
141
9
149
110
146
163
74
97
90
135
9
99
114
142
136
122
99
108
76
1
157
121
121
139
166
150
122
100
9
137
132
118
101
124
119
106
64
6
113
110
94
115
99
130
157
141
2
134
117
99
93
104
104
129
104
10
122
148
107
121
149
86
127
133
9
121
119
109
121
120
169
97
109
0
174
119
127
126
108
112
103
128
1
120
80
127
149
134
116
142
114
7
96
78
99
127
127
99
145
134
3
115
110
155
141
130
123
122
124
6
89
86
120
91
104
124
125
125
4
130
117
68
114
122
121
100
95
2
102
78
143
142
142
114
124
112
8
110
101
128
142
142
138
120
98
4
118
103
118
92
107
94
100
129
2
101
157
155
167
111
104
104
105
4
81
119
114
104
91
158
104
113
1
107
102
142
107
86
115
90
97
8
111
143
119
85
149
132
125
109
8
121
115
119
114
113
127
127
106
9
135
100
96
143
129
128
100
95
3
99
112
120
140
118
93
114
113
6
105
120
135
85
135
100
150
120
7
134
97
146
112
116
143
139
126
6
132
135
117
112
113
87
110
126
9
118
115
110
121
126
97
112
73
1
114
136
157
145
113
112
144
145
6
93
104
86
120
100
119
97
128
7
77
156
128
112
131
142
144
105
5
116
142
127
92
127
118
114
145
6
124
128
142
115
146
107
114
113
4
114
154
121
143
116
114
106
106
3
141
129
92
100
89
81
112
136
6
144
126
99
117
108
126
128
134
1
147
131
111
108
142
120
117
101
8
107
154
178
113
91
137
97
106
6
128
115
130
112
106
92
112
107
5
127
106
113
128
124
98
113
121
5
121
131
146
107
99
128
119
140
5
135
146
146
113
129
85
120
94
9
135
136
122
112
122
127
127
143
7
78
121
95
70
149
127
122
88
6
91
129
156
121
84
144
112
118
0
119
134
134
115
137
120
108
112
10
106
120
135
105
154
149
121
109
4
95
121
129
130
99
92
108
111
10
114
114
125
108
128
86
103
92
2
121
127
100
136
120
130
125
96
8
63
155
98
124
151
113
113
111
8
141
69
112
101
126
95
103
124
8
113
140
98
65
104
99
84
137
9
122
153
104
113
154
120
92
131
10
82
92
92
131
134
129
141
128
0
127
117
112
147
118
118
133
116
0
116
99
110
129
93
113
147
58
8
132
163
135
119
105
135
106
142
7
114
114
147
114
145
114
94
148
10
121
88
119
122
98
146
93
119
8
120
96
127
150
132
127
121
141
9
142
133
146
139
133
133
119
101
3
99
147
154
120
120
121
135
112
6
122
80
121
109
138
137
136
84
8
112
93
142
127
116
125
120
99
7
117
130
86
99
113
112
160
132
10
116
92
114
98
133
129
96
120
8
114
84
124
105
113
87
108
108
2
124
106
139
90
128
135
65
124
7
99
96
121
122
91
133
112
121
5
108
121
135
138
133
140
131
172
1
106
111
142
121
152
100
169
109
3
125
141
119
115
123
111
112
136
4
113
140
104
121
147
128
132
122
4
127
77
117
108
105
126
93
107
9
117
124
111
65
106
78
118
107
5
79
65
101
149
113
124
114
100
4
113
110
135
103
128
153
119
133
2
116
132
93
133
142
106
98
63
9
100
100
101
105
115
152
86
114
1
129
108
118
102
94
98
107
134
1
88
127
112
129
132
141
117
116
3
102
142
128
100
121
127
163
128
6
148
93
121
102
115
107
138
116
3
111
121
121
112
93
103
148
124
3
101
174
94
123
131
100
104
88
6
131
111
124
92
113
137
136
94
9
125
85
105
92
85
118
109
103
8
100
149
104
100
141
116
127
104
2
86
128
128
80
122
105
146
95
2
121
68
93
120
109
140
119
156
9
145
142
152
99
128
133
129
114
7
88
94
107
107
128
85
114
126
0
164
110
161
123
95
76
103
159
8
128
83
127
82
136
99
109
128
1
119
117
106
107
129
123
135
112
10
134
138
106
145
132
84
121
107
8
134
121
113
95
100
92
130
142
8
114
145
102
128
121
103
108
95
1
112
91
133
114
99
115
131
105
1
104
139
111
97
91
113
175
100
3
150
96
133
122
97
151
132
86
9
138
89
136
109
113
95
105
71
3
134
114
80
139
104
90
143
106
10
146
116
126
129
81
109
107
127
1
98
165
95
95
86
64
160
89
2
103
149
128
107
130
122
129
100
6
112
128
88
123
141
127
109
101
4
109
121
149
85
107
115
144
107
0
140
78
93
113
156
124
73
92
4
99
130
140
119
113
105
69
106
2
121
133
148
105
122
97
99
119
4
149
107
93
127
105
155
141
140
0
127
134
140
186
136
149
138
127
2
120
114
134
120
110
121
79
114
3
141
86
85
99
134
121
116
120
4
113
130
100
128
105
135
98
111
9
106
104
127
119
121
143
84
95
1
107
136
114
112
113
132
131
129
10
112
96
113
114
92
132
115
108
3
149
148
112
143
75
147
113
150
2
105
161
119
126
113
154
133
143
7
127
101
112
70
130
105
141
129
4
102
130
122
118
113
92
128
107
4
137
89
114
109
106
127
81
102
4
112
157
140
125
113
139
128
150
8
122
120
120
90
105
133
133
85
8
150
104
122
137
122
106
114
88
3
145
93
135
85
87
116
107
129
2
127
114
115
103
85
112
128
128
5
97
115
127
128
135
112
128
126
3
125
121
126
144
104
134
134
110
3
115
113
96
130
130
69
85
130
6
81
119
105
102
108
144
79
123
7
140
118
105
163
96
136
130
99
1
114
98
107
114
145
123
107
104
8
127
145
121
104
132
93
120
120
10
136
97
134
90
100
103
100
118
10
115
136
121
120
119
152
148
146
6
135
166
133
116
92
103
126
121
0
149
110
109
114
94
139
113
127
1
123
123
108
129
106
92
116
131
1
144
118
105
136
131
111
128
113
1
144
149
93
98
89
120
141
126
2
169
129
121
141
94
107
117
93
3
117
122
133
113
112
121
108
128
5
106
112
109
91
100
117
124
105
3
119
121
121
106
88
108
81
134
8
114
91
136
131
140
86
92
113
3
145
136
108
106
140
90
111
69
9
162
93
90
117
91
130
112
141
1
142
98
119
114
120
119
121
115
8
93
131
129
65
143
146
110
98
7
106
117
104
105
114
116
120
129
6
110
112
157
137
110
114
88
93
2
105
127
101
133
160
95
164
114
0
109
140
126
128
123
130
107
97
1
106
140
133
146
121
104
126
89
8
128
130
127
132
133
123
133
139
0
64
129
92
106
111
156
98
112
8
96
121
96
120
105
57
118
95
9
138
113
91
121
114
106
128
108
8
92
101
99
127
140
117
107
128
6
91
86
120
91
101
115
87
114
2
112
130
109
102
127
132
143
112
3
106
115
110
113
141
105
113
142
10
98
153
118
146
103
87
118
101
2
94
131
140
106
142
122
149
118
4
114
92
113
111
115
141
106
143
7
117
111
119
71
114
103
119
111
5
132
141
116
111
120
109
121
138
2
113
134
136
120
134
113
156
145
1
101
98
115
89
130
106
143
105
0
132
129
136
141
99
120
117
126
8
94
126
142
149
75
76
136
135
5
127
90
120
65
109
118
103
114
1
119
130
142
125
105
77
128
127
8
148
172
107
99
83
127
99
115
5
153
105
112
122
105
111
114
83
9
112
128
135
108
100
130
113
97
10
96
132
106
135
143
120
92
107
6
120
151
111
98
104
104
118
110
7
125
109
71
110
108
130
139
129
2
132
129
142
133
95
112
120
97
8
133
80
119
121
131
104
117
148
3
134
145
130
119
99
88
141
130
2
122
123
139
88
147
84
83
106
7
96
121
110
107
119
99
117
133
4
127
151
122
160
91
100
98
113
1
114
115
103
116
120
146
94
129
3
136
164
117
134
104
163
123
95
3
109
97
121
136
100
104
101
119
8
127
111
131
99
127
136
106
152
4
117
131
117
122
120
128
106
87
9
93
128
113
82
107
135
132
143
4
102
141
119
129
79
130
121
92
4
109
127
118
136
120
150
112
122
3
112
141
100
140
112
95
113
100
0
99
142
109
155
108
117
84
147
6
114
100
137
86
121
153
126
155
7
136
135
126
114
85
107
111
105
7
105
136
97
105
102
119
116
98
9
127
117
113
94
154
128
134
143
10
101
115
165
123
100
115
130
119
4
119
112
129
115
93
134
96
144
9
99
134
97
126
138
99
153
106
1
117
105
137
147
137
87
99
104
1
130
127
118
118
121
143
133
127
3
149
100
128
119
131
99
166
84
1
180
133
147
115
141
114
115
88
3
115
116
46
110
174
113
107
115
6
130
91
114
107
122
111
119
120
6
116
128
100
122
107
132
86
114
5
92
95
113
122
162
140
137
90
6
132
120
101
149
109
124
118
105
2
114
126
116
101
116
107
114
114
6
142
109
85
134
122
113
97
98
3
128
99
89
90
79
86
108
121
5
112
122
133
80
127
144
162
107
7
129
104
148
85
86
115
93
168
7
154
136
120
95
106
140
95
123
1
123
125
115
86
152
121
105
125
5
98
131
122
101
119
120
125
106
6
137
127
158
93
106
99
114
133
1
125
130
120
122
93
121
120
85
6
111
137
112
134
103
77
111
129
2
103
96
75
128
120
109
107
148
0
141
133
114
114
157
116
129
139
3
94
119
106
78
92
97
94
129
6
122
124
141
139
117
124
119
139
6
139
88
128
94
129
126
128
132
2
108
121
140
134
112
136
140
129
2
98
142
113
145
127
90
101
142
9
80
101
127
121
120
113
107
112
8
122
134
112
127
129
132
157
114
2
91
107
142
142
135
140
107
118
7
106
78
102
156
98
109
120
77
3
94
113
102
94
95
115
123
117
2
113
110
95
115
103
120
144
170
1
122
136
141
122
149
112
97
170
5
119
113
114
99
86
156
134
110
8
104
108
133
95
123
141
119
106
5
99
120
71
115
108
108
116
148
4
108
114
143
111
140
158
123
115
0
115
134
86
129
121
97
126
117
8
153
141
106
137
140
130
100
114
8
85
107
113
123
103
127
135
122
3
114
101
141
107
109
93
93
124
2
133
123
113
109
152
104
115
107
7
108
114
120
113
121
125
114
141
2
123
85
140
105
100
69
100
139
8
128
102
121
117
84
141
98
132
10
136
120
119
106
120
125
147
107
4
111
120
137
103
122
94
85
92
0
117
162
94
109
107
113
122
111
9
95
121
119
142
109
147
137
144
1
135
130
109
121
114
137
121
106
9
70
101
119
132
95
99
150
102
4
128
128
126
80
82
106
81
166
1
100
100
78
142
134
73
113
100
4
84
104
113
147
101
107
107
106
7
100
119
122
128
91
139
130
101
6
52
143
104
117
113
129
128
128
10
93
166
105
106
120
100
102
141
5
126
98
103
105
91
106
163
133
1
125
120
105
121
112
113
99
139
0
95
106
99
83
108
104
141
142
8
139
123
120
104
107
94
114
124
1
92
103
123
115
138
102
140
135
7
134
70
153
97
114
121
85
135
1
149
128
149
129
112
113
99
89
3
134
88
127
87
110
119
129
111
9
106
102
154
134
99
115
89
98
9
108
92
97
106
148
89
78
119
7
115
115
133
143
119
88
164
135
9
111
100
105
130
121
129
151
97
3
142
118
140
131
117
129
106
114
5
111
127
141
110
126
93
79
123
0
120
100
106
111
100
114
135
136
2
109
88
122
96
93
149
129
87
5
144
118
113
115
126
125
101
127
9
133
78
79
112
106
86
140
140
1
123
124
133
105
99
150
123
141
9
133
115
131
125
146
116
123
138
4
67
95
125
126
126
108
114
107
10
97
141
100
97
110
100
96
129
10
104
114
135
111
112
110
124
142
4
92
92
128
100
119
141
80
120
5
114
135
149
171
136
142
88
112
1
108
115
131
111
93
121
133
148
3
112
120
114
121
118
118
98
99
7
90
112
121
129
132
111
99
94
0
126
105
85
80
122
123
116
100
3
88
106
147
104
137
127
71
100
2
134
103
129
130
155
110
136
98
7
100
98
122
129
100
105
121
152
3
85
117
123
86
92
115
146
98
8
143
147
79
125
101
143
91
104
10
98
99
128
134
92
78
120
110
7
97
119
142
114
135
127
93
124
7
94
156
117
112
126
115
106
83
8
100
112
92
98
130
121
78
116
2
91
142
111
114
94
138
129
105
8
141
132
112
105
100
134
120
108
4
119
106
130
66
101
118
133
120
8
132
130
90
123
125
124
127
85
6
75
112
99
103
93
115
101
98
8
91
105
134
106
142
115
124
140
3
92
106
79
138
115
100
105
134
9
92
117
139
125
113
140
117
118
9
105
83
94
96
114
101
89
125
8
113
131
88
113
122
89
132
125
4
150
97
149
128
116
146
114
136
1
106
66
143
125
110
124
135
114
1
130
100
76
152
148
120
126
128
9
128
115
87
133
105
86
134
95
7
138
125
87
103
123
117
139
101
7
120
127
110
119
93
107
125
112
9
121
107
145
99
106
107
115
121
8
161
111
119
107
110
142
146
130
10
121
102
166
130
135
145
107
103
6
119
145
101
112
68
111
90
84
8
130
134
92
128
119
92
101
113
5
133
71
129
87
142
123
167
120
9
120
141
100
108
70
108
92
86

