14
6
8
8
10
9
4
8
8
10
6
7
10
4
7
10
10
9
14
9
0
8
9
9
3
2
1
142
116
143
133
122
110
112
85
6
103
139
144
97
111
112
112
91
6
163
134
133
121
77
84
111
135
3
133
107
122
101
100
140
134
127
5
113
115
113
93
116
112
100
141
7
89
117
130
79
97
86
116
86
3
121
117
79
88
106
108
106
128
1
141
133
131
92
136
129
154
115
5
120
116
134
106
163
114
135
140
7
112
84
126
138
159
108
125
106
1
106
126
71
99
99
113
122
125
8
122
120
110
104
136
137
141
138
6
135
100
117
98
98
86
130
115
2
134
104
128
121
124
113
108
86
10
121
128
113
142
91
122
135
150
2
129
120
120
120
94
146
133
135
7
151
101
123
131
121
136
100
89
5
106
46
114
118
120
108
51
126
3
89
129
120
125
115
128
154
115
9
127
68
106
133
114
115
129
108
10
137
134
94
120
126
117
145
127
6
142
121
58
127
125
130
120
123
5
104
79
123
90
130
128
136
126
4
113
122
100
107
147
133
108
84
9
128
126
108
127
89
135
112
93
2
125
122
107
114
149
107
127
100
7
98
95
121
67
109
110
87
140
1
105
99
103
165
121
118
99
113
9
109
121
135
127
116
107
142
152
2
128
85
108
100
72
120
94
127
7
123
123
103
121
115
137
64
94
1
125
119
140
100
134
89
121
92
1
104
119
122
128
103
136
135
138
10
113
132
113
99
85
89
103
120
4
118
116
118
145
138
100
77
99
2
95
103
114
94
135
132
134
119
8
106
105
106
101
105
101
117
93
1
120
135
119
134
107
126
108
110
0
95
158
115
107
120
126
86
117
6
116
131
93
92
74
96
124
128
8
95
132
131
124
120
138
113
105
9
108
108
137
112
105
77
143
127
5
89
132
133
91
73
134
115
117
9
94
123
121
113
129
125
112
124
10
135
135
176
101
119
137
86
109
1
116
114
90
113
129
154
122
88
0
108
107
92
144
134
150
86
130
0
101
79
115
120
111
120
97
114
10
115
139
120
91
94
132
125
133
2
86
92
113
142
141
112
176
78
8
86
107
114
121
112
94
132
111
2
125
111
85
97
113
138
148
113
0
72
126
106
86
92
100
72
112
2
115
85
113
104
115
156
79
129
3
108
95
145
144
117
137
94
109
4
92
121
127
100
113
122
121
141
3
144
106
121
36
116
104
100
119
9
99
144
87
97
112
119
121
130
6
127
113
131
88
98
99
127
118
6
119
118
134
126
119
112
163
73
7
106
121
101
132
119
139
144
124
3
93
140
133
121
82
92
100
110
5
116
128
127
138
134
92
112
129
9
146
164
98
123
113
98
132
119
5
138
113
90
110
136
104
100
90
2
99
147
152
96
105
128
149
76
10
112
148
142
102
98
136
136
136
4
127
108
147
108
107
121
91
93
7
139
80
92
85
141
136
129
164
2
125
129
126
107
122
121
100
89
5
182
133
116
120
158
112
119
72
3
143
126
114
108
115
110
108
91
6
146
150
77
134
133
110
120
99
7
76
118
112
128
127
129
141
101
9
101
89
148
125
112
128
100
76
9
134
142
128
107
113
131
125
107
0
111
148
149
122
94
156
83
106
5
87
122
100
150
118
126
127
148
5
127
126
118
72
135
140
126
106
0
109
126
107
88
153
107
128
116
7
163
73
123
107
85
156
101
114
2
143
108
145
114
128
87
113
138
6
136
110
94
126
117
140
136
109
1
106
110
166
113
111
114
132
145
1
126
161
106
94
110
127
107
89
3
137
146
99
121
115
96
119
110
5
126
130
80
114
107
102
115
114
1
130
99
92
128
135
89
105
87
1
104
133
105
113
99
101
119
98
8
116
113
80
145
121
112
149
106
1
127
107
129
74
131
141
147
105
8
133
112
123
105
115
134
126
93
7
115
120
128
106
103
91
110
93
3
101
108
127
131
154
107
116
86
2
166
116
112
100
132
105
112
130
3
128
114
97
121
105
93
150
100
9
137
153
119
117
145
137
79
113
5
114
118
123
120
120
94
152
153
2
88
81
91
100
159
110
108
115
8
87
113
100
167
114
108
105
122
5
110
92
84
98
142
118
101
125
2
112
134
106
121
130
133
134
106
6
88
93
120
114
130
98
137
134
7
98
124
117
109
93
136
113
117
1
88
102
110
140
129
120
113
113
4
149
125
91
92
113
100
115
83
3
139
128
150
138
133
113
149
127
5
105
119
101
117
115
135
109
134
2
107
104
93
114
132
136
94
91
3
85
73
91
102
147
78
118
176
4
129
158
131
119
124
107
136
81
6
87
119
134
100
118
151
136
114
9
157
138
79
143
121
141
128
107
7
105
88
105
158
62
113
116
112
5
125
134
73
73
139
121
109
148
5
98
120
112
104
120
116
104
100
1
84
147
129
105
108
145
120
114
0
86
99
129
83
124
91
157
110
8
92
110
127
121
93
95
105
120
6
111
112
167
113
133
119
123
168
8
112
121
161
117
138
99
121
129
5
114
140
153
130
127
96
129
127
2
56
59
120
113
101
124
119
100
10
105
110
120
105
141
112
162
122
4
132
80
75
95
127
134
128
107
8
70
121
154
147
121
114
132
107
4
100
118
142
111
128
85
167
104
4
133
112
162
131
117
136
141
125
9
129
111
126
128
113
107
134
77
9
118
120
117
150
121
138
99
111
1
114
115
111
129
101
123
108
112
6
86
108
153
121
110
109
91
105
0
106
120
111
121
117
108
97
122
9
125
136
124
117
135
91
108
114
3
106
106
149
136
168
141
113
121
2
124
108
135
103
146
109
139
121
0
107
126
104
126
91
136
148
93
8
92
134
120
105
121
135
125
126
7
144
129
136
85
106
129
102
145
5
108
133
78
112
123
142
113
90
3
127
79
105
112
127
145
122
126
8
144
128
84
103
122
154
89
141
9
122
92
86
141
95
85
148
153
7
134
105
141
115
124
79
132
148
7
126
112
116
108
121
134
117
79
9
112
134
123
134
137
109
86
99
4
91
141
147
91
93
140
115
70
5
106
120
107
140
138
121
107
100
2
108
141
69
121
89
137
96
120
9
126
160
127
107
105
114
94
120
5
149
127
140
143
121
118
87
82
7
140
92
106
72
97
87
109
103
5
120
113
123
134
136
122
100
115
6
101
94
119
115
102
108
136
117
3
121
116
124
114
111
135
96
141
3
120
93
113
112
116
174
134
105
8
66
165
119
106
148
105
96
123
3
149
121
173
134
92
111
126
76
3
104
129
106
145
153
138
85
100
9
126
150
134
102
157
119
121
124
8
148
106
85
99
121
152
100
148
1
87
153
128
136
120
154
103
151
7
67
128
126
113
128
144
86
129
1
136
105
117
121
124
111
124
129
3
129
139
118
92
121
114
72
139
2
155
129
142
87
106
107
135
131
7
129
137
107
114
147
99
69
118
4
129
105
147
107
91
124
110
120
5
79
130
69
97
104
91
101
121
8
110
122
106
121
136
114
141
117
3
112
134
148
148
128
124
128
144
3
128
135
147
122
147
110
99
105
6
108
114
128
120
120
106
121
133
7
127
129
100
127
70
119
150
118
0
112
118
71
135
136
98
113
126
5
128
105
114
129
138
129
114
112
3
96
79
94
84
100
114
121
151
8
136
132
116
122
131
113
135
101
6
106
98
154
127
92
101
79
139
8
94
122
116
121
128
124
107
80
4
145
111
121
129
110
122
109
118
9
142
146
100
147
139
126
100
158
2
85
113
78
105
117
104
108
130
3
109
99
151
149
106
149
156
87
5
171
132
75
139
128
137
84
146
1
116
86
114
126
105
164
125
121
6
92
141
143
109
128
101
140
120
4
97
106
151
125
127
113
108
116
1
71
121
95
104
113
136
149
106
1
127
130
145
102
108
105
93
139
6
137
85
120
132
157
126
77
98
6
85
111
102
129
94
166
90
122
8
134
125
108
87
75
87
97
100
7
116
146
131
107
133
112
144
115
3
133
140
121
105
91
93
155
120
8
142
80
106
86
134
111
140
139
6
147
91
68
100
123
141
100
114
5
127
114
175
105
133
123
134
130
9
128
133
126
142
133
92
133
121
1
107
90
130
107
140
106
101
134
7
137
93
91
114
134
87
103
93
3
56
120
106
115
149
112
78
126
5
123
109
103
79
94
126
78
77
6
120
147
154
121
118
105
140
109
5
116
113
126
130
113
108
129
136
2
71
115
136
120
71
123
117
106
4
156
114
109
147
134
137
143
100
0
115
128
96
112
133
150
110
105
7
114
137
81
149
148
119
100
143
4
115
116
128
130
131
109
114
100
9
118
149
100
124
128
107
130
148
5
112
132
99
88
126
121
99
142
8
99
59
160
106
125
95
156
114
4
100
119
140
129
155
117
112
109
8
85
143
100
98
79
142
102
112
6
95
148
143
112
96
110
102
133
8
103
89
114
120
134
190
134
78
9
134
135
114
138
126
136
139
126
7
111
127
100
88
163
80
84
141
7
86
104
134
104
91
105
136
113
1
107
101
138
111
110
104
135
110
3
114
149
135
97
165
121
136
114
3
104
142
86
121
169
120
143
133
3
122
116
127
124
127
134
142
131
6
111
76
80
91
97
129
127
133
5
129
101
135
131
133
97
133
127
6
93
149
157
118
104
128
144
141
3
118
92
134
110
79
101
109
131
9
134
127
142
129
147
114
105
144
8
118
106
106
88
117
99
111
160
7
122
98
136
135
134
78
124
152
9
96
127
129
121
78
122
147
100
10
104
136
102
109
133
132
99
105
8
143
88
100
129
121
138
116
131
6
142
143
124
107
71
116
121
125
7
157
134
119
111
129
141
140
121
3
106
127
120
156
115
136
152
153
8
123
137
114
135
134
112
114
105
8
107
129
136
92
135
132
149
93
2
112
114
94
90
92
71
111
100
9
101
106
130
119
121
133
122
112
2
115
101
127
106
92
128
108
100
8
111
93
119
72
137
115
120
102
9
167
111
95
112
142
129
102
129
8
115
139
86
131
113
120
125
122
1
139
72
136
101
121
94
123
119
8
111
138
95
96
80
120
85
134
1
136
133
143
145
133
150
73
115
0
105
141
122
146
157
122
123
85
6
64
106
122
144
98
105
133
95
0
138
136
95
119
93
142
106
132
3
94
134
108
142
135
100
89
134
9
120
117
78
121
144
130
129
100
9
127
119
122
92
93
113
97
101
9
100
88
127
74
78
152
130
79
4
111
136
124
99
98
99
126
120
7
135
103
122
113
125
98
137
133
5
79
150
79
120
136
114
105
120
8
141
108
147
120
161
100
78
97
4
127
138
114
85
123
91
98
141
2
114
122
128
103
71
138
113
96
7
123
123
101
146
148
135
128
135
9
128
119
127
101
134
124
128
115
2
126
110
102
92
103
154
140
126
2
148
121
147
84
107
149
120
94
8
157
134
92
89
143
146
98
92
6
110
101
115
152
113
113
86
129
1
99
94
106
122
127
103
120
103
1
149
99
114
94
142
139
81
77
5
148
132
142
87
91
130
120
98
7
128
168
152
104
119
129
104
116
7
126
126
86
94
125
65
120
148
7
128
106
108
100
128
123
99
148
3
128
124
106
133
109
147
71
101
5
130
89
92
133
97
106
135
146
3
121
119
121
100
120
98
130
63
3
129
107
108
100
133
130
132
126
3
119
121
114
123
98
97
143
109
8
95
127
112
137
154
89
161
124
7
108
91
99
141
146
109
116
86
8
119
109
111
127
90
97
107
143
9
86
75
96
148
98
100
106
109
6
119
131
112
113
145
105
105
84
9
114
130
85
98
136
110
135
128
5
123
86
108
81
129
154
118
128
9
103
105
128
93
113
106
108
96
7
109
108
136
105
149
92
118
152
9
144
139
134
129
110
119
122
115
3
113
152
72
140
150
93
120
140
3
106
146
135
119
132
84
132
106
8
144
141
116
96
106
113
139
93
9
141
115
119
113
126
98
114
124
1
136
94
105
75
129
124
80
138
9
133
121
105
129
141
101
121
98
1
114
127
108
93
112
105
119
121
9
121
116
116
97
140
110
123
109
1
120
108
106
93
120
93
150
123
1
84
115
125
88
92
116
109
106
7
106
112
111
94
109
97
117
129
2
116
115
140
129
105
114
126
122
4
148
118
132
108
77
107
135
136
1
132
117
140
112
112
136
115
101
9
126
150
113
122
147
121
129
91
4
121
125
113
131
174
102
100
105
9
140
117
120
62
109
153
140
102
3
94
112
131
143
76
143
125
116
8
127
107
129
132
120
133
107
84
0
102
113
130
115
112
131
113
118
6
124
131
128
119
127
118
88
113
1
134
111
126
135
140
118
98
106
6
108
132
118
89
126
78
99
91
5
113
121
130
99
115
99
108
138
9
114
136
79
108
127
133
104
119
2
101
107
139
107
114
116
125
86
8
157
139
95
68
141
97
89
114
9
129
133
130
108
98
117
142
130
1
136
128
127
131
92
106
148
136
7
132
150
129
93
131
92
63
124
1
134
122
87
121
136
115
112
94
3
92
118
141
103
92
142
107
96
5
119
91
138
138
72
132
112
106
2
105
102
135
132
113
92
134
122
9
104
115
134
140
64
85
102
133
6
122
142
137
142
107
129
125
110
3
165
100
88
93
116
157
120
114
3
73
133
113
100
122
141
113
112
9
121
125
112
135
105
107
108
87
3
122
128
123
111
99
125
141
121
9
112
113
120
113
91
115
152
90
3
140
113
73
120
130
117
108
149
0
100
115
132
79
113
144
107
78
3
107
107
127
99
132
138
137
157
3
110
119
145
136
129
129
110
105
7
106
109
115
127
101
85
99
121
9
115
103
95
124
116
86
135
81
9
79
118
89
95
124
100
109
121
2
128
116
127
119
115
97
124
131
9
141
120
102
105
140
86
114
102
2
121
133
152
155
128
103
108
130
1
89
119
120
132
136
141
77
103
6
91
157
80
67
111
113
102
113
1
108
124
107
85
125
123
140
154
8
119
134
160
92
93
100
90
120
9
106
143
137
124
119
107
95
136
8
106
162
97
126
95
126
142
164
8
100
126
99
135
120
112
136
107
4
101
101
87
119
101
124
107
149
6
131
155
100
127
93
99
100
120
2
100
88
115
107
140
94
106
104
4
129
113
98
114
112
114
82
123
6
144
94
122
109
87
142
109
142
10
94
140
128
142
127
122
101
92
7
148
114
107
93
127
112
152
128
5
136
135
84
155
109
135
137
123
4
129
125
120
144
100
142
128
128
3
105
156
145
113
93
112
128
119
2
104
93
131
113
122
103
121
99
2
91
136
121
101
120
118
138
106
3
113
146
116
71
99
130
120
114
7
133
103
105
117
97
101
112
131
4
91
113
170
114
115
110
127
108
6
124
170
113
134
80
115
85
122
6
106
111
98
121
136
128
143
133
4
129
105
110
115
99
95
126
108
2
104
127
120
113
136
107
136
145
3
94
133
108
108
122
125
136
122
8
108
142
79
119
143
119
115
115
9
124
108
141
91
161
161
130
133
7
95
113
133
119
92
115
126
113
3
118
105
141
126
139
147
104
133
9
99
125
122
116
144
142
128
150
4
107
133
122
119
116
123
74
113
3
88
113
129
126
130
135
128
113
1
152
85
72
128
114
130
115
117
2
111
132
147
141
104
115
104
112
3
126
86
134
112
111
99
125
129
4
107
116
142
96
144
114
108
121
3
81
147
145
126
95
116
113
96
3
144
93
109
119
127
141
110
93
2
102
113
154
143
124
113
132
157
10
134
101
86
120
138
101
124
142
1
115
81
120
125
120
127
105
96
1
128
107
98
123
135
129
84
114
0
78
92
107
110
122
143
114
114
2
151
148
120
117
114
147
149
101
2
122
98
98
103
99
119
156
137
9
89
125
95
140
101
130
133
100
2
114
127
110
150
133
94
108
122
6
96
128
129
148
92
108
134
107
7
87
124
99
147
98
129
142
104

