9
4
9
1
10
9
3
6
5
14
2
9
5
7
10
2
0
10
9
2
4
8
4
6
2
4
5
131
122
131
156
114
120
106
112
0
108
120
98
141
129
100
120
104
8
116
131
122
132
122
136
123
115
4
98
103
103
167
105
117
101
96
7
84
101
108
107
106
121
115
116
2
90
136
145
119
122
139
119
121
7
121
136
133
96
130
115
140
110
1
88
142
115
99
143
112
133
99
5
105
110
111
127
120
119
112
155
1
108
121
138
120
127
107
99
135
4
112
106
95
105
156
132
158
72
3
99
111
117
119
136
89
135
116
5
89
137
101
123
157
112
114
79
9
136
129
111
131
141
94
113
120
6
129
79
129
102
106
109
127
129
6
98
145
136
109
85
90
91
85
2
113
146
78
122
115
135
127
103
10
96
143
113
92
131
137
106
112
5
140
122
78
113
121
85
91
143
8
155
112
122
98
87
99
107
147
3
132
122
111
149
150
113
118
121
9
122
105
92
142
119
92
119
113
4
99
126
108
145
99
123
112
142
2
100
140
108
103
122
148
108
121
5
129
118
99
138
121
101
65
113
5
106
89
130
141
118
115
85
92
3
141
134
80
107
121
94
73
129
8
120
110
98
90
105
100
156
92
7
120
90
134
110
149
81
112
105
6
131
100
123
122
142
95
145
128
2
134
89
129
115
105
141
114
115
9
115
114
114
99
132
136
109
125
3
122
135
108
84
127
91
103
101
1
71
113
131
93
85
115
128
129
8
121
131
119
123
69
129
113
134
3
117
129
134
113
108
135
112
121
8
83
108
149
125
122
110
106
113
3
134
107
162
121
149
135
101
149
8
107
91
130
106
93
128
106
145
3
132
110
70
117
103
135
122
108
6
115
119
151
144
119
100
136
122
3
116
133
99
118
93
133
124
127
9
121
126
114
135
128
130
107
114
4
133
135
119
121
168
107
115
93
6
101
95
123
78
156
145
149
85
3
152
116
133
116
125
114
83
107
9
92
142
122
97
125
101
91
136
2
120
148
134
107
99
89
143
76
4
120
146
160
120
171
112
107
101
6
120
94
119
132
134
85
111
148
0
100
110
115
91
139
105
127
106
10
93
149
116
85
100
124
129
127
5
93
124
126
115
120
124
138
124
9
134
121
110
126
133
93
143
82
3
120
120
91
115
115
118
127
124
3
153
136
105
112
78
99
93
113
6
102
90
114
115
162
108
127
143
8
108
113
112
91
99
107
106
134
8
106
150
154
90
108
116
143
108
4
140
116
133
87
105
111
130
127
0
107
124
73
93
92
112
127
129
4
99
120
62
78
127
110
125
133
4
107
121
120
113
113
106
128
132
8
121
79
121
84
65
127
134
127
3
189
126
95
147
143
100
114
149
9
120
120
99
146
83
136
114
117
7
133
122
133
121
114
122
126
128
5
136
127
119
108
116
100
128
93
3
111
136
148
86
99
132
92
128
4
140
122
142
130
131
148
133
108
4
144
129
106
125
122
142
104
121
4
134
123
90
94
142
84
121
154
9
132
123
94
178
108
101
120
140
1
137
131
99
139
86
85
88
107
5
148
117
107
126
120
97
89
143
5
122
122
108
98
143
113
121
114
2
159
126
119
113
116
86
114
115
2
138
145
155
119
73
107
131
88
10
121
107
101
113
120
127
126
164
0
94
137
113
155
129
99
125
109
2
109
122
123
126
98
109
114
103
7
157
99
109
143
122
155
121
118
8
157
100
103
121
114
108
85
120
5
86
106
124
143
154
130
114
86
3
137
72
120
78
105
116
114
58
2
114
136
128
120
151
89
119
108
9
121
150
146
126
91
112
108
96
9
111
124
106
133
126
109
135
119
7
108
110
124
119
66
117
108
127
7
92
157
158
109
143
130
134
99
2
137
57
124
144
88
123
100
100
8
108
128
109
104
101
185
76
101
9
100
93
128
106
105
77
138
126
5
139
135
118
115
112
122
108
102
4
126
129
121
92
117
106
115
118
6
149
122
104
120
100
126
114
156
3
151
65
97
94
129
113
93
105
8
112
109
107
145
124
148
101
79
9
113
120
96
150
155
113
134
134
2
106
134
101
109
141
115
156
101
9
149
96
99
135
126
104
109
127
2
118
110
112
128
99
136
114
140
8
122
117
147
142
101
90
121
102
9
134
128
78
96
114
108
136
121
9
141
124
125
119
113
147
91
93
0
127
126
146
114
81
106
120
122
6
129
121
147
101
109
164
100
134
8
94
110
99
113
148
116
115
67
5
101
141
111
70
122
107
136
127
2
100
100
106
119
113
113
111
110
10
84
110
127
119
139
143
113
128
0
129
117
111
113
124
115
112
114
7
108
118
141
106
120
132
126
104
7
121
127
132
93
119
99
94
137
4
87
106
92
119
95
93
85
91
6
134
84
102
93
145
108
89
126
9
151
109
91
76
120
98
88
134
0
116
108
160
107
102
130
110
100
10
124
91
121
110
134
142
110
148
1
125
144
77
126
135
137
104
155
3
106
108
102
154
114
101
99
98
10
134
77
89
124
91
121
100
127
7
107
113
147
91
102
113
131
140
1
99
97
131
121
116
132
77
100
8
120
122
94
121
134
129
148
78
4
94
76
122
141
131
118
135
107
1
129
132
117
116
127
168
109
130
9
121
108
120
127
127
101
135
141
1
128
129
139
106
136
129
94
104
5
128
120
100
127
151
115
108
154
3
131
107
126
137
115
114
125
92
7
98
118
99
124
113
106
101
137
3
99
138
141
129
116
129
133
165
6
127
73
96
112
112
90
148
110
9
106
146
136
93
140
115
142
172
6
70
128
127
128
112
122
164
111
2
107
118
77
159
127
147
143
106
4
127
136
124
86
109
147
124
136
2
92
113
98
142
121
132
120
136
1
99
119
83
100
121
90
121
142
7
109
110
107
129
99
94
145
117
1
137
101
121
87
106
149
113
114
4
112
111
181
125
120
134
122
112
9
132
86
127
102
99
85
123
92
2
100
101
169
102
104
128
134
99
10
109
105
128
140
108
92
88
117
5
109
86
123
120
116
133
83
127
5
91
100
114
119
114
128
89
105
9
128
128
100
139
77
98
148
95
3
118
117
108
112
155
108
111
141
9
129
106
107
122
93
106
146
120
0
128
157
116
100
100
126
78
140
6
112
105
106
107
107
149
103
100
4
128
115
123
133
134
143
92
92
5
78
101
91
126
108
84
105
76
6
119
106
124
105
146
88
104
112
2
125
112
124
120
100
108
137
134
9
118
84
113
121
100
117
165
113
5
116
134
126
149
126
111
113
100
2
124
121
114
114
126
115
115
113
6
124
144
158
107
144
100
149
95
7
107
114
106
111
120
115
128
116
9
120
89
162
118
136
142
119
93
9
106
136
109
101
137
118
116
120
6
129
112
169
123
125
106
119
79
4
142
117
100
148
129
118
114
131
6
104
148
121
86
92
149
100
96
0
105
94
140
101
121
135
110
127
9
113
111
128
77
119
129
125
100
8
127
148
99
163
115
169
127
132
6
131
107
119
106
98
108
138
103
4
82
121
103
113
118
127
133
115
8
121
115
135
147
104
77
147
96
9
125
126
122
144
106
83
119
117
6
134
113
144
121
134
122
107
125
6
132
174
86
142
113
125
135
128
8
128
155
101
140
112
103
97
107
3
96
120
118
113
121
113
101
118
1
128
93
121
142
108
106
119
127
9
78
93
80
130
114
97
127
118
6
89
78
82
126
142
113
129
126
0
128
143
118
122
113
133
145
95
8
119
95
134
113
92
127
122
122
6
106
122
117
171
81
143
97
123
7
119
159
94
128
118
104
98
106
9
117
104
148
125
150
91
108
122
8
105
125
170
107
108
107
121
119
0
161
136
99
123
78
95
104
126
7
106
94
77
106
131
145
126
106
6
150
126
115
126
139
111
97
95
5
136
113
70
100
125
78
122
139
9
115
126
113
92
128
134
113
114
9
103
114
82
115
105
105
79
103
10
99
119
130
133
100
134
113
129
1
122
121
134
116
78
133
130
128
3
112
136
110
119
129
109
98
136
9
91
82
96
134
112
130
124
93
9
119
119
135
138
162
89
120
156
3
95
128
113
125
127
122
100
98
6
107
82
97
119
121
146
90
122
3
127
133
135
121
93
123
116
101
0
100
87
144
127
121
106
114
143
2
126
129
84
126
137
125
140
142
6
116
127
131
127
106
106
111
113
7
94
140
99
89
98
145
101
117
9
120
100
114
100
121
137
103
102
4
114
95
117
107
123
83
118
92
3
85
121
97
112
118
143
148
85
7
127
93
133
107
116
116
124
141
9
104
85
107
94
117
113
113
88
8
85
152
102
154
105
141
132
107
9
83
135
126
123
155
122
79
108
6
98
119
124
118
153
114
133
127
2
162
105
122
103
126
148
119
66
9
70
107
129
134
67
101
80
140
9
161
130
148
107
119
79
108
135
4
118
104
100
147
143
77
124
99
3
121
85
110
144
100
128
91
133
8
108
127
134
117
126
98
100
107
6
112
121
114
112
128
89
121
114
7
58
129
126
112
127
90
127
122
3
106
105
115
134
114
159
115
87
0
88
91
113
120
117
101
132
137
8
157
131
149
112
94
113
127
143
1
115
132
103
99
126
139
105
113
10
113
117
131
116
60
120
142
121
5
141
121
148
112
120
106
134
92
3
126
113
132
122
136
99
99
112
8
85
137
136
118
121
121
114
112
1
135
95
121
108
141
134
134
121
5
127
124
113
99
127
126
102
143
1
92
124
95
128
123
89
72
117
5
106
92
151
126
86
97
132
148
8
100
82
116
151
103
81
94
127
1
152
128
130
107
122
101
128
119
5
125
73
99
93
124
146
177
102
1
107
126
105
99
81
153
124
114
0
119
104
132
120
66
84
129
124
9
120
145
142
104
126
116
98
129
7
132
136
137
107
98
136
111
125
1
124
119
96
120
87
113
116
119
1
120
112
115
123
93
87
91
106
8
127
122
142
121
128
107
130
117
7
134
137
148
171
120
136
132
125
8
100
109
118
128
120
97
120
121
9
123
159
87
131
93
127
117
113
2
97
137
148
117
122
139
149
127
4
102
127
138
125
114
114
119
99
9
147
99
136
144
104
136
84
105
8
137
119
137
156
101
115
77
78
9
125
113
132
106
124
120
108
133
3
88
116
154
83
95
104
101
114
10
132
121
118
108
106
134
108
121
2
135
89
130
142
103
86
115
92
8
146
97
143
145
112
160
139
111
1
133
92
103
134
124
125
143
125
1
130
84
130
99
69
128
113
152
3
116
106
135
112
141
122
100
86
3
121
140
121
119
107
97
85
87
8
89
121
109
150
143
107
127
135
1
115
101
86
121
123
119
112
65
2
98
99
104
108
133
112
113
113
3
113
92
121
114
100
105
72
86
3
106
89
114
121
156
143
114
116
4
136
93
130
115
128
128
136
100
7
105
92
78
127
120
155
119
116
9
139
127
91
127
65
133
106
107
8
116
93
119
103
115
117
101
116
2
140
132
117
134
66
111
142
106
3
125
148
108
114
112
136
142
94
7
117
111
124
101
78
130
113
99
6
136
68
134
133
156
100
131
107
9
126
113
128
105
78
107
75
116
6
107
95
136
113
148
78
168
87
10
99
123
119
130
72
82
136
76
3
138
93
109
141
120
73
132
75
1
145
68
119
102
115
131
97
133
3
127
116
131
129
117
134
77
116
1
143
115
113
138
134
148
104
113
1
67
136
118
103
123
112
103
114
8
133
98
99
134
121
128
106
127
1
123
122
133
96
87
155
111
73
8
87
128
87
143
113
130
104
87
0
139
108
115
135
105
93
100
122
7
133
125
74
85
158
141
120
135
1
125
112
96
83
94
129
121
114
10
112
93
91
127
138
137
108
109
0
129
149
111
121
116
113
147
114
9
86
98
93
108
98
140
121
92
0
112
112
116
105
121
118
120
91
6
147
56
121
97
135
99
133
135
9
106
139
100
106
98
104
103
106
6
122
122
109
96
100
84
140
120
3
78
100
87
111
128
114
106
94
10
92
106
123
124
98
138
109
128
6
129
100
82
107
100
79
81
105
3
87
86
78
155
108
87
87
98
9
106
101
110
138
104
102
131
108
2
103
129
95
119
124
106
156
89
4
156
114
94
165
128
122
110
123
3
124
113
84
120
135
126
124
116
8
135
126
102
133
95
98
145
99
2
108
125
64
140
100
108
122
86
9
82
120
142
115
77
128
101
80
7
83
100
111
128
141
105
101
132
0
133
102
122
154
92
125
100
133
9
93
127
116
97
93
65
100
119
3
115
120
105
129
144
71
112
110
0
87
135
94
114
133
115
127
116
2
136
114
128
108
111
146
100
108
6
118
134
135
111
113
106
120
98
1
111
135
120
130
100
94
88
138
1
126
92
128
135
123
108
143
105
2
112
71
108
123
108
119
111
128
2
139
109
72
141
120
115
103
101
2
110
127
119
94
151
128
91
155
2
131
91
106
89
130
127
114
92
2
112
70
92
133
120
85
122
110
4
113
128
104
130
119
119
99
87
2
107
119
103
87
140
117
117
122
2
163
123
113
135
122
115
136
98
7
125
87
129
153
156
99
142
128
7
113
92
102
115
128
93
138
100
0
108
93
114
119
107
110
87
95
6
113
92
150
116
114
115
57
150
5
106
128
95
163
107
86
103
119
3
128
103
150
77
120
163
102
149
5
124
103
48
137
120
77
124
96
7
120
150
132
115
123
112
151
105
1
157
90
113
84
120
126
130
107
5
153
128
92
121
134
96
92
118
6
128
126
111
121
124
132
125
126
7
128
118
111
129
119
113
91
78
5
72
107
125
145
145
73
102
148
9
155
100
100
108
102
100
123
112
8
128
133
104
92
141
120
88
107
2
125
135
132
120
106
136
110
107
6
126
113
119
93
119
122
113
69
4
111
115
109
133
91
99
99
106
1
112
49
141
174
92
95
109
131
5
114
109
148
112
112
150
117
120
2
129
100
129
144
113
113
129
165
7
107
127
94
115
113
136
148
92
6
83
92
78
106
127
121
121
51
8
89
91
103
128
71
116
122
119
1
99
124
119
101
115
107
120
86
4
127
94
136
96
117
117
134
103
1
140
134
99
85
118
105
77
87
9
109
141
110
92
121
80
119
116
9
120
99
93
92
136
141
122
157
2
93
140
132
113
135
99
129
109
4
126
85
77
112
146
86
135
146
7
148
93
138
109
121
134
129
127
2
97
123
105
143
80
122
119
121
3
65
109
98
127
146
126
132
99
1
87
119
109
99
117
124
120
102
5
89
117
109
124
132
135
121
85
9
135
132
102
136
98
96
120
104
6
98
111
114
100
115
91
91
116
9
124
113
128
154
137
107
119
113
0
142
122
104
129
115
130
107
116
1
117
96
88
116
120
91
92
150
9
122
116
113
114
135
137
128
93
4
88
108
110
96
129
135
105
136
6
95
136
122
113
134
148
115
109
10
157
109
129
112
123
84
90
120
9
124
118
100
148
118
101
151
92
3
121
115
84
94
141
101
89
76
8
139
120
118
121
128
142
106
97
10
130
110
91
89
103
136
117
114
8
108
119
107
129
84
106
115
93
1
104
102
133
129
94
123
140
123
3
135
107
99
128
77
130
107
128
8
112
107
109
153
127
106
106
100
8
142
85
126
106
155
116
114
135
6
90
135
104
141
144
94
117
125
10
148
133
123
128
125
136
135
82
8
135
103
126
164
108
128
102
113
4
99
127
124
128
125
78
119
120
1
113
120
100
128
116
136
107
88
3
129
122
110
128
124
141
123
127
0
129
142
134
94
127
92
136
114
7
114
111
121
123
82
94
110
121
9
116
92
80
96
117
99
137
118
7
113
124
134
98
104
128
164
120
8
88
117
107
107
87
118
138
51
10
85
147
92
125
166
115
157
105
7
139
119
100
99
102
128
126
136
5
91
117
105
105
90
117
139
59
5
93
147
98
120
170
115
155
109

