14
10
0
7
6
6
6
4
9
15
7
3
8
6
7
9
8
9
10
3
5
1
9
10
8
2
9
108
113
118
94
121
121
113
111
6
109
107
100
119
111
129
90
108
1
100
126
87
94
122
126
78
78
4
95
142
114
111
141
111
96
109
9
107
128
119
101
139
114
113
90
3
111
128
120
107
102
88
123
115
5
135
97
136
108
89
127
81
56
5
103
134
114
111
121
124
125
148
1
108
107
150
97
116
133
131
122
1
126
122
93
140
112
110
133
128
5
121
113
130
72
120
120
133
91
8
120
118
108
108
93
146
93
136
9
93
124
113
107
108
126
107
130
6
134
127
111
125
123
119
145
121
4
98
115
109
114
145
123
131
139
7
128
110
90
113
71
120
145
113
2
129
141
92
98
164
112
122
101
9
146
141
108
110
93
141
127
98
3
129
91
135
147
135
114
142
118
2
128
97
121
128
100
98
108
140
9
107
130
93
71
121
113
90
113
10
101
123
86
106
140
107
136
131
9
136
113
92
125
115
121
90
135
4
92
117
93
127
120
103
99
123
9
151
141
107
121
135
80
86
148
1
147
119
146
138
102
108
131
85
3
117
74
83
109
127
124
142
129
8
132
107
119
128
105
106
116
107
1
132
156
100
111
96
84
137
121
9
115
109
111
140
150
96
126
110
9
146
108
123
132
116
121
142
132
5
146
151
101
56
116
138
98
126
8
154
154
114
126
135
85
103
131
8
121
134
115
114
125
118
119
110
6
83
143
113
128
135
124
108
107
7
98
134
116
135
122
94
128
99
0
109
98
138
129
134
113
149
127
8
142
91
104
117
140
108
99
116
6
106
110
134
137
112
75
140
140
5
128
142
132
111
43
107
95
118
6
140
116
121
119
136
127
106
93
2
75
120
126
96
134
117
118
110
1
128
110
158
105
123
93
140
108
2
134
130
138
141
100
107
63
122
2
105
100
109
181
107
99
138
135
8
130
85
87
120
99
128
120
91
6
135
79
145
125
114
91
134
88
4
102
132
101
128
107
127
121
134
10
134
127
142
106
120
93
98
139
6
118
135
160
134
115
98
86
121
10
127
115
122
106
98
133
111
108
2
107
110
112
107
131
135
81
105
9
114
106
108
119
143
113
109
134
6
127
109
126
127
120
107
90
146
8
92
140
111
109
134
134
124
93
8
123
159
162
88
90
149
42
147
9
127
114
113
136
121
165
119
135
6
113
97
107
127
106
85
148
118
7
137
107
85
119
102
129
136
130
7
84
127
140
135
148
114
107
108
6
105
92
89
107
102
102
105
147
6
98
97
143
139
115
108
143
85
3
133
110
105
101
98
120
139
93
2
122
94
120
128
108
105
113
97
10
120
141
111
126
157
124
118
121
6
93
156
129
107
150
98
115
133
2
110
105
129
113
122
127
86
87
4
137
91
127
169
135
120
118
121
9
113
125
100
89
117
109
126
103
5
122
70
123
132
136
115
120
107
2
138
113
127
111
118
136
161
99
5
116
93
147
127
170
106
130
127
5
72
96
99
102
157
87
129
167
5
111
112
139
161
124
86
93
117
8
81
87
105
109
122
120
131
114
5
88
65
97
121
135
113
136
82
3
112
138
108
120
145
83
100
176
8
114
104
122
136
73
141
131
77
7
121
104
72
105
116
95
93
108
1
122
83
125
92
144
106
102
124
5
118
99
95
156
132
123
95
150
4
146
126
101
107
102
150
84
125
7
106
136
133
129
115
134
113
114
9
127
110
128
103
138
156
114
138
6
101
156
96
135
67
86
91
174
7
135
109
148
117
125
123
154
112
7
121
103
127
110
138
107
79
160
10
87
124
123
115
115
113
111
135
5
122
129
138
124
115
128
117
126
4
105
99
135
131
134
113
149
105
6
120
92
114
85
135
94
128
99
5
127
132
121
86
113
86
100
141
6
119
106
119
131
146
130
114
111
4
95
108
136
117
115
138
138
120
4
153
105
90
135
113
147
122
92
0
118
157
126
155
128
128
122
99
6
110
133
125
141
139
153
108
116
0
102
100
95
92
115
121
114
119
7
112
115
127
95
114
130
101
143
3
107
119
84
115
99
147
115
120
4
139
115
135
131
114
136
120
104
1
107
135
114
141
111
140
122
113
9
137
107
95
111
122
141
113
97
4
107
169
108
138
132
140
88
139
4
86
120
128
81
120
107
160
115
3
143
122
138
97
119
107
108
147
3
150
139
119
100
126
100
135
85
8
113
116
149
86
89
64
121
114
0
131
143
119
99
148
101
140
141
8
112
129
114
111
114
114
127
86
6
150
104
113
133
112
125
125
102
10
113
120
95
87
126
92
102
122
8
124
152
106
125
122
114
106
70
1
100
85
117
103
120
78
132
161
3
127
122
111
114
110
142
113
109
4
90
99
82
80
103
119
143
114
1
128
125
99
172
124
129
177
131
9
95
126
129
155
101
142
105
119
5
121
121
136
86
85
120
163
104
7
104
133
80
110
121
148
129
78
9
122
133
139
128
122
145
83
115
6
137
114
86
116
120
107
128
105
4
119
113
163
144
128
121
79
116
3
112
129
114
126
120
137
139
106
2
115
99
132
164
121
130
114
142
3
80
115
112
158
131
118
126
137
6
143
111
134
127
107
95
148
129
6
109
114
93
140
82
82
149
99
8
78
102
100
141
175
120
114
131
6
126
84
92
138
116
130
112
111
5
126
107
99
104
114
116
129
135
8
115
87
96
125
106
140
134
117
6
107
116
99
93
146
120
130
126
5
135
145
142
96
63
141
121
100
6
107
107
124
106
105
118
143
137
6
147
133
111
113
91
150
108
146
8
141
101
106
135
112
119
118
140
2
121
121
113
128
138
122
130
106
9
128
151
106
159
118
118
133
128
8
91
151
124
107
133
100
97
115
9
101
99
143
137
86
93
148
126
4
112
149
130
115
152
129
112
129
10
106
112
113
102
113
148
117
108
8
122
143
147
122
87
156
122
127
9
118
149
117
135
132
121
46
118
8
124
125
141
115
115
127
130
133
2
107
141
134
128
119
114
124
119
5
143
148
127
127
116
91
118
166
6
112
94
119
107
126
92
120
92
6
135
120
156
135
100
108
114
94
1
113
96
150
131
132
135
125
106
10
105
135
164
128
124
86
141
123
6
112
146
106
112
112
96
150
113
4
155
144
143
99
115
137
118
129
10
121
85
119
114
134
81
98
104
7
98
119
113
140
104
104
129
122
3
120
101
143
133
100
122
133
112
1
92
100
122
137
149
128
145
88
1
110
135
91
93
127
83
142
128
2
135
78
86
81
128
122
102
131
9
97
115
116
123
86
128
149
117
5
105
162
114
167
169
139
148
131
6
156
128
132
128
153
115
84
128
3
110
113
126
130
126
136
91
125
1
147
121
80
120
100
108
134
107
6
134
121
128
124
136
79
126
147
5
124
112
144
113
87
117
98
128
10
123
69
97
149
114
108
96
84
10
81
107
113
73
133
133
111
118
3
142
146
113
125
108
104
84
84
4
88
96
120
128
151
89
111
119
3
114
142
112
119
153
125
93
148
5
108
100
110
120
115
148
84
157
9
107
118
121
143
134
108
112
123
1
146
120
99
121
117
118
99
120
0
120
163
108
87
124
129
106
95
6
126
136
98
157
80
100
88
114
5
114
135
143
153
128
135
123
119
2
128
122
147
120
159
108
84
78
5
116
57
136
127
103
136
115
135
2
147
113
102
141
150
93
103
92
2
106
94
124
100
112
82
99
123
4
123
118
120
113
127
102
109
121
8
97
145
126
122
120
100
135
122
3
106
131
100
135
104
100
110
83
5
127
109
93
84
100
118
132
160
2
115
141
80
150
157
138
122
123
1
108
160
94
90
119
114
149
107
5
71
133
104
128
90
113
115
120
2
107
157
118
157
96
121
122
109
2
76
118
100
70
137
119
99
112
8
99
124
114
138
136
136
129
101
3
129
127
148
98
100
133
131
117
7
160
99
137
104
104
87
115
99
4
113
137
85
106
159
119
124
129
4
150
118
118
107
89
106
164
134
1
93
116
82
91
113
136
126
130
3
113
107
95
92
110
92
130
128
9
107
128
109
100
99
141
107
131
6
85
99
90
148
133
113
78
111
3
92
114
134
114
107
115
128
101
5
151
127
86
129
114
150
78
114
3
95
130
102
118
99
120
143
129
0
79
110
77
134
93
126
139
94
0
126
91
92
136
117
67
111
118
1
142
113
138
99
97
120
122
115
5
125
134
122
142
66
120
83
121
3
128
169
112
112
118
101
134
128
1
135
129
120
106
100
92
95
76
6
121
99
96
120
112
120
108
129
10
135
126
112
106
143
146
99
128
2
114
107
92
113
142
108
121
126
7
100
110
100
123
107
111
119
132
2
95
102
108
116
139
120
99
117
5
108
135
156
149
133
99
122
133
8
148
126
127
120
113
103
147
140
2
100
113
153
70
126
83
86
121
5
130
118
98
117
133
99
94
106
6
91
78
129
128
108
115
127
120
4
121
137
92
113
112
114
140
117
7
102
120
141
103
132
96
99
158
3
125
99
151
93
121
98
138
141
8
104
120
114
98
98
98
138
135
3
125
93
109
149
135
138
71
99
8
129
128
137
115
117
121
85
118
6
114
141
110
169
100
131
135
136
8
101
105
112
122
106
107
116
133
7
110
135
121
114
122
94
98
92
4
134
110
111
131
163
155
95
169
2
155
73
121
85
99
103
123
114
9
84
144
153
113
90
129
89
146
9
145
97
142
62
147
138
113
80
8
133
101
98
95
120
123
99
112
2
136
82
113
148
119
132
125
92
8
98
135
126
134
113
85
101
103
0
125
120
126
114
118
142
133
137
5
92
127
155
114
136
108
126
91
3
145
115
114
94
127
136
136
93
0
92
112
108
150
84
157
86
107
9
116
121
114
64
129
107
102
134
4
118
108
100
106
151
101
134
108
1
143
151
106
106
85
131
105
90
9
123
123
119
151
107
108
134
78
1
121
98
113
129
111
132
99
132
6
127
112
106
127
135
128
140
117
5
112
88
138
81
146
102
138
154
8
102
114
106
133
106
109
102
150
8
103
149
141
106
127
98
127
97
6
122
145
136
113
167
104
121
127
4
139
120
99
127
69
94
128
106
8
108
72
71
126
97
111
99
108
4
96
121
55
124
158
120
133
137
6
154
130
106
116
128
111
134
114
8
107
107
125
105
153
113
106
120
9
144
119
105
135
115
113
122
131
9
133
117
114
99
117
84
106
86
9
126
110
92
99
107
103
134
134
8
125
106
112
131
92
114
122
154
2
126
113
102
92
99
107
119
112
7
112
106
99
149
100
98
103
120
8
124
102
136
110
117
128
131
105
1
92
119
128
158
109
78
100
90
2
99
108
124
112
115
120
105
143
7
125
110
106
121
121
123
119
131
10
133
111
95
162
95
109
115
128
9
126
122
147
107
137
111
102
136
3
88
111
121
122
79
139
135
160
5
116
131
150
100
87
111
104
129
2
140
149
95
155
102
129
133
121
5
105
85
125
125
127
125
128
113
8
130
114
103
128
109
98
113
115
0
142
101
105
129
105
114
80
113
0
143
128
142
106
121
137
156
100
7
127
123
128
135
106
123
115
153
1
131
104
140
127
125
90
159
112
4
119
136
108
96
141
104
100
113
6
119
133
133
115
92
128
121
146
3
113
90
127
135
109
107
87
132
1
133
131
115
136
90
135
136
114
9
97
150
136
133
121
114
128
114
9
120
131
108
125
131
115
108
106
5
123
161
135
107
131
148
132
149
5
92
119
108
118
100
148
128
120
10
93
102
120
112
120
107
102
107
9
126
93
120
129
92
103
129
83
9
128
77
71
129
134
113
125
111
0
109
124
98
139
124
167
126
147
4
115
156
107
67
105
129
122
130
9
137
110
115
128
113
138
135
155
1
113
109
100
91
106
112
135
127
9
111
142
145
125
93
94
141
141
9
141
81
62
105
136
80
140
132
2
143
118
117
94
144
126
114
127
9
92
91
78
106
106
113
140
116
5
141
109
127
126
86
142
163
57
7
142
117
137
98
134
138
108
119
0
113
114
122
143
122
127
110
114
2
119
108
140
122
86
104
141
121
4
79
115
87
106
142
108
76
149
6
140
107
162
134
105
105
92
148
1
84
143
100
122
120
127
108
129
5
140
116
129
128
134
120
105
133
7
139
86
105
110
106
107
87
129
6
90
134
116
108
108
111
147
149
10
133
107
78
108
129
115
96
109
3
162
134
152
123
96
142
107
107
1
163
118
153
129
105
119
129
109
9
102
115
106
101
108
111
87
132
5
129
106
123
117
84
106
137
100
4
144
130
93
130
154
166
127
103
10
100
142
134
125
125
123
104
148
2
86
89
105
113
150
127
118
116
8
126
145
128
163
163
139
106
71
4
129
79
140
120
107
114
141
87
2
99
113
142
97
91
84
131
91
8
92
100
109
150
164
127
110
120
3
119
129
114
89
126
120
119
105
5
96
105
105
113
145
143
97
93
1
122
104
147
97
166
80
112
115
6
134
129
93
65
79
127
112
106
5
91
100
104
128
113
120
108
136
8
110
127
142
127
79
107
92
96
10
108
149
126
108
145
144
119
120
9
110
114
143
111
115
116
95
155
3
97
128
119
107
120
149
130
129
4
107
107
113
109
134
108
122
121
9
115
154
155
130
124
105
142
142
8
138
128
149
117
100
106
101
83
4
123
92
97
99
115
94
115
127
5
135
162
130
100
119
80
107
127
7
89
91
157
113
121
94
120
104
3
121
124
129
70
113
120
110
114
7
121
134
115
127
92
99
106
120
6
115
127
120
133
105
110
146
114
4
124
117
134
149
121
148
136
120
10
92
123
112
86
77
142
119
123
2
106
85
114
90
149
77
109
92
8
85
128
136
125
133
107
135
134
7
136
86
142
142
90
128
127
100
7
108
128
114
137
79
108
109
121
9
127
153
119
120
140
149
147
104
4
105
109
147
150
85
84
101
93
10
101
113
141
83
155
128
126
115
1
95
109
105
106
106
135
91
90
2
76
128
121
141
166
86
139
105
7
143
124
89
111
115
116
127
115
2
136
108
143
149
112
113
105
87
8
136
121
95
93
118
125
106
140
1
121
127
122
94
119
125
122
168
4
95
101
111
105
141
117
80
110
6
122
148
156
110
91
105
149
133
4
91
115
106
116
85
121
112
107
5
86
139
112
113
162
140
122
109
9
138
84
126
107
134
129
93
147
7
135
149
85
87
126
116
89
122
1
94
92
108
84
170
65
121
133
2
149
120
112
101
115
116
106
117
5
123
120
85
136
91
98
141
107
7
122
135
122
148
94
84
81
133
6
94
127
151
127
113
111
129
119
7
118
108
104
128
145
101
94
136
2
110
122
115
106
119
123
122
70
4
153
141
155
88
100
144
102
102
3
117
115
141
150
131
134
112
77
2
91
156
126
128
137
131
99
92
3
135
127
133
155
154
156
129
99
6
121
127
129
129
106
139
156
98
2
116
104
82
141
115
122
94
122
6
138
139
78
95
126
94
115
90
7
126
109
136
106
80
128
96
100
5
85
156
114
93
114
110
88
132
0
107
154
118
106
118
114
111
116
6
85
111
148
127
114
120
129
121
0
87
148
136
154
95
120
107
126
8
105
139
85
86
126
115
87
90
5
121
113
95
104
91
77
131
126
7
143
120
93
152
94
143
114
107
2
113
108
93
86
103
119
105
114
1
128
122
99
139
116
101
113
110
5
98
110
122
118
141
115
107
94
8
148
98
104
64
94
125
109
142
8
154
143
139
133
103
124
149
110
2
142
141
128
98
111
128
119
129
10
130
127
112
111
152
121
132
97
9
114
127
114
119
140
149
101
108
5
93
119
112
131
125
106
115
88
9
121
141
128
129
97
148
98
93
4
113
143
101
155
92
120
95
109
1
87
120
112
134
128
107
117
85
6
125
142
129
132
95
144
103
94

