7
10
10
5
6
8
7
7
8
14
6
6
0
8
2
8
1
0
13
8
2
9
3
4
1
9
3
107
111
106
118
100
148
137
128
6
154
125
127
120
69
132
99
106
4
112
100
98
143
63
104
147
112
6
112
131
93
135
120
177
100
118
3
99
125
98
128
115
121
130
129
3
94
133
105
132
115
175
70
112
4
92
139
85
107
122
135
85
82
2
98
127
129
128
119
99
94
100
10
128
133
128
101
100
111
129
105
0
124
78
88
143
143
155
88
121
7
157
105
127
123
134
133
93
116
6
109
134
140
73
120
154
115
100
3
85
115
115
107
128
111
123
100
8
121
139
145
107
127
112
78
99
1
155
101
137
148
146
164
111
132
3
99
119
157
135
99
93
112
115
3
119
114
164
101
121
148
89
128
5
72
142
121
108
116
118
114
108
4
112
70
109
126
88
168
130
106
2
131
138
77
133
117
87
113
148
6
126
113
120
119
112
80
144
112
3
97
101
136
129
120
113
117
131
8
120
108
117
119
123
102
124
121
2
98
120
90
120
98
110
79
148
1
124
120
91
124
112
101
114
146
5
69
125
100
140
91
108
110
128
1
131
95
119
120
70
116
100
105
7
127
72
105
147
108
168
92
100
1
140
116
127
105
117
94
129
93
7
93
76
100
103
79
79
98
87
4
107
127
153
108
101
84
142
135
2
87
131
132
114
106
106
74
129
9
80
114
143
93
98
113
121
106
4
89
128
145
138
97
115
138
129
0
106
126
114
105
100
141
128
117
5
107
100
126
102
113
145
121
142
3
119
125
72
149
105
104
127
135
8
122
114
130
100
89
105
124
134
8
108
98
118
132
134
102
139
101
9
124
103
102
169
129
154
67
104
9
106
128
128
130
105
106
97
133
1
124
54
150
103
117
118
120
115
1
148
103
136
119
113
132
138
133
2
128
169
118
104
82
105
93
127
1
99
119
117
80
155
125
126
91
9
115
153
99
130
87
88
122
125
6
113
82
86
137
113
130
113
119
3
106
104
105
90
115
113
134
84
2
109
85
118
107
113
100
127
71
9
127
119
102
134
127
120
115
96
0
142
157
77
129
128
134
108
100
5
111
159
87
98
134
131
149
91
4
123
113
101
92
156
113
92
155
2
120
139
115
128
135
113
98
130
10
101
142
107
119
125
54
89
125
7
116
153
103
135
122
102
123
94
0
145
89
100
150
113
75
121
130
2
127
122
114
168
99
125
89
84
6
105
107
139
128
137
114
106
84
2
135
91
86
102
96
78
117
92
5
114
108
131
56
148
133
92
127
5
103
95
112
102
148
114
141
137
5
85
130
90
105
133
148
109
98
1
99
129
108
87
149
133
124
107
3
87
133
105
123
100
107
114
92
3
92
115
93
135
109
107
124
104
4
107
110
121
87
94
108
111
129
3
155
168
106
101
127
116
94
99
5
124
111
114
120
78
113
119
124
10
128
140
115
116
121
91
117
98
8
116
105
88
99
102
121
121
121
5
92
141
127
109
125
106
128
123
3
126
126
105
121
129
128
129
100
6
81
121
115
147
135
138
107
119
2
147
108
132
101
104
129
128
100
9
113
107
105
146
135
80
97
126
10
131
108
121
99
93
100
93
134
3
156
83
114
95
133
141
106
111
7
120
113
115
113
116
92
141
92
2
140
114
55
115
121
111
140
122
0
120
136
104
115
111
94
138
138
3
142
133
132
131
130
134
142
118
8
148
136
77
107
103
108
121
100
9
105
129
135
123
65
155
126
130
6
118
142
118
98
122
130
78
77
10
108
108
106
141
120
117
113
105
2
127
141
153
118
91
114
84
115
1
131
78
128
129
113
78
125
121
0
98
139
138
129
129
122
137
113
7
120
119
135
118
123
125
88
118
5
136
118
110
93
108
139
82
94
9
132
120
119
145
103
110
108
99
5
134
134
121
141
101
101
122
103
8
116
118
93
87
78
105
73
107
0
79
127
140
106
130
150
100
150
1
120
97
140
100
97
99
108
153
8
124
142
148
103
115
100
104
133
6
88
86
81
140
109
99
129
141
8
93
111
108
117
129
114
113
122
5
151
88
92
142
133
155
140
133
3
140
93
125
133
121
103
112
130
6
143
137
89
121
133
114
106
124
6
150
116
126
128
108
119
125
91
7
70
105
149
136
118
120
149
90
1
135
103
126
136
105
135
112
125
1
114
116
132
88
107
112
153
133
0
105
122
97
120
100
170
117
143
5
128
126
109
92
115
105
102
138
7
121
114
141
113
110
114
126
113
9
95
141
93
123
121
129
94
91
8
124
105
91
129
91
165
99
106
2
80
121
122
100
135
102
131
123
1
114
109
127
120
121
97
104
85
2
115
76
144
110
99
137
134
142
2
114
92
128
111
113
92
107
142
7
80
105
111
112
100
96
123
95
8
140
149
98
106
148
134
114
136
9
110
148
100
112
142
137
128
108
6
137
157
120
149
101
113
127
150
10
143
73
128
134
109
112
137
122
2
84
72
138
105
126
146
106
154
9
95
127
135
127
109
79
118
127
5
127
121
113
148
92
157
119
107
6
129
115
108
124
107
123
93
108
0
122
103
127
131
128
115
133
143
2
114
121
129
107
126
108
108
120
8
100
137
74
100
131
74
134
123
4
142
127
110
123
76
139
96
124
3
103
103
121
108
133
119
123
90
2
141
127
135
114
95
102
94
109
9
136
105
133
144
138
130
128
86
3
109
118
86
142
100
129
157
113
7
148
107
105
102
134
133
126
105
1
125
129
108
114
147
94
100
136
6
120
129
108
128
108
87
113
122
3
122
120
87
131
80
108
147
156
0
141
164
101
100
114
109
93
114
9
142
121
169
126
135
149
107
101
6
130
138
115
93
163
117
135
136
9
108
119
125
127
120
99
123
104
3
92
103
132
123
99
135
107
114
1
108
129
116
87
108
92
106
115
4
122
143
134
114
119
140
106
151
1
143
114
124
136
102
113
138
129
10
111
131
114
100
101
128
132
135
2
86
85
65
78
120
98
136
121
4
92
97
136
128
113
132
92
122
9
84
124
120
108
141
122
135
131
6
86
77
141
139
120
112
105
171
7
127
86
122
100
89
136
125
117
4
84
127
141
96
117
128
107
102
7
97
121
168
119
139
149
121
130
3
142
137
120
147
148
162
113
107
6
111
125
133
126
121
121
120
148
5
114
131
104
124
120
114
130
78
7
110
119
134
97
111
98
117
122
8
102
108
78
140
118
106
121
114
9
115
92
143
124
134
130
103
114
1
135
121
113
125
114
99
96
129
8
95
128
145
115
122
107
150
72
3
109
121
130
134
97
92
111
114
7
96
83
134
108
107
113
87
116
6
114
78
110
130
129
113
77
107
6
122
159
120
126
148
99
132
109
4
145
95
68
112
85
113
119
143
6
116
140
149
132
114
106
107
92
1
92
99
122
96
148
71
148
141
2
112
99
129
131
140
114
128
148
5
174
160
133
108
124
138
146
141
2
108
127
109
87
142
111
139
117
6
120
128
144
99
129
109
71
106
6
78
108
111
136
115
92
91
93
6
106
127
103
122
101
106
123
71
9
102
99
105
99
142
111
83
127
6
139
104
76
142
95
122
127
114
9
136
118
133
124
121
133
126
101
2
90
158
120
98
114
142
79
99
3
136
147
71
123
120
113
134
107
8
102
79
121
134
154
122
124
126
3
101
147
141
106
114
137
86
108
1
164
106
145
115
92
150
142
133
9
156
113
105
109
103
100
102
126
7
155
135
94
127
102
99
60
92
9
113
115
124
141
108
116
94
153
6
140
127
99
86
171
141
119
108
10
122
97
128
125
110
119
142
95
0
135
110
136
120
115
142
115
136
5
113
105
114
110
120
112
125
135
8
106
92
93
94
119
84
66
110
7
94
120
138
112
143
153
85
113
5
85
112
115
107
127
100
157
162
9
149
138
126
97
85
106
123
110
2
126
120
114
96
115
126
135
144
7
127
148
115
144
147
114
112
121
3
122
115
106
72
92
127
126
127
8
132
77
127
129
114
88
136
86
9
115
101
101
149
127
115
112
69
1
85
128
124
105
95
95
114
140
3
88
133
119
100
79
92
126
125
9
115
139
112
121
130
117
131
132
9
109
114
100
140
116
107
113
136
8
150
125
124
78
108
140
110
110
7
99
92
133
78
135
134
139
129
9
120
163
126
99
148
137
99
153
4
122
105
100
107
155
84
92
128
7
142
107
105
134
121
126
132
115
9
100
140
124
134
129
80
128
120
4
116
137
106
129
111
105
128
109
9
96
86
123
94
125
122
117
139
0
152
121
114
141
88
134
155
116
3
137
93
119
120
87
116
99
149
6
106
139
104
77
117
75
120
127
3
91
133
127
138
130
144
98
114
7
101
119
141
117
116
99
134
122
8
168
135
95
91
142
129
140
136
1
166
102
124
116
87
126
149
141
4
148
113
98
84
121
105
119
81
7
87
96
110
143
130
88
122
118
8
149
119
122
146
100
129
106
169
5
83
105
119
127
142
114
123
122
7
150
112
121
112
122
114
142
73
4
132
148
140
117
106
129
78
121
1
153
100
114
133
115
86
136
140
4
117
140
131
123
96
136
128
111
8
134
106
108
112
128
122
106
134
10
101
124
97
119
132
85
105
137
2
98
103
78
136
105
126
101
107
7
129
102
100
136
121
109
114
145
6
102
115
116
104
164
120
119
99
9
78
105
102
118
132
119
151
136
4
127
122
100
95
104
111
117
78
2
106
131
129
117
157
97
107
120
6
107
160
106
148
105
135
84
121
8
99
134
135
87
126
128
100
78
7
131
121
129
159
133
139
157
128
9
110
126
147
121
111
121
129
99
4
159
129
99
101
140
76
98
162
5
113
105
103
85
85
162
122
131
4
128
109
118
96
99
142
99
114
7
91
67
132
112
111
149
131
108
1
120
122
72
113
101
121
77
120
7
117
128
113
146
115
110
120
108
7
131
131
144
93
145
109
125
121
6
143
108
108
97
117
119
138
130
7
105
114
114
125
120
96
130
105
4
108
114
90
106
123
172
73
103
4
155
141
113
142
136
134
120
126
4
131
101
100
94
117
125
128
112
9
141
82
112
111
94
78
86
106
4
108
125
154
118
118
121
142
118
5
100
105
92
111
100
113
129
154
5
72
113
135
111
88
97
112
133
7
143
98
149
138
136
111
91
106
3
112
124
112
93
157
119
141
149
1
81
123
115
144
137
148
122
144
5
80
80
127
113
124
112
126
73
5
98
134
101
126
127
105
93
121
6
115
117
96
108
100
105
156
73
2
93
140
125
130
128
135
114
111
6
118
134
114
140
94
117
111
121
9
107
140
114
98
142
103
136
143
3
127
99
99
95
110
124
107
108
6
169
135
127
135
160
112
118
128
4
115
147
84
103
87
123
160
102
6
126
127
142
87
105
166
155
130
9
132
139
123
150
102
134
134
132
7
118
161
135
148
100
93
100
91
3
86
103
138
128
144
125
65
146
0
136
124
75
107
90
114
149
114
4
91
83
133
107
98
115
79
154
2
127
119
85
94
173
84
100
92
0
127
107
128
92
104
99
121
96
6
83
82
100
123
135
129
134
105
8
93
146
164
114
100
139
121
139
3
103
117
148
106
107
136
114
118
7
124
128
102
97
106
124
109
101
9
167
94
144
140
93
129
114
128
1
142
143
135
122
129
101
112
133
9
119
170
115
124
133
105
105
87
3
101
78
80
130
106
146
143
96
9
133
77
93
114
115
120
131
130
7
83
141
116
98
81
103
127
66
1
91
121
90
85
104
108
100
105
4
126
115
118
100
123
108
77
113
10
121
119
105
121
129
83
90
136
3
113
141
119
95
85
112
94
81
4
141
114
120
130
97
128
121
99
10
101
136
51
122
108
104
110
164
10
79
130
104
112
162
128
149
113
7
145
135
135
127
119
164
108
106
5
128
63
121
112
146
113
122
146
0
108
99
133
100
103
123
107
121
6
126
117
98
111
134
150
134
104
6
122
141
103
111
115
141
86
145
6
149
140
78
123
94
106
151
94
3
152
104
129
145
108
115
119
95
5
122
133
94
143
127
105
158
118
7
118
130
131
102
125
127
140
127
6
111
84
120
139
128
83
131
129
9
94
105
114
111
112
115
109
71
1
132
126
98
99
148
134
123
99
0
103
114
103
138
138
128
128
106
5
105
145
141
114
110
95
93
109
5
86
144
108
71
128
95
135
121
7
114
109
119
138
127
93
63
122
3
119
131
104
106
66
94
130
112
9
149
121
136
120
163
124
102
140
2
126
129
141
128
119
119
85
161
4
129
155
98
112
101
149
149
78
9
148
128
129
124
113
133
73
107
3
124
108
141
114
127
135
142
123
0
128
100
82
86
155
108
105
121
8
110
118
138
117
115
94
98
100
2
112
93
109
129
125
149
138
120
1
126
117
92
116
127
175
139
127
3
86
136
146
122
86
128
131
140
6
128
107
120
127
78
113
85
97
10
122
136
135
129
124
133
112
115
9
95
78
162
109
88
121
98
124
6
128
132
127
106
111
153
116
106
6
87
135
120
107
122
115
139
85
5
111
79
106
120
99
118
112
107
3
107
155
69
86
127
103
129
122
0
139
136
115
123
111
124
109
107
7
146
87
167
126
109
98
119
135
8
148
118
74
97
100
83
134
139
2
99
100
106
134
100
124
103
75
3
152
106
124
90
132
86
122
63
2
119
100
110
117
127
122
122
129
9
148
81
106
109
104
113
136
88
2
95
126
149
113
109
103
103
133
9
119
144
105
118
91
110
118
65
10
126
114
148
98
90
113
140
108
5
135
136
103
98
94
95
110
125
5
121
84
155
128
112
113
113
115
6
99
116
121
107
99
114
150
117
6
107
91
71
113
102
124
135
115
2
125
125
146
121
90
122
159
119
3
99
109
99
112
90
106
127
119
5
155
110
117
94
137
72
101
84
9
106
137
133
102
122
78
118
108
5
140
157
107
98
126
110
102
121
5
107
136
84
173
158
120
121
113
7
133
118
134
120
91
92
133
120
6
116
133
118
114
155
96
75
128
1
94
98
78
100
141
129
109
83
8
121
112
138
112
78
99
93
91
5
135
91
135
91
126
156
121
105
6
147
101
119
135
93
104
124
132
6
106
74
96
124
106
114
132
103
10
135
114
153
113
107
115
113
103
2
133
112
107
126
117
63
127
129
10
138
107
130
130
127
107
139
89
5
113
91
108
91
119
124
135
112
8
92
85
70
112
138
134
117
99
1
137
123
142
131
114
92
133
106
6
85
99
115
143
113
136
109
83
1
139
86
134
104
134
107
116
143
9
122
138
130
121
96
114
129
128
2
104
115
107
113
112
149
136
142
3
118
103
126
114
108
138
119
109
9
108
78
131
138
121
114
114
129
3
106
107
71
133
128
139
145
103
2
125
114
98
111
121
115
175
88
7
99
103
117
127
124
108
130
121
4
114
114
102
135
126
114
105
154
7
116
117
123
122
107
120
111
130
4
126
84
107
140
99
132
114
65
7
119
163
156
73
133
104
104
96
6
104
76
111
120
121
142
104
126
0
100
96
137
134
80
99
140
141
4
113
133
128
120
122
113
104
93
7
80
110
161
120
129
124
121
83
5
109
180
148
92
125
155
77
106
3
122
105
127
119
113
154
106
121
1
142
106
141
114
122
104
116
126
5
99
99
117
89
97
103
121
112
6
113
134
105
124
118
119
106
136
8
141
74
98
159
141
163
129
153
6
131
101
127
122
133
91
115
114
0
108
91
100
122
128
121
88
99
2
123
150
114
114
169
133
110
142
6
102
120
65
94
114
126
107
111
10
103
126
91
132
111
99
101
115
7
76
118
90
121
132
101
114
103
5
119
140
112
152
113
113
122
103
3
117
139
140
126
149
135
148
109
7
105
138
144
138
121
105
113
116
5
89
98
115
107
150
116
99
90
3
116
139
140
127
156
136
157
111

