16
2
2
9
8
2
7
9
6
12
3
2
4
8
9
2
8
7
9
9
5
3
7
4
6
2
6
138
106
126
149
104
114
124
118
4
99
106
112
100
115
113
138
157
5
134
133
142
113
111
99
102
122
6
107
114
99
141
105
110
114
115
10
122
87
107
89
112
103
130
120
2
105
127
125
126
105
121
123
156
9
127
134
137
114
141
113
141
136
6
94
91
89
121
103
142
92
144
8
92
121
86
137
107
129
71
91
9
101
136
121
99
115
126
104
134
8
75
121
121
108
112
129
120
120
8
121
104
132
105
114
112
128
94
3
142
128
126
119
127
106
135
145
2
92
107
135
109
129
74
87
107
7
119
92
65
166
81
127
135
124
7
120
113
131
110
118
128
123
151
4
117
127
94
127
111
116
108
101
5
101
142
128
100
116
135
106
120
10
97
110
107
111
93
120
133
138
2
122
106
105
122
136
90
78
127
8
130
83
107
162
108
133
115
115
0
141
127
128
87
146
134
115
107
6
113
87
97
89
77
95
149
135
8
126
135
142
110
123
114
114
124
1
111
83
126
121
123
115
113
139
8
124
120
135
97
118
108
103
126
3
133
127
141
107
108
122
128
160
6
134
127
125
120
110
113
106
133
3
131
83
116
78
148
142
126
126
0
99
130
134
106
138
134
98
136
9
133
142
107
99
94
100
102
107
9
113
69
129
135
130
118
114
141
6
105
144
70
93
91
124
108
119
8
71
146
126
95
131
84
97
140
5
152
128
149
118
98
90
123
121
6
105
140
112
118
99
142
135
105
4
124
130
94
119
147
141
106
124
6
86
120
114
155
91
103
106
110
4
79
105
139
131
114
98
106
134
6
142
102
94
134
109
92
106
118
6
140
119
134
102
121
97
121
123
6
121
116
126
124
154
113
141
134
8
106
130
136
105
116
141
139
112
3
81
122
112
127
122
105
149
105
2
135
141
149
144
106
106
99
112
9
123
123
114
115
112
92
127
143
7
94
142
128
113
108
111
105
73
4
86
93
100
103
156
112
124
113
9
126
85
92
106
140
128
120
107
5
151
113
90
117
95
124
95
139
5
135
142
111
121
120
108
107
99
7
100
121
185
111
101
126
125
141
4
121
107
129
129
110
147
144
133
9
106
104
110
126
105
135
129
134
7
100
94
128
99
110
100
70
142
2
136
124
107
92
100
118
116
121
8
146
91
122
117
105
101
127
107
5
121
104
80
96
100
145
129
126
8
133
99
123
88
89
122
107
105
2
120
121
105
99
118
104
134
102
3
120
93
129
105
106
127
108
114
7
98
133
132
106
120
132
134
154
4
131
128
112
124
134
100
128
139
1
128
112
103
141
72
91
106
134
3
114
126
96
103
111
87
112
129
5
120
143
109
147
121
121
103
94
7
133
160
128
129
121
122
112
108
4
99
121
100
81
90
125
78
102
2
149
142
104
104
129
78
111
105
0
100
126
126
115
142
101
107
100
10
107
123
138
121
96
93
97
157
9
96
139
134
94
131
104
119
126
8
129
106
130
99
106
127
145
103
6
128
140
73
107
115
128
133
122
1
134
128
140
137
156
159
102
140
8
125
115
114
135
92
92
114
135
8
120
129
133
127
117
120
135
128
8
130
113
137
130
126
101
92
155
9
105
104
101
157
127
120
110
77
8
133
114
128
118
106
134
134
96
4
147
112
135
83
118
120
142
94
3
120
87
114
134
85
103
110
114
9
143
98
99
128
109
73
134
121
2
125
116
99
140
104
106
135
105
4
101
85
120
107
109
120
114
135
6
140
147
101
117
117
96
122
99
4
124
91
114
117
92
122
119
98
7
102
136
128
117
120
126
121
141
2
121
119
157
99
142
122
78
134
2
92
129
106
131
120
129
124
128
2
134
115
96
143
91
99
142
100
7
143
99
107
86
114
106
120
121
3
143
91
139
163
105
120
148
139
6
78
85
144
101
139
113
92
122
6
114
129
131
131
163
118
100
124
6
133
120
120
127
134
111
150
126
7
122
109
121
104
122
112
113
125
5
128
96
126
115
105
128
122
114
9
120
99
125
94
113
95
116
118
1
107
81
127
116
142
113
97
107
2
110
149
122
100
136
133
100
113
7
85
85
165
87
103
111
131
142
7
87
129
92
127
109
85
111
78
5
120
129
113
125
108
140
84
127
9
151
138
113
144
116
106
121
106
3
119
131
113
105
90
133
136
150
5
130
147
133
123
146
126
129
135
5
87
121
106
118
107
139
137
99
1
143
127
113
71
90
115
105
144
10
135
134
147
133
100
111
137
99
8
112
114
92
145
114
127
107
126
8
126
111
102
113
104
97
131
168
9
65
117
151
138
72
112
137
144
0
121
131
135
135
90
105
100
115
2
104
125
105
105
139
119
127
121
2
128
118
61
127
155
90
135
122
6
105
119
110
136
95
138
142
147
7
120
129
105
121
139
106
128
136
1
150
133
126
114
115
96
112
135
5
113
125
141
146
102
114
112
136
4
122
144
121
159
133
94
129
96
10
109
115
105
115
114
110
128
130
4
108
103
61
67
98
99
103
105
4
125
134
91
123
120
141
94
130
1
93
106
142
79
110
125
142
112
1
100
122
118
104
100
86
150
127
5
110
135
114
86
119
141
127
64
1
126
117
159
107
129
110
122
114
4
100
127
126
131
92
125
139
90
2
137
159
91
113
108
102
113
90
8
135
113
78
124
129
132
142
109
3
107
92
119
119
97
107
192
121
9
142
91
120
120
129
128
124
127
2
140
107
99
112
101
128
115
114
6
114
102
129
129
122
131
106
108
2
126
71
106
111
135
104
123
102
7
153
84
97
127
119
116
116
123
7
121
109
142
117
135
136
114
105
8
174
116
92
123
149
111
89
130
6
114
127
114
114
82
134
126
106
6
90
121
82
73
101
113
121
115
9
126
91
165
130
137
148
124
104
5
128
119
124
147
85
109
134
127
6
92
114
154
105
113
115
105
136
7
124
118
100
73
156
128
136
101
4
68
99
99
104
154
79
92
133
9
96
161
147
114
124
135
79
94
6
91
114
113
118
109
113
153
148
6
121
115
97
162
117
113
127
92
8
106
118
114
119
85
140
104
130
7
123
114
118
113
125
118
123
113
10
148
86
112
114
132
113
58
79
4
137
92
142
127
143
109
107
105
3
122
94
99
121
128
95
73
120
2
110
125
122
115
136
114
132
121
0
109
83
142
127
112
150
124
99
6
137
122
102
87
164
120
86
112
3
148
119
124
196
117
84
92
155
7
110
151
113
134
147
119
137
141
3
88
85
112
130
133
99
150
98
2
120
130
49
113
85
99
131
134
3
119
78
134
114
107
165
133
134
2
120
119
114
86
81
127
120
127
3
119
99
115
148
86
117
115
141
8
111
102
118
127
113
128
104
99
9
150
128
66
71
100
128
97
80
3
119
118
149
101
129
113
108
97
4
77
151
81
99
146
103
109
111
3
130
100
105
126
71
100
112
127
2
100
112
115
135
108
123
111
117
10
124
85
108
146
86
134
117
123
2
140
124
89
117
100
87
82
148
6
94
100
102
133
128
135
100
114
9
154
129
72
95
129
141
135
128
8
72
135
132
136
130
83
101
156
10
125
123
142
141
105
145
108
141
5
121
129
123
108
122
93
113
92
7
113
119
89
123
105
126
135
122
7
139
142
124
95
123
154
94
137
1
144
84
94
107
94
123
95
93
9
133
134
117
84
98
98
136
127
5
125
138
92
114
120
109
126
128
9
110
151
99
95
115
117
120
112
7
145
106
153
162
125
107
70
122
5
136
93
134
120
141
119
108
74
0
97
141
142
121
122
101
124
116
3
152
114
100
136
115
109
100
130
4
160
144
136
92
114
102
98
99
2
100
120
133
105
120
137
86
93
6
92
149
96
101
113
103
114
121
4
123
141
117
91
129
103
122
122
6
99
117
138
109
164
72
123
75
5
139
118
108
125
133
114
104
141
2
138
108
115
122
125
112
117
145
0
108
117
111
90
120
112
136
115
8
130
164
127
121
111
106
136
87
3
127
105
101
128
62
133
101
102
1
120
93
158
113
120
101
115
127
3
127
137
119
112
162
119
118
87
8
120
126
111
134
112
150
152
126
3
107
123
101
95
134
92
135
101
4
141
113
101
133
113
122
120
112
2
82
120
112
126
176
134
113
143
5
123
84
135
122
74
101
106
99
5
125
121
120
125
114
164
87
124
2
121
159
106
151
142
84
102
112
7
148
93
102
105
132
110
148
109
8
134
85
124
144
129
125
128
142
5
121
115
107
85
109
131
114
93
0
149
131
133
73
95
126
121
123
10
136
105
141
92
74
135
105
110
5
120
107
100
115
127
114
99
106
1
93
118
84
114
124
90
84
103
7
100
81
122
108
137
107
87
147
5
104
95
145
109
121
101
125
92
8
149
99
113
127
98
123
122
133
3
123
114
113
92
112
102
128
111
2
84
87
59
97
93
124
93
96
1
81
96
127
92
126
79
105
135
9
113
136
124
112
131
92
117
102
2
72
122
79
154
147
149
118
75
6
102
121
122
156
137
126
93
121
9
115
112
120
95
135
125
107
92
10
117
129
107
137
77
105
110
124
7
155
127
131
110
121
100
107
105
8
113
87
149
142
77
66
132
132
8
114
118
128
143
130
94
106
128
9
117
99
108
147
120
94
106
123
6
116
116
78
108
141
124
115
150
9
114
100
165
141
119
140
93
98
1
109
106
109
121
114
103
142
104
8
125
99
112
117
114
114
155
111
9
74
134
110
136
105
98
121
128
3
155
122
109
109
93
117
106
94
2
150
97
92
130
137
140
120
104
8
126
106
100
97
106
148
121
109
5
101
108
121
76
182
134
114
147
9
123
103
122
120
71
133
132
106
9
126
91
129
140
105
129
129
119
8
153
100
142
121
118
119
117
144
3
93
119
133
127
113
86
140
106
5
156
143
127
83
103
128
114
118
5
143
90
153
87
107
135
127
107
2
117
135
144
159
102
88
107
153
6
128
98
102
116
100
128
113
142
6
100
93
125
106
143
113
121
100
6
103
127
103
123
143
149
139
154
6
148
102
110
124
93
155
135
114
3
128
163
142
127
99
104
90
157
6
135
111
141
133
117
119
122
119
0
125
116
149
127
137
120
79
132
2
140
107
114
69
120
94
154
94
7
101
135
149
80
125
93
108
114
7
102
73
85
113
114
113
113
114
9
142
112
111
114
114
130
108
143
3
112
126
147
114
120
133
143
122
3
149
102
114
89
88
89
113
103
8
122
142
134
116
136
118
99
119
6
104
98
112
129
105
85
116
107
5
101
120
102
95
113
129
99
104
7
135
99
150
104
93
114
122
139
6
114
91
86
113
106
100
146
147
7
120
85
133
76
128
98
113
99
2
109
125
104
114
140
119
154
128
9
114
111
106
115
107
115
94
124
2
95
120
131
94
125
163
128
112
9
115
123
112
114
120
131
141
125
7
135
121
104
130
126
141
101
115
2
116
112
95
112
105
120
95
118
10
132
112
127
100
115
108
141
129
4
104
114
131
148
121
77
106
95
8
136
123
139
109
151
116
134
98
3
114
85
141
152
93
133
79
129
4
139
129
101
109
121
100
108
136
6
127
107
146
97
91
139
123
110
3
148
102
148
162
92
143
135
99
5
111
107
121
120
90
115
135
107
0
112
106
125
119
100
93
110
86
4
113
119
122
171
105
122
98
94
7
113
98
134
83
121
143
130
116
3
136
121
132
127
127
113
141
134
8
145
113
127
134
121
123
119
134
1
162
112
127
119
116
81
148
111
8
111
119
120
171
118
93
108
107
8
127
163
117
99
98
85
126
109
5
108
115
80
127
91
139
108
119
9
118
105
127
153
133
129
144
109
2
134
154
116
124
95
100
141
100
5
130
108
97
106
102
123
91
95
2
85
80
116
114
144
120
104
135
10
104
121
108
142
96
112
132
132
9
139
107
93
135
100
143
137
110
7
113
126
123
92
128
113
127
115
9
135
122
136
88
146
116
161
79
4
110
132
107
108
147
113
92
128
6
119
121
134
86
105
129
112
125
4
156
127
107
112
120
127
139
128
5
127
132
102
137
149
122
77
114
0
134
101
108
137
117
131
70
114
4
141
122
124
92
104
119
112
128
3
101
106
114
153
113
140
127
97
1
123
96
113
127
106
134
122
162
7
123
126
106
112
114
117
140
114
0
135
147
124
122
66
117
163
103
2
123
120
129
127
125
116
80
155
6
130
106
119
127
92
105
64
64
6
134
103
125
81
129
81
121
88
10
117
132
80
108
109
98
104
121
7
114
145
89
135
134
93
98
102
4
158
116
105
93
120
145
110
112
1
110
127
125
124
115
108
130
98
8
123
109
128
112
108
107
105
104
10
126
112
78
96
98
118
111
130
4
113
143
112
128
99
145
146
132
9
96
147
140
107
135
161
129
117
8
114
135
86
149
128
118
127
121
8
111
119
130
135
112
113
107
103
4
125
150
148
88
113
149
118
138
2
115
140
135
137
127
128
115
140
7
98
115
114
148
128
128
136
134
4
123
128
111
121
143
98
112
93
0
97
139
122
98
135
128
118
110
10
134
116
132
105
122
135
107
137
7
78
107
137
140
121
93
113
116
6
88
142
103
119
107
114
122
119
3
156
87
84
86
141
136
111
101
4
136
98
148
90
79
134
123
106
5
141
96
156
113
124
99
126
99
7
107
114
120
106
171
103
96
102
1
127
97
100
133
99
128
113
114
2
126
98
120
131
114
128
71
97
0
106
93
100
159
103
99
129
121
2
102
121
126
141
93
140
126
109
1
89
100
131
101
93
127
132
120
7
101
135
154
123
116
114
122
121
7
93
107
120
119
124
106
146
100
10
85
112
122
116
88
122
122
114
7
83
131
114
115
151
99
109
120
3
113
142
85
133
112
121
107
114
3
118
125
107
94
109
121
101
127
2
90
128
122
106
123
126
79
134
4
112
131
128
144
127
79
129
128
2
120
114
115
113
119
133
130
93
1
129
98
121
100
127
125
100
137
2
44
127
115
86
129
107
137
113
3
120
102
115
114
143
116
123
114
1
123
107
121
128
105
94
105
134
8
84
147
156
122
115
144
92
107
7
138
131
145
171
105
95
120
113
4
139
99
92
102
112
150
112
140
8
108
148
150
71
134
116
119
125
6
92
127
57
145
129
105
111
81
9
122
113
134
148
104
108
106
134
3
114
122
116
132
80
102
130
131
2
122
137
85
105
97
131
117
86
5
90
128
100
88
149
146
108
131
4
99
132
126
120
132
102
99
140
8
105
117
121
94
120
115
90
115
10
97
98
98
136
127
129
125
130
1
93
113
108
115
96
129
101
117
3
105
102
96
126
119
131
128
122
0
145
156
133
130
127
113
117
108
2
106
80
112
93
115
119
112
117
8
112
115
112
107
127
101
124
126
4
135
137
135
149
153
128
116
128
6
122
120
100
110
135
87
121
142
9
116
162
149
122
137
147
84
135
1
113
165
133
154
100
148
95
140
7
122
103
95
145
78
111
126
116
1
129
126
140
120
130
138
128
140
7
120
122
100
115
134
143
118
113
7
120
75
79
84
123
108
120
98
7
107
110
110
120
124
113
133
92
6
166
97
83
99
77
156
120
97
5
100
123
93
154
148
63
91
107
6
107
110
123
128
113
149
121
150
5
141
114
123
119
114
140
114
136
10
91
127
118
115
141
117
98
102
4
90
97
104
117
122
120
127
94
10
102
97
139
134
105
118
138
98
5
111
133
121
113
107
108
76
85
6
135
108
105
127
111
129
105
101
0
117
90
105
152
141
156
119
92
6
116
134
95
100
143
135
132
132
2
67
150
108
117
106
107
99
107
4
137
114
99
81
118
137
130
132
2
130
127
144
104
127
114
141
133
4
115
122
148
147
95
96
137
112
7
113
147
81
108
82
117
135
121
0
134
128
143
107
121
112
149
136

