14
1
3
5
1
6
5
8
1
13
5
6
8
1
7
8
7
7
12
8
3
3
2
4
6
2
9
122
117
125
109
148
130
86
128
5
90
107
114
105
135
127
147
128
6
99
125
124
147
125
132
103
96
0
114
123
92
92
87
128
83
121
0
142
105
127
115
129
78
122
113
8
71
133
92
115
75
126
142
92
4
125
111
86
99
130
111
126
127
3
73
89
92
91
131
119
105
136
4
102
110
139
116
145
92
156
120
6
101
89
79
64
121
93
135
95
1
149
137
112
99
114
113
102
119
3
111
99
96
116
113
128
100
100
6
123
143
112
133
105
141
96
80
3
112
132
100
107
133
94
146
120
5
122
126
99
80
99
99
130
115
4
88
130
82
107
93
135
148
122
10
136
119
100
123
128
121
157
105
4
128
86
111
100
125
67
134
117
1
131
149
123
122
121
142
71
111
3
117
135
116
129
127
117
152
95
3
97
128
98
85
92
99
103
121
7
138
101
107
125
115
136
126
140
6
98
128
121
141
72
112
118
142
2
124
117
151
105
109
127
149
116
1
121
93
173
95
103
115
155
138
3
92
104
113
140
107
102
129
128
5
112
170
115
118
87
99
106
126
8
102
98
116
101
149
74
136
108
1
154
116
121
114
96
86
121
129
2
115
114
86
126
83
148
134
130
1
79
107
133
127
113
147
129
81
9
107
127
124
119
128
104
121
120
7
125
119
111
114
114
145
145
147
2
126
111
136
135
108
112
137
148
8
115
110
88
117
121
120
121
106
5
121
112
101
99
135
138
139
109
6
140
157
154
149
111
117
141
140
2
91
118
93
101
135
120
129
97
9
112
57
141
136
118
110
109
98
8
108
141
117
99
97
139
137
138
7
108
121
102
147
126
108
129
133
6
119
147
135
135
126
93
115
124
6
134
137
121
120
116
140
125
114
0
108
122
124
112
136
101
117
149
1
85
124
91
113
111
149
100
119
7
106
106
142
112
93
113
101
162
3
141
133
112
148
107
139
90
109
1
103
71
124
107
142
95
98
141
9
123
113
151
122
108
137
142
143
6
118
85
105
93
135
121
163
128
8
164
94
117
99
120
129
113
129
5
109
78
142
170
140
108
87
100
3
158
112
142
92
145
135
135
113
0
120
95
131
114
113
128
113
140
9
105
78
113
104
68
127
116
69
3
139
142
122
98
127
128
121
132
3
134
60
126
135
105
90
120
78
2
128
160
150
155
95
101
139
114
0
94
141
100
113
84
89
114
95
9
116
121
106
135
108
132
107
129
0
106
131
135
88
136
123
139
118
0
97
157
57
113
115
84
98
150
5
100
137
111
90
121
137
127
100
10
122
106
112
129
151
141
127
94
3
98
120
101
90
144
94
114
114
8
140
108
127
154
89
108
86
79
8
122
131
101
120
132
100
104
122
3
90
121
112
135
144
151
122
100
6
94
131
118
119
142
132
97
100
8
107
122
105
142
107
168
103
140
2
152
99
147
101
132
124
108
120
10
148
113
114
116
132
80
108
116
6
92
137
105
106
148
78
107
154
4
149
112
103
120
141
105
97
121
9
129
105
111
132
128
158
131
86
2
122
75
113
100
108
141
142
115
8
129
134
125
107
112
142
108
86
4
111
137
112
135
109
107
81
102
3
129
120
87
106
105
115
150
157
4
134
122
98
106
101
128
127
105
3
84
112
124
156
112
116
107
112
4
150
107
130
140
122
99
108
91
6
105
108
106
89
136
112
127
134
5
121
106
109
101
130
99
127
99
10
112
127
136
91
119
121
118
116
2
84
111
130
137
93
107
135
94
6
79
99
103
82
127
134
113
105
5
134
99
104
156
119
146
107
101
3
156
170
127
127
115
116
93
129
4
93
109
109
69
121
142
122
85
6
91
147
142
126
133
123
128
92
6
101
101
130
95
106
146
145
101
6
129
101
112
87
86
133
161
118
10
119
94
121
127
121
126
121
120
8
129
156
124
102
115
121
132
84
3
87
81
129
128
137
74
129
107
2
130
98
122
107
129
121
108
158
7
99
133
121
114
141
109
114
119
5
100
113
129
135
129
104
128
100
0
109
126
113
119
98
128
163
109
9
127
102
121
98
105
93
126
142
7
147
81
135
120
130
109
141
141
4
116
141
156
135
112
143
145
126
1
122
109
148
123
88
119
92
135
2
100
112
103
108
141
115
99
89
5
100
92
90
92
130
112
115
168
6
112
142
163
103
71
140
98
113
3
144
101
103
127
93
126
122
98
3
119
121
122
120
126
94
143
142
1
134
138
130
147
91
107
122
133
5
85
99
143
114
127
112
87
102
1
133
108
134
85
75
122
143
101
1
143
108
99
120
145
127
112
105
5
103
122
94
121
114
114
118
128
1
120
127
125
98
91
114
101
137
7
127
141
111
119
141
107
91
119
5
98
114
120
86
114
85
99
142
6
92
133
135
128
105
123
134
88
1
98
101
142
134
119
99
142
128
2
127
147
116
95
164
144
122
137
0
79
111
70
86
120
138
122
132
6
117
115
92
109
115
120
143
74
9
112
126
114
131
94
87
105
142
3
106
143
102
77
96
102
100
119
7
147
140
119
127
146
92
94
120
7
129
126
113
108
136
137
98
84
10
137
107
118
112
139
137
118
130
10
126
143
104
164
135
136
122
122
2
108
105
107
89
108
84
124
73
6
129
99
142
126
104
121
100
113
0
121
122
127
112
111
85
110
112
7
111
59
132
93
108
126
118
144
4
118
126
124
86
82
108
118
101
7
122
112
121
128
119
122
86
156
1
113
107
142
110
119
159
104
131
1
108
113
131
131
115
144
106
130
5
114
123
106
100
108
144
113
136
1
86
123
99
117
95
122
96
137
10
99
121
106
127
122
140
156
95
2
124
89
105
114
135
130
99
141
4
149
140
117
128
102
119
133
147
4
100
116
114
103
89
106
74
91
4
115
149
139
150
121
141
113
125
7
115
115
121
140
101
129
108
119
3
110
152
103
121
96
106
110
140
8
113
143
134
113
100
90
114
140
4
138
104
120
102
114
129
122
121
4
94
127
113
92
98
87
112
124
8
135
148
101
100
114
144
123
108
4
120
138
78
120
100
121
105
157
4
88
113
122
109
107
136
130
104
9
109
135
93
89
126
169
127
93
10
119
114
127
135
116
138
116
114
2
127
117
100
134
145
111
131
83
3
141
117
134
86
86
103
85
94
4
129
132
106
85
85
124
126
138
2
105
101
107
140
113
129
141
142
3
92
132
112
107
124
85
138
104
7
92
115
71
121
131
106
109
153
6
116
116
139
135
121
133
135
108
4
141
130
135
122
107
126
127
104
1
127
125
117
111
107
107
99
129
5
85
108
121
133
85
117
81
129
6
97
114
160
124
142
127
147
150
4
124
103
91
100
156
87
142
135
10
129
120
105
125
105
138
120
95
5
108
93
80
98
105
128
113
121
0
111
96
114
92
95
110
93
136
7
150
170
110
139
139
124
117
143
3
84
110
124
104
103
124
128
133
3
95
117
131
130
144
99
96
152
9
86
142
113
116
99
139
108
121
4
98
78
109
124
73
138
114
140
5
126
124
87
135
145
97
120
94
5
121
108
116
92
143
128
116
123
9
123
130
100
129
74
115
106
138
1
175
94
93
126
126
113
141
162
6
91
131
128
129
87
139
130
113
5
90
99
107
97
78
87
100
164
2
122
78
117
123
107
114
127
100
4
114
96
108
86
120
112
161
120
2
109
125
135
94
120
102
121
131
6
70
140
122
127
85
122
116
101
8
95
136
164
78
153
120
135
152
7
120
121
120
141
108
73
105
92
9
116
121
120
117
113
99
122
128
8
98
127
98
106
131
71
128
136
4
136
108
119
74
93
112
94
110
4
152
107
109
106
130
88
130
80
4
146
100
101
128
119
144
84
107
10
133
128
107
189
104
144
118
145
2
108
128
113
99
112
142
89
122
7
98
135
89
147
152
114
124
106
3
107
142
109
84
91
140
106
110
6
107
99
139
127
107
122
128
100
4
125
116
108
156
113
120
120
122
4
130
123
115
101
142
148
102
101
3
133
173
136
94
125
134
115
128
3
113
96
92
156
134
99
88
120
9
113
110
105
117
110
122
101
119
5
114
113
115
86
119
124
113
119
2
143
98
97
141
130
148
120
87
4
88
87
105
113
122
106
78
122
3
159
120
120
103
113
72
139
85
2
120
78
122
137
127
134
104
141
8
140
129
108
77
109
150
106
125
6
117
135
91
94
111
112
118
86
7
87
120
113
91
100
113
130
112
9
116
105
85
100
155
96
87
121
1
131
91
124
116
139
91
79
97
5
129
121
117
99
107
101
107
113
5
134
116
97
134
111
108
120
131
1
149
152
117
128
87
143
131
135
7
128
135
114
97
134
120
141
107
2
153
131
121
113
79
131
113
104
7
132
141
132
142
91
92
126
87
7
82
128
100
104
122
119
96
92
3
125
116
104
86
87
133
84
102
4
95
67
158
147
117
139
135
127
3
112
125
86
105
128
157
111
101
3
127
139
77
108
104
107
128
93
2
117
106
108
130
139
138
108
119
5
127
122
137
114
116
140
80
136
8
126
147
93
124
106
109
112
84
5
148
85
128
108
95
132
137
128
10
112
87
128
98
80
142
121
150
2
105
115
117
138
122
78
117
102
7
159
148
127
129
111
113
120
108
7
109
99
106
103
116
97
109
114
9
100
109
88
158
134
168
113
116
10
95
100
185
86
127
124
120
99
0
105
95
116
105
113
75
122
115
5
85
124
125
97
133
138
93
95
5
146
107
114
111
90
78
100
100
1
109
98
84
148
86
132
132
123
5
122
121
128
129
110
116
107
85
7
154
119
84
106
89
125
125
119
8
120
137
99
128
130
114
79
115
5
90
132
73
129
110
129
122
97
5
128
106
70
93
89
122
129
138
3
120
93
125
99
109
143
147
117
4
91
89
124
79
117
99
66
88
5
114
85
96
100
126
54
119
136
1
137
108
119
99
114
134
150
117
4
125
68
131
99
107
119
136
121
7
148
48
112
77
96
152
144
127
5
151
124
129
103
149
128
95
140
4
134
114
98
92
72
166
100
76
1
53
153
92
119
132
85
126
86
6
111
92
147
129
118
116
107
92
5
122
85
104
116
126
108
93
84
6
80
132
118
143
113
128
129
121
1
154
88
140
148
132
114
138
127
0
124
112
127
155
141
99
141
128
2
106
113
122
149
129
105
153
112
2
146
143
121
134
124
80
87
98
4
135
111
107
118
142
116
120
120
7
135
85
141
120
110
125
90
155
6
99
141
92
129
92
140
121
175
8
92
108
66
77
94
122
78
135
1
107
132
125
90
135
126
113
138
1
99
141
127
121
99
142
126
128
8
142
103
135
147
140
95
91
84
4
113
117
105
132
115
102
101
117
5
101
121
121
98
119
95
91
94
1
106
140
128
102
127
118
106
127
7
84
141
102
138
117
115
99
80
3
111
106
99
115
101
84
91
136
4
140
101
140
157
149
138
139
96
5
64
120
100
109
106
120
111
121
9
138
87
121
149
107
107
124
139
6
139
84
84
129
120
86
136
107
9
120
121
113
115
125
129
125
133
4
102
115
92
99
99
126
124
121
8
106
144
101
85
107
145
93
118
8
86
139
150
107
65
128
141
142
0
130
105
120
138
100
107
129
77
2
123
96
110
154
99
98
122
158
6
96
100
121
140
118
106
113
119
4
175
111
138
113
104
144
99
139
1
95
122
143
71
122
126
89
111
7
94
122
117
142
136
117
134
115
8
95
100
128
126
148
120
124
110
8
108
124
134
122
119
92
162
115
2
107
138
92
122
125
112
130
148
7
107
104
108
107
138
141
105
105
7
76
122
128
136
100
120
85
166
4
103
110
113
126
95
113
128
130
4
104
88
146
119
128
133
112
140
9
127
113
107
142
122
87
110
123
5
122
120
111
110
107
140
162
99
3
101
114
81
122
142
94
104
89
3
123
108
107
99
107
106
121
134
3
87
94
99
149
114
105
120
105
8
123
121
141
107
135
104
123
115
7
127
110
141
127
175
114
114
93
9
128
119
100
99
135
141
120
100
1
118
115
101
112
125
115
103
114
5
131
145
126
111
125
125
92
129
4
99
107
113
131
156
120
110
131
6
103
114
129
134
101
123
113
118
2
105
142
85
127
106
92
122
127
6
122
130
126
106
148
168
128
100
5
111
136
106
112
129
112
148
131
9
140
115
91
153
113
126
123
157
1
139
139
146
135
102
85
108
100
6
123
115
128
117
142
127
124
142
2
137
133
117
155
141
125
135
121
6
105
124
78
139
134
114
98
140
6
117
162
111
183
143
104
149
130
8
134
133
134
108
111
130
99
117
5
148
122
96
148
134
84
113
136
6
139
84
80
81
86
121
131
81
4
100
121
101
101
103
123
114
92
9
132
91
123
100
90
123
128
99
3
105
140
114
113
104
136
108
135
7
114
134
110
103
107
100
135
131
4
108
87
113
97
127
91
63
100
6
136
130
119
94
60
126
112
138
8
100
135
125
121
105
95
104
132
6
99
99
103
118
142
121
101
79
3
127
135
110
103
130
148
157
126
8
163
111
122
121
90
94
95
151
1
130
117
114
141
113
86
95
135
6
105
112
156
87
126
143
126
126
8
127
113
120
108
84
105
109
148
5
156
101
139
120
128
105
128
119
4
101
128
106
90
104
113
126
110
8
113
156
138
109
143
110
101
106
4
116
113
89
124
108
112
106
118
6
92
90
151
114
132
133
118
128
0
129
104
110
98
121
157
113
111
8
120
106
107
133
114
107
133
106
8
129
121
88
100
116
120
105
145
9
144
120
122
92
155
94
152
112
10
129
108
92
121
114
96
138
126
9
122
162
142
121
105
128
110
106
5
130
119
85
150
95
105
127
98
6
117
125
80
120
116
154
136
114
5
120
122
112
77
105
127
107
123
6
127
127
98
134
113
129
121
100
9
93
99
131
86
115
128
133
104
6
128
143
141
123
134
109
101
104
1
82
86
150
135
115
105
106
93
8
106
127
108
120
117
141
99
106
7
113
115
141
112
107
107
142
120
9
114
135
92
120
127
127
112
106
8
92
79
128
119
101
82
135
112
2
155
150
107
129
80
105
107
148
1
142
110
108
109
100
133
135
142
3
111
100
119
92
125
126
86
113
4
119
114
113
128
111
134
128
133
7
123
161
77
99
128
145
165
127
5
102
141
127
97
121
108
123
127
1
86
112
136
93
102
106
97
117
4
115
96
147
119
130
94
119
121
3
115
117
93
121
82
129
126
107
6
141
150
120
79
118
142
120
131
6
135
137
110
128
98
141
107
116
8
121
154
92
106
157
113
101
169
9
142
158
114
154
147
127
140
97
2
135
151
96
122
124
146
130
122
4
82
95
121
123
133
118
84
119
8
96
129
135
127
135
120
114
67
4
149
126
141
115
134
143
129
104
7
114
132
133
97
149
134
75
108
7
87
90
114
117
132
135
127
148
7
121
121
138
102
139
125
90
141
6
135
112
92
113
146
115
141
110
4
131
110
108
136
105
127
105
85
2
130
116
89
98
90
113
132
122
5
112
133
105
88
121
112
146
107
9
143
107
99
121
115
140
98
96
7
129
127
112
127
147
125
126
113
0
121
99
68
116
66
93
127
118
3
115
86
128
125
124
155
135
152
8
136
86
100
120
142
128
140
143
4
89
144
141
94
93
113
113
131
9
117
132
74
105
115
148
116
92
1
84
131
121
95
120
98
113
106
0
119
107
136
107
114
142
103
130
9
72
110
111
82
92
123
75
105
6
87
82
122
121
135
186
122
122
9
131
127
105
110
127
107
134
122
6
133
108
146
133
133
133
118
90
7
120
126
85
144
134
99
97
116
8
115
117
120
126
108
86
102
116
8
135
69
105
100
87
135
135
103
2
110
99
140
125
134
122
102
106
10
118
113
121
125
108
80
101
122

