16
7
2
5
2
1
7
6
8
8
7
9
8
3
8
7
7
1
16
6
2
2
5
4
4
5
3
85
114
88
97
94
144
143
135
3
132
115
79
104
121
149
100
115
7
119
112
90
136
134
110
134
127
7
107
89
126
129
142
86
120
109
7
125
156
110
124
125
124
127
119
0
100
140
108
80
92
112
137
133
4
133
145
124
129
94
113
107
141
9
157
129
83
126
111
93
102
122
3
93
122
143
141
114
86
118
122
7
118
122
103
141
117
74
107
124
9
130
104
129
117
155
115
109
149
8
145
135
129
86
107
110
105
93
7
119
114
124
131
114
87
134
86
9
120
141
83
97
111
122
113
116
4
92
107
107
105
107
100
121
124
7
119
143
114
131
100
120
116
130
3
103
127
85
100
113
95
105
101
2
119
134
92
91
128
156
101
119
0
118
110
115
90
79
121
117
100
1
122
109
130
106
91
135
147
114
6
86
88
92
108
114
109
123
142
2
112
79
105
140
121
114
70
108
5
106
91
99
155
163
144
156
144
8
99
98
129
143
156
132
100
148
5
121
115
121
99
69
135
121
120
5
92
105
124
125
112
107
81
114
7
114
100
94
124
120
112
130
99
8
148
134
121
157
136
143
114
101
5
105
117
126
134
127
99
93
142
5
150
99
122
119
107
108
116
86
10
108
159
135
106
122
115
107
108
6
149
123
110
126
115
136
128
97
7
143
112
144
108
106
120
78
99
9
108
127
113
105
143
128
121
129
5
145
107
129
114
135
163
143
23
5
86
97
127
124
106
112
120
98
3
147
142
89
87
127
88
126
130
5
107
106
115
127
149
111
130
103
8
113
94
114
122
116
106
99
92
8
119
113
112
127
101
139
131
112
0
138
139
79
112
115
127
85
108
1
142
126
122
94
127
121
104
79
1
120
115
96
138
143
93
98
128
1
111
141
106
70
149
122
93
94
10
77
96
74
116
117
144
108
113
10
121
154
100
107
122
121
122
148
9
107
92
121
104
132
99
107
128
2
140
84
113
142
83
133
93
134
7
141
128
171
109
121
91
92
66
0
151
110
108
100
58
130
104
142
4
117
101
124
118
140
115
140
126
7
128
148
126
104
146
119
122
113
3
121
113
91
140
105
133
121
112
2
148
103
74
131
123
92
117
126
7
107
59
143
109
163
105
127
143
4
121
74
112
107
121
142
111
112
8
132
135
100
107
149
103
132
129
9
133
145
97
100
105
112
125
110
0
120
116
87
81
92
140
133
107
2
144
126
141
104
128
113
134
134
6
100
106
85
115
110
113
135
110
1
118
78
142
117
116
135
89
119
6
94
122
135
107
128
147
133
141
1
113
110
70
142
135
165
141
112
4
114
112
106
149
107
113
118
118
2
156
116
135
107
144
129
120
126
7
130
93
94
125
133
104
109
121
8
133
135
92
101
113
86
83
135
2
84
127
111
98
127
116
100
141
8
142
124
132
123
108
97
107
101
2
109
113
150
119
103
112
146
89
9
118
152
113
84
82
98
121
80
10
129
136
90
92
105
113
107
80
7
81
98
139
86
114
127
115
132
8
127
137
86
110
107
145
125
136
2
158
104
72
147
120
127
106
122
5
140
93
130
132
98
128
143
106
1
118
152
119
159
123
100
108
164
2
142
121
93
109
149
154
131
138
5
141
124
115
100
66
122
126
119
3
141
150
96
115
113
127
80
119
6
70
123
99
127
121
100
122
111
9
140
133
115
114
157
119
103
121
4
127
78
99
113
105
114
113
140
10
98
149
85
140
144
148
134
136
1
149
141
115
153
133
133
138
141
2
83
102
119
113
114
131
104
106
1
110
93
113
84
117
106
121
135
2
145
141
135
98
126
128
138
94
1
107
118
155
89
126
103
130
129
7
103
128
93
103
97
126
76
116
4
129
107
123
121
98
114
139
94
8
123
127
106
137
128
114
101
103
10
139
126
106
73
135
101
120
137
8
144
127
146
121
93
101
141
95
4
149
150
93
92
123
105
118
102
6
161
88
141
134
58
89
140
111
7
101
139
129
118
135
121
117
160
7
120
99
139
148
133
118
93
119
5
120
112
142
127
106
101
163
115
8
67
121
120
157
113
94
91
107
3
114
115
146
137
68
99
148
91
3
136
77
99
102
91
114
102
103
7
139
131
136
126
137
114
127
108
8
121
97
145
101
92
157
103
108
4
135
120
123
108
122
92
120
131
1
109
102
93
126
92
125
158
109
6
118
107
120
127
94
114
100
74
9
156
149
129
142
102
106
135
106
2
127
126
107
113
137
113
118
118
3
129
94
91
140
132
136
156
128
3
79
117
115
116
109
101
90
84
2
124
135
110
118
128
135
139
122
2
127
150
115
95
105
112
120
121
3
80
67
132
106
104
142
71
125
1
125
113
133
131
115
142
107
131
3
146
121
92
89
119
128
124
113
1
71
142
121
105
131
121
108
100
8
151
122
122
142
121
119
123
126
1
114
119
155
110
107
118
98
139
3
131
114
140
134
119
102
129
106
7
124
159
137
94
128
116
134
125
1
86
136
147
130
129
132
131
100
6
139
106
134
115
138
127
94
113
1
92
46
165
142
114
129
96
136
2
128
93
122
98
126
139
127
107
9
115
143
126
111
110
128
114
142
1
136
105
114
152
108
103
143
115
10
149
150
140
156
150
115
136
135
2
133
106
98
136
124
91
131
125
6
107
100
119
139
107
79
107
157
3
112
135
98
79
134
129
101
113
4
118
92
109
121
92
129
135
119
0
112
128
96
127
123
129
131
125
3
105
94
119
126
128
135
119
100
5
112
129
107
109
129
135
86
92
8
141
121
93
122
138
61
107
122
8
68
122
112
98
150
141
119
120
4
95
105
120
100
115
128
126
122
1
111
136
71
135
76
131
108
104
6
84
134
142
118
122
126
109
99
2
138
148
93
102
100
70
122
128
4
106
119
91
127
103
120
108
94
6
96
150
73
135
168
92
99
112
8
81
132
122
96
86
121
100
127
5
127
116
161
138
141
120
135
96
8
125
137
161
119
153
125
102
116
6
114
149
115
148
102
106
121
130
7
86
120
125
117
119
150
108
92
9
156
144
130
90
99
91
101
129
5
128
128
111
94
124
100
102
115
9
126
119
91
150
147
126
141
125
3
65
126
107
112
106
124
108
92
2
121
137
100
121
142
145
120
86
8
103
102
138
119
128
128
101
112
0
86
68
117
99
99
115
129
104
2
151
123
121
92
114
97
147
105
7
104
92
138
101
146
120
108
120
1
105
128
124
77
106
101
120
115
9
107
87
105
107
107
129
169
123
7
94
104
104
95
114
82
135
121
6
141
127
136
96
89
100
130
103
8
147
128
121
126
87
88
86
121
7
98
119
140
155
155
109
93
128
5
129
81
129
113
54
104
136
128
3
114
129
82
113
133
136
145
120
1
118
98
125
114
104
149
118
120
6
92
128
128
123
93
141
157
109
7
126
104
120
128
133
104
96
131
0
123
79
107
123
125
128
107
107
4
107
77
95
133
96
136
119
116
4
114
119
106
107
147
150
117
119
4
125
100
169
94
143
132
107
115
9
131
109
122
100
106
126
78
142
3
99
99
108
99
134
132
147
149
3
130
95
95
130
113
145
127
156
1
79
91
135
122
119
102
134
107
7
131
133
125
105
111
96
100
97
2
134
100
148
102
121
98
121
112
2
126
121
116
102
110
99
113
133
9
113
128
114
105
138
93
120
124
4
117
79
103
145
106
119
127
126
4
129
87
124
104
167
116
144
123
4
148
113
96
101
87
95
122
157
8
114
114
126
133
107
154
102
140
7
92
162
122
157
119
103
117
110
2
121
129
147
135
106
124
100
127
2
124
128
108
99
120
143
121
135
5
122
132
131
142
89
123
108
139
5
114
110
71
94
106
122
97
109
8
124
107
127
160
104
116
93
122
1
152
154
111
141
141
121
131
157
7
79
108
126
119
124
111
124
107
4
140
93
113
107
133
120
122
125
4
94
110
102
142
125
141
117
111
6
99
115
126
120
125
132
119
122
8
108
105
117
89
133
111
110
157
4
133
121
127
114
113
114
130
79
1
99
113
109
119
99
115
134
87
4
110
101
109
135
111
171
111
105
4
78
117
127
106
114
124
140
157
8
109
120
101
120
109
103
99
158
1
118
107
117
116
139
127
109
128
8
140
121
109
121
82
95
119
122
2
104
111
106
144
114
131
121
120
7
99
97
122
136
100
91
111
127
7
146
134
141
140
122
136
114
106
4
97
98
83
163
124
122
124
119
2
126
130
128
111
156
98
109
96
2
143
113
124
122
114
91
128
101
3
123
75
126
105
141
122
111
122
8
119
154
126
131
107
146
126
102
7
125
127
105
120
125
75
108
122
9
155
103
143
157
124
126
122
118
8
142
77
133
121
128
143
103
109
2
132
128
113
121
115
135
101
109
3
118
110
112
126
99
111
166
122
0
117
97
132
111
99
102
106
126
3
145
113
113
136
106
117
141
128
4
124
99
93
135
131
119
119
114
9
117
90
169
127
120
129
108
105
0
101
93
96
114
127
106
112
113
9
93
138
120
100
133
111
150
152
9
92
117
86
132
148
117
107
109
3
112
127
111
108
79
107
91
112
1
140
134
141
113
138
93
93
128
3
90
137
98
112
135
113
98
108
6
135
135
120
155
121
127
127
127
1
129
115
117
120
127
127
100
130
4
105
133
150
101
126
106
95
114
2
100
58
71
103
124
106
120
78
9
136
105
113
77
107
94
92
158
6
136
126
101
157
113
141
126
113
8
136
96
122
126
107
104
140
136
1
118
113
87
98
107
121
133
122
9
107
121
107
107
106
123
121
123
8
81
119
127
128
113
138
100
101
1
145
140
114
141
103
106
94
135
3
79
89
117
96
155
104
120
106
0
103
143
108
85
113
107
113
99
10
113
122
126
98
114
135
104
128
4
117
155
90
115
91
105
113
94
4
128
128
89
118
99
129
154
116
4
122
106
138
120
113
88
122
133
5
99
122
129
123
126
121
116
131
3
114
107
117
83
92
93
107
92
4
106
127
130
116
98
167
101
169
8
113
111
101
130
147
101
84
121
1
119
72
129
163
149
106
107
127
5
144
86
93
107
100
137
148
111
10
122
137
94
164
155
122
89
148
6
123
125
98
81
68
127
125
107
3
134
74
113
107
142
88
106
113
9
89
107
103
109
161
130
148
92
7
77
125
105
112
141
87
114
111
1
106
154
149
122
137
91
105
122
9
101
84
107
134
111
116
121
114
8
136
113
93
136
112
143
127
129
6
126
144
153
120
123
103
86
106
4
141
147
116
117
111
92
120
110
7
128
116
96
100
104
148
105
102
10
108
102
128
134
128
100
106
92
7
116
97
114
139
142
100
102
129
5
91
127
145
133
90
99
103
101
7
154
109
130
68
115
111
126
94
7
112
134
77
81
133
126
108
97
2
115
151
141
154
132
154
70
108
2
100
99
140
127
107
63
119
133
2
97
129
137
135
106
127
123
134
3
98
120
106
146
119
132
114
92
10
103
132
106
129
131
116
114
143
1
107
85
103
112
123
92
75
128
4
114
141
136
103
102
113
120
148
6
110
87
123
117
142
121
107
102
7
117
127
97
107
104
109
144
151
3
128
128
104
124
78
115
78
121
7
127
121
91
131
131
58
124
112
9
120
86
94
103
112
104
109
118
1
85
115
142
133
114
153
144
114
8
156
135
128
143
131
127
114
137
2
118
128
99
99
154
99
154
110
8
78
155
107
60
142
121
119
117
10
139
100
123
162
87
92
135
121
5
129
113
92
134
78
106
119
112
9
119
134
106
149
121
127
75
122
8
126
72
86
93
99
133
111
77
1
142
128
87
137
113
86
122
105
7
112
99
107
122
84
123
72
57
8
110
115
109
135
116
121
117
136
5
99
97
81
134
106
142
105
70
3
125
128
160
127
166
99
113
120
2
122
98
104
105
98
114
127
106
3
92
133
121
90
106
95
111
133
4
108
127
118
94
145
156
111
125
9
85
156
116
92
106
97
136
67
9
156
115
105
87
122
134
133
86
7
124
114
150
127
121
102
135
128
5
122
106
112
114
141
150
140
107
8
105
152
120
141
113
120
145
134
5
111
111
96
136
109
99
107
107
7
121
116
107
119
78
62
128
132
0
103
92
134
124
140
125
128
107
2
129
120
98
122
92
120
120
97
2
98
105
105
122
131
105
103
121
7
115
121
125
96
95
154
73
126
7
140
149
139
142
134
157
104
106
1
126
113
123
83
117
109
113
140
9
93
140
133
112
156
106
122
96
6
107
107
103
98
134
127
113
121
7
89
73
110
111
134
66
125
99
8
133
116
113
123
121
134
110
107
7
71
145
141
114
120
141
104
119
3
107
120
130
112
130
91
91
115
6
118
131
132
85
102
120
92
125
3
121
136
107
112
86
112
70
121
8
122
122
114
121
111
133
101
126
1
125
129
107
87
94
140
119
115
1
112
148
132
117
106
87
90
114
2
99
128
138
127
100
114
114
93
3
118
128
85
129
102
134
92
117
8
143
112
117
114
86
92
105
143
7
115
117
109
99
127
142
148
128
10
121
123
78
86
138
146
120
127
10
130
146
133
108
141
86
119
120
7
127
121
104
108
107
100
97
124
1
141
93
86
115
72
149
117
112
2
93
137
107
100
127
105
155
129
5
154
118
150
142
149
111
94
133
2
128
161
96
119
131
113
168
136
7
147
90
132
128
81
91
121
107
1
113
99
119
106
144
131
88
85
9
99
107
107
107
110
87
136
126
9
109
135
132
115
100
127
110
177
5
91
155
112
98
108
86
113
99
3
129
115
120
99
101
123
116
79
7
102
121
102
121
128
112
102
120
6
126
120
128
126
146
134
122
116
8
140
97
120
130
117
142
125
107
2
105
151
130
92
90
128
119
112
6
121
120
92
147
112
129
99
126
7
93
97
120
98
154
116
102
125
3
118
148
119
160
136
120
110
138
1
124
155
121
84
144
114
122
117
3
99
82
119
135
132
122
102
86
9
126
130
126
95
114
94
146
181
0
171
99
123
141
134
127
122
93
8
100
133
122
102
91
113
129
93
7
109
113
111
120
113
169
108
91
4
136
110
121
114
119
140
129
103
1
129
104
119
126
74
121
122
98
8
141
109
90
137
113
101
94
149
6
155
80
135
101
102
114
93
133
7
117
75
127
88
106
106
150
133
2
158
107
119
114
151
118
135
153
2
137
92
123
94
105
99
100
106
9
147
127
115
101
111
128
97
119
6
157
107
106
102
123
98
120
146
10
84
120
110
105
107
64
155
135
10
120
121
136
129
144
104
129
113
3
114
111
106
124
97
133
116
96
1
126
89
144
108
120
110
107
134
8
100
106
152
106
99
131
116
120
9
105
127
110
117
124
140
106
127
2
130
133
69
122
101
135
102
86
8
103
101
104
131
129
116
111
140
8
128
85
143
119
85
135
125
133
2
107
142
120
148
127
123
101
75
2
122
136
120
110
108
141
121
138
3
127
109
103
140
120
128
90
96
3
123
113
106
91
107
132
92
105
9
127
120
128
140
97
139
127
121
1
106
112
126
152
95
109
132
154
3
108
70
119
128
94
93
93
115
4
114
108
120
76
129
114
128
114
9
140
139
110
143
80
122
121
97
9
99
128
91
112
120
124
117
119
0
114
97
138
92
150
118
120
111
4
129
113
122
128
77
156
100
88
10
177
144
128
124
114
143
119
177
7
128
92
129
141
118
133
129
129
3
151
87
92
86
126
136
114
92
1
99
112
145
113
128
95
108
77
6
89
125
116
132
118
101
101
165
5
100
163
99
143
95
134
108
115
9
91
116
122
132
76
78
88
136
3
93
141
133
157
99
143
110
67
7
119
113
167
144
161
93
143
94
8
153
136
121
136
153
78
168
117
9
78
100
106
137
123
103
92
150
7
120
116
161
148
156
98
138
88

