16
6
7
1
3
3
6
7
4
8
9
9
3
8
6
9
8
4
13
8
4
6
8
9
5
0
1
113
142
112
131
99
121
139
83
2
104
140
122
137
85
129
144
124
4
119
118
98
142
140
145
121
91
10
105
120
92
123
145
104
58
112
5
100
115
122
134
91
142
98
110
10
136
126
77
141
108
127
115
122
5
126
138
119
122
84
122
117
164
7
121
120
106
122
122
128
114
143
3
113
142
149
123
138
130
142
149
8
134
121
100
108
92
111
99
103
0
132
140
104
142
139
144
107
136
7
87
150
139
124
120
145
110
115
2
142
129
126
99
105
122
127
116
0
145
103
140
100
124
154
112
134
9
121
122
115
131
107
113
134
106
2
126
109
113
113
122
137
94
147
2
121
99
108
128
94
107
134
121
0
151
78
130
128
149
139
85
131
4
110
117
106
113
127
87
121
115
9
113
139
151
113
114
111
126
129
5
125
134
105
119
107
137
107
128
0
121
116
108
99
115
75
134
117
5
95
114
101
103
106
144
108
133
5
126
142
109
136
117
113
134
114
5
126
107
102
140
152
111
108
63
6
120
141
108
136
95
137
132
106
0
106
135
101
149
114
105
122
119
9
94
117
126
114
150
156
135
134
10
98
103
140
116
125
103
139
149
6
133
130
118
132
115
110
132
106
9
118
94
128
133
124
129
104
103
8
136
98
135
157
105
144
129
135
2
92
129
67
97
105
87
134
115
5
136
94
108
114
92
130
126
107
9
107
94
102
90
135
99
132
109
8
96
121
112
105
135
130
77
140
2
103
100
94
92
133
122
106
141
3
122
149
112
126
115
92
128
120
9
141
98
123
86
150
100
127
116
0
126
106
144
128
121
107
99
133
2
86
78
121
121
144
128
121
156
0
128
117
154
121
132
96
87
134
2
104
137
121
120
153
115
98
129
6
109
139
127
134
124
97
142
94
4
115
109
99
134
156
79
114
112
0
71
126
144
129
113
98
105
80
3
135
83
119
130
122
92
130
119
2
105
135
155
122
137
78
126
136
10
156
132
94
150
114
108
119
137
1
121
113
108
126
120
72
100
69
10
100
128
123
129
125
86
135
126
4
108
88
116
122
111
115
118
93
3
103
106
108
106
108
78
123
121
6
82
126
128
137
92
102
101
105
4
113
105
99
99
141
116
142
63
5
116
114
87
99
135
132
98
129
10
121
128
149
126
107
117
135
115
5
105
127
131
136
147
90
135
92
4
124
108
116
147
65
77
121
113
3
109
101
128
137
102
89
110
101
9
115
113
140
133
86
115
134
140
8
146
128
98
104
100
140
108
97
7
122
114
133
114
122
147
99
116
3
115
153
127
114
132
106
130
108
10
115
131
83
125
119
86
94
112
7
147
115
91
114
122
84
122
101
2
127
91
131
134
131
140
108
136
9
106
160
116
132
116
107
120
129
7
98
110
94
88
112
135
130
119
2
88
128
121
107
99
143
113
73
7
67
102
102
107
99
133
116
117
9
87
98
114
130
118
124
120
110
7
76
133
138
142
136
143
92
110
8
140
119
112
110
118
99
95
92
3
91
155
129
110
114
84
133
121
7
86
123
128
139
140
90
127
125
10
134
94
123
118
137
135
119
141
1
116
124
106
88
145
141
125
171
7
135
128
130
127
111
86
149
118
2
101
134
160
131
117
98
108
108
7
108
105
128
141
88
85
119
108
0
143
102
102
141
105
101
119
129
1
120
103
100
113
113
120
128
92
6
104
124
77
146
122
138
140
93
10
112
126
121
108
168
101
127
103
5
100
115
84
139
92
105
120
120
1
92
133
90
164
115
119
114
150
1
113
79
87
121
115
105
134
132
6
154
126
121
82
142
101
64
113
3
83
134
126
94
101
113
101
127
0
127
142
130
100
114
94
102
149
3
134
131
107
117
126
135
101
98
10
135
94
114
147
99
142
113
120
4
105
156
88
147
114
118
104
96
3
85
76
122
143
109
83
109
115
5
114
132
106
117
114
155
119
153
7
148
99
133
92
139
90
122
96
2
104
110
127
135
146
143
128
129
5
103
91
114
117
107
129
127
119
9
114
68
127
100
109
115
117
151
6
137
135
137
98
113
102
78
87
10
99
100
150
170
120
120
162
130
0
128
119
141
117
85
141
147
132
5
144
89
114
97
102
132
81
133
4
140
100
132
94
122
107
81
153
3
140
181
145
125
107
134
92
106
9
131
147
138
118
120
108
120
136
2
178
96
127
98
94
79
94
99
8
125
142
105
105
117
163
103
108
0
119
112
119
114
81
125
141
134
3
99
123
167
129
133
146
136
120
7
121
109
132
128
149
116
135
137
2
135
131
79
102
130
135
91
147
9
107
116
123
100
123
105
159
103
8
96
83
105
114
99
109
127
137
2
150
123
107
120
129
110
140
141
6
97
132
85
127
114
120
97
110
1
121
118
134
94
117
116
127
121
3
142
113
123
128
130
111
120
97
3
82
139
176
91
84
152
141
93
10
135
115
127
100
122
99
97
134
9
113
99
107
114
135
113
77
110
5
92
133
161
153
128
168
155
129
2
141
110
121
111
94
104
116
109
8
130
107
139
91
114
105
110
116
8
155
125
133
112
141
130
114
110
5
121
121
135
120
144
71
117
114
8
141
125
86
136
133
134
141
126
0
134
137
100
142
115
121
130
108
4
134
129
99
114
106
100
147
136
6
149
94
131
138
80
101
106
127
0
141
173
108
76
134
92
110
112
7
121
105
110
133
122
161
145
116
4
103
86
149
119
109
100
141
114
2
69
114
119
126
128
103
148
133
4
99
120
129
114
88
74
130
118
2
98
133
102
127
145
113
114
128
5
92
143
74
133
106
132
98
135
1
126
108
103
154
105
127
119
133
6
136
114
135
140
127
140
105
112
6
98
118
93
122
127
123
131
105
7
98
124
111
135
113
100
125
112
2
79
75
119
103
116
114
126
114
2
142
128
131
147
129
121
154
170
7
108
133
102
99
96
159
121
132
5
87
106
84
102
133
146
105
82
5
106
124
157
127
118
120
105
127
2
140
96
97
77
113
106
126
107
4
90
125
125
112
99
99
113
121
8
122
142
102
112
107
101
99
93
6
101
112
121
114
113
101
131
108
1
118
116
86
143
143
154
85
113
9
128
132
128
120
105
129
135
116
6
112
137
114
133
92
80
146
111
6
126
87
121
120
135
67
122
114
7
129
122
128
124
107
154
121
92
7
126
123
127
91
85
113
92
148
2
140
149
109
114
107
107
106
86
7
90
121
86
117
110
97
152
120
8
124
88
122
129
141
65
129
141
4
133
130
129
101
120
133
108
134
10
128
127
110
110
141
106
143
120
8
106
128
142
117
101
127
106
156
0
145
70
109
119
131
84
149
107
0
115
134
127
147
135
108
112
92
3
141
106
129
96
104
127
131
148
2
148
101
127
143
100
150
142
114
4
135
147
118
91
134
129
162
135
1
134
114
113
98
140
101
133
147
9
105
148
147
91
128
172
99
88
6
147
119
119
106
99
76
100
153
7
107
114
105
132
135
143
111
141
5
114
103
123
133
114
121
91
112
8
91
128
110
112
144
101
97
103
7
104
109
93
148
148
121
121
118
4
128
119
99
77
120
107
133
99
7
152
115
124
134
155
132
128
147
9
145
119
148
178
135
132
132
114
1
114
117
105
95
71
120
114
127
6
133
141
110
91
162
121
142
112
3
121
98
84
98
143
114
106
121
5
96
133
109
122
130
123
98
128
10
112
139
112
92
113
101
92
133
0
133
124
106
114
158
140
118
114
10
119
93
89
115
117
114
140
118
5
169
119
143
77
113
104
118
148
0
126
107
99
137
114
128
102
73
4
108
150
120
126
102
117
136
122
1
99
113
123
117
140
134
146
101
6
116
92
126
99
72
116
84
114
1
133
112
140
127
105
111
113
94
4
99
106
117
112
113
132
113
164
8
109
114
111
134
128
99
135
113
5
105
141
110
126
95
113
123
118
10
91
83
119
128
113
112
83
164
5
115
123
107
139
170
141
110
117
3
113
120
91
107
118
85
119
116
5
114
118
104
79
93
114
133
96
0
145
141
140
167
105
117
118
138
3
97
119
130
111
114
110
100
107
6
125
119
134
107
98
129
136
119
3
130
149
110
120
114
129
136
106
5
102
113
87
142
130
114
98
107
7
116
98
143
116
94
129
114
134
8
139
108
107
141
127
103
141
119
5
94
129
148
99
148
98
88
65
8
115
99
141
136
163
101
87
122
10
89
117
103
121
138
122
93
127
7
127
162
85
115
136
94
106
135
2
122
119
100
135
115
84
144
102
9
89
121
60
91
105
93
87
83
5
114
87
101
119
111
107
129
122
7
73
132
136
129
128
134
99
88
5
99
78
108
93
110
83
179
120
2
121
127
140
135
107
127
102
125
6
140
110
141
113
101
119
99
133
10
135
101
71
132
91
134
135
92
4
114
136
133
136
101
161
136
117
5
106
112
116
98
92
105
90
144
10
64
145
121
57
136
107
101
145
6
149
119
148
133
112
131
119
84
3
128
107
136
119
110
101
100
107
3
121
135
120
122
105
128
114
94
8
103
121
74
141
131
142
96
128
2
106
84
121
122
128
98
112
113
8
140
112
128
87
106
128
115
127
4
144
106
114
99
138
132
148
120
6
90
121
92
149
145
119
87
121
7
120
82
126
80
129
128
108
82
4
123
92
121
90
125
100
101
112
5
143
119
140
121
123
148
160
147
7
147
150
110
137
114
107
128
97
3
136
97
137
106
89
119
113
129
9
134
125
143
108
106
114
103
122
6
124
129
141
74
108
150
127
128
6
114
129
127
97
111
81
115
114
4
107
135
112
134
128
157
131
89
0
113
110
117
114
135
121
132
128
1
122
122
131
78
95
153
108
80
4
113
149
84
100
101
113
107
102
7
100
121
117
107
112
120
93
142
5
150
114
111
128
112
131
99
108
7
132
117
113
117
121
148
93
129
7
153
107
100
110
144
158
121
111
9
135
109
99
127
135
98
145
160
4
107
100
113
145
135
139
121
125
7
92
106
108
104
138
86
134
120
4
141
142
88
142
114
117
107
112
4
122
94
106
86
115
139
91
130
1
119
104
103
122
114
100
134
78
5
100
139
154
108
131
100
119
119
4
106
102
95
116
104
108
95
155
1
108
110
119
143
128
135
123
113
5
118
114
110
162
97
117
103
123
2
92
85
127
113
115
112
99
143
7
144
105
95
107
97
142
120
87
1
102
135
120
111
100
126
126
106
8
121
116
134
136
156
119
112
143
5
103
99
135
126
72
126
85
138
3
95
128
75
112
104
134
128
101
5
106
115
118
134
155
142
79
98
6
100
105
140
99
126
161
94
142
2
105
105
128
105
126
106
120
98
1
129
98
99
128
104
109
125
128
10
90
170
150
140
119
154
115
168
8
112
83
149
119
112
96
124
143
2
110
93
90
118
118
135
107
111
4
149
142
93
127
128
137
149
96
3
109
100
127
134
74
129
103
163
9
109
100
93
142
99
96
105
77
9
46
96
107
105
107
135
99
103
8
123
88
138
101
124
110
119
102
6
104
107
128
120
79
129
144
123
7
133
124
142
113
135
126
106
123
7
165
136
107
126
115
127
101
124
1
86
130
113
133
69
127
117
113
4
128
122
96
117
103
83
134
142
6
128
106
152
136
102
112
124
78
3
95
129
120
106
100
132
106
138
7
85
104
128
119
99
119
99
131
4
120
63
117
99
101
109
148
135
9
118
128
108
106
113
114
128
79
2
117
116
71
135
101
122
151
138
5
106
102
113
150
122
117
103
130
0
154
95
128
120
131
121
84
109
4
98
105
123
112
110
121
115
146
4
106
140
106
121
102
112
88
111
2
72
128
123
97
127
89
144
128
4
159
128
91
120
128
138
93
112
8
138
102
87
74
150
114
98
117
6
118
128
140
86
112
117
167
109
0
131
133
135
107
89
122
136
113
5
125
129
118
148
99
140
129
135
0
89
108
129
102
128
122
120
112
3
141
123
105
86
87
113
141
111
8
105
84
78
113
113
115
94
89
8
117
107
114
128
120
135
134
111
1
101
140
140
94
81
143
133
142
6
135
118
128
121
113
127
109
106
6
142
97
114
138
108
110
121
84
5
131
148
140
99
103
121
110
129
6
136
105
103
114
114
114
104
119
8
98
122
121
111
157
77
126
120
2
121
156
118
77
126
118
111
98
2
109
133
135
118
133
142
135
108
5
108
107
125
99
117
101
105
125
9
115
112
126
122
136
106
91
146
4
121
108
154
114
106
131
116
112
3
112
99
112
104
106
114
126
132
1
125
124
113
109
122
78
104
145
3
114
113
91
135
121
103
122
120
9
142
121
107
120
130
93
90
104
6
120
132
131
129
115
88
91
93
3
103
113
98
157
102
107
127
105
2
106
137
104
125
114
148
120
93
6
134
117
118
115
111
107
92
114
9
72
112
87
100
110
110
138
154
9
107
108
100
141
129
133
120
97
4
168
116
109
108
131
124
93
90
2
102
91
106
147
132
148
106
144
7
99
92
119
132
128
140
105
107
8
130
89
119
146
169
150
136
184
7
132
98
120
69
107
112
129
110
5
88
149
155
124
79
164
88
135
5
140
104
90
100
141
121
150
110
7
101
133
131
94
99
107
114
135
0
134
94
149
132
155
123
113
119
2
121
130
120
129
98
98
85
110
1
94
119
101
108
92
87
83
91
3
108
112
132
106
143
103
151
99
2
100
112
155
101
98
132
99
94
4
132
90
95
99
76
81
119
127
10
107
98
104
131
124
96
101
113
4
121
147
149
118
128
101
90
142
5
103
143
83
131
123
119
101
113
9
82
135
135
75
147
145
98
121
5
128
72
97
150
115
111
120
80
4
155
126
107
148
137
134
123
142
1
108
133
119
106
137
149
127
107
9
135
141
115
148
135
94
99
92
3
115
126
115
149
98
146
147
107
3
153
125
140
117
112
113
134
127
4
122
111
102
101
107
157
163
146
5
137
127
149
138
128
120
116
142
1
122
84
155
129
124
108
85
63
1
129
73
116
86
116
105
126
120
5
135
120
157
141
122
133
98
102
2
95
142
120
148
113
113
107
134
4
79
134
71
130
102
115
128
110
4
100
111
113
56
78
116
130
138
7
129
111
102
96
151
129
114
120
3
100
85
123
130
123
116
121
155
5
112
123
144
100
121
98
127
75
9
107
119
129
133
116
123
102
135
10
133
112
82
127
121
110
120
95
9
108
83
111
141
148
112
89
106
5
101
70
105
127
99
134
105
120
6
87
110
139
134
129
111
114
93
3
142
95
110
162
134
107
146
99
1
127
131
154
130
105
100
130
142
1
113
110
115
100
100
72
130
159
3
94
97
104
134
131
111
120
94
8
114
105
116
165
122
135
115
149
0
112
117
126
119
117
113
88
119
10
81
86
138
128
92
148
136
100
7
133
150
115
80
106
128
108
93
1
108
133
119
119
142
127
88
134
8
96
150
119
124
94
104
136
138
1
122
78
111
120
95
154
101
105
7
129
120
129
94
89
129
141
148
8
120
102
88
134
143
88
106
125
8
118
90
104
151
110
121
136
109
3
90
127
106
131
131
99
86
113
1
87
100
147
133
69
114
135
95
0
105
132
117
112
101
116
149
93
3
114
108
120
91
120
107
110
127
0
114
93
150
135
92
114
114
87
3
121
135
128
89
59
125
112
127
5
97
122
107
150
124
107
133
120
6
123
129
121
136
92
118
113
130
2
79
106
99
114
105
150
85
156
1
122
125
105
123
72
134
115
102
9
85
121
141
135
102
84
104
127
6
134
125
107
130
114
159
97
113
2
113
123
133
113
140
138
129
90
9
139
97
139
73
124
98
106
97
6
97
114
113
115
92
98
140
174
0
107
101
127
85
136
116
130
138
6
107
108
109
92
131
102
93
128
4
95
106
114
109
92
92
143
168

