12
5
8
4
6
6
2
3
9
14
0
3
5
2
2
0
5
2
14
7
7
7
7
4
2
3
9
101
146
146
112
147
112
121
140
4
107
127
137
87
189
124
92
104
0
141
106
121
141
124
128
107
156
9
89
117
117
129
155
121
87
128
4
93
132
126
97
122
132
135
110
1
77
102
136
99
124
89
120
101
0
131
140
106
112
149
111
114
92
5
108
136
110
111
102
114
92
121
1
127
122
106
73
106
157
108
94
7
125
99
105
145
89
125
119
131
10
126
121
68
114
106
127
144
107
0
141
118
83
140
90
121
105
111
9
138
124
136
121
157
131
108
143
5
137
128
135
77
89
92
98
123
8
109
96
117
148
127
104
129
115
9
137
136
92
121
144
68
165
133
5
110
150
104
117
127
120
128
87
7
80
73
109
98
108
82
157
147
2
111
139
100
106
170
99
133
106
3
76
117
119
113
126
113
102
162
3
78
137
108
129
109
121
91
112
2
88
134
98
110
139
139
154
122
9
96
101
127
139
119
129
84
128
5
125
153
91
127
107
110
125
121
2
149
99
123
100
115
106
114
163
8
139
121
135
113
123
84
122
86
4
121
130
119
112
122
93
141
98
6
121
99
82
147
136
108
163
89
1
107
124
106
85
119
148
107
130
3
123
150
121
153
105
116
80
120
2
98
122
106
115
99
93
104
106
3
110
111
84
144
113
129
86
102
9
140
138
91
139
114
122
108
116
1
101
114
93
96
107
142
126
135
5
131
104
119
108
113
98
129
106
1
113
99
110
113
133
107
76
132
5
137
130
119
113
124
107
107
156
8
111
98
117
141
99
149
116
140
3
113
147
106
126
117
135
53
80
8
137
93
117
140
149
100
142
111
7
116
162
105
129
133
128
104
125
9
92
105
102
96
113
149
108
125
3
117
106
96
95
107
112
92
135
2
119
116
123
139
106
89
150
104
8
121
117
102
120
129
107
107
98
9
148
140
108
99
104
85
86
144
2
114
85
100
142
160
123
101
110
1
90
125
122
128
132
127
138
114
6
115
100
130
109
97
70
135
107
7
141
133
107
119
150
125
122
127
0
94
98
116
96
99
92
95
97
7
112
134
128
123
138
120
128
120
6
144
135
100
129
114
106
93
132
9
129
127
110
110
147
155
99
105
7
105
122
90
111
128
112
108
119
7
137
133
142
113
127
99
117
112
3
125
121
128
131
128
106
80
121
3
125
102
125
108
156
91
72
143
0
121
130
86
96
141
114
108
132
9
118
102
116
118
109
120
142
128
8
134
108
97
125
127
108
140
100
3
82
127
140
119
142
107
81
125
5
108
108
145
160
105
86
137
118
5
118
136
154
113
123
119
128
143
4
147
101
106
140
95
92
127
119
8
86
133
107
130
103
121
129
114
8
95
71
113
104
102
123
99
151
3
116
106
90
125
101
107
88
134
5
117
114
125
121
108
78
121
102
2
123
112
100
119
120
81
111
143
5
134
93
109
147
77
133
128
141
4
124
97
84
115
107
144
111
117
2
94
138
106
98
98
113
108
144
7
133
73
105
113
107
128
79
79
9
111
105
99
101
99
99
110
119
9
121
138
91
104
105
106
111
101
0
115
147
89
141
134
142
114
106
9
139
99
149
102
79
107
92
108
3
108
112
114
118
114
105
93
121
5
100
130
129
132
131
117
108
120
5
113
109
107
99
127
86
125
105
10
117
98
119
162
98
149
138
87
7
118
91
127
122
141
110
126
121
9
112
90
119
80
142
181
100
104
2
114
89
145
154
118
135
72
126
8
152
148
122
161
160
114
125
110
9
148
140
100
98
128
110
129
128
8
126
116
115
135
164
98
134
113
7
97
99
119
106
114
94
113
144
3
104
132
101
129
151
121
156
114
1
136
73
107
158
114
104
146
135
5
131
116
136
77
127
113
144
134
1
127
136
128
86
93
92
93
146
7
89
134
126
113
136
104
118
126
3
100
138
124
114
113
144
112
135
6
131
141
106
130
114
100
111
108
8
85
136
98
122
102
70
99
134
9
120
129
102
135
100
101
122
122
1
58
106
114
117
104
87
92
134
9
115
167
78
113
114
140
115
71
7
138
127
120
141
107
134
99
105
0
143
86
165
108
135
108
130
102
1
114
100
133
155
155
131
141
121
4
133
135
96
97
98
121
93
109
6
128
98
78
65
124
128
114
112
9
135
92
103
112
98
123
127
141
2
107
120
121
91
124
107
115
154
4
129
102
134
124
114
132
128
126
4
134
96
115
118
112
143
124
127
2
108
115
111
107
143
104
111
126
2
120
133
107
105
143
136
31
117
0
98
150
92
111
157
106
113
118
4
107
117
119
77
93
101
121
105
1
94
139
127
71
135
160
112
131
7
77
127
144
121
88
154
95
144
4
101
121
126
75
107
99
98
114
2
123
141
115
113
128
85
128
120
5
128
113
115
99
120
102
129
121
8
121
95
119
78
136
135
109
122
7
155
95
114
110
133
93
127
126
7
120
143
122
122
128
138
145
115
2
94
103
147
113
126
127
105
60
8
108
118
110
126
132
128
104
124
2
118
112
122
113
111
117
105
115
9
133
104
103
136
122
134
114
118
9
92
146
112
107
90
88
127
145
6
104
137
115
87
109
110
143
130
9
122
170
138
125
97
154
109
150
10
106
106
118
128
87
148
149
75
3
134
97
129
127
169
126
98
120
2
134
106
99
92
120
106
101
105
5
93
105
142
125
126
91
120
157
7
97
108
80
94
145
112
107
128
4
142
107
134
141
93
112
112
169
10
155
157
109
86
85
122
113
136
8
136
143
110
97
144
135
97
144
6
126
154
120
100
132
106
112
107
2
110
89
140
89
101
105
137
65
7
99
87
122
71
133
144
111
102
9
131
107
104
100
139
126
134
119
10
66
120
143
104
134
99
142
139
8
115
107
127
93
125
94
132
100
10
106
164
124
135
116
140
171
98
4
109
107
163
117
156
117
93
136
7
87
109
115
99
119
116
156
156
5
131
103
92
135
131
93
126
98
6
126
156
111
146
130
127
115
66
4
143
108
163
96
99
127
158
121
7
110
114
106
94
124
108
120
113
9
125
119
122
160
143
102
115
67
4
114
107
139
106
122
103
106
156
2
194
125
114
127
116
111
101
144
4
101
115
112
116
104
124
127
122
10
110
113
78
142
101
142
101
102
3
134
121
98
112
74
117
113
113
4
99
121
131
87
99
107
127
113
1
122
155
107
127
121
96
123
120
2
82
112
108
123
158
126
93
128
9
116
102
113
106
72
94
148
126
0
110
100
159
153
119
112
141
131
4
129
97
100
121
119
134
138
127
10
107
93
145
93
128
121
115
129
4
139
143
133
80
106
128
123
84
3
119
95
114
127
114
137
101
139
3
135
71
151
129
128
140
119
127
2
108
104
121
113
111
108
117
144
7
103
125
91
126
72
108
155
126
6
135
128
119
114
93
167
112
115
7
134
84
143
93
137
115
82
111
3
118
96
108
90
114
107
130
133
9
147
145
112
121
112
120
142
107
8
153
120
107
101
84
117
115
148
7
135
81
121
101
108
96
120
113
2
136
78
143
119
99
108
122
128
3
112
94
112
108
135
139
91
132
3
73
103
134
131
138
164
99
123
5
156
133
148
92
106
130
119
134
4
102
106
115
132
134
117
122
99
7
129
131
128
128
104
71
126
136
5
107
83
93
103
134
121
137
119
8
132
97
128
99
103
100
135
122
6
114
125
142
149
132
85
108
108
8
125
107
85
129
135
95
103
98
7
118
164
107
159
122
67
101
113
1
68
122
113
99
143
153
128
104
2
135
80
107
134
131
147
131
113
6
93
107
150
104
102
141
141
128
6
94
117
147
109
119
150
89
113
5
145
112
116
115
141
138
121
113
5
107
134
140
112
118
100
151
107
9
79
113
149
89
141
107
136
109
4
115
97
129
114
124
92
134
123
8
144
117
107
116
107
89
108
139
4
92
110
81
147
112
77
141
110
7
106
111
88
125
95
120
122
113
2
131
112
111
122
93
74
89
124
5
123
106
103
88
79
92
105
106
5
166
101
87
132
130
105
145
141
8
113
111
102
130
160
85
112
103
1
105
155
116
109
100
132
121
99
9
105
81
106
158
107
111
112
105
8
114
75
118
113
98
102
94
97
3
101
113
98
131
106
65
94
98
8
121
162
137
154
141
87
100
122
5
114
96
107
117
132
128
135
110
6
105
120
100
90
140
150
116
148
2
125
94
128
77
66
127
133
138
4
58
106
137
124
141
96
119
123
5
122
112
147
86
92
134
116
135
2
113
99
141
146
121
105
142
145
8
114
106
128
121
141
124
87
100
8
109
78
123
151
61
97
97
108
4
127
123
104
96
76
111
137
116
7
102
118
135
98
128
142
117
128
8
124
119
101
121
93
132
121
99
6
120
90
129
127
140
121
107
103
8
93
105
132
136
101
113
107
121
1
111
93
139
134
148
129
103
135
5
79
127
115
104
42
84
113
135
0
120
113
99
128
131
91
131
101
9
135
147
90
102
105
93
109
139
3
133
98
132
79
141
126
85
109
7
127
135
119
93
120
87
148
117
2
114
106
129
113
73
134
132
120
7
125
79
123
114
106
107
104
126
5
143
113
116
84
117
125
82
132
2
120
156
128
111
119
131
73
126
3
139
142
110
119
100
147
111
128
5
87
113
108
98
136
93
103
120
5
129
140
129
107
104
137
133
108
1
133
92
122
89
113
129
94
109
5
93
84
110
115
95
131
127
107
2
130
124
162
96
137
131
121
133
1
94
95
131
127
139
114
135
120
1
101
85
135
77
119
125
127
131
9
127
109
147
140
123
94
106
122
9
90
103
137
140
155
94
74
107
6
101
84
108
141
99
134
141
136
8
154
112
112
91
84
127
117
115
3
78
112
114
107
93
106
90
135
9
108
141
102
120
122
129
116
106
10
114
140
101
96
115
102
107
99
1
96
112
134
110
108
106
144
126
9
143
131
119
139
100
117
103
163
9
98
110
111
133
128
109
113
112
4
122
113
125
115
156
141
94
117
5
108
99
140
112
123
100
115
103
8
131
106
106
154
128
116
149
108
3
123
156
107
84
141
109
156
93
8
109
138
134
99
120
119
107
112
7
115
74
98
110
143
106
108
118
8
85
124
128
121
120
104
134
116
4
99
126
140
99
113
115
176
98
1
120
134
125
86
107
150
104
102
10
113
110
106
121
126
113
128
142
10
126
113
100
107
108
136
113
123
7
106
114
81
106
154
163
150
97
10
106
140
117
133
111
84
131
107
7
145
121
156
126
92
111
120
113
7
124
148
99
60
141
120
106
133
3
92
117
122
155
128
147
144
117
2
99
150
128
130
115
104
138
94
5
115
132
113
102
111
80
133
107
7
103
93
142
100
105
118
92
128
1
107
99
101
97
128
108
115
140
8
86
123
126
112
140
126
93
128
9
131
134
108
134
153
99
133
112
3
102
113
133
101
137
143
134
115
7
104
154
107
89
84
163
161
81
4
106
100
129
151
127
85
114
108
4
117
110
115
97
117
113
144
93
3
101
140
143
124
115
115
107
123
7
107
99
118
113
139
102
113
121
7
155
145
123
101
128
122
106
131
9
147
148
128
126
101
95
80
100
8
91
90
120
133
144
108
91
107
0
105
127
107
94
107
106
142
128
10
99
114
88
147
114
134
105
155
0
116
143
113
112
93
129
123
128
3
108
156
162
120
116
121
154
100
10
103
128
113
93
95
99
140
121
3
99
117
119
101
163
108
130
120
1
135
140
104
122
101
154
106
110
9
92
119
119
86
121
164
135
132
2
129
143
81
92
104
142
114
99
10
62
114
134
135
92
150
150
100
5
100
106
142
139
82
100
111
118
2
147
105
126
122
86
112
92
155
5
106
122
130
145
156
89
101
116
0
100
126
139
138
115
89
131
110
6
90
101
109
61
71
155
94
111
4
108
109
106
134
128
108
128
102
3
121
170
121
155
123
108
122
124
10
141
138
105
126
121
162
123
73
1
143
103
91
142
111
100
162
136
7
116
126
139
109
141
112
120
136
1
113
90
121
84
105
110
135
113
7
97
136
114
118
132
111
118
107
9
134
147
92
71
107
125
120
145
3
128
115
150
95
127
139
95
120
8
112
134
118
101
135
121
152
90
0
85
122
101
115
108
140
112
104
3
146
108
70
135
131
138
84
134
9
149
128
128
144
104
127
103
141
7
127
142
99
118
100
114
138
157
2
136
105
93
100
135
113
133
80
7
119
127
131
114
104
130
133
136
6
127
82
141
113
103
136
113
120
6
106
128
128
100
99
103
107
107
3
87
111
152
105
102
136
119
107
3
114
107
114
108
120
111
169
92
9
119
136
97
126
134
133
114
92
3
105
142
120
154
120
145
114
138
9
94
116
121
78
149
131
107
141
6
169
123
102
137
112
120
102
68
5
74
139
94
115
114
113
98
121
1
98
138
130
128
111
114
118
103
1
96
107
144
119
121
102
126
126
10
92
99
129
122
121
129
111
113
8
162
119
114
114
132
121
116
136
2
128
96
136
100
128
125
114
169
9
73
134
92
115
124
122
78
94
6
119
88
123
93
81
129
93
119
4
120
147
134
145
135
106
141
119
8
113
122
99
99
104
105
112
122
2
138
125
127
108
120
107
80
156
7
98
98
120
142
122
128
93
104
2
103
144
93
135
107
149
116
90
1
115
111
137
92
116
149
133
127
6
91
112
120
104
137
145
81
101
5
94
114
112
112
98
106
106
137
4
129
102
117
98
86
113
152
136
0
86
127
124
126
114
126
107
110
9
90
124
109
113
107
114
109
126
6
124
132
107
141
110
110
91
122
10
100
106
136
133
102
107
112
58
10
134
82
92
103
84
78
139
142
1
112
127
151
137
92
100
125
117
5
116
135
111
141
121
100
92
94
2
140
113
138
111
105
112
134
137
3
95
133
115
141
99
104
120
125
2
99
104
123
115
82
130
91
131
10
128
129
120
156
130
125
110
85
1
114
111
117
80
115
131
105
133
9
71
150
108
114
146
108
116
121
8
107
121
111
143
141
113
154
119
5
124
123
135
120
134
125
78
96
5
116
159
107
79
141
133
140
149
6
109
185
88
162
105
109
93
95
5
77
92
99
136
121
139
110
106
10
137
80
134
115
135
113
133
105
8
107
100
146
128
138
110
121
98
7
99
126
106
142
129
127
112
107
3
162
138
113
139
120
127
128
119
2
114
146
149
101
100
121
134
104
0
112
77
120
94
113
117
77
155
7
106
142
108
124
149
105
106
107
10
98
107
171
121
106
142
122
128
2
160
116
119
72
106
119
107
122
8
128
112
129
112
94
133
87
99
3
85
100
129
119
126
136
130
83
10
92
104
100
106
155
113
126
151
9
99
124
132
132
128
93
148
123
3
113
127
123
142
110
135
90
59
6
134
99
124
121
119
121
102
109
1
101
100
135
129
101
135
105
93
6
155
124
133
122
85
121
114
135
3
92
114
121
107
133
85
93
126
5
141
100
99
117
97
94
112
129
6
137
114
112
119
100
153
115
151
10
112
80
94
106
112
85
131
156
2
101
120
92
110
87
86
159
139
3
104
108
135
136
99
108
93
113
9
128
128
108
123
126
122
112
104
2
117
154
87
140
121
102
126
145
10
98
83
100
92
94
133
94
104
7
109
122
97
104
127
92
107
150
5
112
129
90
140
131
115
97
127
3
110
146
95
129
93
108
140
81
3
136
93
139
134
122
120
111
135
8
91
113
110
121
135
106
63
125
5
130
99
125
138
161
141
115
122
4
126
115
110
106
106
121
117
133
3
140
103
107
142
116
112
152
113
8
96
110
123
117
136
106
105
138
8
80
142
115
129
119
133
115
134
8
102
107
127
122
115
112
72
148
9
159
122
147
107
143
114
87
101
6
156
111
160
108
106
114
135
124
3
104
107
123
120
120
122
79
142

