9
9
6
4
7
3
3
5
4
16
7
0
2
6
6
7
0
7
10
3
7
10
1
2
5
0
5
141
93
140
114
115
109
134
124
2
163
121
143
131
121
117
147
128
4
110
96
141
135
131
164
94
77
8
106
98
132
101
100
113
123
99
2
93
93
100
132
84
106
105
126
9
107
100
98
111
127
81
115
132
2
123
112
86
113
118
120
132
160
4
114
139
156
105
107
98
112
124
2
98
135
120
128
123
129
162
156
6
148
127
85
121
110
126
106
143
7
122
97
90
154
103
123
125
138
3
117
135
124
125
132
125
88
89
6
126
142
134
148
165
107
127
106
7
90
115
119
106
120
157
107
163
6
109
103
73
128
108
115
125
108
2
121
129
113
116
99
131
132
134
4
109
131
106
121
124
86
133
125
2
118
105
105
139
122
96
103
94
2
99
88
105
83
91
91
108
92
9
113
141
115
128
114
132
118
103
5
106
108
119
141
134
107
93
91
1
125
128
119
106
102
115
106
128
2
112
97
129
117
128
92
107
72
2
147
116
115
101
136
101
116
109
7
97
157
103
127
132
141
119
107
4
101
145
113
106
106
101
120
70
1
122
140
88
105
89
92
134
105
1
94
142
114
136
120
141
125
134
10
126
145
103
128
135
130
131
86
5
126
126
107
119
114
128
149
103
0
125
113
105
81
113
134
78
142
3
114
127
96
113
91
125
100
148
5
142
100
134
125
115
114
107
91
6
103
116
142
103
118
127
84
116
1
101
115
92
93
132
155
170
80
8
136
125
74
131
110
133
100
99
6
124
100
98
104
119
92
112
108
2
142
127
130
94
118
136
107
111
2
106
133
118
95
84
140
86
127
6
123
127
84
100
127
121
127
64
7
133
96
173
103
91
108
105
135
4
135
119
99
142
127
130
109
85
8
145
87
85
126
126
125
116
156
2
85
116
107
103
135
119
121
123
4
127
141
105
115
127
137
145
98
7
133
121
134
86
124
175
134
127
6
114
128
141
126
120
131
94
68
8
103
107
72
93
106
146
152
164
7
150
143
104
132
117
158
137
126
7
161
111
100
141
121
99
126
124
10
132
120
122
117
108
85
119
124
6
145
120
113
128
113
130
109
118
6
126
136
113
135
92
94
100
92
1
162
114
128
117
115
94
116
108
2
147
139
135
126
144
134
143
152
6
99
114
93
117
113
133
137
132
1
76
113
115
140
58
135
150
91
3
121
92
101
91
98
149
106
114
5
98
106
114
127
134
119
115
119
8
101
126
162
104
128
119
108
85
9
91
87
97
106
120
92
93
122
9
147
91
70
118
104
86
126
97
5
94
105
114
110
132
148
128
100
10
133
109
137
85
109
82
140
116
7
134
127
96
148
86
97
113
101
4
93
153
96
114
143
118
148
141
6
110
102
122
113
92
119
117
112
6
98
100
91
103
94
142
135
114
8
105
107
143
112
135
165
121
104
6
138
113
86
93
99
106
149
128
8
112
114
134
156
105
112
95
136
4
91
123
104
110
89
134
106
113
6
118
94
146
109
112
145
143
132
6
118
121
138
142
104
113
110
134
10
129
108
133
86
110
109
109
118
9
156
140
148
142
137
120
125
147
9
93
143
135
144
141
126
97
137
1
128
147
141
147
117
141
99
136
4
121
99
120
113
89
163
115
120
6
131
142
127
98
113
107
112
129
0
107
85
142
107
114
126
126
113
4
114
114
128
102
120
83
126
131
2
124
112
132
111
131
126
124
124
7
148
121
106
112
98
120
149
99
5
151
99
115
98
121
97
126
105
2
143
142
116
120
138
124
111
153
7
117
114
113
142
97
138
130
105
4
120
110
81
133
119
86
109
103
3
144
142
105
105
100
149
132
141
1
129
135
115
133
150
117
139
114
9
142
135
136
116
95
111
124
124
3
127
133
101
120
133
111
122
141
7
142
132
87
134
133
106
109
100
7
95
85
132
106
86
70
113
144
6
115
148
141
90
113
99
86
122
9
87
129
149
123
120
118
149
144
2
130
122
105
95
115
137
140
139
1
133
104
117
93
133
133
110
129
5
108
98
116
112
163
97
122
133
2
128
94
115
124
125
170
118
128
1
105
121
114
83
126
115
129
134
3
105
106
122
59
129
149
134
108
7
109
124
124
127
74
109
99
93
2
128
106
107
115
112
148
121
128
7
75
142
136
97
106
117
128
120
7
88
117
105
92
114
135
99
126
3
136
148
114
121
141
147
109
101
5
88
108
138
125
122
105
63
106
6
120
85
93
120
120
82
128
136
2
101
106
122
141
116
111
139
96
9
147
94
106
100
156
120
143
112
0
119
114
138
106
119
175
142
126
0
86
142
95
151
109
136
116
127
6
120
96
94
83
92
103
80
134
6
130
136
92
101
108
101
107
103
9
120
127
124
145
147
114
95
143
4
117
108
117
127
126
133
99
113
6
130
84
131
102
142
92
105
160
4
94
119
117
112
130
125
107
92
9
138
107
155
114
133
111
147
127
2
128
78
115
130
97
95
107
102
1
122
90
127
72
89
104
129
129
5
71
104
116
127
112
124
107
126
4
98
139
119
144
118
138
115
86
7
109
127
135
109
116
101
95
113
1
131
120
101
142
103
109
164
65
9
101
133
154
131
120
129
129
140
9
118
128
88
144
134
121
106
126
4
101
94
101
85
183
145
136
123
1
122
93
123
140
93
115
149
148
9
128
78
114
147
86
119
115
133
10
118
128
142
154
93
113
108
173
7
74
91
114
99
90
128
108
161
7
58
105
98
119
124
155
116
117
3
122
129
102
129
99
138
108
87
7
126
95
106
151
136
119
112
108
10
112
79
101
117
138
100
128
114
1
114
120
147
128
115
158
94
113
2
106
133
120
117
126
91
92
129
5
117
111
130
96
94
96
116
96
6
143
144
119
111
131
136
150
167
4
127
107
125
115
103
134
91
119
1
135
105
100
126
127
113
135
122
8
110
94
150
113
100
149
121
118
4
118
105
120
136
149
97
125
118
7
121
120
117
114
83
133
136
110
6
135
106
146
109
98
84
157
98
9
144
126
107
122
127
101
122
124
3
102
126
124
122
149
113
94
122
3
91
139
125
108
122
119
107
143
8
95
137
98
89
128
142
105
85
3
142
141
133
112
83
131
122
116
1
100
63
112
107
142
93
108
95
9
98
109
107
107
143
99
123
116
3
120
99
100
115
112
112
126
129
10
134
106
106
154
116
135
101
107
2
84
115
85
134
94
98
105
147
4
112
123
101
119
123
151
89
107
3
133
113
119
101
110
142
108
132
4
155
94
139
137
120
139
142
99
8
148
124
133
136
121
93
100
93
9
122
116
122
97
76
135
93
125
0
152
85
140
114
131
178
100
111
8
112
143
95
135
99
144
142
124
5
85
124
111
88
149
138
127
129
2
136
167
93
112
84
162
114
126
3
93
169
115
127
116
124
145
104
8
93
94
120
105
149
120
99
113
10
85
120
122
127
130
120
116
133
1
126
106
96
153
99
129
115
129
10
131
137
106
135
116
102
129
85
0
122
132
87
153
101
117
118
103
8
107
110
136
131
126
104
126
99
6
109
95
98
139
115
129
102
136
10
119
113
110
81
79
115
117
106
10
113
128
122
93
118
136
93
135
9
112
140
125
110
99
112
127
137
3
94
97
113
119
103
146
164
107
2
81
98
97
150
124
113
163
118
10
52
127
163
142
93
134
125
90
8
99
99
149
145
135
135
110
113
6
126
100
113
119
120
108
141
125
1
113
93
99
138
114
91
127
144
3
110
118
109
113
91
157
91
100
6
94
154
121
134
111
111
120
129
8
148
142
72
119
147
111
102
137
3
105
98
110
139
127
106
72
135
9
143
153
136
120
122
127
156
128
4
141
103
136
107
122
121
118
107
9
118
105
133
112
112
120
120
148
4
147
145
115
128
113
127
96
91
8
114
121
104
107
126
108
164
110
10
132
100
98
142
146
120
118
119
3
90
138
104
113
156
105
103
118
4
109
103
143
102
122
124
119
79
3
101
148
129
140
90
128
126
121
9
99
148
125
89
96
116
127
112
1
108
114
131
123
113
100
107
129
5
121
119
116
106
65
105
122
112
4
115
93
118
128
129
140
98
92
8
143
128
170
104
94
116
106
121
6
126
92
135
79
83
105
149
108
10
82
104
118
136
158
127
129
116
2
94
136
143
120
122
140
66
91
2
110
105
115
129
121
112
92
126
6
88
129
107
115
122
113
111
140
10
126
129
94
104
101
148
105
107
7
127
103
121
114
127
135
141
118
2
132
135
116
131
97
114
123
100
3
129
144
78
83
122
147
115
113
1
113
115
141
101
100
120
111
81
7
110
115
139
129
108
105
129
120
1
99
108
134
134
105
93
87
139
9
125
142
145
136
106
123
115
116
6
113
133
133
87
87
124
139
129
2
91
97
109
120
107
147
121
119
7
87
112
51
133
94
92
134
119
3
163
113
138
105
118
133
91
100
2
128
83
75
136
142
135
93
62
10
121
156
131
114
107
156
90
126
7
128
157
122
157
126
99
131
109
6
138
149
103
144
149
108
122
121
4
123
79
122
142
158
138
99
128
1
138
105
120
83
99
89
104
123
6
106
119
106
121
114
150
98
113
6
130
122
111
132
146
107
120
159
5
118
114
98
128
107
123
114
135
1
148
133
121
88
113
123
109
57
5
141
79
121
96
122
123
129
124
3
159
86
148
102
150
120
147
115
4
84
121
107
129
132
116
113
113
7
107
147
112
88
102
131
93
86
3
106
142
85
122
141
131
116
115
9
117
99
142
113
95
119
101
98
7
118
97
139
152
130
129
138
97
3
136
140
92
128
140
134
104
120
7
105
156
113
105
70
158
123
121
4
135
140
114
87
80
155
107
80
1
79
101
109
110
120
152
109
94
8
113
109
149
101
125
80
133
136
7
161
119
131
78
148
118
160
69
3
120
112
141
121
148
135
142
159
9
118
167
104
114
101
93
131
106
8
119
113
138
142
109
124
109
96
4
138
83
89
141
98
106
86
96
5
142
118
133
128
119
120
139
113
2
132
100
77
141
121
128
127
135
7
113
141
123
126
122
153
110
113
6
119
134
122
80
153
132
76
91
9
99
116
107
134
118
106
127
126
2
113
113
120
126
107
149
116
100
7
129
85
108
120
138
149
96
104
7
77
99
127
125
108
139
120
105
2
149
113
138
155
120
106
114
164
8
134
147
127
80
110
143
85
67
6
130
113
99
100
105
118
121
119
2
127
113
93
101
106
120
113
108
7
141
123
122
153
94
141
135
92
5
79
93
129
90
85
134
124
78
9
85
113
105
85
141
134
128
140
5
131
111
101
139
146
85
134
95
3
103
114
108
120
119
115
107
99
1
128
109
108
148
103
107
138
111
5
143
86
124
117
100
131
87
94
6
133
115
157
145
76
79
141
113
7
120
129
128
107
96
64
136
108
0
108
113
113
105
155
109
113
99
1
164
116
132
136
142
134
145
122
6
139
105
100
112
94
133
85
153
6
112
106
114
89
128
146
135
106
7
80
108
129
99
130
98
90
113
2
119
80
106
102
151
112
120
104
2
114
106
129
141
156
128
111
105
9
92
101
113
107
94
112
126
142
9
119
139
107
106
134
60
150
87
1
101
134
120
117
111
128
112
128
5
112
99
121
96
105
128
124
121
5
127
158
110
110
92
94
135
105
3
128
118
106
146
119
126
149
127
5
124
103
128
115
119
135
121
132
2
102
113
114
119
126
117
130
81
8
135
133
137
118
127
128
148
121
2
107
149
107
115
126
108
120
111
4
108
128
106
113
124
102
135
116
2
112
99
134
115
131
121
121
120
3
118
149
78
158
141
120
99
115
10
126
83
107
113
165
116
135
146
2
113
126
126
143
98
144
113
99
9
143
112
87
112
105
119
90
99
8
115
136
91
160
118
98
117
129
9
119
110
145
121
160
153
124
114
2
100
85
127
104
127
156
146
87
1
150
121
115
103
102
84
139
136
8
120
98
87
136
108
113
130
103
5
107
91
82
93
107
125
128
108
6
99
121
80
113
113
85
92
105
8
120
110
86
87
59
92
157
111
7
107
105
119
117
135
102
100
104
3
80
78
110
124
115
119
127
121
1
112
110
135
79
113
126
91
92
1
115
109
99
78
98
100
116
94
1
112
134
136
88
112
133
131
128
9
128
110
121
100
70
130
93
134
9
122
128
118
96
122
127
121
130
7
161
107
87
79
99
101
96
126
7
113
120
129
120
123
155
147
110
8
108
106
158
107
135
94
105
154
6
79
92
116
99
102
79
143
129
1
151
114
145
106
120
100
121
129
4
136
150
112
133
104
91
117
128
2
89
113
98
149
142
136
129
154
7
121
103
121
75
128
120
90
72
3
109
129
124
64
89
133
129
133
8
127
106
112
131
162
127
113
129
9
167
142
113
80
145
104
74
116
9
128
128
153
94
100
84
99
114
5
111
127
106
98
118
86
144
127
7
128
150
107
108
124
113
101
123
9
92
106
81
84
93
84
121
108
9
143
136
120
137
79
89
135
116
0
135
103
81
147
120
104
122
103
3
82
81
114
124
118
89
135
93
8
120
119
161
78
84
154
89
144
3
119
98
155
115
117
130
129
90
6
107
112
120
112
119
121
154
147
10
56
123
73
96
125
127
178
120
8
120
114
102
97
159
94
131
100
4
111
120
98
109
125
107
115
129
2
102
143
114
128
139
131
91
101
2
93
121
161
91
140
121
99
127
0
117
139
100
140
131
130
125
91
7
138
140
129
114
103
127
129
133
8
100
129
120
132
88
122
87
120
4
115
99
119
155
118
113
79
148
3
128
154
126
87
146
149
99
118
8
94
110
129
110
128
112
129
161
5
86
116
97
101
95
92
116
125
3
113
85
76
131
103
127
88
154
2
139
127
115
114
135
125
127
99
3
87
102
140
121
126
113
125
99
1
118
126
99
112
139
127
110
111
6
104
146
94
113
133
93
154
137
0
115
108
136
75
86
128
112
123
1
86
92
118
98
97
103
127
78
7
119
122
113
133
95
108
152
119
1
148
102
85
116
123
128
149
94
8
139
108
119
112
131
146
136
115
6
132
139
98
148
117
104
121
127
4
114
127
82
103
121
126
142
115
2
116
145
98
114
126
141
113
118
0
112
125
155
163
107
128
107
134
4
98
135
154
96
130
77
140
112
7
117
126
93
125
121
111
110
70
8
106
104
78
129
126
121
113
98
7
126
140
157
136
105
129
127
129
5
102
121
140
115
130
98
142
67
6
106
149
142
123
106
103
96
105
8
103
92
127
126
128
136
74
99
6
150
119
92
133
149
75
112
131
7
133
94
94
121
115
142
130
116
5
65
135
113
127
119
139
85
106
9
136
135
126
79
110
136
84
122
5
106
102
120
134
126
120
111
149
6
133
111
101
126
111
126
129
106
9
126
92
124
100
127
108
95
128
10
143
113
105
144
137
93
122
155
1
89
113
106
134
98
79
101
126
2
118
111
126
105
120
125
137
129
7
128
99
120
109
109
100
129
132
3
99
97
106
122
141
102
99
102
4
105
102
128
98
147
76
119
129
10
121
114
77
154
118
142
142
71
8
100
99
111
133
116
129
184
94
6
164
79
105
149
137
142
123
133
4
118
86
134
110
124
98
122
126
9
130
96
116
121
105
164
141
119
4
112
112
138
156
88
116
135
92
5
79
144
84
111
86
124
126
119
8
146
111
92
154
135
101
147
105
4
94
126
98
109
122
127
141
112
2
111
125
159
152
125
120
128
128
5
106
112
125
124
113
112
122
120
4
121
126
105
118
135
127
127
119
7
122
110
128
141
88
77
113
155
8
146
98
85
110
154
90
93
116
0
94
119
104
128
129
140
129
130
8
114
163
88
98
124
99
99
98
4
133
148
99
124
122
119
134
106
7
113
107
120
137
126
109
90
117
4
119
155
88
96
119
105
98
96

