14
7
9
1
8
2
7
3
6
14
7
8
5
6
2
9
1
8
12
5
4
2
2
3
7
5
3
141
106
150
105
113
93
118
121
9
127
140
133
106
104
72
120
145
2
105
135
101
125
117
83
85
119
2
128
101
117
103
126
123
126
96
4
115
92
108
93
113
121
94
122
5
115
127
112
158
90
139
99
92
2
120
126
182
130
97
123
150
143
3
135
124
124
119
128
122
120
135
2
125
131
118
116
131
130
131
126
8
170
156
115
145
139
118
120
101
1
104
80
126
94
102
134
110
103
8
105
94
141
101
133
99
107
88
7
111
125
169
110
111
110
107
87
6
138
134
114
92
77
135
131
86
9
139
152
78
105
121
148
117
155
4
107
113
112
115
150
121
107
103
8
99
99
118
136
100
121
114
120
8
117
140
119
102
115
80
92
97
7
99
120
87
68
132
150
121
102
0
119
122
78
127
114
110
147
136
9
113
95
91
106
110
112
115
136
2
107
123
122
115
106
123
118
133
7
101
120
128
70
94
114
99
126
10
134
118
108
98
116
109
148
153
1
117
156
121
96
134
114
114
133
6
135
135
120
124
125
128
84
177
6
135
132
81
92
108
124
100
114
1
119
99
125
135
136
145
109
136
5
115
121
123
103
106
115
96
93
7
123
163
95
127
110
99
102
112
9
127
106
149
82
138
111
108
111
1
85
134
116
104
156
95
128
109
8
97
109
109
144
128
110
110
101
6
108
105
106
88
123
93
104
142
10
136
109
113
99
100
125
142
98
5
141
143
121
108
106
147
128
101
0
129
120
85
130
99
106
127
122
3
127
128
123
98
120
102
87
112
9
123
124
115
98
117
95
76
135
4
98
111
120
104
120
136
108
105
6
93
114
142
116
125
122
120
86
6
90
101
116
128
118
115
151
109
6
172
115
134
142
168
91
127
112
4
129
101
105
104
96
133
114
150
0
113
110
136
132
102
108
108
122
3
120
122
139
138
147
127
108
114
10
128
120
117
99
135
148
98
108
6
128
115
87
146
135
129
131
101
3
131
99
103
77
115
148
108
107
9
101
158
109
100
140
135
87
121
4
87
123
135
114
128
113
151
99
4
127
113
101
155
127
114
115
140
4
136
139
99
120
106
128
118
133
2
121
105
125
127
92
93
132
98
8
71
92
131
145
88
88
131
100
5
164
138
113
107
117
108
117
101
9
124
102
106
115
141
118
136
103
2
112
111
162
126
113
141
121
135
3
92
115
143
106
134
96
138
151
7
121
133
162
147
105
117
155
127
5
99
84
113
125
104
130
128
115
6
97
113
127
121
121
144
168
152
4
118
112
115
140
82
82
58
122
4
113
132
111
131
117
136
98
123
7
99
120
136
119
109
87
129
112
4
161
106
117
135
140
95
133
111
1
100
114
132
112
97
145
134
101
6
116
116
121
108
116
133
121
151
9
106
132
136
128
101
117
126
143
7
131
138
138
128
128
135
148
124
3
104
119
96
126
128
120
112
124
2
140
137
101
93
133
126
117
112
2
99
108
127
134
135
134
114
130
7
105
126
104
77
111
127
121
104
6
125
143
128
127
94
120
113
105
1
119
79
98
114
118
128
125
128
0
93
92
78
148
125
110
110
79
6
131
110
99
124
84
144
105
118
1
102
120
123
109
117
112
79
108
4
114
140
106
129
99
119
122
110
3
117
111
106
104
121
110
126
75
5
99
121
96
94
120
98
138
147
0
85
124
133
119
136
114
114
134
2
125
135
139
75
106
154
137
116
6
116
132
125
106
119
97
149
83
1
142
103
117
149
148
108
86
112
2
71
127
108
141
110
100
125
128
8
100
120
90
122
139
119
106
81
1
134
122
106
114
113
126
150
165
1
100
127
100
131
119
136
122
105
1
115
95
129
115
139
157
142
109
5
106
113
104
72
112
115
126
102
5
130
94
151
132
126
107
144
120
7
97
99
134
82
135
102
106
124
6
121
134
89
107
127
103
78
107
4
114
109
140
127
106
119
131
107
10
134
150
113
114
90
98
118
134
1
134
120
118
99
128
123
168
119
9
136
114
133
109
141
108
114
113
3
99
72
95
118
118
134
96
106
10
105
167
131
87
123
127
93
122
4
102
64
95
124
136
106
146
93
10
121
105
127
109
122
113
141
113
9
141
119
115
119
124
101
111
83
1
107
100
85
138
125
101
97
88
5
156
108
116
123
99
123
132
105
1
126
106
123
96
127
70
111
150
3
48
128
77
119
71
88
120
95
8
143
105
112
121
136
100
122
134
9
109
114
134
136
85
135
145
88
1
100
109
143
101
113
146
108
107
8
117
112
119
109
116
141
97
121
3
131
130
135
120
78
80
98
151
2
136
114
99
86
102
88
136
131
4
91
121
84
148
99
111
107
150
6
156
91
77
83
124
128
98
109
7
104
101
149
109
127
122
100
109
4
135
92
148
143
93
103
100
142
8
135
110
116
85
97
127
84
127
6
95
139
113
105
136
114
97
146
2
135
113
99
135
105
128
141
91
3
148
90
128
76
115
107
96
108
1
136
152
134
152
112
137
135
112
6
135
100
141
117
123
93
129
115
5
150
98
119
115
101
121
99
137
6
123
148
106
84
133
103
135
138
10
115
131
132
122
63
122
108
122
10
136
101
155
79
90
81
119
120
5
126
150
98
146
107
119
119
85
6
105
154
100
122
106
140
128
129
10
124
125
107
143
101
106
156
122
6
124
122
87
121
88
130
108
121
2
120
114
124
98
127
121
99
109
9
100
120
150
119
125
106
133
99
3
86
94
109
129
122
120
108
106
4
92
68
139
108
111
118
132
117
4
113
106
95
125
127
148
128
143
7
85
121
93
144
126
155
120
114
5
131
110
123
120
107
106
124
127
5
124
88
115
136
93
119
85
127
10
122
113
115
85
81
90
127
115
0
120
149
121
145
98
80
140
113
1
105
111
116
101
114
139
49
107
6
92
133
128
120
109
111
103
86
2
99
144
104
103
98
129
167
149
7
116
105
102
104
110
99
111
129
3
94
128
136
120
151
108
121
116
8
110
107
92
128
117
96
98
117
1
135
99
103
82
128
99
93
122
6
84
92
165
95
125
99
142
114
5
93
74
133
107
122
108
142
126
8
113
107
114
98
123
94
128
127
0
86
94
119
127
133
127
128
119
9
100
125
123
120
100
105
153
113
3
113
107
92
102
73
121
121
106
5
92
114
101
132
124
157
144
98
1
114
121
122
124
70
101
114
122
2
104
108
113
101
117
138
136
120
2
107
131
148
99
134
103
90
146
5
143
104
118
100
105
130
133
136
6
112
110
106
132
114
114
156
120
1
109
106
139
137
155
97
111
113
2
95
114
103
120
106
130
116
112
3
120
117
102
95
154
144
98
136
1
133
135
132
124
142
105
100
131
7
121
106
86
136
93
127
109
99
8
116
133
88
99
92
146
108
146
5
113
99
117
122
125
123
126
107
4
134
116
123
84
129
146
122
150
9
127
85
148
153
121
87
111
88
7
84
92
84
140
127
104
115
153
4
111
119
115
138
94
113
121
139
5
94
121
108
107
135
114
73
127
8
121
103
93
141
111
105
139
85
6
132
157
129
81
114
113
105
152
6
101
93
65
94
121
102
126
93
0
103
130
114
109
116
127
73
99
1
130
116
108
119
149
127
108
114
7
130
85
145
105
145
134
108
100
6
112
125
102
115
139
138
63
114
3
110
120
113
112
83
109
168
79
1
120
86
127
127
103
97
120
124
1
108
138
126
106
123
58
125
105
3
114
115
125
145
143
142
134
101
5
91
136
113
88
100
121
89
114
1
98
120
112
76
140
92
131
111
5
122
128
120
125
114
98
126
109
2
86
135
142
147
94
140
128
97
6
100
92
120
99
160
98
117
107
8
84
125
129
120
126
102
98
128
4
119
119
107
122
134
85
98
113
3
143
53
81
135
106
83
95
108
8
113
126
135
134
142
80
128
120
8
56
106
119
134
121
91
140
150
4
121
143
98
98
132
100
100
108
7
74
100
98
103
115
106
105
116
3
144
106
168
73
105
133
135
122
3
104
129
134
110
150
97
147
89
3
106
109
130
157
112
127
119
149
9
107
101
131
99
97
111
114
106
4
121
131
163
147
70
114
70
108
3
121
137
120
108
126
144
100
108
2
136
147
132
108
132
107
124
169
4
82
113
76
116
122
82
139
112
2
115
121
76
128
143
91
129
136
3
143
98
98
114
89
115
96
85
9
121
114
103
143
93
106
80
116
3
85
122
141
91
142
107
131
143
8
92
94
126
129
101
112
141
113
5
126
157
98
100
129
129
128
122
5
122
119
98
126
126
93
136
106
6
120
94
112
131
119
124
101
163
7
150
133
121
141
80
139
128
113
3
145
111
125
143
124
135
105
137
4
131
70
100
99
143
94
111
120
1
160
143
110
86
120
112
129
115
2
154
131
144
110
101
99
142
103
4
129
125
135
120
170
152
139
131
4
83
162
124
124
122
125
113
121
9
85
96
79
129
90
91
100
164
4
65
86
127
99
120
145
86
91
3
92
143
124
124
127
78
109
120
3
71
106
119
123
120
136
134
117
10
103
91
108
133
88
119
114
98
10
114
85
125
111
99
103
96
100
1
78
112
131
108
140
140
106
108
7
126
118
104
99
122
147
116
136
6
70
87
131
120
114
121
136
130
6
107
126
105
104
140
136
105
128
1
121
130
122
119
142
113
107
130
7
147
141
114
95
100
95
66
133
5
85
139
98
120
100
96
97
123
6
113
102
104
123
144
126
86
87
1
137
111
107
142
139
134
106
163
9
94
79
119
136
121
132
114
79
4
114
104
121
138
121
102
99
155
0
104
135
91
128
137
129
102
98
6
115
117
134
112
113
99
128
134
9
126
129
133
112
141
115
113
106
1
98
120
103
140
150
134
90
121
1
144
103
141
114
94
140
109
101
6
97
104
129
96
92
124
59
112
3
113
136
132
119
118
127
121
127
5
118
107
131
106
137
101
120
96
1
120
119
87
127
78
169
86
148
5
120
111
93
73
101
86
108
103
5
113
129
128
118
69
149
123
125
6
85
129
120
74
101
113
112
99
4
102
119
111
113
157
114
89
134
8
104
121
100
102
136
108
77
78
2
106
105
95
131
85
108
142
127
4
156
115
118
100
106
93
105
143
9
120
77
126
135
112
120
100
107
3
129
78
142
102
89
109
105
88
9
110
125
128
135
117
140
109
128
8
148
133
113
107
132
129
134
91
7
157
93
97
87
132
115
99
116
4
108
97
98
129
60
113
101
94
3
121
95
80
132
114
126
112
136
2
148
124
112
99
144
120
91
110
7
120
108
147
133
120
114
134
115
8
81
128
125
120
106
140
120
74
0
125
137
157
129
84
134
114
98
3
120
144
113
124
119
125
112
125
1
126
147
156
94
158
97
108
121
1
115
87
85
135
143
98
112
110
2
124
108
121
103
177
134
93
141
0
120
134
93
154
86
106
106
88
9
142
110
123
100
116
109
128
111
4
135
107
117
114
127
156
105
129
9
128
112
125
78
120
121
119
153
4
87
130
135
118
130
136
136
105
9
141
114
120
100
158
136
139
131
8
121
113
111
106
139
151
83
155
4
134
100
134
98
99
108
92
120
4
113
139
131
105
97
106
115
135
10
98
126
138
102
128
95
126
78
1
101
104
141
119
110
101
126
95
10
103
127
132
153
104
106
135
142
0
119
136
145
136
132
86
128
154
8
114
126
123
114
124
105
135
71
9
140
115
143
98
99
94
115
147
6
126
83
85
102
87
120
129
112
9
125
127
112
84
138
128
77
84
6
121
107
123
122
135
128
81
105
7
134
140
114
75
134
99
86
133
0
113
140
120
133
102
155
128
114
1
176
141
128
119
121
80
106
133
3
100
147
139
106
128
136
103
109
4
93
112
115
81
113
115
131
108
8
101
129
101
98
132
143
99
147
1
156
128
57
104
145
111
113
167
2
114
92
167
126
141
135
115
137
8
124
119
109
112
168
119
124
84
10
105
112
142
127
124
114
147
92
9
135
93
106
96
141
130
123
106
5
91
146
142
122
108
140
120
142
8
96
140
106
127
103
148
142
139
6
129
161
107
73
102
146
124
111
2
139
138
135
113
111
105
116
145
6
128
128
105
77
102
108
130
70
2
168
98
148
133
130
99
75
114
5
104
107
103
127
114
94
118
121
5
118
100
121
106
135
115
100
134
8
135
110
129
115
112
105
126
130
5
136
103
107
114
106
98
118
106
9
149
105
92
107
120
134
103
95
5
131
131
144
99
106
133
109
87
10
134
112
108
109
102
141
158
98
6
100
118
100
112
130
84
136
110
0
149
114
74
104
142
150
101
128
6
128
136
106
86
99
102
101
132
3
130
128
139
149
93
106
123
133
5
122
61
151
120
122
142
110
71
2
98
102
126
114
134
134
87
98
5
100
95
114
106
124
108
114
133
1
99
153
127
76
126
130
85
142
0
89
155
148
91
138
90
155
122
3
144
122
101
109
105
114
95
99
9
132
119
129
127
130
140
120
113
4
91
74
128
138
148
134
120
128
5
119
140
105
120
107
113
102
122
6
136
91
118
84
96
153
111
116
3
134
127
136
146
142
66
104
125
9
114
147
138
117
114
86
79
124
3
137
140
134
133
127
143
105
107
7
155
120
111
92
128
114
102
123
7
95
131
135
103
122
93
147
100
2
96
126
96
131
118
149
120
98
10
113
90
99
111
124
155
130
106
3
129
144
107
132
109
100
130
107
9
133
141
129
99
112
99
135
111
2
86
133
119
86
78
130
117
110
2
148
140
143
127
121
100
110
112
9
91
103
93
126
110
101
107
162
7
123
127
105
129
149
118
107
79
6
134
91
155
141
141
107
105
97
6
144
131
115
112
81
106
128
93
7
145
133
107
113
115
144
96
140
2
122
147
110
93
119
106
127
154
4
123
147
128
110
110
140
88
110
3
150
148
112
120
89
127
112
114
0
118
94
106
177
142
97
91
128
0
120
149
85
140
119
121
128
125
6
113
87
78
100
107
129
142
149
8
109
87
87
127
108
142
93
107
1
138
82
101
121
156
135
142
121
1
112
149
132
114
121
92
107
140
9
126
121
109
126
86
120
100
120
2
111
98
121
87
111
135
149
123
0
178
133
115
93
108
128
101
142
9
138
127
99
108
144
93
117
129
1
104
156
99
163
107
128
106
79
8
136
119
119
139
120
127
128
116
9
113
121
96
123
106
147
107
110
8
113
126
139
126
107
121
139
112
2
94
118
86
129
100
132
137
148
4
107
131
116
103
133
133
118
127
1
133
161
107
117
112
96
138
128
8
153
132
59
130
96
107
105
114
1
84
150
121
145
121
114
100
106
1
98
135
80
124
92
88
119
128
5
128
101
112
131
157
114
108
135
8
133
98
92
125
142
122
116
151
6
109
125
78
155
96
113
113
111
8
132
93
123
169
94
88
77
113
2
134
100
141
149
81
129
123
94
3
124
107
142
92
135
126
139
108
5
86
129
132
141
124
106
120
135
7
142
110
104
108
122
93
141
130
8
84
114
95
120
85
105
121
113
5
122
112
119
97
120
70
117
107
5
154
117
136
88
115
127
107
184
9
147
127
81
105
121
130
109
91
2
140
115
129
133
146
127
121
93
6
109
87
137
154
94
78
113
100
8
94
128
82
130
94
126
112
106
3
136
106
129
127
141
110
92
127
3
113
118
120
118
156
147
133
119
4
108
130
108
105
100
113
126
131
10
70
121
105
107
128
128
100
111
8
108
136
141
106
76
107
89
132
6
114
80
131
111
140
101
96
95
7
99
111
110
109
138
99
86
127
7
119
117
86
107
99
121
119
114
5
129
108
111
98
135
118
138
102
5
128
107
104
115
127
79
142
119
8
120
148
92
148
128
129
110
124
5
122
132
93
85
128
113
112
141
2
135
104
107
116
127
85
141
117

