8
7
1
0
8
10
4
7
1
17
3
9
5
5
0
9
0
8
10
1
6
7
7
0
4
0
6
122
105
105
93
129
125
140
93
4
98
117
85
125
98
112
117
103
4
122
107
144
126
122
108
103
115
10
113
92
99
121
114
140
113
109
4
107
127
133
114
126
143
140
136
3
122
91
119
99
122
141
167
126
2
85
116
114
123
102
115
141
125
7
162
119
150
105
114
127
115
80
4
121
115
103
148
94
106
119
109
3
116
101
110
111
119
138
115
159
4
96
142
127
152
142
105
106
103
7
156
111
140
112
116
114
130
99
10
118
118
100
147
78
93
119
131
3
162
103
113
131
136
120
163
128
5
119
117
112
107
72
117
99
103
7
148
115
108
91
115
119
117
111
5
128
122
190
104
108
147
92
113
6
131
127
125
96
133
123
99
82
7
102
82
86
135
113
127
126
100
0
117
116
100
135
109
114
69
85
7
143
153
95
142
106
142
119
87
9
120
114
136
86
135
113
134
85
7
128
89
156
120
123
112
104
124
10
114
134
104
143
103
121
100
113
2
118
150
147
109
148
87
117
122
9
92
99
121
150
97
127
130
82
0
113
106
97
100
108
125
115
128
6
127
106
128
127
79
101
106
105
10
122
114
142
125
131
85
155
127
9
114
138
135
121
133
100
91
112
8
113
100
138
126
148
149
117
128
9
94
119
91
71
152
114
127
146
4
101
134
147
122
103
143
100
103
0
101
112
132
145
109
78
100
124
7
112
119
101
170
123
122
126
127
8
112
138
103
142
138
116
164
149
10
86
93
133
112
144
121
98
105
1
130
100
133
134
125
96
154
118
0
97
99
93
133
112
100
115
92
10
102
135
132
143
81
119
114
140
7
111
140
159
84
94
111
136
100
8
100
122
119
103
120
116
157
132
5
162
100
163
101
99
100
108
125
5
114
115
154
90
122
83
127
114
6
127
133
86
122
82
138
120
123
6
100
133
128
150
76
100
91
91
6
153
98
109
138
109
106
94
103
5
148
141
108
133
88
121
141
129
3
128
107
99
122
86
132
100
104
5
121
135
95
99
98
123
118
101
8
154
128
106
133
91
121
156
99
9
147
87
135
111
134
141
108
119
7
98
115
101
127
130
75
104
128
3
103
128
129
149
112
106
129
121
5
138
128
113
132
105
132
144
115
4
131
70
92
134
118
119
129
99
6
117
118
105
129
97
120
121
126
5
103
110
116
120
128
92
121
85
4
115
108
137
141
82
147
86
117
8
137
121
137
118
165
105
142
92
9
146
126
73
98
110
93
146
84
1
127
120
112
107
132
87
132
105
2
133
149
164
101
118
122
134
125
6
114
143
158
115
75
121
122
149
5
119
126
125
107
126
146
128
133
7
115
79
82
135
98
69
128
139
3
104
98
116
126
105
114
101
94
1
114
136
113
108
124
105
117
92
0
120
99
117
127
107
103
86
134
8
116
127
93
124
127
122
91
99
4
161
107
117
163
133
114
91
127
2
109
90
147
122
143
106
107
100
4
136
120
142
126
121
105
96
116
7
85
99
79
107
105
97
92
109
0
115
110
125
127
113
106
129
91
9
88
107
108
123
112
124
114
132
8
111
110
114
119
114
137
112
139
6
146
132
124
108
107
119
70
134
9
122
112
111
162
77
107
84
108
8
114
120
128
128
119
94
101
125
2
84
102
107
149
93
89
111
113
3
147
113
142
94
116
98
76
159
5
100
150
107
142
122
99
121
114
4
111
115
95
134
103
101
154
94
6
104
93
135
94
120
105
112
98
9
145
126
87
97
97
115
105
115
3
117
72
115
160
125
132
119
108
6
111
104
118
90
97
133
106
141
3
77
117
124
90
147
100
164
74
3
146
95
141
104
143
85
128
106
7
135
119
137
82
109
137
116
105
9
127
133
120
72
95
122
127
103
6
98
93
84
130
132
128
145
99
2
83
113
116
120
111
80
139
162
8
116
114
162
147
100
103
148
127
2
127
109
111
126
108
135
122
90
10
116
130
101
123
101
125
114
135
5
156
84
98
109
127
78
118
101
5
119
150
126
131
103
115
87
127
1
142
92
124
86
119
111
111
114
10
106
110
137
151
100
92
123
85
4
139
121
134
127
82
120
135
119
10
139
107
138
130
102
142
115
162
9
120
156
119
153
105
99
106
98
9
91
125
170
121
84
132
108
112
2
128
86
124
142
95
84
119
140
7
130
119
135
131
106
113
86
121
9
156
145
101
97
103
143
106
125
10
123
98
139
150
91
119
114
115
8
131
123
106
119
111
118
107
135
2
115
124
128
141
123
131
131
109
7
135
133
109
138
94
100
142
134
9
72
129
103
128
113
106
111
110
2
128
100
136
126
110
117
85
84
1
108
134
113
108
128
135
135
129
3
122
170
128
134
103
126
136
124
5
129
102
106
133
107
115
113
100
8
133
149
133
107
85
135
99
108
2
142
90
108
149
111
113
94
133
6
123
130
102
103
130
76
102
93
4
77
87
129
116
134
114
85
155
5
126
124
77
99
101
114
73
120
8
96
127
93
123
100
109
116
113
9
134
133
121
120
80
93
135
129
6
91
154
74
94
115
99
79
82
1
144
126
113
126
122
155
129
98
3
136
119
149
123
105
141
113
141
3
112
110
93
95
66
102
83
140
2
112
129
107
114
105
108
150
103
8
124
101
110
140
106
70
126
117
9
119
110
106
115
94
121
116
94
1
126
119
133
120
124
100
117
113
0
114
98
120
94
74
120
78
113
3
152
127
111
128
125
113
160
80
5
136
71
95
98
93
120
110
94
4
141
128
82
94
114
93
94
156
4
121
130
99
141
98
156
128
147
3
85
140
98
112
124
111
107
146
0
129
163
119
126
86
167
106
118
0
106
106
112
128
77
114
100
128
4
113
123
115
110
104
130
107
110
9
130
106
136
134
112
119
100
94
10
93
114
99
106
136
162
94
140
7
87
102
94
64
99
132
107
112
8
110
128
87
132
89
107
117
110
4
107
124
119
109
124
126
66
119
2
86
117
145
122
114
133
77
71
6
120
124
155
113
97
78
140
132
9
125
100
114
132
146
128
129
113
1
118
99
109
127
160
110
101
97
7
102
126
118
113
106
134
128
114
8
93
95
122
114
78
129
108
120
7
86
120
100
129
125
105
120
111
0
115
120
100
134
106
157
126
77
1
109
125
123
120
132
115
142
99
4
118
118
119
125
115
125
126
103
1
138
100
93
102
92
120
113
127
4
108
79
113
121
107
99
114
117
9
100
135
93
114
175
106
109
135
5
119
118
127
140
142
100
141
124
1
126
121
141
134
138
115
96
139
5
102
85
138
120
131
94
85
124
4
110
107
115
87
112
134
101
99
2
126
120
85
105
137
136
95
163
10
128
128
139
121
97
124
106
129
3
114
141
96
143
114
141
89
134
4
92
77
93
112
121
92
98
113
6
93
99
90
138
125
127
116
116
2
99
121
69
112
112
134
103
133
8
120
114
132
113
105
139
126
112
1
50
99
86
112
126
135
137
103
1
100
126
126
83
139
114
114
143
10
113
87
112
122
141
156
125
115
6
89
121
115
135
149
113
113
131
2
128
125
145
122
142
146
126
112
2
94
114
120
125
147
102
102
112
7
121
102
86
110
168
135
91
129
2
142
78
130
109
142
111
113
75
0
163
162
113
98
107
102
142
107
3
114
121
98
97
107
84
106
142
6
139
135
101
138
120
100
144
137
9
110
114
114
126
115
113
133
141
2
149
85
134
127
94
89
121
121
0
141
127
112
153
91
128
114
124
8
107
150
133
119
151
134
96
118
6
119
106
141
116
133
92
84
122
0
96
122
127
141
122
89
115
120
3
106
146
101
128
148
80
115
140
0
118
132
125
84
115
104
92
154
2
120
127
156
128
113
71
144
111
1
122
87
104
106
100
121
105
135
6
107
106
76
166
117
118
155
95
3
88
147
117
135
133
146
111
111
1
100
130
81
134
91
126
128
150
1
79
105
91
94
121
96
116
146
4
97
111
91
113
140
138
114
102
6
117
131
91
130
107
81
95
161
5
99
103
94
113
88
100
91
159
4
123
126
65
135
147
154
117
112
3
125
157
108
128
128
141
129
116
6
147
114
142
128
129
96
127
107
3
122
113
107
128
167
95
104
118
3
124
113
113
115
106
100
112
85
9
129
99
140
134
71
116
88
115
8
111
127
121
100
122
96
108
151
2
89
128
107
93
109
108
135
166
7
149
93
105
144
121
119
116
139
0
120
81
105
126
102
100
152
123
2
136
113
106
86
124
137
93
130
5
91
155
122
148
103
77
124
111
4
158
92
116
107
149
143
110
120
8
112
128
103
114
108
116
124
127
10
101
119
106
124
119
118
81
136
2
97
131
130
155
113
126
112
92
3
127
129
130
141
105
122
127
134
2
106
144
128
99
75
120
111
130
1
109
106
77
138
103
110
156
107
1
126
121
135
98
78
105
105
140
6
120
110
145
108
116
102
120
114
7
114
104
126
155
106
89
98
150
9
116
93
122
128
113
104
124
123
3
125
98
101
120
88
115
148
110
7
116
122
106
70
75
151
118
125
2
103
128
143
154
99
90
88
126
1
117
143
74
126
128
107
121
84
9
138
123
116
100
79
101
121
95
10
117
85
92
125
142
120
101
146
5
112
130
95
124
143
96
93
99
6
87
157
106
112
107
119
122
141
2
130
88
92
135
141
115
95
138
4
123
109
105
110
109
120
113
131
5
78
177
124
79
73
105
127
162
2
120
142
99
134
129
106
116
109
3
129
94
104
138
105
110
124
98
2
121
107
129
121
144
113
120
128
6
101
113
127
101
135
138
142
150
2
115
71
148
105
129
163
118
110
3
112
106
123
107
113
117
100
116
6
136
108
128
113
105
92
143
125
2
101
98
91
132
127
123
126
124
4
107
107
126
65
140
83
71
121
8
142
127
120
121
100
131
123
149
5
128
111
113
124
151
121
125
129
4
119
114
133
132
107
120
120
113
4
128
111
115
122
112
98
74
130
2
82
175
113
90
101
126
64
133
6
141
142
146
141
65
111
102
108
9
132
123
100
124
86
106
119
96
1
103
95
113
147
128
50
126
106
2
93
96
152
127
112
111
93
103
4
134
140
101
113
118
90
148
109
8
117
121
111
119
89
91
91
124
9
128
150
121
126
102
132
134
108
1
120
79
113
122
109
123
93
122
8
109
113
105
106
93
134
106
78
9
113
109
125
113
110
101
127
128
7
119
137
138
124
133
125
106
154
0
137
86
135
135
108
87
120
149
7
65
126
76
93
101
129
103
124
8
110
135
121
119
106
141
123
110
9
125
120
121
106
154
102
84
127
2
124
78
121
48
92
142
104
141
2
121
106
122
112
112
114
123
132
5
113
167
99
88
119
103
139
154
8
148
131
140
135
106
95
125
102
1
132
142
102
126
113
137
122
113
9
157
122
90
122
129
116
134
155
6
114
154
123
105
128
125
120
120
5
170
77
154
65
127
113
106
121
2
145
130
89
81
98
114
87
118
3
121
144
136
110
98
115
127
148
10
78
157
105
114
106
141
138
99
3
141
92
100
119
113
117
112
97
1
114
108
118
106
134
108
156
99
1
134
119
125
139
129
112
128
127
4
84
119
73
116
120
97
116
99
5
124
122
91
125
78
156
104
90
2
118
101
93
101
126
106
86
139
4
116
127
115
108
115
111
89
119
6
127
119
110
122
117
124
136
119
6
114
128
78
95
133
120
88
115
7
99
127
84
121
113
110
125
117
6
131
93
136
126
127
117
119
102
10
92
78
97
117
112
109
134
138
0
107
118
105
144
83
105
89
121
7
130
140
133
128
149
126
118
120
3
93
142
116
145
84
128
122
135
7
138
132
100
121
101
108
103
110
6
92
118
119
121
107
94
117
112
8
99
120
113
117
135
106
111
121
10
87
102
114
131
82
71
135
156
7
121
140
111
100
107
121
141
116
7
87
101
128
134
102
150
108
112
5
61
113
142
132
139
147
106
101
1
93
128
99
100
159
89
120
128
3
102
94
86
161
125
106
98
94
7
100
120
114
125
107
112
81
159
1
78
142
108
122
97
125
146
150
3
145
108
121
111
136
101
140
96
1
97
92
89
119
72
98
112
141
2
116
121
80
160
151
135
147
97
3
115
152
80
115
112
130
119
138
2
126
138
119
103
121
108
122
157
6
106
78
123
99
114
111
99
95
8
136
123
108
113
120
114
101
90
1
112
130
108
149
130
121
110
126
0
91
130
89
128
153
89
156
103
6
123
87
122
108
134
128
111
142
5
122
72
105
70
164
93
98
175
8
66
144
85
91
106
141
98
108
5
138
156
79
134
111
109
142
104
5
123
83
123
110
105
126
99
127
6
85
122
129
100
91
148
113
129
5
122
143
146
140
116
134
114
134
0
115
117
102
101
128
107
108
119
9
119
76
128
91
91
113
156
119
5
137
82
143
80
150
116
105
127
9
138
111
128
117
113
126
128
93
9
119
106
92
150
164
116
151
131
10
99
107
113
87
101
129
125
119
4
113
134
108
103
114
107
115
105
1
121
102
108
112
137
88
58
117
4
134
128
121
106
116
131
88
136
4
115
110
140
120
80
102
92
162
9
126
126
123
105
128
94
128
119
0
47
169
156
118
97
109
115
134
5
79
115
105
137
145
120
122
112
1
116
141
116
135
112
106
114
113
5
128
122
91
128
105
127
110
121
3
144
143
106
115
126
114
112
117
3
105
105
134
129
129
132
132
112
3
73
97
100
127
99
135
140
134
9
135
99
142
142
123
120
86
107
6
131
142
111
91
145
119
115
124
3
121
128
149
97
85
101
108
75
1
120
121
98
86
142
143
114
129
2
143
98
146
121
99
116
133
119
6
107
111
109
129
123
110
157
144
7
108
131
99
103
64
122
92
127
5
95
126
116
134
119
95
96
121
4
113
141
132
126
119
130
129
132
6
149
121
115
99
120
112
128
112
7
107
107
150
100
120
127
121
141
1
134
131
119
78
128
86
99
139
9
100
141
135
105
109
92
107
113
1
106
107
77
100
140
112
142
95
0
121
140
88
114
111
113
142
166
7
134
141
74
91
135
126
104
111
2
92
134
103
115
117
113
144
87
1
103
127
142
127
99
99
120
101
7
109
139
94
120
169
122
124
136
3
94
143
104
100
130
93
98
92
5
113
107
115
126
85
129
146
127
8
141
155
168
151
134
110
74
88
2
104
98
110
92
110
97
102
93
5
121
122
100
121
120
144
134
92
1
105
99
97
161
125
149
106
132
1
120
111
120
133
132
120
114
96
7
94
81
77
128
99
129
70
71
5
111
137
121
116
105
115
134
141
9
111
103
105
113
99
141
144
151
1
135
129
113
85
99
141
137
112
2
88
81
123
77
131
138
148
75
8
126
119
119
158
129
111
106
105
3
82
98
122
149
128
89
128
138
5
110
102
108
112
122
111
122
120
3
121
135
96
97
121
98
122
142
9
99
92
130
91
129
132
100
174
4
113
86
84
92
126
153
120
93
3
126
97
117
136
92
112
112
128
7
147
137
97
85
127
147
106
135
0
107
99
101
142
134
85
122
111
3
138
135
106
125
101
158
141
128
7
104
113
86
149
154
147
100
85
4
134
102
108
92
94
120
116
100
5
104
120
117
143
109
123
120
136
2
118
127
107
119
113
126
95
153
8
125
127
110
81
126
153
142
143
3
108
145
141
116
98
122
122
150
8
128
82
152
95
104
112
93
143
2
101
142
90
129
140
100
129
106
2
145
115
117
94
128
124
129
89
7
127
132
120
71
127
138
110
125
2
135
117
119
128
109
80
93
118
9
101
149
106
105
120
121
108
120
10
116
100
90
131
127
115
116
101
2
113
122
91
101
125
113
81
92
5
123
153
127
124
108
132
137
129
7
120
103
129
122
114
130
127
122
5
116
118
87
92
122
113
86
96

