10
3
0
8
4
9
4
1
5
8
9
3
6
7
9
5
5
5
11
8
9
0
2
4
6
7
2
153
121
100
86
102
113
106
142
2
114
113
115
161
119
90
160
100
8
160
137
138
121
99
127
121
115
10
150
103
163
86
123
136
147
113
4
145
87
139
141
111
117
94
96
1
94
128
101
86
115
128
147
155
1
143
126
117
85
142
115
112
133
3
138
130
94
87
134
128
115
113
7
80
112
136
105
121
125
136
108
7
124
78
119
98
127
113
142
101
5
131
127
119
97
109
116
112
128
4
98
134
129
117
133
72
140
87
0
131
149
124
142
121
116
143
127
2
135
111
158
72
108
86
98
102
7
105
129
86
129
116
100
91
140
9
98
124
125
114
122
136
148
108
9
99
113
127
100
105
85
108
129
5
155
142
130
120
106
105
94
129
5
135
134
134
120
128
93
122
115
8
156
142
121
110
140
98
120
82
3
100
126
89
100
110
121
122
114
4
116
123
154
110
116
118
120
100
5
128
134
152
119
112
134
119
113
2
128
113
163
135
129
147
131
138
3
93
134
134
68
108
132
104
95
5
107
114
146
99
113
112
91
97
9
120
98
72
122
116
123
126
121
6
121
98
76
122
124
108
119
98
9
110
121
101
120
134
113
110
109
9
112
148
121
135
89
118
119
75
9
132
110
114
58
104
154
77
157
3
132
121
121
141
107
122
75
91
2
85
122
120
121
122
98
124
147
1
120
142
94
122
97
112
123
116
4
93
121
102
142
128
98
146
170
1
106
122
134
139
99
115
112
147
1
129
130
101
91
104
106
127
117
2
114
135
110
124
115
113
133
107
5
134
125
114
124
117
81
128
147
5
126
129
163
123
101
86
140
89
8
140
102
141
93
152
107
118
97
6
137
134
114
98
88
90
89
95
4
122
121
149
119
133
130
111
136
10
100
113
109
137
104
152
143
114
4
127
118
69
94
88
135
108
106
1
95
97
102
82
99
132
100
103
7
142
139
115
112
112
134
142
99
5
86
128
100
99
123
133
131
160
9
121
109
101
112
119
112
112
113
7
112
112
157
145
129
121
113
105
0
113
124
142
89
124
117
140
120
6
120
115
136
86
154
135
101
100
7
126
80
150
121
106
115
86
159
2
148
122
142
144
127
113
127
88
4
107
109
107
127
148
91
124
92
8
78
81
117
107
150
114
125
111
4
148
114
99
101
123
116
135
99
2
129
134
93
112
47
73
102
115
10
172
113
99
116
127
119
101
138
10
144
135
127
106
76
133
155
122
4
101
108
126
133
126
115
115
129
6
94
110
122
66
110
82
106
95
4
81
135
112
125
137
169
134
136
7
141
92
122
144
85
82
84
73
5
128
145
138
91
112
106
120
124
10
123
113
111
135
113
141
100
127
1
132
106
132
99
133
132
102
97
2
114
126
152
85
82
127
141
129
8
83
143
94
93
82
155
132
106
8
112
114
128
116
99
112
122
70
6
161
128
128
145
108
106
115
125
1
78
93
105
123
101
105
133
103
1
132
107
120
155
150
129
134
107
1
134
148
107
120
72
140
112
72
5
66
137
86
145
127
115
128
111
0
124
122
94
128
103
107
103
114
6
88
157
137
107
82
85
149
152
6
101
151
121
144
119
87
113
113
4
137
108
129
136
93
132
118
91
8
161
106
115
125
100
130
126
122
10
91
129
115
72
121
103
76
128
10
125
102
87
123
134
125
118
130
9
122
137
149
135
98
130
86
93
7
114
185
154
121
101
154
135
134
0
90
101
135
116
100
116
122
91
3
114
174
146
144
122
113
122
137
3
112
140
116
106
107
84
134
120
7
125
118
116
130
90
101
113
121
0
142
92
105
133
96
121
123
139
1
147
124
90
136
94
78
98
90
6
151
74
101
103
82
102
87
115
5
120
120
117
92
113
133
112
118
5
124
148
134
124
135
100
75
133
6
119
101
139
121
122
82
169
102
9
123
140
111
106
148
86
128
102
9
141
101
100
109
147
154
110
110
1
124
127
135
94
120
115
96
146
5
92
127
130
129
92
113
118
98
6
109
120
150
127
101
105
113
122
0
109
112
112
110
113
128
111
98
4
113
120
114
141
106
121
131
115
5
134
110
115
119
106
117
100
92
4
77
127
93
148
122
133
176
157
4
113
108
120
100
92
106
112
109
5
119
118
135
118
114
115
127
131
0
103
132
114
108
110
114
133
112
8
73
86
114
112
114
97
128
116
1
101
115
134
107
116
142
139
133
6
94
106
131
139
101
87
107
116
3
108
128
106
158
121
128
106
96
7
142
129
131
134
94
98
111
120
8
93
115
77
118
127
122
89
137
0
82
69
114
150
85
114
122
128
5
99
126
114
128
154
135
113
104
10
90
101
126
103
66
115
85
114
1
129
120
143
141
140
117
107
113
8
125
110
132
113
122
145
115
152
3
122
105
107
135
106
112
135
92
1
135
121
132
128
127
74
136
124
5
111
101
91
89
92
126
126
127
9
117
107
107
146
137
155
101
130
8
149
114
92
135
116
140
159
121
4
121
59
107
102
137
109
105
116
2
120
143
111
100
101
137
133
105
3
146
122
136
141
119
142
155
117
5
83
109
112
127
141
121
107
97
5
114
114
85
99
138
125
110
131
5
120
121
125
140
115
95
101
116
3
103
149
128
99
101
108
115
100
9
173
110
159
101
112
79
119
152
5
114
101
106
124
99
98
125
97
6
136
125
122
98
127
119
85
100
3
116
140
87
104
128
121
106
87
8
127
135
128
87
127
104
129
105
8
108
116
142
91
127
113
82
129
5
103
97
84
123
93
99
94
121
10
103
121
97
105
64
109
111
136
9
143
121
100
123
105
109
112
134
10
121
117
157
133
127
110
110
131
2
85
111
114
104
117
98
148
127
3
116
155
109
97
132
127
96
113
6
141
119
98
134
76
96
86
96
4
113
102
119
104
99
169
95
85
7
124
140
98
114
123
99
149
68
7
150
143
99
99
138
135
100
130
7
108
149
121
109
88
138
112
118
4
136
108
138
96
120
97
118
92
8
162
92
121
103
137
130
122
123
1
119
117
128
95
116
120
132
120
8
112
127
131
94
103
126
112
93
3
117
115
134
129
127
114
106
113
2
119
130
140
139
118
139
112
86
1
101
89
128
123
121
65
95
99
4
162
129
107
132
63
106
141
121
3
137
110
153
164
103
109
122
113
7
150
106
91
129
142
105
113
113
0
99
148
115
114
128
103
97
137
2
107
112
70
156
144
136
91
127
7
119
106
99
127
122
71
101
126
10
135
85
124
109
134
100
87
108
8
115
149
119
134
121
135
136
90
1
88
98
96
113
144
92
129
87
9
140
103
134
146
130
119
134
140
4
121
143
123
95
136
142
140
115
8
113
139
135
110
127
105
131
101
7
120
121
115
110
131
113
123
117
1
145
105
153
112
106
150
170
116
9
99
127
126
102
106
103
117
122
5
142
106
137
135
123
84
122
113
8
157
106
121
121
118
107
106
148
9
110
115
143
116
101
134
81
129
8
111
129
59
106
138
121
122
94
7
115
127
113
83
138
107
111
143
2
96
136
131
106
141
110
121
86
8
126
102
140
82
91
99
88
105
6
107
120
148
71
156
90
144
127
3
106
107
122
123
86
109
146
115
3
114
142
107
93
86
150
112
148
4
107
79
116
122
95
106
111
106
2
95
112
130
118
124
130
117
154
2
104
115
95
128
145
114
79
112
1
107
99
149
81
113
139
105
77
7
122
171
94
122
129
105
140
115
9
121
128
120
133
127
135
121
100
7
147
106
116
58
105
101
144
104
7
120
85
104
143
78
107
126
141
10
131
163
132
106
118
115
121
91
2
108
114
123
114
98
113
94
113
1
92
115
125
115
74
136
113
151
8
103
138
128
94
112
114
148
85
3
108
114
136
143
131
141
71
119
10
77
102
123
100
101
83
122
95
1
84
115
135
115
90
157
135
78
6
91
129
99
134
101
116
108
136
9
138
136
98
114
105
121
134
111
8
90
124
118
129
130
114
111
84
4
86
143
129
113
92
130
141
113
1
110
113
86
71
93
115
90
89
3
122
135
139
126
136
120
116
102
0
127
118
98
121
105
110
131
74
5
109
166
109
120
100
107
117
97
3
110
134
127
99
113
113
98
94
0
128
122
85
62
131
93
116
105
1
105
138
85
132
123
87
94
103
6
123
79
67
97
86
121
131
114
4
133
142
137
94
97
135
87
124
8
79
135
128
124
126
129
141
94
4
154
125
71
93
96
115
109
136
1
108
134
127
120
127
136
121
128
6
130
114
96
106
106
113
127
100
0
135
108
135
104
142
114
126
106
7
116
92
120
120
139
100
116
139
0
123
129
141
100
106
129
150
100
2
91
134
112
110
122
95
79
98
2
97
154
117
127
115
118
128
145
1
116
119
107
121
138
57
144
92
8
80
102
104
111
146
115
112
121
1
131
98
129
121
105
121
114
142
8
133
109
134
74
133
110
148
94
0
136
79
119
84
98
100
107
150
7
101
121
134
106
151
115
108
110
3
135
125
79
117
121
146
129
108
2
139
149
99
147
153
121
127
114
6
109
123
117
122
156
128
104
160
10
140
105
91
126
109
137
130
113
3
109
148
135
103
117
121
138
162
10
114
118
72
109
122
132
101
91
3
83
120
108
141
124
103
121
92
6
108
123
156
106
156
109
143
117
10
105
119
100
133
115
88
122
135
0
111
120
102
106
103
135
88
98
6
99
152
115
112
118
152
107
164
6
105
100
110
94
141
107
128
124
4
85
109
114
126
92
113
114
110
8
99
111
113
139
92
129
73
133
6
140
103
120
125
128
126
126
114
10
122
171
138
106
88
93
172
93
4
146
101
129
106
108
91
111
132
2
112
130
153
93
113
138
118
121
3
139
100
108
149
109
120
129
133
2
119
129
157
125
99
141
135
92
5
136
106
84
135
99
148
140
133
8
114
125
108
152
100
145
122
128
2
128
107
112
136
155
112
140
135
1
113
100
144
133
106
95
138
102
2
156
87
108
107
154
120
99
105
7
134
94
80
119
90
100
93
109
2
135
106
99
84
120
128
93
123
8
136
82
115
133
115
128
138
95
3
135
87
100
120
134
155
115
85
7
127
93
142
103
120
95
128
128
5
112
107
99
142
122
118
134
108
1
75
92
135
134
144
151
112
128
2
128
121
138
91
94
105
113
85
9
141
90
131
78
113
82
113
112
7
123
168
147
153
131
95
154
109
0
116
154
126
121
115
134
135
90
7
84
140
120
112
98
137
126
140
0
119
134
125
94
129
99
142
131
6
136
114
112
113
144
86
126
105
3
124
123
81
154
152
102
104
131
9
155
101
144
126
153
126
88
113
9
128
77
125
120
121
140
99
88
8
126
118
92
114
117
113
122
148
1
134
137
127
98
115
131
149
147
7
140
98
136
139
94
135
164
122
2
85
81
93
122
142
108
113
142
1
76
141
137
107
114
105
146
100
9
144
116
125
122
123
107
90
96
2
100
115
107
127
161
100
132
123
7
136
112
81
91
102
120
128
105
8
120
131
117
114
135
122
76
114
0
127
131
147
130
99
114
81
119
4
85
114
129
123
113
113
121
100
7
121
115
91
155
150
122
117
124
3
110
127
119
128
113
137
149
94
8
86
119
107
153
122
85
94
112
3
115
157
112
113
110
105
100
120
8
134
115
126
149
155
103
127
114
10
121
134
92
94
114
95
127
105
5
146
104
108
66
111
100
110
80
9
136
98
103
92
127
154
146
108
7
112
116
149
132
147
128
115
122
4
90
99
141
114
139
149
120
108
2
106
129
110
124
137
118
141
85
5
133
85
149
128
99
139
118
96
10
119
164
90
156
96
106
141
124
9
80
88
149
134
71
107
114
119
9
112
134
109
115
128
120
70
73
6
128
107
89
127
88
87
93
74
5
142
106
103
132
127
135
156
127
7
148
147
127
112
110
120
86
120
10
122
148
103
133
107
102
123
83
4
120
107
75
96
79
138
118
127
9
103
127
98
98
126
99
116
128
2
137
117
125
127
141
99
85
90
3
146
127
133
105
99
108
131
104
2
107
121
137
120
136
126
98
74
8
135
108
94
115
80
150
153
106
3
136
113
128
119
105
139
135
107
3
113
125
128
135
117
120
115
150
2
155
140
112
132
126
127
113
99
5
105
113
120
97
107
99
143
129
10
90
113
162
112
139
90
122
105
5
113
139
135
85
108
120
107
105
2
138
105
149
149
132
119
130
140
5
91
134
109
93
136
72
115
132
4
110
119
138
124
105
92
128
141
8
122
115
99
165
122
127
127
132
6
112
134
123
107
113
116
93
114
6
106
135
102
126
101
102
102
116
8
136
123
132
119
101
135
100
107
9
97
106
125
119
116
114
127
120
0
117
120
130
146
106
87
116
114
5
94
120
179
146
67
79
133
113
8
100
130
90
119
123
129
149
121
10
119
127
121
124
103
125
135
130
1
115
146
79
95
176
78
99
84
5
106
105
119
115
132
113
98
136
4
135
117
112
96
92
102
63
149
6
115
132
106
125
128
162
143
107
2
112
70
113
72
103
102
107
154
8
121
119
136
57
87
95
130
117
9
127
110
75
110
129
129
134
134
9
85
129
137
84
123
145
104
140
0
137
76
132
147
128
112
106
121
5
106
148
114
147
129
142
128
137
9
141
103
128
108
85
138
103
120
2
135
97
106
103
111
99
135
119
7
95
146
121
99
122
133
133
136
1
130
79
120
125
118
142
107
154
6
130
122
163
118
105
118
138
105
8
113
124
143
78
82
130
114
133
7
127
142
161
99
141
105
143
132
9
120
111
112
123
119
134
135
120
8
114
120
123
72
115
126
139
119
6
128
134
108
100
112
108
156
83
7
125
107
121
144
113
113
149
146
3
135
90
97
126
90
127
151
79
6
120
105
107
119
93
92
143
92
3
140
125
126
123
126
135
82
120
4
138
128
154
112
104
157
142
87
6
90
112
86
115
127
102
132
127
2
150
132
117
77
114
149
106
134
4
128
117
145
145
142
92
107
120
6
124
141
116
113
161
135
117
117
2
86
101
115
127
116
128
128
126
9
151
80
106
108
97
112
94
79
1
153
104
150
146
120
130
134
115
8
101
123
109
62
104
152
80
94
8
159
130
132
117
125
80
122
121
7
133
121
95
107
151
155
156
103
0
124
124
66
77
149
91
103
153
6
94
120
73
83
95
142
104
134
10
108
107
91
120
106
114
135
115
8
127
114
96
143
117
129
143
124
2
112
127
123
97
128
86
106
144
3
127
108
136
99
162
110
121
149
2
107
119
141
101
104
95
114
142
2
99
107
122
128
95
115
121
114
1
93
109
109
128
126
79
114
128
9
149
104
113
105
119
143
140
124
8
114
105
138
117
80
118
104
106
10
133
120
156
119
109
100
119
142
6
128
147
106
104
84
79
118
149
2
95
129
130
111
115
171
126
113
4
153
101
176
118
158
139
139
122
6
112
114
113
112
113
105
133
98
7
134
144
130
154
115
120
99
134
5
116
115
85
120
110
154
141
128
4
112
140
100
112
108
73
134
129
6
115
134
121
156
103
143
99
117
4
124
157
127
143
117
149
106
114
3
100
142
93
72
121
110
153
124
7
119
127
107
107
134
133
133
140
3
123
100
148
92
107
141
83
157
3
125
105
117
91
127
126
106
118
10
106
98
115
79
88
137
125
134
7
129
144
86
99
73
127
97
136
8
130
75
80
105
92
125
128
136
8
73
134
128
129
128
107
126
128
0
99
88
127
116
141
104
101
99
4
118
90
73
149
114
141
129
116
3
159
154
100
125
118
112
113
107
9
108
137
118
96
138
170
106
129
2
140
85
149
114
150
110
98
110
1
121
113
113
157
97
107
103
111
10
133
122
98
128
119
92
108
127
5
138
83
153
120
147
110
98
112
2
118
113
111
154
101
106
107
112

