10
5
0
1
9
6
3
8
9
12
7
3
4
7
2
5
9
4
7
10
1
7
10
8
7
1
9
154
93
82
98
107
114
136
154
7
145
108
141
141
90
128
78
141
6
93
106
87
92
169
114
139
101
5
79
97
70
132
114
73
89
115
4
141
128
123
125
133
80
121
113
4
124
114
143
113
131
118
127
114
5
105
132
107
143
141
65
144
127
4
118
119
127
127
120
143
101
73
8
103
120
116
112
136
108
129
96
1
115
117
101
126
114
100
119
143
5
120
142
112
142
113
99
93
95
7
141
114
78
109
139
106
106
127
3
120
111
105
111
148
106
111
140
5
93
96
146
143
89
71
131
124
4
102
121
140
90
132
103
145
119
9
142
123
93
136
142
142
106
99
7
111
146
143
86
121
121
132
115
5
119
122
120
129
126
105
135
139
7
105
105
132
126
128
126
84
120
9
107
100
135
108
145
116
142
151
7
165
124
137
106
135
127
154
99
2
127
162
92
93
136
149
100
122
1
132
112
107
149
100
94
109
109
8
141
111
119
114
136
122
146
102
9
106
146
123
112
128
145
121
122
10
103
112
98
118
92
120
135
119
4
112
142
133
121
122
119
152
122
9
158
112
134
101
151
98
80
115
4
134
135
117
117
127
133
113
118
4
114
124
118
107
118
168
163
94
8
105
121
139
103
109
89
131
102
9
143
87
91
127
130
107
106
117
8
122
142
142
117
126
144
65
147
1
135
155
107
119
131
135
121
95
8
92
99
117
112
101
106
145
113
4
125
134
110
128
135
119
118
95
7
150
99
139
138
118
122
105
91
1
101
96
104
111
102
127
77
148
10
113
141
107
109
130
144
93
135
8
135
139
114
120
100
116
147
118
7
113
129
132
118
115
80
119
131
8
142
109
127
118
147
111
135
183
8
103
128
118
113
170
101
134
121
3
105
120
111
111
142
126
118
107
1
123
107
111
121
108
141
120
128
7
112
129
139
107
113
129
115
127
6
109
127
113
163
143
140
154
122
6
141
109
128
152
128
91
149
128
2
92
112
107
115
133
121
134
117
6
101
110
105
142
80
114
128
117
4
102
98
128
124
107
120
99
120
10
131
165
83
114
105
92
123
133
3
114
106
141
123
108
112
151
123
5
86
107
125
130
116
128
127
115
7
120
119
135
129
88
105
80
100
6
102
128
103
129
150
110
87
141
4
127
142
113
87
78
127
78
129
9
92
130
124
132
76
133
107
119
1
96
142
79
135
130
134
128
105
6
124
99
128
127
135
127
148
124
7
89
117
133
97
134
130
108
137
6
103
148
153
109
110
122
99
108
6
109
128
100
110
129
100
133
115
3
97
100
90
143
114
116
92
93
6
129
90
142
102
125
101
117
96
4
110
96
116
147
138
107
106
127
10
93
140
151
135
134
85
117
122
2
98
134
164
133
99
102
120
86
7
161
150
84
121
107
136
120
100
4
123
112
106
101
113
125
68
106
8
127
109
133
106
139
125
147
113
6
112
99
89
106
117
112
85
133
4
126
135
116
114
132
99
139
89
9
154
133
135
128
128
109
120
134
7
133
111
99
104
119
108
123
91
2
130
120
118
153
149
100
125
139
10
108
137
128
107
86
111
103
135
1
73
92
114
85
108
104
131
91
7
115
140
114
113
108
105
107
112
2
127
115
140
112
132
92
120
121
6
91
85
122
106
101
134
109
96
8
106
77
71
132
123
155
105
104
3
93
123
106
122
115
99
134
110
10
133
148
116
104
142
122
157
125
4
102
100
112
123
133
111
76
86
9
143
129
100
141
99
123
89
108
5
134
150
87
86
100
128
129
93
4
146
114
97
135
111
122
87
110
4
86
145
121
156
156
140
137
132
5
135
108
119
139
83
113
134
108
10
115
124
115
126
95
50
106
121
2
114
100
85
106
110
109
129
152
8
120
111
147
133
103
77
134
142
5
133
95
92
112
127
71
149
134
7
116
102
74
116
127
117
104
120
1
127
120
92
115
111
146
120
129
6
121
101
141
119
99
104
96
101
6
128
83
127
140
137
138
119
128
3
100
130
129
114
128
99
123
121
4
64
109
144
66
113
112
100
129
9
140
169
120
114
127
138
139
124
5
136
102
105
113
116
122
90
140
0
129
142
66
141
146
108
115
126
8
105
96
124
100
75
129
128
141
8
107
148
121
93
100
141
135
171
2
114
121
129
114
128
109
143
137
4
100
113
81
136
109
94
89
110
5
113
123
98
119
145
100
85
74
2
164
134
63
142
114
116
155
100
5
134
117
93
107
84
114
102
132
10
121
114
123
135
120
98
155
151
8
112
100
129
135
132
112
99
131
4
134
99
117
129
100
142
94
127
8
101
131
95
106
97
112
84
125
6
92
134
148
85
130
119
119
126
8
113
169
138
110
139
108
118
119
2
107
94
122
89
119
123
138
88
8
131
64
133
99
134
80
100
122
3
127
143
136
133
113
70
112
98
4
138
120
102
136
106
114
114
99
5
116
112
145
125
74
133
91
122
5
136
135
129
98
107
103
134
105
8
82
111
117
150
126
92
99
136
2
83
97
143
89
149
107
108
104
10
88
106
127
114
113
73
132
111
3
87
100
95
135
151
111
114
90
1
99
139
110
127
110
154
119
133
4
131
94
130
134
100
87
78
128
4
140
119
136
160
134
118
86
121
7
120
105
100
112
106
109
120
116
8
97
114
123
119
133
102
126
91
4
93
110
81
114
121
100
97
123
7
107
124
134
93
99
133
138
120
4
98
106
126
147
91
102
120
120
6
121
107
108
164
84
65
99
124
6
121
122
84
100
93
149
119
116
5
135
154
92
126
113
106
114
64
8
106
93
118
77
104
118
130
110
9
144
100
132
114
135
126
81
90
8
133
115
61
93
142
110
102
119
6
113
148
127
107
115
127
113
122
8
90
127
101
88
136
105
114
99
5
127
112
139
113
102
144
128
122
3
122
103
131
131
115
85
114
97
0
129
121
118
113
107
138
117
162
6
130
120
80
140
106
100
127
135
6
116
120
123
105
105
127
113
98
1
94
114
150
118
107
94
114
144
9
76
106
96
120
144
121
99
77
9
132
116
101
155
141
73
115
100
6
140
85
104
119
136
94
133
135
8
96
97
132
104
137
133
99
100
2
142
107
128
121
107
132
128
134
3
121
142
117
115
155
106
120
98
4
102
104
94
130
121
123
134
128
2
138
100
145
105
148
155
104
114
2
117
103
99
128
155
120
161
139
9
126
166
148
148
159
121
174
90
10
114
106
106
102
112
111
150
121
9
151
131
162
101
120
69
120
134
7
121
103
124
120
114
110
150
164
5
148
80
99
149
108
116
88
98
5
120
118
92
95
122
149
108
142
8
112
105
94
138
109
139
114
142
6
116
135
141
114
118
123
112
90
5
94
95
91
93
106
139
157
128
8
107
111
147
118
140
140
87
126
2
106
125
135
110
142
92
122
148
5
128
107
95
104
104
137
101
122
10
155
115
129
140
113
64
99
106
9
118
128
121
111
138
115
99
110
1
120
109
92
142
176
95
108
125
9
133
121
110
154
126
115
135
142
8
125
95
110
112
148
136
98
122
0
102
114
99
133
99
112
85
132
3
143
95
129
80
116
126
98
79
9
129
111
125
142
77
83
135
150
8
142
123
115
126
101
141
122
122
10
148
117
126
94
107
139
126
119
3
123
133
128
85
127
114
115
119
8
116
115
146
100
127
98
147
87
4
119
141
126
112
129
131
102
119
8
116
108
104
103
112
137
85
103
1
90
105
96
95
149
104
127
76
5
120
134
119
120
113
105
104
121
5
82
121
95
151
101
127
86
95
5
137
76
134
160
107
135
161
106
8
126
149
155
72
134
123
108
108
7
126
136
138
85
111
127
126
142
8
100
128
77
119
116
109
136
106
6
135
100
102
129
142
93
130
115
5
102
141
93
109
128
101
129
136
2
108
125
135
100
61
122
168
102
1
84
120
107
105
161
87
106
100
5
100
118
115
166
111
123
133
122
7
135
121
105
91
120
135
158
86
6
96
119
128
134
145
72
136
121
6
119
94
107
93
112
153
112
97
7
97
65
88
115
130
87
129
188
5
95
124
102
89
100
156
126
135
3
112
84
111
76
102
122
136
140
9
98
125
152
115
145
86
133
96
1
112
135
111
123
117
131
69
144
10
128
93
134
136
86
87
161
108
7
87
69
121
105
99
138
131
127
2
147
143
115
104
125
129
88
95
5
84
114
92
138
119
124
113
121
5
113
140
131
112
135
162
109
91
6
115
127
134
100
100
115
126
126
8
120
116
118
119
127
128
113
91
4
149
121
121
121
113
108
142
127
8
99
108
142
147
120
99
127
123
5
113
115
131
119
112
121
132
112
9
136
155
116
101
142
126
116
119
0
101
108
149
142
86
106
169
153
5
113
92
112
127
95
142
119
133
10
115
92
136
139
108
57
147
108
1
128
112
96
94
115
115
151
124
6
158
136
117
114
130
94
125
113
4
116
139
115
105
99
118
151
112
6
108
120
119
107
134
117
115
114
3
131
107
100
133
123
124
120
141
1
119
134
110
134
119
107
149
98
10
112
94
114
126
169
127
91
127
5
102
122
171
119
101
120
118
121
8
88
99
140
97
119
114
112
86
5
149
156
114
141
116
136
99
103
1
146
110
102
111
126
120
119
140
0
93
101
100
143
114
121
140
109
7
85
135
106
156
76
99
123
109
2
132
119
139
100
121
126
123
142
10
123
117
133
59
121
112
177
134
8
141
108
164
137
117
133
81
168
9
162
132
122
109
107
139
83
129
9
93
126
93
91
78
120
102
140
2
88
101
98
105
92
134
142
135
8
91
115
104
114
154
140
95
159
5
112
136
126
113
87
100
101
85
6
137
117
161
119
86
105
95
105
6
138
91
91
113
157
114
119
134
3
106
109
112
101
142
148
108
123
9
106
141
147
124
109
124
86
120
7
116
100
133
71
96
128
125
112
9
108
62
141
132
118
148
133
75
9
122
115
105
98
95
97
133
124
8
96
99
111
100
134
122
111
131
10
77
105
99
80
135
142
103
136
2
89
113
102
166
143
102
100
123
4
121
99
134
141
111
100
95
148
8
79
122
139
136
142
106
114
100
5
125
142
134
83
107
127
147
151
0
128
91
150
146
64
121
123
102
5
121
109
122
101
91
149
133
85
8
129
110
94
79
121
110
151
113
6
135
122
114
122
103
106
99
141
3
89
158
121
132
123
124
90
126
1
151
126
96
119
114
84
104
144
3
106
141
138
142
136
120
84
121
1
121
132
115
124
107
75
93
120
7
113
105
120
92
117
116
126
98
9
92
127
107
156
115
126
136
129
10
131
99
92
147
105
64
112
122
9
101
82
128
113
143
104
127
127
7
133
103
147
98
95
103
114
115
5
96
124
142
110
135
133
135
150
3
113
142
95
124
126
128
147
119
3
116
136
138
71
145
134
115
117
6
107
119
142
119
128
109
113
120
9
149
140
112
121
107
105
121
142
4
125
105
113
130
113
127
79
140
2
116
160
128
78
90
141
87
113
9
97
138
102
105
133
120
155
150
5
147
126
106
112
120
152
123
140
8
144
85
93
117
128
128
133
84
8
107
105
114
101
107
110
114
94
4
127
43
106
108
113
101
109
127
6
127
100
108
72
98
102
120
114
8
130
79
95
139
78
103
118
124
4
145
106
142
122
88
107
109
141
1
108
97
116
84
151
113
105
120
0
135
100
126
131
126
124
92
119
6
117
134
131
135
105
98
128
97
3
97
161
155
143
124
140
139
74
9
128
120
93
91
89
136
109
121
0
113
105
136
107
180
123
118
141
7
113
113
130
92
119
101
107
94
9
160
147
140
124
139
112
129
113
3
127
131
123
77
112
113
115
125
2
125
89
115
105
101
105
92
122
3
79
121
140
115
130
106
113
100
10
106
163
120
98
131
93
124
127
2
93
99
137
75
104
120
114
115
10
124
121
96
106
118
149
101
121
6
107
127
126
134
141
90
113
94
7
155
131
128
102
162
89
119
104
4
130
140
77
112
88
117
138
107
4
109
115
133
87
95
105
103
121
2
107
105
88
139
119
129
105
96
10
94
132
127
110
133
142
119
86
4
120
122
103
113
121
98
129
72
5
110
104
142
145
142
118
111
135
9
120
111
105
121
142
114
114
135
4
95
122
121
64
170
123
109
96
4
149
138
93
113
136
154
127
121
3
103
128
129
137
83
117
125
137
7
123
123
129
142
128
126
141
133
10
143
106
127
114
85
149
111
143
1
117
113
85
110
99
81
116
92
1
107
124
141
119
102
152
106
128
4
94
127
140
134
161
105
152
105
3
114
109
129
121
113
108
149
123
0
80
133
135
107
116
109
104
116
4
111
110
98
99
135
73
118
144
6
95
117
113
116
126
89
141
133
1
129
95
101
111
134
63
105
126
1
121
99
56
96
155
128
115
99
8
120
122
104
140
99
121
95
118
9
125
152
90
107
118
109
151
109
8
149
132
156
103
99
142
88
121
2
128
100
136
113
135
122
95
101
6
135
99
177
78
113
112
91
103
6
138
101
125
129
102
120
120
127
4
108
104
133
129
133
108
132
99
1
128
113
106
127
88
99
104
141
7
107
100
126
122
99
113
144
116
1
135
115
116
117
126
114
146
106
6
120
142
125
99
115
117
120
121
6
131
108
84
129
99
93
92
135
7
116
137
119
99
139
106
145
114
0
126
114
130
157
141
104
114
115
8
150
105
137
105
102
106
105
136
8
129
130
110
128
113
109
127
129
7
134
129
116
79
155
127
105
106
4
124
132
85
151
79
127
113
133
6
118
121
118
127
139
93
131
92
3
122
140
126
156
121
108
107
139
1
129
99
169
78
121
117
114
127
3
132
110
128
119
120
129
97
150
1
112
116
98
135
123
115
112
113
6
72
134
144
116
92
117
126
149
2
112
128
146
97
119
141
125
135
1
121
114
115
123
106
111
99
90
7
114
119
142
91
108
117
116
127
7
65
126
109
126
118
105
145
134
7
108
102
93
135
154
105
129
122
6
105
133
134
71
159
98
100
144
2
108
136
105
112
163
104
102
80
10
105
126
112
108
103
78
91
122
7
129
138
108
105
153
108
94
137
9
118
86
98
89
143
142
112
120
6
142
97
126
104
93
79
84
85
6
79
120
128
114
92
108
108
113
1
120
105
121
105
114
137
146
110
2
120
119
118
145
90
135
165
150
8
128
97
148
131
107
89
101
103
0
96
95
120
81
122
114
101
97
4
112
147
96
91
122
135
124
137
2
130
112
107
114
121
154
96
82
8
122
110
102
89
161
127
105
105
2
148
123
120
119
98
85
137
115
7
114
138
73
100
119
133
94
119
3
114
136
111
111
131
113
124
107
7
95
127
134
129
110
113
85
99
2
120
92
93
135
113
99
170
114
5
93
138
113
106
133
141
136
87
10
118
120
121
121
133
77
115
133
6
124
135
128
139
104
90
156
65
8
146
128
129
152
157
107
127
126
1
147
91
112
85
105
109
76
97
6
127
108
115
90
118
120
137
91
3
104
113
120
160
107
114
99
138
9
78
143
113
136
96
99
129
137
5
107
118
163
141
95
115
97
122
6
92
105
105
103
128
99
114
135
1
96
123
95
114
127
142
101
128
9
79
120
100
108
86
100
121
111
9
147
100
127
86
137
127
136
117
0
86
100
118
154
119
94
112
128
8
122
134
133
111
88
128
99
98
6
122
153
128
95
145
111
108
121
9
127
128
114
121
100
116
150
130
2
120
138
96
93
92
142
96
111
2
96
98
87
87
108
99
127
112
4
156
93
125
123
109
126
113
142
9
127
147
136
123
129
110
137
130
3
114
106
115
100
135
120
151
122
6
122
129
122
106
117
133
141
120
5
104
127
133
120
122
138
109
128
10
136
128
93
104
108
125
141
133
3
127
122
118
100
118
141
140
122

