15
10
0
0
8
3
6
7
6
14
6
1
5
2
1
4
3
9
12
8
7
4
5
9
8
4
5
114
119
135
65
107
109
117
101
1
94
142
121
112
112
108
153
135
0
107
92
115
149
116
147
120
128
3
127
121
105
120
110
86
106
111
3
107
106
108
105
122
113
144
103
3
135
107
135
156
126
147
113
115
10
176
119
144
135
157
116
121
106
0
133
135
106
97
142
117
86
112
3
164
145
106
99
99
131
107
109
7
94
142
99
103
92
128
122
104
1
101
135
119
107
111
128
112
102
5
106
146
100
115
122
107
118
115
3
166
117
116
114
128
116
127
127
9
110
145
86
121
106
134
120
118
2
120
106
154
104
103
110
93
79
1
131
129
99
94
92
123
143
103
9
128
86
116
113
111
121
125
99
9
101
85
118
111
85
91
106
150
3
119
136
92
136
132
144
139
113
2
117
148
114
90
123
114
118
110
8
153
117
144
148
143
108
95
152
5
122
127
106
121
131
111
125
106
6
122
107
124
99
96
150
135
145
1
132
139
108
91
113
85
136
94
10
107
131
123
123
124
134
81
114
9
113
78
135
122
93
119
150
109
10
94
107
101
136
84
142
106
145
7
127
146
126
122
125
161
101
151
7
133
84
126
122
101
99
162
113
10
85
175
114
79
108
120
148
129
6
106
138
76
62
87
100
128
114
6
103
125
148
121
123
140
115
113
5
113
126
120
102
89
109
87
121
9
142
128
134
135
105
108
159
59
9
131
127
118
133
129
104
121
91
3
99
109
107
98
114
125
109
99
1
132
108
99
104
66
102
87
82
7
133
150
136
113
127
126
92
137
9
98
104
141
103
111
138
114
79
9
142
121
119
132
123
100
105
104
4
137
142
142
97
78
92
128
128
2
118
118
109
143
123
112
82
120
7
135
106
85
154
97
105
102
126
7
155
115
105
54
128
92
120
128
7
92
98
86
121
120
119
115
106
2
123
151
164
113
90
140
107
138
10
86
133
151
114
87
108
93
86
2
120
128
99
163
98
149
106
147
7
92
92
119
96
104
149
127
102
2
122
117
127
115
107
52
127
113
0
85
126
107
129
88
95
127
128
3
93
93
66
125
117
108
147
106
4
94
103
148
108
128
110
147
80
3
107
87
128
132
126
122
143
109
1
116
145
144
74
143
78
102
107
5
71
121
109
106
62
100
128
103
7
88
114
110
84
136
113
85
115
6
119
106
141
106
65
87
115
149
5
138
105
108
156
98
122
111
99
5
107
153
115
89
73
141
114
105
9
142
116
123
139
168
128
157
107
0
119
121
107
137
139
95
119
141
6
149
112
126
81
128
113
134
84
8
107
113
92
127
115
126
102
121
4
129
85
124
148
125
78
96
155
9
119
115
115
99
119
131
99
108
7
105
134
152
101
135
109
114
110
4
111
146
130
169
138
120
84
117
2
119
121
129
92
109
135
150
143
9
128
130
135
105
116
119
129
134
0
107
141
164
109
97
118
111
116
7
103
120
86
109
128
114
87
105
3
89
114
101
129
117
148
113
100
2
103
72
125
118
120
117
92
124
8
113
121
101
104
85
105
133
112
1
140
101
149
143
145
113
116
57
10
130
129
104
142
143
117
124
142
7
114
102
115
94
107
94
104
119
3
98
126
84
100
93
106
114
97
3
114
136
99
134
122
97
100
95
10
104
105
106
116
113
126
147
102
2
106
162
129
150
100
141
78
105
2
135
156
113
136
103
121
125
101
5
131
98
93
81
120
131
95
66
8
118
100
125
126
135
105
140
134
7
112
134
100
121
120
105
179
82
8
129
101
136
95
135
96
144
107
3
106
124
107
97
119
113
100
117
1
139
120
78
119
57
115
124
137
1
120
125
128
113
104
94
120
128
4
126
99
103
79
86
129
121
99
4
80
148
120
134
149
118
101
121
10
107
137
149
100
104
108
149
106
2
99
108
85
101
133
97
138
103
9
120
146
100
107
118
160
99
124
7
133
158
75
117
114
136
133
139
1
101
140
128
104
82
106
93
154
6
93
111
109
117
105
128
126
106
2
101
98
106
138
92
111
99
131
8
136
108
122
84
122
127
64
113
6
157
130
128
107
128
86
163
85
4
84
135
124
118
100
122
117
108
8
154
97
145
154
146
105
143
144
4
127
85
107
88
105
133
103
136
5
92
122
100
128
120
110
128
116
3
92
125
87
122
123
136
107
121
2
134
86
135
126
131
84
113
94
6
140
122
148
137
102
92
106
126
0
85
97
103
141
107
109
126
112
10
119
127
101
128
137
131
86
117
6
114
113
152
40
137
113
151
114
10
136
86
152
122
94
156
119
100
3
151
143
133
106
106
113
124
94
4
107
99
117
136
130
99
89
106
9
140
107
90
142
124
128
107
142
9
99
87
120
95
117
87
128
101
0
150
117
100
110
93
90
159
150
7
88
128
96
138
82
99
133
120
4
84
100
149
124
137
120
128
87
2
139
114
130
119
136
73
101
119
8
127
145
147
134
133
92
157
150
5
104
139
113
101
97
116
86
123
2
91
135
92
150
112
92
101
92
3
101
153
161
123
98
99
99
113
2
120
152
130
129
123
129
125
119
3
94
125
149
98
114
108
122
116
5
142
122
121
109
155
99
123
128
8
113
115
97
99
126
105
76
110
8
146
116
100
113
101
86
80
107
0
97
106
113
118
154
116
122
139
1
114
97
171
124
119
127
94
134
6
115
134
156
80
99
126
118
100
0
95
114
113
112
105
141
132
120
8
143
120
122
138
107
94
122
137
1
150
114
144
88
127
93
105
117
0
159
122
98
110
116
89
122
125
1
98
113
102
106
90
78
95
117
2
167
104
136
114
85
132
127
136
4
106
88
138
99
96
101
116
122
1
89
120
93
105
135
90
108
141
6
88
142
103
99
130
71
129
96
9
112
142
107
138
126
120
91
119
8
113
113
99
124
122
113
112
136
5
94
101
131
121
92
102
107
115
7
149
114
125
122
93
102
110
114
1
114
110
64
123
118
115
99
133
1
141
121
111
135
89
122
119
120
9
122
103
70
123
99
102
162
100
0
122
120
114
149
135
127
85
136
3
113
118
119
125
106
112
112
127
1
80
132
99
87
116
118
106
114
4
115
100
120
80
140
124
115
112
0
128
145
87
122
134
123
105
119
0
92
136
141
107
121
107
112
87
7
132
98
134
123
107
105
128
100
9
102
155
117
101
126
155
130
121
6
142
152
120
107
89
120
110
128
7
130
131
117
135
124
76
85
92
0
122
137
154
146
130
127
141
113
3
114
143
136
107
139
117
114
122
1
91
109
98
150
135
88
116
103
2
168
105
99
123
97
133
121
121
3
141
121
125
116
131
127
108
112
7
107
85
98
136
161
135
100
122
9
110
101
98
98
108
84
128
148
7
139
130
104
98
167
118
137
97
9
157
99
126
126
157
93
115
140
3
127
143
153
123
120
122
126
106
5
139
137
137
112
107
124
78
80
2
110
71
130
163
120
155
125
122
2
88
110
126
176
101
113
78
126
9
98
128
87
99
127
143
92
84
3
140
91
106
120
134
121
82
114
4
112
113
114
115
126
128
100
135
7
130
74
100
121
127
91
100
86
9
87
99
108
110
105
105
101
129
9
95
129
120
119
86
138
112
143
0
153
100
80
141
148
163
150
91
8
75
121
99
145
92
141
105
94
0
151
96
105
88
106
89
141
138
8
125
171
125
120
107
90
92
93
8
98
115
120
113
127
143
124
112
1
97
81
121
115
113
118
145
139
5
155
139
113
88
128
106
147
102
0
133
142
124
132
112
149
156
128
8
79
92
125
164
97
87
120
83
5
114
86
113
159
145
114
120
86
10
94
99
105
120
85
129
99
94
5
127
101
105
98
74
106
113
127
6
101
126
156
124
113
98
104
108
1
118
75
84
100
87
93
94
143
3
100
110
128
93
109
107
156
152
6
130
120
106
108
141
133
114
103
1
144
86
146
99
103
97
116
125
2
130
115
168
123
107
109
94
118
2
116
72
156
98
135
121
117
121
2
113
126
125
127
124
106
100
107
8
109
136
131
124
99
134
141
115
9
127
93
106
109
156
108
133
102
3
127
117
104
85
108
126
107
121
8
128
137
85
120
107
131
119
110
9
113
141
83
106
126
89
130
122
1
130
127
111
149
110
115
95
103
7
118
102
142
163
84
118
106
92
5
112
105
146
126
109
86
114
114
8
112
141
118
103
104
106
147
162
7
121
133
117
149
99
111
155
134
5
138
109
128
101
90
125
100
103
10
127
94
123
136
112
112
79
135
5
113
140
144
126
101
117
142
108
0
149
108
119
134
126
101
76
92
3
115
139
127
79
88
141
108
106
10
89
108
119
120
121
101
131
114
5
121
148
104
128
144
138
129
72
3
115
107
113
119
128
135
125
98
5
92
172
109
105
107
142
115
122
3
119
142
106
113
120
97
110
114
7
117
94
129
113
120
148
89
140
4
113
132
155
156
124
80
119
129
8
171
135
91
94
78
135
51
135
8
121
122
99
156
110
121
108
118
7
78
99
93
122
110
77
143
91
7
154
128
106
124
148
142
97
121
7
129
93
108
165
81
96
110
104
1
89
134
124
92
110
101
120
107
7
127
101
126
112
118
87
92
107
3
143
105
109
134
151
117
107
133
8
109
152
130
134
121
99
97
78
1
141
122
119
154
114
98
106
123
5
128
102
148
131
135
124
137
113
8
117
128
80
93
116
78
61
114
7
105
90
152
149
98
107
97
152
9
97
130
108
110
118
105
145
101
3
124
106
135
120
94
102
134
135
8
110
123
99
113
108
117
109
133
10
85
128
105
103
113
125
132
144
6
133
115
136
117
75
146
110
105
5
123
145
103
105
98
117
130
100
7
106
125
125
78
119
126
149
134
7
138
130
72
122
131
121
99
120
10
135
106
122
90
133
144
93
142
1
87
138
128
128
166
99
116
121
3
124
128
129
117
98
86
162
130
5
73
109
112
121
116
129
120
168
5
120
73
135
114
86
101
95
115
2
110
98
130
107
92
107
126
141
0
108
83
117
115
101
134
123
108
4
107
107
119
128
126
129
138
121
3
127
109
126
136
105
130
119
90
5
92
140
110
127
141
102
104
93
1
109
121
121
90
121
118
106
100
2
95
99
120
100
105
117
91
95
2
116
90
99
167
145
96
125
139
6
121
137
84
124
98
122
105
109
9
134
129
113
100
119
92
144
146
6
80
79
91
94
125
115
113
131
6
121
129
115
136
103
109
51
136
7
156
110
128
114
147
149
114
108
6
150
87
115
103
95
126
134
121
1
112
132
113
66
98
128
90
116
6
133
135
145
90
109
115
103
115
5
119
162
139
74
110
107
155
141
8
115
141
113
135
125
138
148
94
1
163
112
126
104
76
122
80
124
0
170
141
111
121
120
112
125
134
3
134
147
104
121
96
121
161
116
4
129
98
114
99
92
87
115
136
3
120
93
129
112
118
142
110
119
1
120
119
134
123
122
111
137
123
1
116
139
123
106
141
136
133
139
8
146
112
133
108
156
101
121
122
2
125
118
126
148
142
96
149
135
7
76
113
114
105
115
122
107
91
3
120
122
91
144
113
71
124
120
1
108
94
136
142
100
132
91
141
3
118
105
102
126
145
123
109
98
5
70
118
118
112
114
144
101
91
9
110
134
120
107
127
148
117
117
3
148
94
141
101
140
117
106
102
4
109
135
101
141
120
114
68
129
7
105
112
107
149
128
109
123
100
0
81
115
126
100
140
93
150
141
0
113
104
121
125
155
149
110
86
7
98
136
110
115
89
128
127
136
8
108
71
119
117
135
112
142
121
0
137
123
105
83
97
112
115
59
0
130
127
120
108
109
134
141
156
4
111
76
107
149
133
167
130
127
6
105
135
114
94
98
92
141
131
6
149
144
130
100
115
126
163
129
1
99
135
98
91
126
145
112
128
8
100
143
140
85
119
73
93
133
3
110
128
118
88
128
78
127
114
5
88
92
112
86
138
121
117
121
5
86
99
132
129
128
104
127
78
6
100
100
112
120
121
123
126
147
2
131
120
99
112
132
56
93
142
10
95
142
109
121
101
123
100
87
3
132
143
111
126
111
127
127
124
5
143
117
113
108
102
152
137
102
1
91
134
98
135
105
127
124
139
1
79
100
166
105
105
123
114
124
8
113
126
122
123
112
119
80
143
7
134
118
124
150
142
95
143
102
7
137
105
93
131
121
120
134
99
9
123
106
85
153
127
130
150
112
7
120
106
41
129
112
151
149
132
8
121
136
134
150
121
130
123
135
0
92
86
117
112
106
125
144
174
2
135
140
100
115
104
142
122
55
8
128
99
121
130
91
127
123
107
5
122
125
112
120
112
109
116
144
5
123
134
124
108
127
119
90
92
6
118
146
92
128
115
120
112
111
7
94
105
114
129
132
103
127
151
1
128
143
116
124
148
137
106
128
0
114
138
93
87
111
120
79
115
4
111
129
134
139
141
120
118
118
7
153
117
93
107
84
89
108
102
8
106
116
125
156
106
98
112
133
0
116
149
159
109
141
100
128
121
7
101
114
124
77
149
130
115
108
3
131
124
136
122
113
103
156
117
2
127
126
122
122
121
130
129
127
7
140
113
133
137
109
112
101
100
1
123
103
123
135
121
115
87
149
7
114
72
148
105
120
138
149
104
1
85
106
128
120
135
126
89
115
8
110
124
154
145
101
134
120
88
4
121
108
128
87
118
128
141
110
7
144
83
120
129
148
92
116
126
1
150
85
135
112
135
140
126
126
1
123
92
124
163
127
109
127
97
0
114
133
134
105
130
128
124
125
5
121
146
93
127
128
166
139
126
6
87
105
107
117
133
126
127
89
9
105
112
124
115
123
134
118
113
5
129
131
143
87
77
99
115
101
4
108
143
104
129
149
138
180
84
3
113
134
153
119
151
139
114
114
1
97
104
123
92
109
148
91
127
8
85
86
122
107
92
128
156
113
6
121
113
90
129
101
148
129
127
6
90
118
111
118
86
148
135
144
5
160
133
124
129
130
121
81
117
9
93
102
70
142
99
92
127
129
4
107
114
152
125
134
105
114
99
3
137
145
139
121
142
146
120
111
2
77
112
127
127
108
115
117
128
8
126
119
135
121
106
144
141
130
2
109
114
127
137
135
133
120
133
1
132
148
131
83
141
122
127
163
6
120
142
96
127
154
120
113
135
9
115
128
127
99
104
85
159
126
2
138
133
99
102
125
92
115
131
1
95
114
126
122
117
136
116
120
3
109
126
133
141
144
103
122
99
3
134
112
142
102
70
125
118
72
10
111
106
114
111
134
127
137
86
1
101
91
122
113
100
126
107
134
9
129
117
138
102
121
139
113
93
3
164
140
96
142
106
135
159
120
7
148
111
92
145
122
126
148
129
5
122
104
95
140
127
157
109
133
6
96
116
105
120
132
97
118
124
5
78
132
99
92
107
127
117
93
8
152
95
99
150
141
120
158
115
1
112
126
101
130
114
100
107
127
4
123
98
111
128
136
107
121
152
4
142
130
133
127
149
129
119
136
6
107
114
128
144
127
96
133
102
5
146
117
114
136
121
56
101
93
5
122
88
90
124
111
106
105
104
5
158
111
106
112
119
85
117
136
8
120
122
128
139
93
127
129
93
3
94
105
81
104
70
128
150
101
6
110
108
78
93
79
120
112
72
9
97
134
134
139
137
100
134
108
0
101
112
113
133
130
144
115
106
5
100
114
107
103
129
149
136
67
2
118
121
124
88
104
107
114
95
8
114
134
112
96
141
108
99
94
9
134
103
119
97
137
87
138
105
9
128
93
106
141
103
120
72
122
5
132
106
91
126
87
114
128
79
3
119
152
135
120
133
118
122
115
2
134
130
121
143
120
100
115
86
1
121
80
112
128
105
112
94
118
2
142
108
105
100
100
92
135
99
0
133
130
120
147
117
93
118
92

