8
3
6
7
0
9
2
3
6
9
5
9
8
4
8
8
0
2
10
10
3
7
7
6
2
3
1
73
114
158
157
90
152
121
75
7
140
78
133
142
147
111
137
100
4
135
126
122
121
83
152
109
113
2
69
106
97
84
92
91
155
86
4
113
127
97
98
107
119
126
137
9
117
78
106
138
109
156
107
119
9
114
113
77
91
126
119
76
135
1
133
137
85
151
101
138
104
94
4
112
100
95
128
129
123
138
106
6
137
127
95
92
103
126
133
126
4
143
102
114
112
84
142
141
124
7
105
141
99
128
161
86
133
117
3
106
114
127
146
116
93
124
93
2
127
137
73
92
133
161
125
143
5
96
128
120
134
119
132
94
103
3
135
96
98
127
112
108
117
109
4
156
100
49
127
135
87
93
122
8
104
114
130
121
105
107
110
122
4
120
85
112
127
119
144
156
122
0
103
150
132
86
139
134
120
133
2
108
113
92
126
150
105
112
122
9
93
150
62
106
156
149
106
78
3
140
103
122
93
109
122
126
114
6
139
91
96
149
104
134
111
115
0
126
98
133
122
138
95
122
131
6
93
139
113
121
126
85
103
106
5
135
121
95
107
135
135
140
122
2
149
107
170
79
158
111
119
117
3
105
140
152
98
125
100
129
120
2
114
127
115
124
108
149
127
122
1
99
132
126
137
128
136
126
126
8
125
88
110
117
113
79
101
109
8
91
129
117
140
137
100
98
92
6
135
124
127
118
107
133
135
86
7
115
81
101
103
114
132
115
113
4
135
100
114
105
106
108
98
115
10
98
148
82
106
124
106
122
73
5
91
102
154
86
124
122
106
136
6
100
133
140
125
143
119
143
112
5
128
149
83
65
149
115
136
120
2
113
82
127
116
120
149
125
116
7
115
139
130
116
118
106
134
118
9
121
94
86
94
121
113
92
124
4
133
87
147
120
136
167
102
128
10
114
127
127
113
132
99
128
83
4
114
112
138
129
115
90
141
122
7
120
131
67
108
125
138
128
104
5
140
125
140
129
127
114
134
108
6
114
124
91
106
128
99
134
137
5
159
128
86
94
149
127
121
119
2
124
92
110
109
156
110
119
93
5
125
106
105
91
122
87
125
144
4
105
133
139
64
130
117
142
140
8
134
115
131
114
79
110
135
130
2
134
126
92
118
144
108
112
122
8
148
104
96
118
120
148
144
97
6
98
100
120
84
157
129
101
98
2
108
86
140
149
109
113
118
118
9
145
124
113
117
93
114
148
94
8
128
92
102
110
121
104
119
97
5
109
140
138
142
113
113
134
110
0
94
135
132
149
128
88
143
120
5
136
141
138
166
122
139
99
106
8
105
136
134
119
114
136
127
124
6
144
121
99
136
109
115
99
121
9
127
113
152
106
157
140
135
109
9
108
104
134
113
120
119
118
72
7
126
108
142
110
90
88
91
140
0
125
133
112
100
128
113
116
103
1
119
132
103
123
113
108
120
142
10
88
93
127
135
91
128
93
100
0
143
112
148
118
130
136
133
108
9
110
107
122
85
102
163
96
156
6
126
120
112
122
78
127
120
129
3
107
122
108
125
114
102
127
140
2
143
109
105
133
108
128
126
135
6
110
90
92
113
135
157
93
96
9
112
133
106
113
92
88
107
119
3
127
124
134
90
114
135
115
143
8
106
133
133
128
125
85
122
107
5
150
128
134
153
129
146
126
134
5
94
113
100
128
122
157
126
121
3
109
102
106
130
121
94
113
103
4
116
106
135
95
122
122
156
94
1
92
114
107
106
163
97
96
125
8
122
94
111
91
120
134
108
114
9
116
105
153
94
107
121
130
84
3
113
145
123
120
114
119
113
166
6
150
136
133
115
134
96
94
129
5
138
85
115
106
110
99
124
125
1
105
129
135
114
110
105
128
125
8
124
107
78
145
114
116
125
123
9
94
79
111
116
119
78
146
127
9
114
126
122
128
111
121
100
105
4
105
119
83
106
128
141
108
97
6
109
132
110
127
116
140
143
91
1
120
120
99
135
92
116
134
103
2
118
135
133
106
108
157
101
122
5
93
149
97
135
100
106
127
116
4
139
108
126
114
134
113
109
143
4
122
95
120
148
140
93
93
86
1
134
126
129
136
95
101
133
108
4
113
104
103
157
120
121
89
146
7
127
148
111
106
108
119
114
141
6
95
61
148
150
126
85
154
109
5
85
115
142
122
138
101
113
121
9
123
85
123
85
108
82
98
97
5
131
91
138
127
113
110
130
127
9
89
114
104
100
137
163
134
168
9
100
71
115
135
115
151
161
114
8
111
132
88
130
99
112
114
131
2
106
103
174
141
106
76
105
100
8
91
109
114
92
120
125
129
110
5
142
159
113
111
140
136
150
148
1
108
107
145
102
127
141
141
126
2
119
122
95
142
104
89
93
137
8
142
110
134
134
134
109
141
121
3
79
133
107
117
121
138
169
117
5
111
143
133
101
127
131
120
78
1
140
60
145
115
119
113
146
104
9
118
98
148
91
113
114
96
84
1
128
109
128
128
133
87
83
118
6
133
120
110
171
82
121
114
101
4
114
120
149
135
134
112
129
138
9
113
164
114
94
135
126
65
75
8
77
147
97
156
130
94
105
134
2
130
90
102
177
149
98
147
98
7
115
109
114
146
99
105
128
121
2
119
169
146
117
132
125
93
114
2
112
115
128
103
119
139
128
106
1
112
127
137
121
127
114
119
113
5
81
134
96
94
131
114
92
120
3
123
120
159
102
122
84
131
87
9
155
95
123
121
141
99
122
134
3
124
103
128
82
137
114
133
118
10
148
123
128
131
103
103
148
106
0
108
101
129
106
121
119
155
125
10
125
136
144
101
114
95
126
114
0
135
93
102
107
141
114
120
125
5
85
128
83
112
145
128
99
130
1
63
113
87
116
113
85
64
142
4
100
115
112
116
152
113
100
110
9
113
123
110
128
78
108
100
147
8
121
120
118
84
140
125
109
143
6
122
106
103
133
134
107
116
157
3
57
97
133
102
136
93
107
143
8
100
131
133
109
107
149
81
124
4
128
132
132
119
107
122
104
116
8
128
121
124
160
103
88
122
106
9
134
109
79
117
138
134
106
128
9
147
100
111
122
139
95
99
85
1
91
128
154
113
118
102
111
115
4
156
120
136
101
122
107
142
113
4
127
97
112
97
105
110
136
137
0
105
102
143
116
116
119
85
115
1
112
106
128
93
104
133
108
108
8
148
139
85
127
134
146
119
116
8
107
104
74
112
100
75
134
97
7
126
121
107
130
123
109
140
119
6
160
157
148
118
106
149
121
114
7
124
84
102
156
121
115
106
126
0
114
109
136
150
107
126
126
94
1
107
132
78
93
107
163
83
99
8
112
147
120
161
94
133
100
133
0
130
112
107
101
149
125
141
119
1
137
132
99
131
79
92
140
112
4
126
116
84
125
105
130
146
107
1
71
116
115
115
116
109
128
105
7
135
98
143
107
142
115
114
131
1
112
128
141
166
134
92
98
134
5
120
118
112
132
119
115
127
142
1
91
132
90
128
117
110
79
98
4
142
106
132
102
85
132
155
126
1
122
127
113
129
120
154
112
161
5
113
86
93
97
128
92
108
159
6
124
131
143
112
112
116
150
108
10
120
107
108
122
116
123
53
105
2
85
136
121
142
108
154
119
88
3
101
122
122
115
126
147
107
110
8
162
137
127
115
126
135
149
134
5
101
93
109
134
114
104
123
134
9
101
144
134
91
99
118
112
125
8
115
115
109
96
128
134
120
104
9
119
128
94
103
73
101
126
78
5
87
149
109
138
119
99
106
121
3
132
121
136
107
105
94
80
136
1
103
126
125
67
116
138
129
96
10
92
90
95
100
107
122
120
133
6
64
113
84
108
121
126
110
129
6
73
106
133
93
106
113
111
111
4
79
98
115
132
135
120
114
71
2
100
122
162
133
125
81
113
132
9
93
150
103
87
125
160
80
138
3
101
127
123
113
141
93
110
86
0
100
114
112
129
118
133
132
122
1
141
108
147
99
107
119
71
105
9
83
104
120
94
102
118
104
144
7
136
140
102
134
99
108
111
85
3
107
102
123
118
131
110
156
149
7
128
117
136
78
99
134
84
99
4
91
142
148
91
83
125
107
123
1
126
116
128
101
106
133
140
155
7
90
129
133
140
124
83
94
141
3
134
120
135
137
117
105
149
115
6
102
92
122
100
146
137
106
149
6
111
136
94
115
86
114
138
110
7
138
98
86
124
96
116
124
165
2
132
135
147
145
125
129
137
93
3
108
131
121
155
131
114
105
99
6
95
65
130
149
136
100
148
115
9
103
100
120
89
101
114
113
94
0
106
118
106
108
171
129
133
121
9
134
99
114
119
131
121
127
71
4
116
68
107
157
102
110
120
85
3
85
139
127
124
129
112
98
112
7
84
111
135
114
93
127
124
131
10
113
113
108
113
112
92
100
104
2
108
121
92
135
138
135
141
125
7
128
142
110
100
134
115
105
127
8
85
133
101
93
110
88
112
112
7
107
131
106
104
118
148
132
129
1
125
99
127
88
131
129
136
105
2
105
151
101
127
126
84
112
125
2
72
137
134
119
141
129
121
128
7
93
127
93
120
72
97
128
108
9
117
106
104
169
113
90
95
123
0
73
111
141
120
99
113
71
147
1
113
150
137
87
92
141
142
116
2
150
134
99
141
107
127
99
114
8
101
134
130
119
115
97
122
112
9
116
110
118
108
136
115
81
128
2
159
131
99
143
100
161
103
118
8
105
128
107
83
143
108
83
106
7
157
90
99
81
109
123
102
142
6
113
113
128
106
103
136
142
135
6
112
141
140
147
139
127
101
110
8
134
114
119
152
121
129
128
136
7
79
123
106
117
149
127
108
91
6
113
140
118
86
115
128
134
108
3
130
107
112
94
141
107
163
93
0
112
111
120
147
156
147
143
122
4
106
115
134
110
159
119
126
104
4
123
90
116
118
103
83
127
87
4
114
99
177
99
114
117
127
148
9
114
90
116
100
101
79
115
132
9
118
152
113
99
146
92
114
143
7
105
121
99
125
107
88
170
94
6
86
111
85
97
117
127
107
85
5
105
139
98
108
130
141
129
112
6
128
98
133
112
129
138
117
84
5
149
115
122
129
105
68
118
112
7
107
120
107
175
86
117
76
112
5
121
144
107
84
148
121
137
126
6
125
147
89
126
107
128
122
142
1
93
127
101
82
138
104
138
120
2
124
146
128
127
131
85
97
142
10
140
125
129
126
114
132
127
111
8
92
160
112
102
115
137
131
98
8
111
112
175
114
109
106
118
125
1
109
110
143
120
113
62
142
109
8
129
156
112
108
132
127
74
101
9
115
105
107
122
137
100
92
99
4
128
143
93
110
130
121
107
104
4
114
94
137
93
111
123
96
86
4
106
120
87
125
150
126
141
132
1
79
119
88
128
97
136
138
114
1
137
143
117
119
131
139
137
118
5
101
86
135
59
67
113
134
118
10
128
114
87
116
84
126
114
159
5
123
158
107
106
127
94
107
136
8
83
89
65
99
133
139
87
128
7
114
128
120
169
112
130
89
102
8
107
105
151
114
129
99
106
123
4
141
120
113
109
149
99
140
131
0
121
115
120
153
128
141
100
107
5
128
83
112
133
148
100
73
128
0
85
137
142
88
121
59
132
165
1
127
98
150
128
121
129
126
104
8
111
114
123
132
119
106
125
114
8
106
116
113
100
102
129
106
102
1
134
100
156
127
130
123
97
156
0
107
121
148
102
112
106
105
140
8
121
146
133
105
124
131
133
75
3
95
128
120
119
130
114
93
92
6
141
89
140
153
99
91
127
94
1
129
150
103
123
96
119
114
106
4
122
105
114
93
180
134
120
119
8
117
115
114
143
138
115
142
118
10
114
130
111
92
91
105
122
106
8
106
106
129
112
100
98
110
115
2
155
157
134
115
102
108
86
134
8
127
151
141
89
154
83
136
133
1
107
141
118
125
167
111
104
104
5
136
135
125
95
102
116
124
107
6
93
116
94
111
121
144
95
134
6
127
141
94
84
100
135
115
162
6
135
110
124
127
128
107
132
140
6
108
123
165
114
130
176
132
124
2
99
102
129
142
115
162
81
97
5
147
138
112
135
178
127
102
82
6
146
143
84
98
141
99
149
133
9
112
108
135
117
98
145
121
105
3
83
93
128
79
57
118
111
156
3
132
145
99
109
149
111
130
109
1
134
116
101
107
134
154
144
125
9
113
129
101
144
93
101
144
79
1
139
130
101
112
107
94
107
130
2
103
91
129
141
107
99
135
82
9
120
94
124
110
107
127
107
106
6
92
134
98
109
127
131
136
95
4
91
102
108
121
93
82
138
115
7
105
97
116
105
79
112
122
94
2
153
104
131
107
114
120
134
117
9
86
139
115
123
118
142
115
148
2
93
106
148
121
121
121
121
115
7
122
136
93
150
138
112
108
109
5
132
146
145
103
113
137
94
138
0
138
128
111
113
107
138
139
114
1
103
113
127
141
120
111
93
142
6
120
130
113
87
132
158
114
106
0
145
87
125
117
105
135
120
158
8
113
126
127
90
157
123
133
135
2
135
72
135
143
106
120
87
136
5
133
119
126
116
108
107
128
94
5
107
128
100
98
115
119
133
146
1
71
104
117
148
148
127
127
120
8
126
117
87
149
130
119
84
107
5
101
133
128
99
140
128
88
135
2
106
139
120
123
136
134
130
128
7
114
85
149
119
133
125
111
154
8
106
100
162
144
76
84
77
128
5
136
98
98
126
123
108
141
136
6
129
78
137
157
125
72
96
120
8
127
121
109
120
107
138
105
95
9
109
83
102
113
117
91
148
147
1
133
111
82
118
142
127
119
111
6
119
120
93
111
101
128
84
143
9
57
122
143
92
101
114
136
86
8
104
126
109
64
122
123
113
74
8
149
117
103
162
114
118
110
120
9
120
79
132
108
104
73
129
129
2
100
105
89
130
120
93
140
156
2
85
99
136
127
115
121
131
118
7
114
107
115
119
135
140
106
126
4
130
129
117
147
117
106
102
100
1
73
84
127
118
147
143
135
119
5
104
115
98
95
120
142
132
134
3
128
142
126
100
150
133
133
107
2
144
129
160
129
112
96
91
105
7
99
121
120
140
155
114
118
120
1
100
116
85
137
105
107
123
109
4
128
147
128
109
95
112
106
100
6
126
126
130
73
121
105
82
139
4
101
130
117
108
128
119
136
101
0
139
128
107
128
123
66
107
124
0
94
140
155
110
139
133
96
92
1
140
97
85
127
123
111
117
150
2
109
148
140
136
128
106
109
107
0
117
127
136
152
137
91
146
121
3
120
149
115
100
142
80
114
127
2
108
113
147
140
133
120
107
121
7
118
113
86
100
105
124
130
105
3
146
110
134
130
141
87
113
108
0
111
92
121
134
119
87
119
112
5
114
98
118
148
107
119
122
96
1
122
114
114
91
122
134
118
114
8
101
121
118
113
59
144
151
113
7
130
114
95
127
78
92
127
111
6
64
106
131
119
127
129
135
93
5
107
100
112
92
128
107
130
135
8
116
118
120
161
99
108
140
146
3
93
125
150
114
120
127
99
122
0
164
129
127
132
134
142
133
98
3
123
86
92
104
113
118
86
157
5
158
102
107
115
114
116
121
109
0
106
106
135
122
148
103
169
151
7
114
84
78
124
114
132
109
141
0
128
121
105
127
71
114
135
80
6
142
127
148
113
110
130
134
134
6
79
149
93
107
127
149
105
115
2
127
107
127
150
103
132
142
135
7
113
138
120
135
136
106
135
115
7
104
70
78
105
111
121
108
89
8
89
127
86
142
108
106
120
96
5
100
121
118
140
100
151
101
146
1
105
95
113
134
149
103
79
101
3
132
114
149
106
113
109
125
93
5
119
123
89
110
92
80
120
114
3
124
132
126
99
131
130
120
107
7
129
115
149
105
115
109
120
90

