17
5
5
5
10
3
9
7
5
7
3
3
2
4
3
2
4
2
15
3
6
8
10
0
6
3
5
103
97
133
90
93
127
98
122
6
136
125
129
95
110
123
100
148
10
126
100
148
172
129
105
145
120
3
77
112
146
129
120
162
147
112
8
126
127
157
111
104
79
90
116
6
155
150
133
134
136
115
133
95
3
140
93
108
146
129
127
139
152
7
111
115
101
105
107
137
117
77
4
94
104
133
105
107
121
91
127
6
118
106
119
93
78
102
141
122
8
122
157
90
121
97
131
108
112
8
134
88
74
134
114
92
127
133
3
114
140
123
141
107
108
155
121
3
119
124
77
91
106
112
135
160
7
114
136
113
120
120
133
114
127
8
97
122
99
126
123
133
109
114
8
97
101
97
121
140
104
133
114
3
85
138
86
130
154
120
111
137
6
127
107
119
128
100
166
92
135
3
118
91
136
125
77
71
89
92
5
102
119
108
107
105
85
128
125
3
79
108
120
114
136
112
117
121
7
116
127
123
156
115
101
108
130
0
109
121
136
141
120
133
109
124
7
102
116
116
149
59
141
91
109
9
118
77
78
121
93
133
111
94
9
156
127
129
117
131
134
121
105
1
136
104
142
133
153
140
125
122
6
155
131
117
135
127
125
125
107
4
128
113
140
138
86
92
106
93
9
126
117
156
122
85
114
109
99
2
122
105
93
132
99
93
133
117
8
126
134
123
140
77
107
123
129
5
104
70
130
85
127
144
158
123
6
120
132
114
97
87
127
131
148
9
134
127
107
117
114
107
114
127
5
121
88
95
106
127
106
90
131
6
107
121
133
127
124
109
61
129
6
114
91
148
158
92
114
128
107
7
119
85
162
142
103
89
93
128
9
95
109
139
101
120
92
112
153
1
123
139
96
86
123
128
96
120
3
105
93
111
138
134
148
99
106
2
77
80
129
76
113
128
94
122
6
98
96
71
128
125
86
123
107
1
119
69
93
171
104
115
130
122
3
120
150
99
136
148
112
95
92
7
97
120
90
137
129
140
127
148
2
112
100
137
105
140
135
154
130
6
104
120
119
128
113
78
85
124
3
112
85
155
109
135
132
127
143
5
86
151
123
113
116
147
113
119
8
124
77
135
140
105
78
114
121
2
129
108
136
128
113
120
81
127
7
142
129
85
93
128
135
97
114
0
83
139
127
92
119
122
113
118
4
128
140
92
143
101
105
128
108
3
128
143
113
98
129
121
149
99
2
106
82
127
109
96
127
97
98
7
100
129
111
120
107
127
124
148
4
88
134
128
135
122
149
120
146
5
124
122
124
135
149
97
122
97
2
148
93
110
127
136
92
106
104
1
111
162
154
115
157
122
99
107
5
131
129
122
127
170
133
130
115
4
143
110
86
94
111
123
118
124
10
113
125
113
113
107
85
119
90
9
91
119
138
152
112
143
128
154
9
98
104
125
129
96
97
131
119
4
92
115
138
119
128
130
96
136
7
65
96
84
131
135
125
98
121
3
115
113
101
141
112
113
110
96
1
140
93
113
118
134
131
93
107
4
126
100
111
126
106
114
107
104
9
93
97
127
95
91
81
134
100
6
113
112
112
130
146
150
105
107
1
118
146
150
113
112
112
113
107
2
115
137
134
123
92
155
122
119
4
109
122
123
112
135
164
106
107
9
110
133
131
113
73
96
121
130
5
120
120
139
131
94
126
93
79
10
115
129
156
114
134
106
130
89
3
142
113
87
134
141
104
149
91
2
113
97
122
133
128
111
88
98
10
130
104
157
97
107
65
126
138
9
99
100
128
108
99
112
64
116
8
98
128
106
144
111
93
87
107
6
143
81
139
121
148
124
131
80
10
131
123
136
107
120
139
97
129
4
99
101
94
119
128
143
140
104
6
138
100
106
106
131
121
83
84
2
120
130
113
118
141
113
122
118
5
112
113
94
117
88
121
134
129
4
120
115
126
169
101
127
128
109
2
96
106
122
149
142
97
115
110
6
141
106
73
92
142
103
122
137
9
140
135
136
121
101
126
148
106
0
117
93
121
141
129
136
99
100
7
146
100
110
109
107
108
127
110
9
123
117
134
113
97
138
115
114
4
119
80
99
115
127
139
107
127
3
135
148
105
131
98
100
80
112
10
113
98
124
105
122
95
113
108
2
113
148
133
149
77
134
110
141
3
129
119
111
126
115
85
96
115
7
92
117
121
121
134
122
148
120
1
102
98
99
139
111
116
113
142
10
102
103
106
117
78
162
108
105
2
135
121
140
116
92
134
101
104
0
117
154
93
100
91
91
99
140
6
114
126
93
111
113
138
98
130
4
106
121
114
92
103
149
98
74
3
91
154
98
53
94
130
90
126
1
120
131
86
64
68
113
78
127
2
150
132
107
103
82
115
117
89
8
121
110
127
100
142
88
115
120
0
102
113
126
129
142
104
113
137
10
106
86
134
110
117
67
114
114
4
127
129
117
107
130
129
120
122
6
105
135
112
107
125
86
98
98
6
110
120
115
116
103
91
99
116
0
145
141
117
114
100
134
200
129
4
136
99
140
120
90
142
146
132
3
113
119
100
114
88
119
130
102
9
106
128
87
96
114
141
126
147
2
115
81
145
146
88
134
69
90
4
171
128
159
112
104
101
123
127
3
106
107
127
94
134
105
99
121
6
137
91
147
108
78
87
113
112
3
122
107
138
107
123
114
119
84
3
153
104
77
107
119
122
143
138
0
98
109
121
107
115
92
128
133
8
93
145
135
106
124
106
118
110
8
114
127
110
89
124
92
131
113
3
111
149
149
123
138
158
119
108
4
122
142
134
148
134
109
156
105
3
100
102
135
113
162
162
111
125
9
119
127
128
100
134
119
163
114
9
149
148
103
112
79
78
139
118
7
112
85
138
85
116
122
112
108
3
120
150
128
130
121
91
94
150
3
122
116
96
161
102
154
131
121
9
147
140
149
79
105
141
127
93
5
116
72
106
134
113
114
113
119
6
121
92
143
128
122
141
129
134
4
119
98
116
123
110
100
108
93
3
134
114
73
86
122
87
170
137
3
85
92
139
122
112
123
65
108
6
105
117
106
118
114
113
113
147
5
143
98
116
130
118
137
115
145
10
123
87
113
141
71
125
106
111
9
129
114
123
92
122
154
131
106
8
108
107
161
138
119
135
94
122
6
93
108
104
110
115
101
132
101
8
96
94
111
81
102
103
129
96
7
122
97
132
130
105
136
112
134
1
110
144
127
138
128
125
122
106
6
136
156
118
87
141
107
139
119
3
127
135
112
111
126
120
121
92
9
115
143
103
104
93
137
100
140
5
120
116
96
121
110
93
91
157
8
132
133
100
119
124
85
127
126
0
103
140
129
127
126
127
135
137
2
107
119
121
131
100
128
97
102
1
135
106
143
135
117
106
120
125
2
136
148
124
85
128
142
59
116
7
74
140
82
99
126
100
87
135
7
77
113
120
142
106
111
131
113
6
117
124
100
88
120
64
110
115
6
141
144
116
122
85
126
112
118
1
121
118
126
146
113
157
117
113
2
90
123
108
140
115
98
124
115
9
102
98
139
99
99
125
105
89
8
147
153
132
101
170
144
136
128
7
133
112
128
135
123
99
113
131
8
168
112
113
78
113
135
120
138
6
100
100
113
111
105
114
109
114
8
91
136
120
129
97
85
130
94
7
115
86
91
114
124
91
120
134
4
112
155
121
115
141
115
107
119
1
129
101
107
112
133
104
135
124
3
97
165
127
124
118
133
141
169
7
134
139
113
99
92
111
134
124
2
114
141
135
108
88
130
108
107
6
107
161
107
113
113
141
134
86
4
128
119
139
83
119
139
106
99
8
121
109
102
103
101
106
110
120
5
142
87
148
147
106
87
103
121
1
179
120
130
116
132
128
163
94
2
123
85
114
140
97
73
129
102
8
139
117
130
115
154
109
105
90
3
133
123
125
107
84
107
135
136
8
138
104
70
103
126
127
130
91
6
124
91
111
160
142
122
125
100
3
121
152
108
112
120
154
117
109
8
128
96
125
103
107
114
121
106
6
101
115
109
129
162
112
87
117
1
115
116
148
111
132
125
139
127
9
142
116
121
112
116
121
115
124
9
121
114
123
104
109
141
145
156
6
86
121
111
99
92
112
130
91
9
129
99
134
93
106
100
100
105
3
117
104
93
121
122
107
98
114
7
127
135
100
136
107
129
126
107
4
134
142
98
123
126
153
96
135
8
147
121
101
106
112
117
106
107
8
100
135
128
113
147
146
99
114
0
135
127
112
124
94
150
115
122
3
128
135
121
149
116
116
112
93
5
129
126
126
112
148
105
124
114
4
114
107
135
95
113
121
112
121
9
133
144
120
65
117
107
102
125
8
128
129
135
122
115
100
106
105
3
173
115
120
118
108
119
116
115
5
134
107
116
120
100
155
93
126
3
134
93
148
117
71
97
87
118
7
129
148
110
108
84
97
113
123
3
103
125
87
120
113
94
95
114
10
141
147
167
118
128
154
132
117
7
140
127
122
93
144
110
75
122
1
144
112
105
126
107
154
94
112
6
120
134
105
92
89
123
108
121
6
138
107
133
120
121
161
115
102
2
154
163
126
142
115
89
133
134
10
75
57
137
119
115
104
113
106
5
130
153
112
128
105
110
129
126
3
146
133
117
125
113
126
126
138
4
67
92
149
132
139
114
102
100
5
91
137
110
138
108
121
135
124
5
111
106
131
95
162
84
92
112
2
106
104
137
92
100
161
137
109
7
145
137
107
141
100
107
118
105
4
117
109
108
101
127
107
99
106
4
102
105
106
129
112
170
80
97
9
127
122
97
122
130
128
85
128
5
97
94
126
146
92
121
122
122
1
142
129
91
92
123
131
114
123
8
100
95
138
132
136
94
115
116
6
108
106
81
121
123
120
103
114
3
115
99
102
117
127
123
115
119
3
84
105
113
130
95
117
147
128
9
86
136
120
116
136
115
149
136
9
117
126
128
153
124
119
142
125
4
88
134
106
126
134
93
149
95
0
130
139
116
92
128
147
100
141
2
113
95
102
127
124
149
126
121
4
114
128
116
159
127
135
79
107
4
92
92
136
124
111
117
128
92
2
103
147
99
100
93
108
163
80
8
120
134
116
93
121
105
133
79
6
108
112
111
110
86
92
65
113
1
132
114
116
134
80
106
118
105
9
114
91
136
114
126
98
94
86
4
111
106
102
114
141
127
92
94
4
146
117
149
113
97
146
91
148
4
123
108
169
102
99
97
131
111
7
122
146
113
149
148
107
107
124
9
116
96
128
135
122
135
89
86
3
127
109
115
155
100
139
108
106
4
112
121
100
108
65
119
110
105
4
65
106
139
72
122
128
120
96
9
113
96
121
136
114
92
142
105
0
113
121
77
111
106
131
142
137
5
126
139
104
127
135
105
110
107
3
133
110
127
135
126
117
150
87
7
121
114
140
113
96
97
78
128
9
86
135
117
130
91
111
92
142
6
123
92
109
122
127
95
131
163
4
111
133
138
143
95
134
154
116
9
126
122
107
92
155
81
103
126
5
92
144
111
84
128
112
142
136
4
105
110
163
133
101
111
121
120
4
96
115
123
114
138
141
136
103
9
120
108
138
115
127
114
99
124
10
121
61
114
85
109
106
130
124
1
128
86
147
106
140
112
113
103
2
126
122
138
117
104
119
129
129
7
93
114
121
109
126
127
112
96
1
133
142
102
107
132
140
102
80
0
107
141
150
105
122
120
106
113
4
140
94
128
112
80
66
142
148
8
119
102
113
102
92
136
92
132
5
105
104
131
158
93
107
134
134
10
110
111
127
127
154
112
113
140
7
115
119
116
106
119
110
119
101
1
78
141
120
122
119
85
97
85
2
134
114
99
123
113
93
106
88
7
95
113
127
134
155
107
91
87
1
132
112
130
124
169
124
118
139
8
106
117
137
112
133
106
126
142
9
113
128
154
121
138
113
102
82
1
87
111
105
102
140
107
128
86
3
113
114
99
150
107
100
122
116
9
126
127
138
110
124
106
107
106
5
115
117
129
83
109
79
141
102
3
107
121
135
112
103
73
85
114
9
142
104
144
98
127
127
148
101
1
96
105
78
142
134
108
121
154
9
129
78
123
148
71
127
131
107
7
99
95
91
132
120
122
131
114
7
88
116
132
137
119
131
108
105
4
91
106
156
135
153
102
99
145
5
141
140
107
84
128
143
141
146
3
93
154
84
108
114
105
87
113
4
99
140
88
104
101
135
139
118
1
114
112
87
116
139
144
123
108
5
130
127
111
121
97
119
128
110
2
106
132
95
132
153
144
114
135
3
120
125
102
136
133
92
105
120
1
113
116
99
114
108
136
115
125
10
133
144
121
126
127
127
120
141
4
106
123
113
130
94
115
121
122
2
127
121
112
86
110
107
108
141
3
114
120
98
71
99
112
83
126
0
80
94
109
141
95
127
143
114
7
142
120
164
133
127
103
99
139
3
81
133
128
126
147
77
111
102
3
149
121
108
112
122
103
81
114
0
92
116
140
108
107
105
122
145
3
122
119
92
112
128
88
93
124
6
137
73
115
79
114
135
170
134
5
105
178
106
100
92
119
110
103
3
115
90
127
87
96
136
168
95
5
141
117
124
87
114
112
113
94
2
128
119
139
105
116
95
146
120
3
127
134
120
118
105
105
116
141
3
137
137
98
82
162
94
107
141
5
118
99
116
142
124
138
108
106
3
107
111
106
115
134
136
147
103
7
100
90
108
118
99
106
112
148
7
114
114
143
109
130
149
117
141
3
108
126
144
160
95
150
118
126
1
102
110
122
109
153
114
148
100
3
138
81
115
134
126
106
115
99
3
117
113
99
119
109
84
154
134
4
108
127
115
76
113
120
113
100
8
119
134
120
103
164
128
139
126
9
93
128
129
107
99
99
140
113
8
85
98
80
143
122
113
108
120
9
129
136
108
87
97
130
148
99
6
100
71
108
163
99
157
100
128
8
105
100
88
138
79
115
113
121
2
120
96
127
130
147
149
77
125
7
154
83
132
118
120
79
111
130
4
130
88
119
122
113
128
114
85
3
134
121
107
139
156
121
113
122
6
118
112
85
136
101
132
99
111
3
136
118
143
129
117
157
131
102
6
112
122
128
113
112
91
124
105
6
120
115
85
127
121
126
134
86
9
133
115
121
108
115
140
128
112
1
94
152
129
104
128
128
131
94
1
113
129
94
129
114
67
125
100
0
127
80
128
120
99
100
114
67
8
125
143
96
129
150
141
151
66
10
111
97
131
95
76
83
137
162
4
119
102
149
107
115
111
114
101
8
115
121
137
130
116
121
93
99
9
83
93
122
88
82
134
131
105
6
146
114
151
81
94
130
106
117
9
121
140
103
64
120
142
101
141
8
131
145
105
108
123
127
102
92
10
130
113
134
93
121
114
113
113
4
92
140
87
123
101
127
113
94
3
131
109
99
114
144
123
126
106
7
146
134
125
114
116
95
116
121
2
142
134
136
108
101
141
106
114
8
149
67
110
113
121
112
93
109
6
134
96
119
135
125
94
85
77
3
115
141
135
110
120
122
122
155
6
106
141
102
140
106
138
125
101
8
165
133
149
140
129
112
128
153
1
128
135
115
120
148
87
114
98
6
152
123
113
119
129
105
106
119
4
122
123
122
109
88
143
106
89
1
68
157
143
142
78
87
119
109
7
87
110
99
142
122
134
155
131
0
133
130
121
79
114
94
133
101
9
166
134
111
113
98
93
115
133
3
129
91
90
103
113
105
113
141
6
134
112
127
87
134
113
115
127
5
105
122
129
99
147
143
105
127
5
131
149
99
146
102
107
119
121
6
101
107
71
136
113
110
102
119
2
129
123
113
131
100
150
139
139
1
102
93
116
85
151
111
127
106
3
129
115
77
100
128
134
136
95
2
122
85
82
97
133
84
106
81
4
108
98
120
87
156
109
132
108
2
131
109
75
100
126
128
135
98

