10
5
3
1
5
1
10
6
9
11
9
3
5
4
2
7
2
1
16
5
4
1
1
7
1
6
9
97
96
89
128
85
111
113
84
8
106
140
149
106
135
118
129
117
5
145
113
113
117
142
108
141
72
4
120
134
115
87
99
136
114
146
2
136
122
115
135
140
106
123
102
10
136
138
137
113
95
120
108
112
1
134
108
116
93
149
127
100
97
2
107
81
127
141
103
152
110
87
1
125
99
149
112
114
142
109
124
5
98
114
102
129
138
122
96
100
7
120
113
124
121
99
122
92
120
6
129
142
121
93
106
95
120
112
4
92
133
119
121
107
98
107
134
7
134
106
134
128
161
110
90
122
5
115
127
131
95
101
109
166
98
2
89
115
112
94
140
83
93
86
9
113
121
71
136
92
112
103
152
3
101
177
106
106
125
126
153
117
9
140
142
92
157
117
92
127
113
7
113
129
142
114
66
133
93
108
2
149
87
170
90
113
131
142
119
9
96
126
97
99
140
94
106
125
5
148
96
89
125
113
102
108
101
8
92
75
120
104
106
97
108
135
5
120
104
121
111
128
106
121
134
7
103
95
140
95
114
132
94
141
4
101
93
107
100
106
123
95
138
1
127
142
109
115
105
138
93
104
10
92
133
105
119
100
87
106
113
0
106
129
126
97
132
86
156
123
1
142
100
142
114
143
121
99
96
3
107
90
79
128
113
139
120
114
4
86
139
123
124
103
116
96
94
6
107
135
112
98
113
128
120
99
6
91
147
146
102
131
93
104
114
1
112
120
131
153
124
131
114
144
4
127
144
131
97
132
100
134
80
1
109
129
133
116
138
114
98
108
1
98
117
57
135
108
134
129
109
8
159
94
145
101
131
101
141
133
7
93
125
130
105
124
145
91
128
8
118
124
127
127
128
98
118
102
7
119
120
85
90
106
137
94
91
7
119
98
82
107
110
108
121
109
4
142
153
133
134
106
129
105
91
6
137
108
107
108
137
136
132
104
9
95
85
132
133
108
104
144
123
3
148
119
130
93
142
105
140
80
9
119
112
129
109
92
134
104
129
5
127
90
119
85
102
109
92
144
0
99
90
123
129
120
140
140
101
8
115
96
103
86
112
98
161
146
4
150
150
114
90
160
122
134
149
2
122
108
156
96
119
117
121
115
5
142
141
114
135
104
110
115
118
4
93
116
115
94
122
79
112
91
8
112
140
153
156
140
131
129
106
8
118
119
160
99
112
122
120
144
7
150
120
86
104
150
108
131
139
4
120
113
120
113
129
112
117
116
3
108
124
120
139
163
148
148
113
7
135
142
113
100
104
148
134
137
5
77
120
87
114
115
110
169
137
2
114
114
118
155
107
75
81
135
3
109
120
121
132
115
137
117
141
7
137
121
115
153
136
112
87
95
4
93
142
107
108
98
113
103
92
9
86
138
120
95
110
148
88
163
2
114
116
128
86
92
112
177
98
10
127
107
135
124
156
102
167
101
1
143
149
100
99
134
143
164
123
7
134
106
87
102
95
120
135
107
6
133
108
128
121
133
121
114
155
5
109
70
127
132
126
116
119
123
7
142
122
122
110
140
147
104
86
8
120
149
133
87
98
144
132
128
2
114
118
153
103
82
135
118
128
2
109
128
103
118
93
127
132
118
2
120
104
86
111
135
151
108
157
6
107
120
120
140
119
146
105
85
2
113
116
101
132
109
128
92
115
3
126
146
90
115
119
150
126
100
6
129
122
96
142
93
113
117
131
9
114
105
94
134
79
134
90
116
7
127
149
130
133
147
136
131
147
1
109
132
136
91
128
112
120
104
7
132
134
100
99
128
128
155
113
7
142
88
134
156
99
87
116
112
9
118
131
129
113
122
78
67
143
1
133
121
106
91
97
117
112
111
8
101
117
94
102
104
119
119
86
7
106
77
106
122
135
104
123
91
1
125
127
124
116
147
113
142
114
7
119
103
100
98
113
128
116
136
6
139
82
126
100
118
130
92
95
1
105
105
108
122
121
129
119
117
10
129
121
132
132
77
115
164
121
3
106
115
126
122
83
107
147
121
3
128
166
86
118
127
96
104
112
2
135
132
109
121
84
86
123
107
10
136
147
119
108
140
137
131
120
8
120
84
108
93
99
117
109
77
7
115
119
130
115
158
106
124
117
8
131
120
155
108
112
143
108
111
4
147
135
106
135
105
159
84
128
6
122
129
130
113
126
117
121
115
7
86
157
109
116
168
114
132
86
6
98
97
125
149
106
126
102
111
5
150
125
119
110
104
129
106
66
3
111
155
109
140
116
145
123
91
8
125
117
112
116
106
127
91
127
0
138
144
92
121
100
92
128
113
9
110
127
139
131
130
71
135
122
4
147
107
72
130
142
128
81
115
1
133
127
128
127
104
122
102
143
0
148
129
114
99
127
125
149
100
9
128
150
115
90
128
135
126
110
4
123
106
86
108
158
141
137
143
5
91
132
130
101
113
126
128
108
5
141
143
99
106
91
83
172
147
5
112
129
132
127
133
88
139
74
3
99
190
98
106
86
149
104
141
4
102
149
117
112
119
102
107
134
0
102
177
90
109
94
121
103
133
2
71
101
152
111
98
135
147
98
1
135
144
108
129
99
150
107
148
2
142
115
65
77
128
105
124
136
7
120
134
116
112
95
133
117
122
1
109
126
150
100
122
96
120
135
0
134
114
145
111
89
93
102
106
1
117
112
85
97
114
107
112
121
2
105
109
117
141
138
109
140
93
10
134
86
143
111
133
120
124
118
9
125
101
112
93
139
106
128
134
1
87
81
137
137
99
109
125
128
9
120
111
127
81
150
118
117
100
6
96
135
106
112
147
113
134
114
3
115
115
127
141
120
130
100
149
0
108
91
111
96
120
134
106
83
7
165
130
176
125
121
141
116
150
4
59
108
86
103
78
108
122
121
6
113
78
106
131
93
102
123
134
4
120
128
119
108
144
126
119
97
5
128
104
80
110
115
106
104
102
6
83
88
108
58
117
143
86
98
5
150
147
101
127
108
114
162
114
0
98
134
134
144
122
93
146
78
4
112
91
85
107
119
82
99
81
7
147
120
114
118
138
106
89
127
4
122
156
125
120
101
92
118
141
1
97
139
101
126
114
79
131
79
10
101
112
158
124
109
112
141
150
8
106
106
117
100
120
119
100
147
8
147
161
85
94
137
84
139
107
0
121
106
104
128
128
108
119
99
4
134
161
110
104
123
128
113
135
6
118
116
135
136
137
109
129
114
8
123
84
132
113
108
118
180
109
8
127
155
104
150
135
125
108
146
0
111
125
128
119
154
127
99
133
2
98
124
130
147
121
98
129
166
7
106
92
136
91
114
141
130
106
9
141
112
108
113
120
104
147
118
7
128
123
100
102
109
113
106
101
4
106
93
120
122
149
77
84
100
6
121
129
105
156
108
101
85
131
4
114
109
155
129
125
85
112
123
5
134
99
95
180
149
128
131
89
2
142
100
121
144
98
98
101
101
10
137
140
163
122
119
135
113
110
7
154
128
136
121
128
119
99
119
10
136
115
143
119
130
123
100
136
5
99
107
127
112
83
121
71
127
3
105
149
113
93
94
128
120
142
6
122
109
96
98
150
142
137
99
5
78
127
132
102
94
144
104
96
2
114
105
90
116
122
105
143
106
8
108
113
93
123
117
125
92
90
8
156
112
114
121
126
152
108
125
1
99
98
61
119
91
86
114
91
8
124
77
113
78
121
142
121
98
8
161
86
103
148
99
107
116
113
6
124
81
135
95
134
145
105
111
7
126
127
147
134
140
77
140
125
2
100
86
137
106
92
66
135
172
8
101
120
79
106
116
144
58
101
6
124
110
122
118
115
129
120
140
6
124
101
101
153
120
107
101
145
2
84
122
128
129
119
129
125
89
4
105
98
155
88
141
99
125
123
8
145
138
93
144
121
122
128
159
8
122
102
93
134
120
157
130
96
7
111
129
102
162
136
125
121
111
0
113
122
136
121
132
100
136
102
5
120
113
116
113
125
102
92
119
3
109
118
107
109
141
145
113
158
5
132
144
107
89
170
107
113
102
7
99
131
115
128
106
128
118
116
9
114
155
107
135
110
122
93
123
3
120
91
110
86
123
129
119
113
4
116
90
153
106
133
133
105
107
2
148
128
160
128
144
121
99
100
8
119
96
118
135
156
148
128
97
3
115
86
121
139
129
105
91
123
7
148
98
110
121
114
99
120
151
6
119
115
94
116
134
70
77
86
2
127
133
128
121
112
129
134
124
2
106
93
140
115
105
164
120
116
3
128
128
147
136
133
154
119
97
6
124
115
83
117
129
120
159
118
3
96
128
122
93
106
132
143
122
4
108
153
97
140
154
84
105
119
1
83
113
121
118
126
141
102
119
8
110
101
99
130
101
114
92
120
7
100
113
113
139
110
112
114
125
6
103
100
92
142
141
123
157
93
7
140
126
121
113
128
143
133
140
4
133
100
111
121
106
125
149
147
3
102
53
132
119
125
105
118
129
6
135
144
104
100
114
108
114
147
6
113
134
99
123
154
103
105
133
1
145
99
115
117
103
145
81
120
9
138
100
71
100
127
90
87
106
7
114
125
90
119
114
103
92
142
9
122
132
144
89
100
147
142
108
8
113
113
98
95
119
116
96
113
1
115
130
122
105
102
96
115
103
9
73
109
120
119
111
119
101
136
9
108
157
118
116
152
114
122
115
2
100
135
103
142
155
143
138
131
0
107
128
113
112
164
115
124
126
3
97
112
68
147
153
127
129
113
1
114
145
100
125
109
117
135
119
6
117
122
106
106
127
121
134
127
3
149
110
101
119
141
95
109
82
6
120
129
126
109
148
129
125
113
4
135
99
99
135
135
96
107
112
9
130
110
66
117
114
120
123
132
9
117
122
135
122
109
136
105
103
3
148
127
91
119
92
128
118
153
8
130
98
98
158
120
134
122
106
5
110
114
141
124
112
125
101
133
10
139
107
106
87
112
129
144
132
3
121
125
99
105
128
120
122
149
8
111
115
139
139
135
122
122
116
1
157
100
119
126
122
154
113
98
5
125
128
163
135
96
151
144
150
9
148
131
104
121
116
137
118
143
4
98
143
129
136
154
113
112
106
7
124
73
133
95
118
102
107
142
10
130
96
96
101
95
85
134
126
1
148
78
135
130
168
116
119
113
10
150
134
127
106
134
134
87
125
6
134
121
117
112
127
120
133
125
5
151
108
115
113
108
98
115
119
5
129
114
132
128
137
111
141
136
9
128
112
111
163
115
96
72
135
0
133
121
107
112
122
95
114
146
4
44
79
100
104
128
164
119
104
4
134
77
99
72
111
119
123
108
4
115
109
148
177
81
119
111
87
5
165
140
108
103
106
122
103
113
7
120
108
126
101
134
118
113
127
0
81
125
141
95
85
106
88
133
8
139
90
130
143
149
100
73
115
8
139
82
112
162
98
117
122
99
9
134
114
98
124
94
116
123
136
9
120
96
148
181
134
119
103
134
1
163
78
161
113
106
142
132
103
8
136
135
85
123
122
164
115
120
2
77
121
85
140
111
127
135
135
9
115
123
105
115
162
146
161
99
7
136
88
120
133
88
71
99
152
3
123
103
137
134
131
104
127
98
5
157
150
91
112
114
125
99
88
4
115
95
114
115
152
113
148
134
0
126
122
93
129
122
113
135
104
3
127
126
136
103
133
150
77
120
5
91
110
119
126
121
110
84
102
10
152
140
131
126
128
109
130
87
9
128
91
150
163
148
114
108
143
8
145
134
114
92
141
120
122
106
6
133
130
105
100
95
131
141
131
5
104
135
122
145
108
113
141
120
4
136
105
150
127
121
106
101
126
5
135
113
93
105
137
116
96
134
0
127
93
147
93
92
120
102
117
1
126
107
109
113
100
133
118
119
8
143
93
104
114
107
107
120
94
6
150
154
86
135
96
118
117
91
0
141
111
143
81
141
99
129
135
1
104
78
112
122
160
117
99
104
4
108
111
136
163
122
104
128
129
10
120
109
110
111
135
94
114
82
9
115
93
143
141
102
120
97
79
4
142
87
132
128
125
88
96
155
1
141
125
124
128
101
99
159
143
3
114
121
51
126
119
140
108
80
1
131
126
107
97
126
111
121
101
2
130
86
135
126
102
111
93
139
2
129
117
92
128
126
88
136
93
7
114
96
146
118
114
94
129
104
7
118
149
147
96
98
182
126
121
2
113
158
117
136
125
139
147
81
10
85
85
78
147
123
91
159
141
4
118
131
113
109
104
115
101
115
1
115
119
109
103
113
140
136
105
7
113
142
126
100
164
96
113
90
2
113
116
137
156
106
122
127
121
8
113
101
103
96
134
118
95
118
5
151
106
155
130
148
93
133
122
4
84
100
153
150
120
100
99
105
3
105
112
96
115
99
128
120
148
10
141
115
86
93
148
114
114
119
2
98
113
135
95
125
133
114
126
2
148
113
96
120
94
134
91
120
1
79
135
163
100
156
84
107
99
3
150
118
94
120
111
116
117
127
1
122
124
128
116
103
131
98
96
6
94
118
126
123
122
107
151
156
10
113
127
110
110
91
119
142
163
1
80
105
88
102
121
98
120
134
1
104
113
117
133
168
99
109
149
3
108
88
135
92
116
94
114
102
10
107
92
130
100
93
115
106
134
6
115
106
122
114
129
78
121
106
1
154
96
145
121
101
96
118
85
8
111
81
64
147
117
134
107
86
2
146
89
64
87
134
130
123
92
3
114
141
135
134
99
115
83
109
0
79
134
118
106
136
156
115
118
2
104
128
100
135
128
149
93
99
7
141
127
117
112
99
134
115
114
2
125
107
154
135
154
140
109
115
8
92
187
71
121
99
106
150
141
6
106
86
94
108
121
127
119
109
9
93
154
105
110
65
127
127
94
8
108
127
99
127
156
86
108
124
6
155
124
124
128
137
118
132
100
7
99
147
88
142
134
142
103
78
0
155
153
150
112
125
98
141
100
1
113
98
111
124
142
105
138
128
5
155
115
114
115
105
122
127
109
1
140
149
116
114
130
106
108
86
8
103
74
135
144
119
107
134
77
8
143
112
84
129
125
129
98
126
2
119
146
119
128
99
141
92
131
6
144
109
139
117
102
97
125
117
7
98
134
68
125
115
135
138
133
3
136
147
122
135
103
106
135
120
9
111
110
99
122
113
100
103
93
6
128
124
95
141
107
79
102
144
9
91
121
59
126
114
147
147
124
1
105
104
83
97
131
156
116
148
1
106
107
128
119
102
94
135
141
0
136
133
85
115
127
160
134
119
1
119
119
113
154
114
124
140
117
10
134
111
94
134
114
111
115
102
1
108
79
91
122
110
127
112
122
7
130
113
106
119
99
99
84
106
6
106
92
117
118
116
101
114
129
7
80
146
100
77
125
114
135
114
8
128
99
137
155
134
89
146
92
6
128
100
127
116
111
131
141
127
4
124
114
72
96
101
144
119
109
9
89
139
149
87
155
140
136
99
10
104
115
70
148
113
115
128
114
10
124
164
97
115
113
77
126
105
2
126
136
132
121
111
115
105
128
9
114
121
142
119
100
121
123
105
7
121
94
133
97
100
121
122
94
6
107
137
119
111
106
138
128
102
2
99
83
150
127
71
143
137
131
4
95
99
101
123
133
124
130
70
0
114
87
83
114
124
127
134
82
2
143
140
160
142
79
151
114
154
6
79
100
114
114
114
142
101
93
3
112
142
120
110
124
154
102
141
9
127
132
131
133
119
122
131
131
8
78
104
109
75
114
87
94
111
2
113
128
101
92
108
122
121
156
5
87
106
86
84
140
80
130
158
4
120
124
71
99
121
143
150
86
3
145
115
100
85
108
148
129
150
0
99
100
91
90
123
148
127
149
3
155
111
128
126
146
115
123
119
4
108
93
136
95
136
120
121
79
6
124
107
115
113
122
89
131
114
4
124
149
120
112
99
97
111
169
8
107
94
133
97
133
126
121
84

