11
2
6
3
8
2
1
2
4
12
5
10
8
3
3
9
1
10
9
9
6
2
7
2
2
0
1
149
157
106
66
112
86
100
124
7
113
149
100
113
113
128
136
121
5
99
143
113
115
148
121
107
135
10
93
100
101
98
99
111
127
113
6
134
99
107
83
128
150
113
94
1
92
80
120
142
128
102
142
126
2
167
120
109
87
106
96
118
118
9
142
112
79
99
145
104
86
110
4
123
119
71
145
130
148
96
88
9
145
77
128
108
121
119
136
131
7
128
102
121
138
81
119
118
110
3
89
114
91
92
92
94
93
142
2
98
142
109
107
138
117
103
99
5
133
92
119
136
110
98
100
98
9
128
135
110
126
91
122
88
116
3
120
122
100
99
84
109
128
120
3
138
115
91
105
126
110
120
114
3
127
81
135
155
95
127
113
114
5
136
99
102
111
117
127
107
101
5
155
107
134
73
107
86
129
114
0
99
125
114
135
93
141
111
105
8
145
141
128
100
122
125
78
140
5
115
135
134
82
122
86
84
142
4
115
117
99
86
111
98
79
127
7
92
115
156
132
99
103
142
129
3
108
111
78
125
78
121
141
120
3
129
86
102
112
145
110
118
99
4
108
109
125
131
132
106
83
128
5
117
111
119
140
116
150
137
138
10
128
114
94
130
107
103
136
135
6
99
94
106
77
100
134
123
117
5
113
147
128
71
160
112
156
107
7
98
113
147
126
91
127
97
123
9
78
144
125
89
90
128
103
82
5
135
120
117
131
140
121
106
119
10
103
141
90
129
78
135
96
107
5
125
170
73
106
148
102
99
93
6
135
75
57
106
114
152
111
91
5
135
124
124
112
136
136
128
100
3
149
148
113
100
132
99
121
98
6
150
77
93
115
97
86
127
145
1
85
99
138
128
121
103
76
109
2
122
122
80
115
118
102
93
139
4
144
108
102
136
114
128
128
82
4
120
108
98
99
133
85
133
149
4
106
85
110
110
129
132
113
128
9
94
107
114
105
106
112
114
130
7
93
121
115
92
126
141
145
84
5
115
128
109
88
121
101
71
129
3
132
143
125
102
114
90
119
107
9
131
126
123
116
117
114
92
93
1
126
121
164
106
166
90
158
120
9
128
143
107
114
107
102
147
125
5
150
107
158
123
155
105
119
97
8
107
100
150
137
107
87
113
93
10
92
141
113
129
124
108
134
148
1
121
122
106
109
115
114
113
106
3
141
150
120
111
132
154
106
105
9
84
94
109
134
167
100
104
127
5
135
108
135
95
112
128
149
102
9
102
117
144
99
125
112
119
99
2
132
127
139
104
96
111
140
87
5
121
105
130
74
106
106
122
127
4
126
137
128
119
72
128
118
112
7
132
99
106
128
94
132
128
121
9
107
127
113
149
123
147
134
111
2
136
124
109
76
108
107
106
117
2
163
111
114
80
122
119
105
100
2
133
150
123
109
114
120
109
135
8
131
113
91
114
133
121
99
95
2
90
120
168
103
116
121
136
121
10
110
99
99
131
125
105
125
130
6
85
117
124
124
105
116
128
109
0
86
117
90
134
168
96
99
101
6
135
124
87
150
138
128
93
102
10
123
117
99
106
143
123
107
125
4
108
152
127
143
105
107
93
120
8
115
133
142
118
103
140
138
113
4
125
117
126
129
105
106
123
91
9
127
122
134
148
100
118
121
113
0
150
136
109
90
120
121
120
112
1
104
134
115
161
114
134
93
74
1
99
128
99
121
114
121
93
128
5
90
105
136
112
111
93
116
114
6
93
124
113
109
127
144
140
100
0
121
78
94
121
150
111
130
127
3
79
113
114
129
77
120
136
117
9
126
99
106
142
124
134
107
141
5
149
111
107
120
106
87
94
130
6
143
122
93
132
106
101
145
124
7
116
105
123
134
167
139
82
107
4
88
133
121
113
85
162
111
113
8
96
147
152
122
119
108
99
101
6
127
124
119
135
149
106
136
117
0
93
121
87
96
113
123
134
134
6
106
120
120
61
148
107
133
127
1
105
126
126
99
97
126
155
132
2
114
122
93
137
102
123
141
90
6
113
129
144
142
113
107
137
86
7
129
114
111
91
112
140
144
133
5
121
98
143
109
132
165
124
155
2
131
126
121
148
86
135
118
149
7
108
106
135
115
118
115
129
73
3
115
129
114
99
121
121
74
114
0
116
162
114
131
152
117
122
125
3
107
130
115
101
121
155
80
101
1
93
123
127
140
127
108
109
110
9
142
121
141
114
108
153
142
188
0
122
121
82
127
108
86
107
130
5
121
134
98
106
140
108
114
73
7
101
121
112
99
127
106
116
135
3
113
84
143
113
105
131
140
93
6
137
98
105
124
113
151
101
132
5
118
103
141
99
91
121
105
127
8
142
77
118
105
150
95
114
122
6
128
141
97
136
80
104
126
106
5
138
115
117
99
117
97
115
134
9
124
120
94
140
104
96
130
119
9
121
106
147
114
123
132
103
125
9
141
91
91
125
98
127
131
89
7
95
121
98
80
105
122
120
121
7
99
116
118
114
131
75
113
93
5
136
113
71
154
152
134
98
141
5
135
122
128
139
119
108
99
135
1
106
132
125
143
128
43
119
109
9
113
114
122
79
122
140
102
114
8
99
91
177
147
101
125
113
127
3
130
141
112
119
100
121
108
124
6
120
91
119
107
153
72
118
110
7
145
125
106
114
109
115
117
120
3
132
111
93
130
162
150
88
122
4
106
148
134
113
108
127
90
72
5
121
122
108
119
106
115
95
102
9
90
122
123
110
136
142
146
140
1
113
129
131
75
113
120
150
100
9
85
121
115
131
116
80
112
93
9
99
144
115
94
113
128
79
108
6
126
130
107
73
110
117
129
106
2
112
164
99
111
120
105
178
128
5
133
86
114
129
112
94
128
100
6
77
91
95
135
115
110
88
122
2
135
110
122
93
119
115
110
94
8
126
127
112
104
127
128
115
128
4
105
122
96
77
112
99
118
103
5
111
149
131
107
115
113
120
120
2
159
98
107
108
96
112
114
101
1
97
120
110
117
71
91
128
132
6
105
119
83
85
125
151
92
169
7
142
118
120
121
114
103
138
105
4
112
108
98
61
137
126
150
134
8
114
77
67
119
114
114
135
86
1
134
94
139
160
60
121
132
129
3
124
128
83
127
133
74
105
151
3
132
124
89
127
124
102
123
141
8
155
98
128
86
138
147
159
126
10
118
120
112
136
156
110
155
141
8
144
132
109
123
96
140
104
143
6
138
92
139
93
81
127
108
123
8
99
91
107
147
115
114
124
99
6
125
108
102
136
87
144
86
142
7
93
124
141
112
99
154
112
84
9
91
120
148
109
93
145
124
102
5
131
114
98
138
132
117
92
119
8
134
84
129
99
133
78
129
98
7
140
110
100
114
108
105
125
157
3
103
98
130
117
165
121
132
110
1
110
128
130
113
113
135
105
108
6
78
102
94
107
106
106
92
142
7
126
123
147
84
107
136
121
106
8
89
152
135
155
127
107
127
105
8
121
119
132
112
133
84
150
98
3
157
127
109
92
134
135
93
111
9
141
127
127
127
127
149
134
130
4
156
113
94
103
143
124
88
119
9
116
97
148
149
119
111
122
106
10
132
142
79
85
107
110
129
129
9
101
94
113
110
59
134
151
86
5
170
77
87
125
120
77
112
104
9
104
124
93
125
115
83
107
125
5
113
128
131
99
93
88
122
130
9
99
100
105
93
121
129
121
126
0
111
114
134
127
112
130
87
100
5
129
120
82
121
183
120
77
126
1
90
124
140
107
114
117
106
148
8
118
85
70
155
84
111
130
119
2
144
125
100
146
101
152
111
78
6
89
126
97
131
110
121
115
116
8
120
121
120
123
91
105
145
100
8
109
113
116
136
122
124
142
97
7
115
74
112
119
76
132
125
117
7
128
132
110
108
115
112
140
127
9
152
175
62
113
100
147
119
126
2
87
85
85
90
120
109
107
134
3
127
132
95
115
126
126
121
139
4
132
84
125
119
128
169
94
111
8
107
117
142
149
85
121
133
115
7
135
119
125
92
157
182
156
85
7
164
101
157
116
123
135
106
93
2
122
127
127
107
94
148
163
120
4
108
111
144
96
124
107
89
110
5
117
105
108
119
111
127
113
114
9
98
85
106
115
54
98
111
80
1
128
127
88
97
140
146
114
132
4
135
108
113
101
126
123
127
86
2
145
111
117
111
113
145
164
110
7
114
132
122
106
136
115
112
111
5
115
112
106
88
127
92
112
128
2
135
117
130
128
125
85
138
143
7
121
107
140
125
109
125
141
118
3
114
136
92
111
81
105
69
99
0
141
129
143
124
127
122
109
108
8
98
94
98
126
92
112
124
95
3
120
99
123
118
119
134
94
118
7
118
137
143
143
101
139
125
115
6
128
152
111
127
103
164
117
128
1
146
96
120
127
143
113
134
136
7
187
142
84
92
135
129
120
124
6
108
94
107
134
116
108
132
118
6
117
139
126
109
100
163
107
97
5
121
106
122
133
108
61
108
116
1
124
139
128
110
100
119
126
121
2
104
96
115
121
98
105
92
113
8
101
106
101
106
107
119
107
127
8
93
122
78
99
143
106
131
160
3
121
96
138
149
113
133
107
96
7
107
143
106
114
134
124
147
156
7
103
109
127
114
114
70
79
119
3
148
127
147
106
136
95
106
106
4
103
109
107
92
118
119
78
123
5
131
142
116
115
127
104
118
100
8
89
123
114
90
91
121
116
114
4
141
78
124
132
161
87
112
112
3
171
100
120
112
127
82
105
115
9
107
136
130
124
174
111
135
141
1
128
110
131
77
86
121
138
141
0
103
133
80
137
129
141
131
144
9
121
163
106
119
89
120
107
121
0
127
91
108
76
108
105
117
100
6
150
121
120
107
128
115
127
73
1
97
122
103
86
116
87
64
131
5
112
120
148
157
114
107
124
134
8
143
132
110
126
133
117
86
119
2
87
102
144
102
107
115
125
111
1
136
113
81
90
107
93
88
98
7
156
113
124
134
93
90
100
130
9
128
130
166
93
139
115
124
110
1
112
143
111
119
98
112
118
149
2
148
74
108
115
123
138
148
139
9
122
83
108
95
113
116
139
133
2
112
149
123
125
106
112
118
79
4
133
121
140
136
120
108
144
126
8
128
153
108
106
148
123
90
100
5
134
120
96
128
82
130
134
105
8
127
140
144
158
88
156
76
106
1
162
70
123
123
124
115
104
111
0
109
85
128
129
112
86
127
104
2
148
126
105
126
120
104
122
135
7
142
102
126
92
118
130
150
91
4
113
90
113
122
96
81
115
125
8
105
121
147
121
92
114
120
95
2
134
107
126
135
78
134
100
129
3
117
130
100
123
100
145
106
124
9
168
129
128
120
143
113
99
127
2
150
115
129
109
136
133
110
108
1
101
111
123
147
106
126
133
91
6
118
117
111
131
141
93
80
145
8
93
108
128
136
142
121
118
134
4
79
105
127
126
117
120
117
121
9
111
119
136
97
141
135
155
114
2
118
114
105
132
127
106
78
93
7
106
164
141
100
121
116
113
117
9
120
113
105
99
118
106
134
97
6
93
108
106
71
87
111
112
89
6
144
121
99
116
100
143
108
109
2
121
126
159
106
105
106
122
169
9
94
122
99
99
113
95
84
108
8
126
142
136
103
111
112
113
100
1
83
123
113
134
127
104
75
134
7
109
132
115
115
72
120
108
106
9
108
140
144
134
103
132
85
158
7
134
114
114
121
119
142
103
104
7
136
101
141
137
121
116
130
126
8
97
122
141
99
85
94
100
156
2
119
135
108
141
151
117
119
103
7
79
124
141
93
117
133
124
122
4
153
95
108
114
137
120
86
101
5
116
124
82
99
121
141
101
122
8
97
106
76
115
108
81
105
135
4
114
153
113
123
115
127
95
129
8
80
132
106
103
155
147
96
112
5
95
107
115
130
103
148
92
127
7
109
120
105
108
89
91
137
112
3
117
101
122
113
120
93
117
111
6
88
105
112
68
132
108
101
119
9
140
113
140
145
136
110
86
57
3
106
109
87
120
114
141
120
113
5
150
142
110
121
89
88
116
115
8
114
99
113
118
105
106
84
114
5
101
113
82
76
100
137
114
102
7
107
98
106
94
156
149
128
107
1
115
109
95
112
105
94
151
107
6
101
121
134
102
121
103
104
168
9
93
85
128
133
112
91
146
128
6
111
124
128
113
144
163
142
135
6
82
129
123
136
78
99
107
121
10
124
86
131
60
87
139
142
114
0
116
131
149
120
96
107
137
127
2
114
76
122
94
175
118
124
78
1
135
107
115
107
130
135
64
119
4
127
94
121
120
98
85
108
89
0
141
80
121
111
101
72
133
136
0
133
143
99
114
94
113
122
156
5
71
87
127
103
80
149
98
121
4
95
144
107
98
91
123
156
137
9
107
104
132
150
115
92
155
112
5
97
131
120
141
103
120
133
130
6
109
133
70
126
121
113
100
113
4
113
125
80
131
134
113
101
140
7
114
120
135
129
120
129
131
136
8
111
111
138
135
131
107
147
130
5
98
86
136
128
119
120
112
151
8
141
72
141
121
149
124
103
140
4
110
122
89
105
93
74
120
156
9
100
148
147
114
162
74
132
125
7
99
77
128
107
117
136
160
100
0
139
131
127
128
162
96
125
127
0
112
155
112
116
98
126
111
98
9
134
99
116
149
90
99
141
127
8
128
84
149
121
148
129
89
102
1
97
131
129
117
99
132
89
95
4
81
107
115
147
105
100
116
132
5
84
125
112
142
146
132
99
137
3
141
80
127
155
154
120
172
100
5
107
77
140
99
103
93
140
82
9
122
119
114
106
92
133
134
89
0
142
127
119
119
134
125
110
126
4
82
142
120
119
105
134
131
140
1
115
140
115
115
147
97
105
115
1
122
115
105
111
143
69
107
132
2
100
128
90
126
114
127
101
129
2
126
153
94
114
130
103
109
121
7
142
130
111
117
80
94
77
94
7
118
131
129
46
139
94
103
99
3
127
113
94
135
99
130
151
117
2
149
106
114
124
139
130
125
101
3
101
80
140
92
65
161
90
91
9
91
71
108
110
114
139
116
110
0
127
106
127
102
113
110
92
131
4
133
122
134
133
126
85
141
114
7
82
99
88
108
126
99
129
131
9
123
121
108
113
135
128
136
113
1
134
143
147
140
114
111
135
114
9
129
107
144
111
113
108
101
122
8
117
148
117
152
112
115
129
107
10
135
127
160
120
133
93
130
174
4
112
139
171
95
136
148
140
80
8
122
122
144
124
99
108
116
116
5
100
147
114
85
112
122
110
117
4
142
121
112
126
97
122
123
154
2
120
73
105
155
95
127
152
106
3
105
135
127
120
120
110
114
97
4
127
164
136
150
92
106
131
168
3
136
140
128
134
114
134
136
149
4
140
100
124
117
109
127
112
114
1
134
111
128
112
99
122
93
111
2
117
119
85
93
110
101
106
112
1
106
109
94
144
166
101
93
99
4
83
106
110
124
112
142
92
120
2
106
110
159
101
122
110
119
128
3
64
113
132
86
143
120
122
49
7
94
136
106
112
110
92
140
99
1
138
112
90
158
146
102
104
128
10
107
136
138
105
114
125
114
140
1
128
125
128
112
106
118
106
136
1
100
93
128
146
129
79
140
122
5
100
145
84
123
100
96
120
119
9
103
105
107
121
135
107
143
108
2
95
136
92
117
92
96
97
94
4
85
144
145
153
116
145
119
110
2
101
93
97
93
108
70
107
121
6
106
99
84
94
121
141
167
132
7
135
122
99
112
126
120
119
155
1
121
109
113
141
133
92
143
119
9
92
148
114
101
115
113
133
133
2
89
92
135
103
105
115
155
106
6
78
116
115
125
116
131
109
105
5
121
135
125
113
71
122
107
126
2
96
110
126
107
123
142
97
113
2
115
114
108
113
111
154
127
132
10
129
143
125
113
72
120
106
123

