15
0
7
2
7
1
2
5
1
17
5
6
9
5
10
4
8
8
17
7
4
4
2
3
6
4
5
134
142
143
136
139
120
80
161
10
114
93
113
111
114
105
155
142
8
125
104
132
142
129
148
118
101
10
134
129
116
139
113
105
138
112
3
123
143
147
117
117
68
120
100
9
115
148
134
80
119
120
100
108
6
86
155
136
134
138
103
135
127
8
70
95
115
134
106
145
157
129
3
135
142
113
95
121
115
121
111
6
142
130
106
133
116
139
113
87
1
162
129
126
86
113
76
103
108
7
128
111
142
127
97
115
141
116
5
115
109
120
124
99
156
143
110
3
85
106
170
149
92
102
140
136
9
132
106
115
134
100
138
108
127
4
106
114
96
117
96
104
116
108
6
112
111
128
100
130
112
93
141
1
118
70
115
114
113
111
108
136
3
92
140
120
128
127
113
113
108
9
128
111
110
77
101
103
135
111
0
122
99
99
78
122
120
129
112
2
107
114
121
121
140
108
78
138
2
97
116
106
93
133
109
141
113
9
104
113
171
142
146
132
130
126
7
102
133
102
149
107
152
99
130
8
157
113
126
91
114
79
109
128
9
121
120
97
124
107
113
93
113
8
129
115
101
115
127
82
122
135
8
82
148
150
151
136
135
116
111
7
138
135
89
124
98
123
135
100
4
103
81
118
96
135
181
113
119
9
156
106
98
103
125
105
114
115
2
131
97
148
122
115
113
109
118
7
98
134
93
83
126
93
77
127
3
133
127
99
134
110
100
107
124
6
171
107
144
129
88
142
105
99
5
112
112
114
134
128
123
100
139
1
108
147
98
106
113
120
133
107
5
99
122
112
99
147
141
140
92
7
112
107
154
145
109
113
116
148
7
142
97
126
129
38
106
121
126
6
150
121
135
111
72
103
113
116
5
135
95
115
106
134
78
92
117
4
127
57
116
145
99
114
126
157
2
104
141
106
115
93
122
128
121
9
114
120
106
147
141
123
137
128
4
128
101
98
137
132
92
119
139
8
99
106
108
114
100
114
126
142
8
100
122
155
95
136
121
128
120
6
117
115
119
117
107
131
107
119
6
132
80
134
146
81
131
76
101
6
127
87
95
126
94
147
121
123
9
121
108
79
105
102
60
109
123
7
113
129
128
127
131
109
127
78
0
154
148
113
148
101
86
121
127
3
114
138
120
107
120
106
147
135
9
77
111
124
142
93
117
114
129
8
137
125
109
107
108
129
107
123
5
137
102
97
124
130
131
107
128
9
129
101
109
78
101
114
115
95
6
115
105
93
136
93
114
106
121
3
147
94
95
151
106
109
106
102
4
130
120
129
144
107
145
129
98
8
107
78
117
143
108
91
154
104
9
157
107
93
120
142
138
128
139
6
99
128
134
147
109
114
135
132
9
100
118
114
107
152
92
104
129
3
91
133
148
124
116
133
99
138
3
130
130
94
81
155
96
135
112
9
73
104
122
136
150
87
115
112
2
106
146
118
102
101
137
128
126
10
77
124
104
134
101
111
80
100
3
108
108
121
108
125
113
106
119
10
140
134
108
105
119
141
143
121
1
121
108
118
92
105
119
137
124
8
102
106
102
98
98
120
125
157
4
84
128
93
71
127
141
79
121
2
115
131
124
99
96
119
134
112
1
101
81
107
96
112
114
135
159
8
155
130
147
97
97
135
119
113
2
124
128
95
120
95
71
116
106
2
133
130
120
112
121
125
98
97
5
136
123
137
169
149
142
142
131
4
106
117
74
115
129
115
112
125
5
157
145
94
109
140
119
126
49
3
108
93
127
123
141
126
140
100
4
91
109
98
106
120
114
116
100
2
117
91
86
99
173
67
135
108
6
112
113
122
121
162
119
111
159
4
114
116
117
98
154
122
105
115
5
148
159
121
104
106
107
121
138
9
108
106
113
115
117
115
93
121
0
143
100
104
87
101
91
117
110
1
85
102
104
93
104
117
104
145
8
100
119
106
128
101
91
114
126
6
112
135
101
134
118
141
134
120
0
118
100
87
96
107
130
127
102
0
96
113
116
135
120
142
88
136
8
112
113
123
150
150
113
113
154
0
87
140
81
142
107
97
128
92
5
117
78
94
162
107
122
100
114
8
116
140
95
136
139
133
120
108
3
91
114
119
102
118
127
170
122
6
126
143
157
63
75
135
118
140
1
114
112
137
122
99
91
105
147
1
151
126
79
142
120
137
128
135
1
140
119
120
138
125
55
139
145
3
133
106
127
111
115
98
109
146
0
140
136
107
134
127
128
103
127
10
126
155
110
123
92
104
141
153
4
101
113
107
108
116
148
100
125
2
101
130
75
92
134
151
92
135
4
119
91
101
69
138
129
116
162
5
109
108
80
122
112
106
98
135
3
108
121
110
89
113
99
130
92
7
115
129
95
109
131
89
113
116
5
127
129
118
117
135
127
69
108
8
153
145
102
164
113
106
135
109
4
95
112
93
157
169
107
106
84
5
105
117
150
120
123
119
95
129
0
130
124
145
120
98
120
98
107
1
92
115
115
122
105
117
108
134
8
133
92
99
130
123
120
126
135
9
121
98
99
128
113
103
87
107
8
121
135
116
104
116
96
84
113
3
92
108
129
119
142
74
126
87
4
139
107
89
123
133
165
107
114
3
170
106
98
104
99
117
132
122
1
107
117
127
113
156
126
114
113
4
118
117
102
121
109
114
96
66
7
146
74
113
155
115
101
143
97
5
143
85
97
136
117
119
84
141
1
131
111
96
145
93
113
149
113
4
126
76
112
95
134
134
103
87
5
162
136
132
117
71
163
127
128
5
116
86
120
104
122
117
115
143
6
127
142
100
99
113
98
92
99
2
115
77
114
113
151
152
134
79
3
121
117
98
87
142
170
97
155
0
121
112
154
129
134
131
134
108
6
144
137
117
141
113
71
104
136
4
113
119
101
106
144
153
110
106
4
126
77
132
139
133
135
115
107
2
130
107
134
125
106
112
115
157
7
135
111
101
100
148
93
147
117
1
118
101
59
100
95
134
108
140
3
113
142
129
108
93
106
120
133
8
156
150
131
99
95
121
80
107
1
143
139
102
92
97
115
115
128
6
98
99
127
124
129
108
93
121
8
99
134
136
141
129
119
161
128
6
132
127
107
73
122
138
162
86
3
91
110
107
120
128
119
120
94
9
121
92
119
149
91
149
141
120
8
121
105
132
126
162
145
104
89
8
130
91
113
113
84
134
86
128
4
117
149
140
94
116
115
99
118
8
129
136
92
107
127
138
98
152
1
116
132
106
149
120
108
101
113
1
136
107
91
120
109
127
102
148
3
135
139
136
140
130
96
121
140
6
143
120
99
144
114
105
92
110
5
90
151
88
113
155
126
109
124
5
151
105
77
138
165
130
106
119
6
94
132
98
141
166
141
123
137
1
57
126
81
133
103
128
133
83
5
126
111
101
133
136
112
101
113
9
114
141
101
110
112
98
121
134
3
115
95
153
115
74
100
129
140
1
135
122
126
120
106
84
110
162
2
145
106
144
157
112
131
95
170
0
100
84
136
92
145
156
127
113
8
113
118
127
122
147
123
145
138
7
107
113
113
108
115
141
79
100
3
154
109
115
131
125
111
121
128
5
108
100
123
108
155
89
136
135
8
121
112
130
134
136
112
112
88
7
143
127
127
117
95
118
130
122
10
139
118
113
91
95
155
111
126
0
133
160
143
108
125
121
161
86
8
117
136
118
116
121
87
106
127
4
111
83
101
113
114
153
122
128
10
115
109
114
129
77
117
112
121
4
85
146
125
137
157
114
73
126
4
116
133
134
137
79
141
127
126
10
92
127
110
108
149
116
102
140
3
98
99
117
136
94
126
99
115
2
108
149
100
115
108
114
123
131
8
140
104
128
88
107
87
92
108
4
84
113
160
108
112
118
108
123
5
94
143
103
92
140
121
78
131
6
120
114
142
81
124
96
121
139
9
107
138
112
139
113
108
154
98
3
135
126
131
88
123
137
105
110
1
80
129
85
121
109
102
107
159
3
106
72
117
118
99
114
97
139
6
159
93
107
107
142
127
114
83
9
78
134
128
142
126
117
130
92
2
121
115
114
111
115
126
116
123
1
127
89
115
100
114
160
107
106
0
105
173
146
118
93
136
84
108
0
161
124
98
111
101
88
120
85
10
123
97
103
120
123
153
148
122
8
121
120
105
112
111
106
144
104
9
121
113
86
120
133
93
120
103
6
130
109
93
113
148
147
80
119
0
97
95
65
104
98
82
134
96
8
102
168
102
119
80
102
94
125
1
104
121
100
120
90
128
115
104
4
107
142
92
115
91
116
98
101
3
123
140
92
136
99
125
86
123
9
90
153
117
125
108
122
115
102
8
108
97
115
149
133
121
104
102
8
121
91
92
83
152
155
93
143
9
107
87
154
91
113
116
106
127
8
136
92
156
135
113
128
136
117
0
118
103
119
85
119
104
152
118
10
100
113
113
86
128
107
121
148
10
112
77
107
119
114
119
135
110
5
107
103
114
114
132
153
114
135
5
102
113
101
112
108
141
104
139
4
113
109
139
149
111
93
151
98
7
128
112
92
99
119
149
98
112
5
111
130
140
114
94
115
104
139
4
113
126
126
136
127
136
126
128
0
124
143
129
157
113
131
123
128
1
138
74
136
117
157
148
142
124
3
141
113
114
146
127
148
97
111
8
119
120
114
109
113
105
125
150
8
107
133
114
112
77
122
114
62
5
120
91
75
141
92
121
169
105
10
119
136
87
88
126
78
120
119
8
96
117
116
115
121
143
111
128
4
106
110
113
97
85
117
85
132
8
127
94
117
133
130
117
98
72
1
117
169
121
117
132
119
127
105
8
92
128
117
141
137
78
109
109
9
123
135
135
107
100
72
102
113
10
88
120
113
135
130
63
112
129
8
121
125
99
103
113
112
137
96
9
92
79
90
117
101
121
115
132
9
115
149
118
106
144
64
116
128
5
125
76
83
127
120
126
113
149
4
101
127
112
100
118
136
101
157
10
92
135
114
97
65
116
125
136
3
136
145
115
110
130
127
91
119
7
93
88
112
102
104
95
118
88
4
134
147
106
120
99
101
78
108
5
127
88
100
110
113
119
115
58
4
101
97
113
99
99
93
108
134
8
95
106
127
112
107
104
115
104
10
92
149
135
84
121
110
98
134
1
120
120
100
149
126
140
103
119
9
91
136
116
80
151
108
123
113
4
69
124
104
141
82
74
155
129
6
135
71
135
120
120
107
142
106
7
136
125
137
101
93
92
113
120
6
95
108
131
134
109
112
122
105
5
90
114
74
160
106
116
86
136
4
106
119
107
132
115
116
103
87
8
132
113
132
117
122
111
126
87
5
106
79
135
94
113
91
113
101
2
141
103
142
154
120
91
129
132
2
128
150
129
113
79
134
149
115
10
131
135
135
135
107
119
120
140
3
126
108
91
77
130
121
120
105
4
98
136
114
124
99
126
145
118
8
99
129
114
112
99
143
121
109
1
163
88
107
101
142
133
106
122
3
124
106
108
113
115
107
103
89
1
145
136
132
93
121
100
104
127
0
108
109
99
142
112
142
107
127
4
116
129
97
115
141
121
98
118
2
143
120
88
118
142
106
116
128
4
143
147
147
107
128
150
139
135
6
94
113
112
104
84
139
112
113
4
150
118
149
122
127
114
115
128
8
122
120
107
92
113
148
132
115
4
110
142
112
125
127
110
120
99
8
145
136
149
100
101
128
135
78
4
77
114
115
127
119
96
116
121
0
107
112
130
86
127
71
86
115
8
115
139
120
93
78
107
134
112
9
144
130
96
116
124
102
91
92
1
134
128
128
121
113
78
101
97
7
121
127
116
104
134
121
136
115
6
85
131
121
107
134
151
141
105
1
93
108
135
107
132
87
134
106
2
112
118
71
142
116
147
129
112
5
155
121
130
91
120
127
99
147
2
97
132
102
123
117
60
182
113
7
92
136
91
112
130
134
104
113
1
127
110
105
100
74
115
116
88
10
135
128
150
86
85
127
120
135
4
130
109
106
169
104
109
99
73
6
131
119
120
93
113
133
128
108
1
103
99
121
80
180
154
127
107
4
107
93
117
129
117
132
136
112
5
116
93
150
101
106
91
117
121
9
88
115
96
134
124
97
98
128
1
108
100
122
113
132
91
114
128
7
109
127
138
121
107
94
99
107
7
156
124
76
101
143
96
108
155
7
137
139
127
148
135
128
119
142
7
91
117
143
112
125
120
120
114
0
106
120
154
168
119
144
150
134
9
139
120
107
100
112
108
131
70
7
98
121
100
111
110
142
120
153
8
114
134
128
61
91
86
118
144
8
108
135
141
129
149
100
116
109
3
125
128
54
114
112
120
94
120
8
146
143
128
136
121
103
149
129
1
141
147
106
133
84
123
117
134
2
142
103
140
128
120
84
92
139
2
130
135
134
108
92
134
108
132
10
100
94
135
123
116
113
77
121
7
114
156
129
75
153
84
114
125
5
103
85
113
103
100
134
118
107
7
109
79
120
119
151
153
143
126
1
126
109
77
108
102
142
124
96
7
117
161
133
113
101
108
108
92
1
129
121
94
155
104
70
100
126
6
123
141
85
105
136
141
115
123
3
98
148
130
98
100
128
99
121
9
106
138
117
112
113
79
112
114
3
135
120
106
122
117
77
126
163
1
126
110
101
147
124
132
92
110
0
101
85
118
112
106
134
84
136
3
99
114
121
83
93
77
117
98
10
84
77
109
155
138
122
124
113
9
101
137
136
108
94
141
100
99
8
110
100
134
101
117
108
92
128
1
95
118
129
104
161
139
87
107
7
130
87
106
131
107
118
105
129
2
129
93
127
106
154
107
146
111
8
125
101
114
102
115
108
125
134
2
133
136
139
103
88
128
122
94
4
91
135
128
112
96
109
69
155
6
84
122
117
150
135
99
162
154
3
153
88
117
134
107
112
138
107
1
122
101
130
116
124
116
102
99
10
116
110
140
128
148
100
82
127
2
99
107
148
113
93
107
103
127
8
147
157
116
94
146
147
105
106
6
141
122
132
120
126
133
131
156
2
128
101
155
112
95
118
91
91
10
156
137
105
150
109
113
156
126
8
112
93
133
101
112
76
145
114
10
100
57
157
136
93
141
113
118
4
99
97
169
54
117
92
113
105
8
139
102
112
101
126
116
134
142
4
103
121
162
115
121
131
143
97
1
129
110
127
119
108
120
121
133
3
131
138
129
93
93
120
134
86
1
142
142
119
113
142
98
92
132
4
91
124
141
100
112
93
101
105
8
108
148
103
136
120
105
133
92
0
121
75
94
100
130
113
118
127
6
106
146
111
79
134
99
118
127
6
128
93
141
114
113
121
93
123
4
111
99
102
113
120
122
118
79
2
92
151
136
97
100
127
124
119
8
107
119
99
97
109
149
135
127
0
123
123
131
131
79
100
116
113
9
132
117
122
137
121
133
109
98
1
127
121
110
135
122
121
85
158
8
81
92
107
130
122
121
90
127
0
159
126
78
105
155
118
99
84
3
141
141
121
114
80
136
82
95
1
83
107
103
116
127
85
101
119
6
158
86
92
118
98
94
137
99
8
106
85
134
109
109
112
100
135
9
111
81
141
142
155
134
139
126
7
121
128
120
157
137
120
126
93
6
98
125
114
130
138
140
91
129
4
141
92
135
85
141
93
119
156
3
121
139
113
143
132
101
113
98
4
104
125
128
99
97
120
135
121
4
66
120
106
95
151
134
107
141
6
124
108
134
131
113
121
79
122
9
99
140
120
133
121
108
138
104
4
93
106
93
82
107
124
88
121
4
119
89
143
120
169
105
79
124
2
128
92
93
133
136
133
121
97
4
114
78
119
85
113
105
133
117
8
125
136
93
152
141
106
121
130
10
120
125
105
140
124
114
96
119
5
114
130
66
110
132
133
102
131
8
134
143
91
100
91
115
161
135
10
124
120
98
138
128
118
100
112

