7
5
6
1
9
5
8
7
3
15
7
0
5
9
0
8
9
2
8
2
10
8
0
8
9
3
4
83
141
113
118
121
120
105
79
9
122
135
100
106
95
140
148
115
4
107
126
100
138
128
94
118
158
1
126
132
111
126
120
119
115
93
9
139
122
127
134
104
104
111
81
4
127
127
92
141
105
112
116
92
1
119
110
67
120
127
118
142
148
10
131
101
107
101
99
107
141
104
10
107
130
128
125
147
101
93
92
6
145
137
152
119
126
116
122
137
4
120
100
103
122
103
114
94
135
6
86
129
125
116
114
105
141
129
7
142
95
104
147
103
91
117
120
0
126
121
114
140
127
115
133
110
1
100
145
120
129
128
120
107
117
4
120
102
103
93
136
80
120
115
4
125
141
118
147
135
115
133
100
4
119
134
115
117
138
165
107
120
10
145
121
155
106
111
110
121
105
10
134
129
140
107
139
125
63
144
3
107
124
84
148
133
132
103
135
3
138
128
148
99
116
142
94
92
4
133
109
117
80
108
120
115
113
3
100
108
100
106
140
98
127
114
9
128
108
135
150
140
149
93
139
2
104
108
117
128
134
112
146
111
6
128
135
83
93
105
157
127
117
1
105
119
146
107
116
127
87
114
9
114
149
107
87
86
118
129
137
6
133
129
102
78
128
114
137
127
6
80
122
113
111
150
141
135
123
1
99
112
121
99
102
123
135
159
0
160
126
94
139
112
96
99
125
6
134
133
117
116
74
112
112
130
5
128
136
84
108
116
136
131
66
1
126
133
99
126
85
85
101
108
5
112
97
111
106
115
99
84
124
3
120
108
86
85
117
149
103
84
7
106
95
121
140
85
107
122
162
2
106
164
120
138
132
147
108
135
3
100
99
84
120
149
99
121
130
9
123
98
89
98
101
127
110
126
2
109
128
115
121
114
132
126
127
2
175
79
114
122
150
114
117
135
8
103
121
144
108
169
105
119
95
8
92
72
114
155
106
105
100
118
1
123
114
95
132
93
92
107
137
8
134
99
130
106
88
107
72
93
5
102
128
72
115
148
140
141
117
4
172
139
123
166
129
133
76
95
6
150
108
107
116
119
155
112
121
8
144
114
107
154
121
117
92
131
6
127
148
133
114
133
114
106
98
5
141
155
142
120
118
107
117
86
3
128
125
129
131
109
119
87
119
7
92
118
138
107
130
134
133
100
4
101
141
135
93
137
155
122
101
1
115
135
136
113
111
149
93
128
1
87
135
113
102
99
137
127
100
9
124
116
110
118
93
108
128
133
9
110
111
103
111
137
124
72
78
3
106
127
87
110
128
114
99
106
4
104
105
133
122
135
113
100
133
4
100
92
106
93
95
146
77
127
1
113
113
93
101
115
126
115
97
3
68
95
134
120
127
112
139
135
7
149
121
119
104
155
78
111
131
9
127
125
113
161
149
80
115
143
4
101
159
121
99
120
107
109
126
4
100
132
153
113
134
118
106
135
10
122
125
127
139
119
113
117
134
4
101
110
107
120
126
92
122
75
1
108
114
121
101
107
80
128
105
4
90
94
139
148
124
120
150
137
3
119
83
79
108
114
103
100
78
3
135
91
120
102
96
88
100
134
9
125
140
108
139
128
102
139
133
10
113
115
117
119
106
126
129
108
2
105
141
128
91
111
115
123
115
3
144
86
121
84
129
107
133
144
8
114
154
59
117
128
151
105
91
10
109
106
140
118
127
134
137
130
2
106
133
107
145
105
86
141
127
4
146
93
137
126
100
164
133
139
2
126
114
127
120
142
91
119
148
10
114
129
146
100
94
97
77
119
9
121
113
130
114
108
79
105
101
5
84
110
115
106
93
96
120
127
6
111
99
114
125
128
142
102
103
5
91
120
118
106
84
125
111
115
7
155
116
126
90
108
134
99
113
7
87
114
114
116
113
126
128
143
2
121
141
119
118
132
120
120
121
9
103
127
108
134
91
85
92
153
9
154
94
142
115
109
100
91
114
8
146
95
106
94
116
103
146
120
1
84
141
119
70
120
122
108
119
1
87
128
131
113
127
127
142
133
7
99
124
142
107
126
88
110
136
10
123
124
101
112
126
95
115
155
2
108
138
112
122
118
134
111
99
4
125
103
109
128
129
153
133
165
10
121
80
143
139
106
128
105
113
4
156
113
101
114
141
105
98
87
7
120
102
134
112
138
137
135
144
5
119
99
86
155
97
144
122
98
3
152
114
78
104
149
96
156
108
4
126
92
135
124
101
101
107
113
1
145
104
116
127
113
129
142
97
7
90
126
120
96
130
94
109
84
5
119
119
130
150
129
114
127
126
6
93
127
103
91
111
115
93
119
5
128
145
148
106
114
70
120
126
8
106
120
99
136
98
96
122
100
5
99
95
146
133
119
135
147
121
9
134
145
120
135
85
140
95
106
7
105
122
129
147
127
134
97
137
2
121
149
130
138
112
121
139
86
9
106
71
79
138
101
120
96
121
9
123
105
88
130
147
117
107
124
6
98
93
90
115
99
101
104
79
9
127
94
127
129
146
130
49
111
2
129
105
134
133
151
141
99
99
8
113
122
124
122
142
120
113
136
8
155
100
125
134
114
142
125
123
1
128
135
116
108
99
130
94
136
5
155
102
148
120
85
139
63
104
5
102
114
98
79
105
134
113
161
6
113
140
108
81
121
106
156
161
0
144
134
138
129
133
132
133
127
1
127
105
122
136
134
102
88
118
8
122
132
124
118
129
146
99
89
5
76
130
142
117
124
73
134
117
3
133
119
127
113
109
114
106
136
10
62
120
140
149
99
111
113
82
2
128
111
93
113
112
101
86
106
6
131
119
134
145
72
148
114
101
5
107
92
119
95
109
113
131
149
2
84
121
111
78
147
108
113
101
8
148
93
118
132
145
109
125
118
8
115
114
105
100
141
143
119
137
5
100
108
92
116
117
117
94
124
10
121
128
99
122
122
92
64
106
6
142
113
128
90
124
82
122
65
4
107
148
140
134
133
127
156
93
6
109
97
120
102
101
129
87
123
1
130
162
92
85
107
151
126
112
4
122
101
115
117
120
95
127
143
9
98
83
126
91
119
116
111
121
9
111
103
110
135
90
99
100
107
3
152
106
85
110
110
128
106
135
5
138
92
75
100
125
114
99
123
1
105
93
95
163
141
149
79
127
0
109
102
111
122
138
99
134
114
0
156
75
114
100
117
101
135
114
1
137
120
112
142
146
99
111
135
10
106
113
147
142
91
127
127
123
8
135
118
92
113
114
110
147
126
9
108
133
104
129
74
106
113
135
4
107
120
106
122
127
129
100
126
7
103
87
129
113
120
137
178
112
1
99
111
149
143
156
128
134
114
7
141
115
142
124
141
122
130
122
9
114
91
107
93
107
76
120
101
2
156
136
92
131
108
135
115
89
1
84
107
100
139
117
129
113
128
6
124
100
102
119
135
132
99
119
0
92
79
131
119
111
113
113
145
4
110
143
93
115
96
120
99
117
2
106
90
92
112
136
97
140
135
8
135
134
105
91
94
105
115
154
1
136
140
142
101
107
82
127
161
0
152
96
93
67
133
154
108
143
9
139
136
104
112
128
121
122
115
0
118
116
130
114
141
122
93
119
7
115
136
105
109
112
115
130
102
1
126
124
110
141
105
124
107
102
3
87
148
113
136
104
116
155
113
5
119
130
134
127
160
116
134
97
1
138
95
134
135
106
113
113
120
10
113
122
112
155
112
106
140
102
10
119
120
126
107
71
136
145
96
10
106
130
115
113
97
144
75
107
9
139
120
127
128
86
99
116
99
1
156
101
148
105
124
122
150
122
2
135
90
134
133
130
112
94
93
3
96
120
120
78
96
128
106
124
4
87
125
128
85
98
110
129
110
2
113
118
113
135
142
129
107
113
8
117
106
100
91
129
94
90
119
8
156
89
104
107
147
123
127
108
9
144
156
142
111
90
106
102
135
8
137
95
145
107
102
125
116
104
8
126
105
122
112
137
120
141
113
5
93
100
112
113
108
117
97
133
8
94
114
141
123
125
151
129
77
4
115
107
107
96
114
95
119
115
2
143
95
135
133
111
97
132
152
6
142
101
148
86
110
132
92
87
6
85
103
107
149
105
108
111
103
8
118
98
100
135
72
124
112
107
1
122
87
97
94
149
147
104
92
0
141
121
117
116
100
112
121
129
3
134
126
128
111
55
133
97
122
9
88
98
153
94
160
105
128
110
1
122
98
137
107
121
109
104
117
1
127
101
135
117
145
127
117
113
9
98
135
92
122
121
127
142
136
8
104
114
107
129
141
134
85
122
2
102
132
121
105
132
127
82
141
4
99
149
121
90
152
109
108
126
6
135
107
148
130
135
108
116
141
7
129
100
126
135
124
144
114
65
5
107
91
110
142
156
106
109
157
4
112
131
150
121
107
148
91
113
9
76
107
98
133
98
147
127
98
1
131
90
121
112
139
100
108
100
6
122
137
144
142
114
103
141
104
5
127
85
135
119
154
122
102
120
8
114
120
107
146
136
107
132
121
6
102
145
126
92
127
115
121
139
9
149
100
98
117
134
116
123
119
2
106
123
145
153
90
128
120
99
9
99
102
113
129
123
124
128
106
8
121
78
88
116
107
96
97
100
7
129
156
113
89
156
126
157
128
8
119
131
105
114
86
92
126
127
8
123
124
132
107
145
135
125
115
4
94
98
115
102
100
101
114
128
5
106
112
120
141
94
128
154
100
4
107
142
81
78
104
113
112
119
4
116
114
78
99
104
109
91
134
5
118
127
128
113
116
133
105
125
0
128
95
120
161
135
91
101
141
8
114
106
105
141
120
171
134
119
9
124
133
126
113
143
125
127
110
2
132
100
81
135
96
138
103
134
8
119
112
91
161
129
142
114
122
10
119
115
130
121
131
84
133
104
1
86
107
128
97
113
124
152
100
4
120
117
140
135
120
131
140
93
4
118
124
128
154
129
115
105
138
8
155
132
143
129
86
86
93
128
9
133
95
144
142
106
121
140
130
2
100
134
106
54
134
101
129
129
8
111
123
106
118
134
89
134
101
4
126
112
101
98
93
117
113
107
2
115
115
129
141
129
103
129
88
1
92
96
93
101
132
127
135
90
3
103
143
106
135
96
106
114
142
6
112
149
116
108
104
113
90
91
7
119
105
125
117
113
134
148
138
10
104
125
84
113
126
133
133
139
3
161
120
110
91
98
102
127
126
4
156
133
107
101
102
140
122
91
7
114
104
146
115
186
122
170
100
8
104
107
159
133
100
124
139
115
1
107
108
104
134
96
97
132
135
9
118
101
108
140
148
123
123
134
2
116
123
174
97
99
129
88
122
6
117
128
133
107
94
101
78
119
3
150
115
122
108
121
112
148
118
2
102
98
108
127
106
142
91
114
4
86
123
135
102
96
99
163
106
3
99
148
133
124
103
134
83
140
3
120
152
132
139
121
105
122
120
3
133
113
133
95
125
89
107
129
5
105
88
103
79
108
113
130
103
7
82
142
130
165
123
93
85
139
4
125
128
107
138
100
154
120
155
8
84
106
91
102
122
127
103
120
8
98
64
86
126
57
78
133
127
9
115
123
99
119
72
98
130
107
1
115
78
120
97
106
87
120
110
9
129
98
105
129
138
114
109
99
4
95
129
121
98
96
128
135
149
7
97
126
111
111
92
113
115
132
4
82
141
158
122
112
116
168
140
5
137
89
97
132
131
127
136
135
9
121
92
92
118
90
116
124
184
1
95
127
110
120
119
129
121
111
1
140
133
134
107
134
148
111
115
8
135
105
93
100
122
142
124
95
8
134
141
127
125
114
132
123
135
4
124
90
106
99
121
92
136
134
2
111
112
141
169
142
128
126
143
1
129
148
108
133
116
123
135
113
3
118
119
136
129
148
75
134
139
10
119
132
112
114
77
132
108
120
4
128
94
140
124
154
119
78
106
4
102
108
136
125
155
109
111
143
2
131
121
109
99
95
82
103
156
7
98
113
121
117
100
116
119
107
9
99
128
113
115
92
126
66
130
4
149
114
92
135
134
129
99
99
9
127
104
140
128
83
90
150
107
8
129
127
103
117
150
119
139
160
1
127
104
115
129
77
119
145
91
9
131
156
113
115
115
98
112
128
7
103
141
100
127
121
126
123
125
6
102
119
121
106
105
127
116
142
6
155
135
121
149
128
130
126
106
8
129
106
116
67
126
135
129
105
8
71
136
129
122
113
126
121
93
6
149
114
113
149
134
131
96
120
4
105
127
114
95
87
112
113
127
3
147
107
137
120
152
94
104
121
7
96
99
110
129
88
123
123
158
5
142
99
123
112
120
113
70
120
4
175
86
137
113
120
131
115
113
3
135
146
119
114
127
120
113
91
4
137
122
128
125
104
118
157
74
1
147
124
136
127
98
100
120
110
10
122
143
130
121
111
125
85
121
6
129
124
126
130
118
123
129
78
6
114
101
97
120
119
129
87
120
3
128
127
79
114
100
120
93
120
2
141
98
109
108
100
134
114
108
3
150
75
146
115
95
121
89
72
2
121
118
106
108
114
129
80
94
7
113
87
100
117
134
98
122
106
5
127
104
156
112
121
123
122
110
8
116
141
113
110
99
120
120
121
8
124
115
135
120
131
117
142
129
6
124
122
107
111
133
103
124
134
9
114
109
112
106
112
118
107
163
5
126
140
95
144
117
127
135
113
6
110
134
118
85
141
121
111
119
0
99
135
113
100
86
130
109
107
9
120
121
119
101
164
80
131
127
4
86
105
114
78
145
105
92
128
4
92
107
138
85
153
119
102
86
6
98
102
93
106
149
157
125
116
7
100
106
105
118
115
125
170
70
9
132
101
140
117
144
91
119
127
6
118
106
113
142
142
106
99
141
4
110
96
135
124
133
97
125
114
0
120
121
145
94
134
118
156
118
0
154
141
96
121
156
81
105
133
7
114
136
141
92
147
149
128
141
2
142
127
86
108
129
92
145
131
9
146
139
106
128
115
115
128
111
9
128
131
81
136
127
122
103
127
9
98
141
136
102
125
136
140
119
5
144
119
127
129
120
113
120
134
5
128
85
104
108
133
114
117
86
5
124
114
132
148
141
109
113
99
1
134
143
115
149
115
170
123
130
7
114
119
145
142
98
86
108
135
4
130
121
99
129
108
106
133
136
1
107
109
120
126
131
133
108
84
9
124
93
141
150
115
141
158
134
5
159
106
98
92
103
129
127
102
4
94
137
76
121
122
102
134
149
5
103
127
85
92
146
158
104
99
9
111
71
134
99
93
133
99
140
6
124
103
108
102
104
135
86
104
5
120
100
114
99
98
122
119
196
6
114
145
106
121
131
100
111
88
1
124
136
137
136
134
89
118
126
6
77
142
126
114
86
101
124
117
9
88
105
153
122
119
114
162
108
6
119
108
148
94
118
147
78
112
9
154
114
113
95
122
108
80
144
7
80
108
82
125
132
119
127
108
8
113
114
97
189
98
100
100
124
10
113
111
128
83
102
114
150
122
10
115
111
111
92
84
148
127
129
4
134
113
77
90
118
121
114
73
3
97
138
91
127
149
75
112
137
7
109
126
111
120
116
121
131
161
7
84
108
110
120
126
133
129
136
7
83
91
85
87
107
92
130
108
5
86
112
120
136
97
144
116
119
0
111
126
130
106
157
147
99
122
6
141
104
87
114
84
127
126
134
7
134
138
127
122
126
117
128
125
7
88
121
111
100
91
157
89
108
8
93
99
114
112
133
92
121
87
2
120
113
113
119
115
75
95
128
7
111
123
114
135
108
90
119
131
0
128
112
116
120
83
137
96
140
8
109
108
135
102
135
104
161
133
3
109
95
138
90
93
81
125
108
6
118
129
124
119
142
121
128
133
6
141
128
128
115
119
104
148
97
3
115
71
120
147
115
94
111
112
4
108
133
131
115
124
105
119
122
4
134
119
133
111
117
105
148
99
4
105
71
124
148
108
95
107
106

