13
3
4
8
3
1
1
1
4
12
6
3
3
7
9
5
7
2
16
4
5
8
9
4
9
5
5
90
118
74
109
103
129
100
127
2
100
100
135
112
114
105
101
108
7
142
120
135
134
161
132
123
170
3
93
79
142
144
95
133
128
113
4
121
126
78
103
91
133
121
109
7
135
79
106
109
127
128
104
138
2
110
135
121
115
129
99
170
117
2
122
94
145
129
107
103
93
128
1
114
93
101
132
118
135
127
130
8
105
68
118
142
121
143
108
104
7
149
116
85
96
113
107
121
143
5
119
129
116
126
101
96
126
100
7
104
117
135
116
129
99
129
150
9
157
149
119
133
126
106
98
99
6
106
106
108
94
135
148
112
131
0
133
147
154
77
141
92
108
113
0
119
94
119
143
164
105
114
93
7
112
135
107
108
94
135
158
143
6
121
70
131
86
120
126
105
114
1
105
155
114
114
123
92
75
136
3
141
135
102
162
113
160
117
107
3
130
115
131
132
110
93
113
113
3
105
130
140
120
91
120
111
132
4
80
120
100
107
113
109
96
132
6
134
106
137
134
140
120
136
95
3
91
125
115
90
116
142
115
121
5
136
135
81
115
148
107
104
128
4
117
118
92
127
106
115
155
109
9
98
161
114
149
134
128
114
63
4
107
127
99
99
108
119
115
121
1
160
135
107
129
65
87
142
66
0
131
152
106
120
130
120
149
105
7
122
160
122
123
141
131
119
121
2
124
103
128
101
114
103
95
96
1
122
94
123
115
101
108
120
126
9
86
171
128
94
105
119
133
113
9
119
173
115
124
114
129
108
82
8
127
98
135
84
130
133
114
119
2
103
103
94
111
112
132
142
106
4
141
105
113
109
98
129
112
133
5
111
108
129
93
135
120
138
119
10
110
120
113
105
109
116
101
126
7
121
115
130
128
121
120
106
69
2
104
127
117
147
135
121
119
115
8
85
97
118
127
124
114
97
96
1
119
116
91
101
151
107
113
103
8
95
72
98
127
152
137
131
149
9
118
106
115
94
91
143
87
135
3
118
107
119
114
78
120
101
105
5
136
127
104
107
133
128
115
121
8
111
122
107
89
140
132
142
104
10
123
78
131
105
109
154
122
164
8
119
79
85
113
184
124
117
92
0
115
162
107
106
123
127
134
104
8
99
117
129
104
107
112
100
129
1
135
150
149
103
99
94
114
133
8
132
124
93
126
107
133
126
131
9
135
146
100
119
134
103
129
102
10
91
107
99
134
87
98
131
103
4
105
90
106
105
110
132
105
92
6
93
134
118
147
124
121
104
127
5
148
122
105
129
121
127
105
88
4
99
93
134
119
154
97
107
114
5
121
109
126
177
78
163
121
118
4
136
143
120
175
90
111
105
67
8
128
126
93
121
150
128
143
139
10
94
134
154
126
119
103
147
84
9
148
120
114
128
115
115
115
124
5
123
129
135
110
134
144
107
147
2
132
121
135
138
114
88
102
94
8
149
113
136
138
134
132
111
99
5
120
140
120
132
130
138
120
88
2
92
86
129
99
84
130
148
105
7
150
105
140
79
128
89
100
96
1
107
131
114
147
96
100
142
71
5
124
148
109
106
127
130
137
134
8
114
89
87
142
98
137
130
116
8
151
113
107
129
97
115
98
149
2
138
93
124
113
99
141
122
137
5
93
110
122
85
113
105
125
143
6
169
98
101
106
93
176
130
79
4
122
90
113
92
125
120
125
118
6
136
106
121
113
119
101
134
126
7
116
142
149
129
117
134
128
118
7
111
104
110
91
70
136
103
121
2
93
106
156
127
121
99
159
107
7
106
113
78
95
107
116
89
127
7
95
130
121
114
135
100
114
87
2
114
91
114
112
129
94
109
125
2
93
128
128
77
141
103
107
101
2
136
98
98
101
98
89
142
94
8
99
118
128
109
135
137
98
94
10
98
107
134
85
152
133
96
88
4
109
124
128
132
162
119
105
115
2
135
106
125
93
93
135
128
122
1
141
102
97
125
95
101
107
142
5
102
105
138
96
123
127
157
112
8
83
150
120
135
151
100
112
110
8
118
119
97
160
130
78
86
146
9
118
148
140
111
115
121
127
94
2
98
113
99
127
117
101
96
103
9
116
120
101
98
113
121
119
87
1
111
119
105
142
101
103
126
114
2
116
97
135
105
115
98
113
97
7
121
105
116
108
143
108
120
101
9
133
110
112
128
121
94
94
109
7
139
73
119
142
136
154
106
92
6
161
99
107
133
130
135
100
128
7
143
108
135
123
118
136
80
120
9
117
143
110
134
146
140
169
101
8
122
151
116
121
120
132
130
100
9
44
148
132
104
127
136
120
129
6
93
117
132
120
104
112
133
151
2
134
121
92
106
100
112
118
135
3
151
138
94
107
120
115
113
105
5
114
131
126
127
133
87
108
100
9
139
74
149
108
160
148
124
134
6
128
109
92
124
141
100
133
101
1
133
108
104
141
113
126
133
110
2
126
116
95
134
121
141
103
88
0
94
102
97
130
143
101
145
116
7
54
102
109
98
105
113
147
121
6
116
127
117
120
128
134
93
105
4
109
65
130
120
143
155
135
110
6
138
135
129
121
107
164
122
98
8
79
127
143
83
110
112
107
91
1
72
100
111
100
123
129
99
101
1
144
114
129
85
88
127
92
99
1
103
114
123
80
113
127
110
95
2
128
106
106
113
104
105
112
128
7
51
115
127
170
86
100
111
182
5
121
127
146
119
138
139
119
128
4
117
119
135
147
130
102
164
130
3
130
113
114
105
141
104
114
115
2
90
105
158
152
98
87
120
110
8
97
124
79
107
115
142
105
120
1
96
100
142
114
145
162
125
142
1
93
114
121
129
126
113
143
127
6
121
115
77
92
110
128
58
128
3
136
77
100
112
141
125
107
120
9
93
142
105
104
88
140
110
147
8
85
147
134
90
128
126
113
142
8
94
127
108
85
128
107
85
132
4
118
84
79
157
86
121
127
107
1
94
100
100
94
103
116
108
156
2
104
141
105
71
87
91
117
117
0
98
118
132
128
113
123
142
112
5
128
133
80
115
107
111
106
128
9
109
134
110
110
128
113
120
100
4
113
119
131
134
106
89
115
137
8
114
130
127
105
134
96
116
93
6
70
152
144
113
113
120
97
106
6
101
124
122
129
153
98
112
121
8
112
107
117
102
103
116
117
149
0
97
123
134
116
120
84
141
114
5
102
135
128
96
152
81
117
124
1
126
105
121
118
99
150
111
72
3
75
127
124
109
111
101
141
114
4
106
139
120
107
101
117
105
114
1
142
111
135
124
112
109
80
98
1
121
140
95
134
154
115
89
68
10
152
114
98
135
104
78
64
90
7
111
60
114
109
93
94
94
119
5
86
138
101
156
133
96
121
147
7
143
122
132
132
112
125
112
170
5
93
121
114
101
96
133
126
133
1
99
143
100
136
127
122
149
129
5
112
100
123
95
103
84
79
114
6
116
84
110
107
126
104
119
79
5
115
161
84
104
102
121
98
130
10
85
117
98
120
146
150
101
112
1
105
111
109
94
120
163
127
105
4
146
154
96
95
65
126
126
127
5
142
148
121
86
142
105
148
138
5
133
162
137
123
126
101
134
126
6
114
125
119
121
113
92
57
85
2
142
93
113
94
88
77
119
104
10
94
154
122
93
139
109
115
153
5
110
65
82
130
133
70
104
94
10
119
114
104
107
78
100
143
142
9
98
113
103
103
109
128
80
108
9
134
93
107
94
138
122
124
106
9
109
151
99
125
138
132
120
64
10
105
88
146
140
106
111
127
134
5
108
108
103
101
100
109
92
132
4
106
133
70
111
101
133
122
127
4
147
93
118
132
51
112
108
136
4
126
77
128
87
106
90
121
125
1
133
107
121
120
163
134
114
107
3
93
100
108
112
142
127
111
154
10
124
103
144
113
135
88
102
104
1
79
103
113
121
94
93
118
118
0
107
97
141
152
121
91
108
84
8
114
151
126
130
122
87
130
128
5
67
156
119
142
113
106
82
157
10
112
116
118
105
154
118
126
122
0
100
131
121
118
94
129
124
137
6
113
105
115
120
99
105
111
91
2
106
114
85
117
106
86
156
126
8
94
111
120
123
128
156
136
154
6
114
79
115
136
107
142
156
120
1
102
141
114
121
137
108
142
133
3
86
122
119
116
107
137
156
100
3
130
133
66
95
108
104
141
128
1
123
137
136
115
113
120
113
129
0
119
107
107
128
110
118
124
117
2
72
114
135
116
87
120
117
122
10
128
98
121
107
111
140
121
134
7
131
98
96
127
133
88
128
107
1
119
115
140
84
112
101
128
135
1
95
122
93
128
122
139
105
86
9
117
112
113
118
119
125
113
136
9
135
120
119
127
112
91
126
120
8
113
150
99
126
110
61
104
143
7
93
93
105
149
96
122
106
134
5
149
148
123
106
128
126
139
131
0
136
105
129
88
90
115
141
152
9
116
146
124
92
130
134
139
129
0
94
137
101
116
99
109
143
137
8
157
111
99
133
103
105
112
113
0
105
136
105
117
116
129
120
134
1
121
126
98
120
124
121
98
107
4
124
135
137
98
95
107
134
130
4
112
137
127
104
133
122
108
118
0
75
99
102
122
94
102
141
106
8
112
102
142
134
143
122
65
140
2
144
103
109
184
141
89
101
120
4
72
91
119
125
127
113
149
121
2
112
111
107
105
120
117
99
82
7
104
119
127
119
82
118
128
147
8
127
99
100
114
121
125
95
79
7
97
137
148
128
99
105
121
135
0
105
105
149
64
98
149
86
108
8
108
122
133
137
91
146
149
108
10
119
134
122
127
120
120
128
120
6
136
114
100
102
132
95
142
85
9
98
117
111
105
119
117
114
160
8
126
113
89
124
118
111
104
101
4
142
149
100
107
119
112
72
133
4
143
100
106
117
140
114
81
88
1
132
141
134
104
143
102
125
125
3
135
132
118
151
124
114
87
117
4
97
132
108
108
122
75
105
114
4
107
137
106
148
107
71
111
107
6
91
147
112
115
107
126
116
154
9
140
99
80
128
124
126
123
134
7
114
177
91
120
112
104
108
106
7
107
140
144
122
124
127
133
99
2
111
93
95
127
142
124
131
90
2
137
92
106
135
115
113
121
82
9
141
102
126
135
126
114
133
129
3
137
85
151
98
140
65
133
121
7
112
133
106
113
128
127
122
116
5
160
114
129
117
126
143
86
115
2
128
114
109
93
101
131
133
145
5
98
110
126
124
114
91
120
143
9
132
130
129
91
121
156
120
114
8
122
134
88
113
124
108
148
97
8
99
117
54
140
96
118
115
143
2
146
120
100
120
119
128
135
115
3
134
99
136
124
108
115
100
107
8
129
91
101
106
128
146
134
91
7
110
106
106
131
121
148
114
141
2
137
135
113
129
137
100
103
79
1
109
111
112
136
95
107
93
114
3
95
129
109
91
132
113
147
99
8
106
153
107
128
96
145
138
125
9
114
135
98
98
157
107
137
112
6
79
120
128
104
113
119
113
126
9
113
90
103
137
79
133
115
128
4
127
115
115
106
109
133
124
94
5
99
98
86
115
64
148
124
127
6
123
108
70
136
156
127
115
122
9
148
132
101
109
124
141
100
133
3
99
106
100
78
91
124
96
131
0
93
116
126
105
114
117
142
95
10
155
88
122
134
88
120
103
141
4
115
82
122
86
120
116
127
124
1
116
134
98
128
101
120
114
134
7
98
124
153
92
121
134
108
119
10
121
117
128
93
119
102
114
99
6
107
100
122
91
102
107
108
100
8
106
105
134
123
172
112
135
128
2
106
122
131
122
140
118
80
102
7
107
121
114
124
126
107
120
145
6
105
125
151
119
71
166
136
110
3
100
101
134
100
113
138
142
115
6
127
100
134
96
104
111
140
114
2
107
128
109
86
109
143
121
139
6
141
110
120
139
127
86
122
117
3
116
102
107
129
117
93
119
112
1
108
111
120
106
126
126
136
137
6
144
114
124
97
142
125
106
86
1
143
153
127
126
136
131
120
109
2
126
99
130
114
122
145
126
129
9
107
113
105
127
112
140
130
120
6
129
121
97
100
117
129
100
126
1
133
159
128
127
123
147
135
119
7
128
124
87
136
112
114
129
127
1
112
144
113
100
115
108
123
133
1
114
115
98
114
121
122
86
144
2
119
95
138
115
156
101
102
127
8
112
99
131
130
108
115
80
109
3
120
120
92
120
133
93
134
140
2
118
128
116
127
120
151
116
105
3
105
126
154
108
83
98
119
100
5
90
91
105
116
79
127
102
142
5
129
111
120
85
122
87
64
105
5
108
100
150
120
165
112
119
78
4
101
134
106
101
105
150
127
123
2
128
141
134
102
128
143
134
107
9
109
144
110
114
111
119
136
117
5
91
128
135
88
125
105
79
97
5
104
154
144
77
88
134
115
142
9
111
95
86
132
148
107
134
123
9
68
54
137
105
120
119
119
108
4
143
115
124
116
120
81
121
98
9
113
142
148
141
102
121
62
143
1
114
113
101
108
104
130
121
105
1
129
141
118
142
93
93
91
129
8
113
108
130
142
120
121
103
87
6
135
135
114
70
128
113
143
121
3
118
113
126
90
115
114
107
94
9
120
113
71
124
119
118
149
111
8
121
80
57
127
91
122
93
154
0
116
93
131
99
85
114
123
115
1
124
126
109
142
142
128
82
97
1
93
124
91
135
102
89
122
122
10
116
114
141
131
144
113
153
127
9
128
112
100
95
97
111
126
128
9
133
129
95
140
140
122
134
159
7
71
105
130
134
136
71
86
137
1
137
118
113
129
131
104
134
119
0
136
144
126
129
110
112
135
80
1
118
143
159
149
121
142
107
101
4
104
133
140
129
125
126
134
149
9
126
108
86
149
110
135
90
108
9
108
108
126
148
136
135
110
113
3
118
114
116
110
147
91
139
121
5
106
121
143
142
106
121
63
82
1
172
105
153
146
116
144
112
112
0
142
116
133
130
70
142
111
93
7
112
145
105
99
124
130
111
137
8
127
128
108
141
126
127
105
110
3
133
150
153
161
103
97
132
107
5
111
85
120
93
114
94
148
112
3
103
99
104
114
126
126
162
142
5
119
129
72
100
113
114
112
148
9
87
96
145
85
93
121
126
141
6
122
140
106
134
148
110
120
82
9
97
87
104
100
120
137
104
119
3
96
81
103
115
127
106
124
129
7
150
137
133
126
138
124
113
95
9
108
107
150
101
125
121
130
114
0
118
126
92
138
109
129
113
155
6
136
104
90
146
115
118
114
136
10
143
90
116
131
103
111
127
106
4
127
109
107
123
115
106
89
106
4
121
125
135
100
121
104
106
125
5
113
143
115
119
107
86
79
129
4
110
114
96
92
119
131
101
128
6
79
123
153
105
140
136
90
116
7
101
122
138
134
115
129
94
114
5
106
128
102
114
142
119
100
154
2
142
131
91
119
146
106
117
95
1
113
110
165
120
121
115
115
107
8
92
88
128
125
99
86
129
113
4
103
147
122
107
92
132
128
110
7
110
126
152
130
133
142
112
100
4
118
180
120
93
97
128
122
103
3
114
128
162
141
141
89
94
134
3
142
119
113
119
93
114
114
134
5
98
90
128
121
89
108
84
122
7
121
107
95
88
127
104
86
126
3
108
129
110
113
148
131
145
131
9
144
157
92
121
109
122
135
66
10
135
154
105
148
86
102
77
155
6
108
93
128
92
93
101
93
107
7
106
138
128
127
103
110
105
85
8
98
85
112
113
115
121
115
86
7
99
89
114
121
121
147
88
88
10
100
100
122
108
113
162
128
113
2
150
101
135
99
127
111
114
116
6
154
101
125
99
114
84
133
100
3
127
135
92
112
114
113
113
126
0
135
130
121
114
118
106
124
93
9
105
94
107
128
117
108
99
115
3
129
114
131
107
114
113
110
128
0
136
136
120
117
120
98
123
93
6
107
100
107
131
118
104
101
115

