8
1
5
2
5
5
8
1
4
13
2
10
5
8
2
7
5
1
16
4
8
9
3
7
7
8
8
96
93
101
92
88
126
133
156
5
121
114
91
141
133
134
148
102
9
114
139
133
129
126
91
85
127
8
140
105
144
92
99
128
121
86
1
74
110
137
93
175
69
125
133
4
101
82
128
108
128
85
93
153
8
119
109
123
118
117
130
120
79
1
127
112
153
124
110
140
129
140
5
130
92
115
108
113
150
146
141
4
90
106
124
122
124
105
108
129
9
117
114
139
90
96
66
156
131
2
106
88
114
126
114
143
132
111
8
112
120
96
137
88
100
98
111
8
104
82
135
83
120
136
128
114
9
133
73
100
116
99
86
104
101
6
92
114
113
76
100
123
152
112
10
99
87
126
113
111
123
126
120
4
112
114
111
127
147
66
135
112
6
99
133
115
128
148
147
102
78
1
149
155
130
133
134
137
123
106
5
138
133
113
118
86
106
99
142
6
93
94
86
100
99
101
122
109
7
121
113
161
107
113
111
124
110
2
126
174
116
127
99
108
124
127
9
126
129
111
111
115
98
116
131
3
138
122
113
155
122
127
92
101
6
149
126
115
148
99
141
118
127
5
107
107
113
128
119
100
160
121
9
127
105
113
85
155
106
134
130
5
115
91
124
129
100
142
122
119
1
150
118
120
103
106
119
140
127
4
90
100
140
118
108
123
120
128
7
130
111
91
130
119
102
126
141
9
108
132
106
78
120
107
103
94
4
119
122
128
146
141
103
89
133
1
127
148
83
115
101
143
146
119
2
148
75
124
139
90
65
99
123
7
110
105
135
128
145
101
105
129
9
132
110
143
136
114
143
110
147
4
119
121
90
104
115
128
119
69
4
141
117
125
112
98
111
143
114
4
102
106
128
93
105
111
101
98
1
99
115
99
120
96
159
112
117
9
134
119
86
128
118
118
96
149
6
112
121
93
102
119
127
107
109
9
119
119
114
114
135
120
91
121
3
113
95
139
148
150
99
100
93
7
123
107
127
96
133
108
109
169
2
113
107
141
127
128
127
128
84
4
71
108
142
124
148
124
138
122
0
112
124
106
111
93
87
122
138
1
114
105
146
128
96
111
139
111
5
113
95
120
91
113
123
120
117
7
120
100
86
106
115
155
133
120
7
121
132
141
134
108
71
101
133
2
126
107
122
121
152
96
117
128
3
133
114
116
135
156
96
131
98
8
130
134
90
120
147
149
110
118
4
91
105
142
87
82
119
138
113
1
152
125
122
111
127
85
87
96
3
128
122
125
126
101
135
149
119
1
86
88
135
146
106
101
102
127
7
98
104
122
99
107
108
123
138
6
125
92
97
112
142
114
119
108
0
150
105
98
111
93
128
143
112
9
141
92
133
110
112
97
127
81
0
134
121
131
115
103
100
100
146
5
97
108
147
113
76
71
104
115
9
90
156
95
148
142
135
118
111
7
132
85
138
152
105
125
93
89
3
152
136
67
113
75
137
134
93
1
125
119
73
110
122
108
109
116
5
152
108
127
125
77
140
129
80
6
108
112
57
106
144
56
93
85
4
128
121
121
120
141
133
125
154
0
99
132
91
112
121
98
123
112
0
107
91
129
92
78
132
121
139
9
104
95
121
122
141
151
85
111
2
98
136
139
98
119
135
137
105
3
92
109
99
106
130
110
145
154
5
58
98
122
91
132
103
154
119
9
106
105
141
110
134
84
140
128
10
139
136
112
109
114
113
145
126
5
127
135
114
86
151
115
102
100
6
116
108
121
163
101
116
104
91
6
121
99
93
106
100
114
106
121
0
101
109
108
111
117
112
106
108
3
127
152
142
119
92
121
108
121
2
106
134
105
102
111
126
122
105
4
135
121
108
159
121
90
96
108
0
108
151
120
106
106
135
149
143
4
113
111
139
106
126
122
102
114
4
70
110
132
142
119
117
104
124
7
123
145
101
102
113
92
131
113
5
120
106
132
106
107
109
142
132
3
138
120
92
140
126
68
112
121
7
140
139
98
100
100
127
115
116
6
115
113
122
106
144
127
110
125
2
99
144
114
152
135
126
106
79
8
89
135
134
93
142
121
127
134
2
116
137
154
147
134
121
136
122
6
119
106
132
89
134
128
105
91
10
123
156
88
114
146
126
94
140
6
122
149
96
146
84
124
85
132
1
150
134
122
148
108
99
93
107
9
135
136
138
128
71
168
89
99
6
148
149
128
113
117
119
114
140
2
105
135
84
73
124
150
113
122
10
120
104
115
88
115
119
156
139
1
94
140
148
135
145
137
121
94
9
114
105
101
106
93
112
128
117
9
129
139
109
120
126
117
121
99
9
125
91
133
126
133
106
131
133
7
126
94
157
134
93
116
120
121
8
97
101
98
104
96
159
70
129
8
133
88
107
129
126
160
124
150
4
141
108
76
94
90
124
119
143
10
121
117
124
107
100
133
91
90
7
144
119
107
128
123
126
106
171
8
130
116
138
154
95
103
126
93
9
110
134
96
121
108
133
128
57
1
169
127
137
143
92
120
113
118
3
122
125
113
139
99
147
125
106
5
103
97
113
144
123
110
112
111
10
110
114
75
128
122
107
142
136
9
87
120
124
143
124
118
122
127
7
79
132
135
98
105
132
84
117
2
133
112
104
136
74
120
129
121
9
124
134
136
86
112
113
141
122
5
138
116
77
141
119
142
126
127
5
107
132
129
86
95
84
127
130
1
140
134
122
140
95
97
85
105
7
127
155
130
112
119
136
114
134
4
134
155
116
132
111
133
98
117
3
133
86
156
131
105
146
120
113
6
142
130
89
109
113
154
116
118
4
88
134
99
106
86
82
128
124
10
135
106
128
120
121
97
140
116
7
128
114
123
100
167
106
101
137
8
84
92
107
146
103
99
108
117
6
93
120
135
96
148
127
119
115
5
114
120
97
138
124
108
96
144
6
140
119
94
118
121
109
106
120
2
135
136
125
89
153
113
134
116
0
101
136
85
103
114
126
102
110
5
134
135
112
109
109
91
106
107
7
118
131
81
115
135
138
78
91
2
133
107
129
106
146
132
141
117
6
135
124
103
145
161
99
107
135
6
120
126
144
146
134
132
88
109
1
99
113
119
79
101
107
138
120
8
113
117
91
114
92
93
72
71
4
115
93
131
112
93
141
126
114
2
113
116
164
125
98
84
93
92
0
99
130
122
106
91
100
143
104
1
149
99
97
144
140
107
106
115
7
101
147
101
110
106
105
117
107
9
121
127
93
86
115
91
115
106
7
136
139
128
135
115
100
119
135
0
102
82
124
110
94
119
111
119
0
141
115
112
119
94
112
140
71
0
134
151
128
123
125
88
119
134
1
121
159
113
68
128
102
102
121
2
140
109
131
81
111
129
134
115
5
143
142
104
126
163
78
154
73
0
111
110
106
147
123
129
127
108
9
121
124
156
120
128
126
115
121
3
122
141
134
111
92
106
142
176
2
120
106
106
127
85
107
115
125
9
127
106
139
107
163
113
129
86
1
100
100
81
135
84
143
101
72
2
99
137
73
142
79
75
89
127
6
97
125
108
137
95
103
93
107
1
111
113
86
120
95
94
116
81
1
155
79
99
125
132
139
93
86
3
121
106
116
141
91
133
120
150
8
128
88
126
123
76
101
115
128
8
148
118
111
104
106
108
151
155
4
135
109
98
110
128
118
71
92
2
108
131
119
128
127
154
150
115
5
148
128
143
99
109
106
106
119
3
142
97
91
100
106
96
140
113
4
125
111
99
88
136
120
79
122
3
105
131
138
131
122
128
115
114
3
115
106
102
146
86
113
134
114
2
115
138
92
122
92
135
43
126
6
119
61
124
136
127
93
89
65
3
139
136
123
145
126
107
78
150
9
93
143
134
85
100
88
127
118
7
71
94
102
107
107
129
99
92
5
138
113
105
102
90
107
99
116
8
121
97
101
105
82
142
107
130
1
98
113
130
143
135
125
142
121
2
107
136
122
151
106
110
113
113
8
176
135
128
93
102
85
128
127
1
120
109
121
114
111
86
105
100
7
134
142
95
128
112
102
125
118
1
103
141
82
114
125
127
105
138
4
120
98
94
116
156
73
102
128
6
96
116
127
108
120
129
80
113
3
138
84
134
167
84
129
115
132
7
108
112
121
122
120
124
127
93
0
124
129
153
126
118
126
85
98
8
64
78
98
128
124
94
127
135
2
112
136
172
144
99
142
114
145
6
100
136
106
96
114
116
126
109
5
159
135
120
91
147
157
99
120
3
146
121
120
144
134
115
132
113
3
162
130
119
125
88
142
127
144
3
100
96
116
121
151
44
113
136
6
120
140
101
147
112
116
156
111
1
99
120
133
93
116
110
132
117
1
108
169
94
115
121
103
117
89
9
131
113
99
134
135
147
115
94
2
148
114
103
132
143
113
121
124
10
117
87
128
103
119
116
102
119
9
111
110
84
111
104
136
80
126
1
105
105
101
86
100
98
137
132
3
104
116
107
128
134
110
104
109
8
149
91
98
103
121
107
94
159
2
106
106
166
134
96
99
142
130
3
136
113
135
133
125
115
149
90
6
140
113
98
121
121
103
97
78
8
126
92
136
107
130
113
109
106
5
120
113
110
90
96
100
106
113
8
122
132
136
120
113
120
145
84
5
135
128
93
106
134
126
106
144
6
134
147
135
92
129
149
149
87
0
92
123
96
152
126
99
111
178
5
84
109
132
109
129
99
117
147
1
122
114
141
122
112
107
105
132
2
119
150
120
140
130
113
106
121
7
109
134
109
100
91
118
130
129
9
112
77
113
135
113
145
106
90
3
114
99
134
149
97
127
116
95
2
121
132
113
113
142
119
148
91
1
148
112
110
142
149
141
111
93
4
104
129
85
155
72
92
100
109
4
133
102
119
122
143
115
100
136
5
94
119
103
120
114
114
114
120
1
113
119
169
148
133
101
105
124
9
119
127
114
91
106
104
99
102
3
134
174
114
130
164
125
91
153
9
119
80
129
121
150
123
136
120
1
102
110
128
115
101
121
102
111
8
156
151
113
113
121
138
108
109
9
98
112
112
97
114
142
147
134
7
112
77
128
143
112
149
98
114
10
92
127
102
126
77
114
133
132
6
73
169
147
121
114
78
98
114
3
119
126
108
115
113
112
114
110
5
137
68
111
148
147
121
114
150
0
108
112
86
94
113
91
114
150
5
123
122
135
101
114
128
111
113
4
120
79
135
155
134
134
149
120
2
106
107
109
136
149
154
150
97
9
109
98
113
143
98
125
119
96
8
124
118
140
127
109
123
134
160
10
116
150
114
84
134
99
82
147
10
84
120
123
108
94
113
142
126
6
122
117
115
113
104
124
135
106
7
96
127
91
72
124
78
84
115
1
113
99
129
107
106
100
84
105
8
102
165
99
107
139
133
153
113
9
138
113
126
120
100
108
128
106
9
113
127
121
135
106
101
138
131
10
105
121
155
137
114
78
115
129
5
93
113
129
105
120
127
97
114
2
121
96
136
98
125
145
100
99
8
99
91
112
97
93
107
61
82
5
96
123
95
143
117
127
100
124
6
158
89
105
132
125
126
170
93
9
114
105
92
109
91
103
129
98
3
124
119
142
113
143
128
96
118
10
145
142
128
113
125
108
133
119
8
160
155
187
104
139
127
91
113
7
118
112
119
121
154
112
93
130
2
136
139
144
109
122
133
112
116
4
142
127
146
116
115
116
143
102
6
121
128
144
109
113
120
165
135
5
151
123
99
140
91
122
122
146
4
97
126
142
130
106
99
136
103
8
118
155
105
130
106
140
95
135
6
122
123
107
119
109
115
144
129
3
145
108
142
87
98
96
115
86
3
106
110
124
143
142
120
96
132
3
114
133
140
142
107
99
127
98
3
110
127
100
127
108
148
126
118
9
162
106
141
81
121
89
118
123
6
76
123
132
88
114
140
127
122
8
129
141
159
99
137
142
84
136
6
124
96
89
112
121
128
128
132
6
102
143
118
145
120
121
146
119
6
89
136
148
121
124
140
136
137
10
140
120
131
120
98
117
99
99
5
127
129
127
99
87
109
67
104
6
117
93
149
80
106
107
135
99
6
107
113
90
145
141
84
96
124
10
114
121
127
146
87
139
110
154
4
151
95
113
79
107
134
128
113
6
150
106
137
120
92
162
145
107
7
138
93
87
86
169
113
156
92
1
125
112
105
128
110
98
91
106
1
142
128
94
103
161
85
124
136
7
135
111
145
99
127
97
129
86
1
130
89
106
88
122
123
128
145
3
121
128
116
99
97
124
123
135
0
69
115
153
106
124
114
129
111
3
120
122
107
127
101
126
94
135
10
107
71
102
68
126
119
106
93
0
118
101
93
141
126
129
120
85
8
149
141
120
117
136
127
128
77
6
122
90
105
155
113
145
109
110
2
148
158
111
92
115
118
105
150
9
120
133
75
154
115
114
114
127
3
129
113
124
114
120
129
169
153
2
128
99
119
117
118
100
129
120
1
121
125
90
156
142
115
108
119
6
67
131
141
107
134
122
128
120
8
99
157
121
120
143
107
156
121
3
115
141
135
140
125
128
111
159
8
129
141
115
107
149
108
138
84
1
65
111
103
141
101
142
79
136
0
107
97
134
110
119
113
99
147
4
121
146
133
114
121
103
132
157
7
144
111
113
89
113
125
100
142
10
78
100
92
134
144
135
100
117
7
126
119
147
120
98
151
139
96
6
142
138
156
133
91
131
92
89
10
137
103
90
141
121
92
139
126
8
140
121
87
114
93
108
102
126
2
97
109
121
151
120
74
120
93
5
98
128
99
99
143
148
130
107
6
113
115
97
93
106
84
98
106
9
104
107
101
127
105
117
154
128
5
104
119
93
120
77
84
115
113
1
128
114
148
113
155
157
121
113
7
142
124
112
92
72
122
119
102
8
114
157
102
103
141
94
103
156
2
128
130
100
98
120
119
112
117
4
111
106
103
165
121
140
139
99
9
104
152
148
88
94
115
104
121
4
136
145
129
112
106
98
111
121
2
111
109
120
104
83
132
108
106
8
93
121
127
135
128
117
138
112
10
107
85
147
123
108
103
113
121
2
142
145
116
128
141
98
107
128
1
89
121
130
131
84
121
139
141
0
118
139
100
114
91
102
101
123
3
138
138
98
134
97
109
114
135
2
142
124
135
111
134
82
118
119
9
138
149
125
125
99
98
134
113
4
139
96
126
113
88
101
85
104
2
126
119
134
97
97
127
104
133
0
99
131
80
122
98
120
81
110
3
136
119
135
138
109
134
138
120
2
107
114
126
125
131
149
114
121
5
135
142
98
106
74
139
134
99
2
85
140
101
133
108
117
92
120
3
120
132
86
138
111
141
150
153
6
129
124
147
110
93
108
128
155
6
90
125
130
109
169
94
125
78
9
113
128
133
101
142
108
120
81
1
106
100
121
65
87
115
125
132
6
121
134
81
122
106
114
132
113
4
135
123
112
139
138
101
79
140
3
127
101
102
119
124
116
103
94
1
81
88
120
145
59
119
121
127
6
109
119
99
91
140
102
105
126
3
112
128
150
134
140
86
149
123
6
133
139
137
110
139
150
122
134
8
108
87
95
121
104
128
133
142
2
113
135
120
164
112
94
120
119
3
141
110
119
108
127
154
144
134
7
138
106
78
126
104
111
94
113
8
157
101
85
112
119
122
87
135
10
133
121
145
153
97
93
119
78
5
113
117
100
159
133
91
100
100
2
119
107
107
122
114
108
146
123
4
174
135
135
116
106
95
141
93
6
114
119
135
147
126
127
128
124
5
125
115
121
128
128
135
118
94
0
90
105
96
128
84
141
97
100
5
109
121
120
122
135
103
103
84
7
111
108
127
121
118
136
124
124
1
88
141
80
130
82
108
93
138
4
129
129
101
121
136
121
95
138
9
120
113
142
95
118
134
148
83
2
88
136
80
129
86
114
87
136
9
119
122
92
117
131
123
91
139

