12
8
7
7
9
6
1
1
0
7
2
8
6
2
7
9
8
5
16
9
1
6
0
1
6
7
3
130
112
85
107
116
139
113
105
5
126
93
108
111
129
95
137
126
1
148
144
146
117
106
70
78
113
10
113
99
128
121
113
101
114
105
5
91
156
91
99
147
85
114
133
5
143
120
84
129
96
176
114
111
3
100
85
129
120
100
104
153
100
3
110
104
88
130
127
114
134
132
1
113
83
134
108
143
144
134
114
9
129
114
125
129
106
118
105
98
7
135
128
124
125
97
120
119
126
8
134
123
125
136
118
124
88
71
1
79
108
124
127
131
125
107
134
0
108
104
148
143
129
148
143
114
3
99
130
109
150
105
150
107
133
2
121
70
113
133
116
126
106
109
6
151
114
111
153
138
128
127
108
0
128
92
122
134
114
128
127
155
1
107
130
109
143
110
148
126
106
8
93
132
143
101
142
131
148
99
9
119
155
136
114
125
112
106
162
2
133
125
98
86
114
106
149
174
9
148
121
127
107
115
112
123
119
0
113
98
115
128
119
96
76
136
0
94
154
138
121
105
120
111
107
6
164
140
114
107
129
118
144
116
6
140
87
142
112
109
94
104
80
10
100
107
131
108
122
137
124
98
8
121
125
112
130
127
128
115
113
9
114
121
154
115
104
121
117
94
1
111
97
114
104
149
113
112
98
9
137
93
99
132
122
98
107
119
6
99
139
91
78
109
89
127
103
5
100
121
112
120
127
136
102
100
7
112
112
107
138
127
116
120
107
4
150
112
116
115
105
114
89
106
0
137
126
99
132
117
150
99
146
6
96
78
108
110
111
126
129
107
2
130
149
147
154
95
135
157
113
5
153
128
106
109
135
107
118
130
7
119
149
119
126
127
119
107
117
1
142
149
115
98
93
122
98
93
8
100
141
147
150
69
113
73
122
9
116
121
112
98
114
141
119
134
6
81
127
138
142
124
108
104
85
8
161
129
101
99
123
99
125
132
8
95
90
103
126
104
147
134
100
1
106
126
128
68
98
120
131
152
1
140
78
109
138
116
87
84
114
9
115
103
127
140
99
109
112
99
8
120
98
115
123
80
139
93
136
9
113
120
100
134
108
115
140
109
4
114
139
115
133
148
119
142
126
9
81
142
123
132
113
98
122
134
2
114
84
113
117
79
111
139
142
9
114
89
114
140
93
125
127
134
5
115
119
106
93
100
96
132
121
3
150
112
104
112
126
100
111
100
8
100
91
118
92
123
121
104
144
6
119
102
121
105
120
127
121
129
3
137
149
124
111
128
112
101
86
6
129
121
118
91
146
87
97
83
7
73
120
116
113
122
118
147
128
5
121
162
135
128
120
100
100
115
4
114
94
129
127
125
83
105
101
2
106
105
102
107
100
86
110
116
10
105
137
142
147
120
101
150
98
8
79
186
113
120
121
106
101
130
7
136
124
149
100
111
117
92
113
4
138
116
120
123
148
89
112
113
7
116
103
100
108
115
112
101
113
8
131
116
136
98
84
122
99
129
8
139
108
99
107
89
115
123
119
6
122
123
101
125
93
160
145
94
9
135
92
80
134
118
114
133
120
8
98
142
106
117
112
118
99
113
1
112
118
117
132
119
148
146
93
4
112
119
114
126
97
79
100
117
8
85
134
162
84
140
98
120
116
1
116
120
118
89
117
125
115
103
6
121
123
121
116
88
125
75
108
6
131
141
149
71
86
147
99
77
5
134
101
99
125
133
133
86
114
4
101
106
104
136
105
134
99
120
8
122
135
124
154
132
151
150
112
5
92
126
127
94
139
93
155
110
10
115
85
130
114
120
136
106
122
6
122
61
132
101
128
112
71
118
2
120
78
116
137
80
155
121
132
9
107
92
112
106
121
102
105
136
7
127
124
101
135
110
164
131
113
1
163
87
111
128
115
102
130
113
6
104
114
102
94
136
145
122
96
0
146
127
93
103
128
133
94
93
2
99
126
128
113
143
102
136
104
6
123
129
155
136
128
129
152
118
7
117
125
79
130
107
137
99
116
4
146
141
120
127
135
138
139
85
8
120
154
93
129
90
147
126
133
7
111
117
94
125
114
113
140
124
1
105
127
126
117
114
122
121
85
7
97
108
119
126
100
104
106
131
6
119
128
109
121
96
134
109
120
5
157
131
114
112
124
106
125
122
8
148
111
105
118
93
122
140
126
9
133
127
101
131
121
104
126
70
7
72
114
108
121
132
109
124
131
9
148
136
132
121
147
109
138
99
1
149
90
117
144
107
121
97
149
6
99
150
106
98
107
134
120
147
6
141
133
87
120
112
114
123
117
2
138
103
132
111
87
157
148
153
5
114
118
138
130
128
115
119
123
9
106
108
110
96
123
127
178
129
8
79
105
143
171
132
114
92
108
0
85
128
123
108
102
105
159
130
10
103
142
76
94
83
116
137
157
6
151
128
112
103
113
113
121
111
7
54
92
139
93
127
106
155
119
5
148
96
97
99
138
121
114
94
5
145
127
95
129
142
144
121
117
3
107
106
154
121
149
115
128
126
5
134
130
119
109
107
100
73
115
4
98
95
93
117
64
107
105
126
4
80
110
109
131
136
108
108
120
6
118
137
120
81
136
129
103
115
5
131
123
134
120
113
87
134
108
3
103
124
115
84
109
107
112
97
3
89
144
153
134
125
65
100
109
8
92
123
110
108
128
148
101
166
6
112
118
139
114
102
101
126
96
8
96
82
76
139
120
98
103
121
6
140
104
127
83
143
141
92
112
7
100
111
126
125
119
128
72
79
1
136
85
159
139
120
89
120
122
10
93
117
100
142
148
127
118
149
1
106
107
88
149
108
106
106
147
5
85
140
157
133
149
92
123
121
3
93
139
130
111
129
82
136
140
6
118
143
128
110
135
100
127
75
6
85
125
81
107
128
88
86
98
4
126
107
121
141
119
125
118
85
1
106
105
128
122
77
127
99
98
3
121
114
101
78
93
145
82
156
0
67
89
114
117
118
95
148
112
6
127
158
83
113
145
113
133
107
2
84
117
102
97
120
130
136
85
9
150
130
133
113
135
127
160
74
7
101
106
115
108
106
156
150
89
7
87
128
113
119
100
115
127
87
5
88
149
96
135
87
86
97
99
7
115
117
93
123
98
99
146
93
6
112
109
121
124
140
128
152
125
2
133
96
109
97
121
121
106
99
3
117
151
178
112
143
126
101
135
4
128
125
87
113
104
144
101
101
2
121
113
131
113
134
120
101
126
4
107
126
115
92
107
101
112
124
7
96
127
120
88
100
100
79
115
7
92
151
96
126
106
136
115
105
1
113
130
126
109
101
147
107
115
2
94
106
123
140
105
116
111
111
6
119
117
139
73
147
130
105
114
10
91
102
107
133
112
100
107
147
4
93
106
115
113
125
129
90
115
1
143
136
114
129
113
98
113
128
9
129
120
126
91
97
120
117
100
3
157
93
128
119
84
120
100
91
9
96
106
126
105
111
136
95
135
9
101
120
114
130
120
159
114
96
9
134
116
119
128
99
132
107
92
4
117
119
127
148
139
141
114
80
4
116
102
106
108
135
117
119
78
2
104
163
108
108
131
110
154
122
3
130
85
111
142
71
98
85
106
3
102
107
115
129
90
126
119
88
4
119
136
128
98
84
100
89
110
1
155
129
134
101
77
119
95
126
7
126
141
105
105
122
151
126
120
4
70
147
99
128
100
121
119
139
4
115
73
111
171
142
100
135
93
5
107
146
127
120
131
100
113
141
6
142
113
107
125
132
96
121
132
0
145
98
123
92
129
127
121
82
5
80
119
87
117
103
120
134
146
6
130
131
100
126
155
89
147
127
4
130
115
122
108
128
127
133
111
6
122
86
103
61
133
117
127
63
5
113
73
97
100
119
148
107
89
7
110
136
126
113
94
113
95
107
4
171
98
137
185
101
128
83
119
7
109
135
121
103
92
135
132
121
1
120
91
123
126
72
115
120
156
8
150
92
147
114
114
99
108
115
7
146
110
134
141
88
116
107
137
0
105
105
106
122
98
142
71
128
0
161
135
92
147
95
124
160
121
4
95
107
120
96
157
127
113
106
9
100
116
128
105
101
116
114
138
9
97
141
99
80
123
123
112
113
6
107
147
126
117
121
92
113
92
3
113
113
140
113
83
115
127
136
5
147
97
115
92
124
119
112
127
5
132
100
94
126
110
104
107
79
8
96
119
128
147
93
142
156
78
2
94
140
105
107
128
135
151
122
9
103
121
105
112
118
107
79
92
7
109
119
107
103
109
134
83
106
4
112
116
126
114
116
109
93
122
6
119
97
99
109
111
92
95
130
7
115
136
111
141
82
97
135
113
8
112
103
123
119
133
142
133
148
9
152
112
128
139
113
73
128
90
5
114
123
121
111
95
125
128
106
0
107
110
135
109
106
117
140
115
6
143
153
105
126
95
113
128
80
5
124
89
112
86
166
117
155
85
3
120
128
121
125
127
129
100
100
7
119
127
120
113
109
95
136
143
7
113
113
113
115
122
96
105
112
1
93
114
91
135
136
86
141
98
2
130
112
91
149
91
135
97
99
2
94
115
117
131
121
100
132
118
2
122
132
102
92
121
116
126
131
5
145
143
145
143
117
113
131
161
9
87
139
82
136
105
144
101
105
3
107
98
122
115
106
145
140
87
2
96
122
111
126
134
151
129
141
3
120
91
133
119
116
137
123
84
1
98
119
103
95
126
102
126
120
1
112
93
105
113
97
128
139
134
9
93
86
133
138
121
113
133
99
4
105
108
88
115
139
114
91
92
9
113
112
135
101
112
71
122
113
3
90
116
93
125
113
141
114
104
4
105
104
105
105
146
118
132
140
4
80
131
111
119
115
128
112
139
3
132
94
89
113
108
142
134
146
3
156
107
136
98
124
99
125
162
8
120
123
100
85
100
126
143
117
7
79
101
97
157
94
84
151
148
3
101
129
136
119
135
134
120
129
3
129
128
115
98
78
86
137
120
2
65
113
127
127
102
99
123
155
5
141
114
126
150
140
128
94
130
4
121
96
101
77
134
122
77
128
4
118
139
128
114
99
78
127
105
1
120
137
127
85
123
142
135
115
1
93
120
128
98
94
88
102
130
8
130
104
143
112
140
130
117
122
9
97
121
122
105
116
99
151
143
4
133
117
58
99
97
119
109
152
3
108
119
134
141
154
134
102
104
4
147
113
152
128
117
146
131
110
6
124
121
141
141
87
125
127
123
9
106
141
160
145
121
182
135
109
7
134
81
141
100
122
113
93
79
5
119
135
146
126
94
150
85
90
6
128
111
100
133
117
170
120
115
7
91
99
103
138
110
79
92
129
9
124
124
100
127
142
107
99
96
10
106
111
146
128
120
85
114
92
3
101
102
93
124
106
117
130
140
1
151
118
127
134
135
97
98
103
3
105
128
126
102
97
114
102
78
7
109
136
118
100
116
127
156
126
3
120
122
99
128
152
129
137
136
8
132
99
119
145
110
134
125
121
10
92
107
113
71
114
149
91
124
1
119
103
96
98
112
132
122
94
6
106
67
86
98
128
124
84
127
9
98
128
121
121
100
127
100
109
6
91
132
99
91
91
128
132
149
2
135
91
113
92
126
128
106
114
1
112
142
103
107
111
94
137
108
9
139
116
123
100
109
136
110
110
6
134
117
132
118
135
102
104
125
4
124
133
102
108
85
120
133
83
7
121
101
136
107
102
112
128
112
8
120
94
122
106
145
99
141
99
1
128
119
115
109
143
129
106
71
9
134
126
95
113
135
128
136
124
8
113
106
76
115
140
133
92
87
7
129
82
101
118
115
132
110
143
9
120
87
119
139
115
96
122
99
7
138
104
105
121
100
149
140
88
9
143
109
127
116
122
117
108
134
3
149
118
91
112
65
107
86
165
1
127
105
124
67
112
92
93
119
9
133
93
103
136
103
125
103
130
9
83
123
130
91
113
128
143
98
6
127
104
117
129
120
126
149
165
3
112
115
127
140
94
89
108
116
9
141
107
106
90
135
90
81
157
6
129
167
136
71
113
129
104
116
0
125
107
156
98
107
108
120
104
1
91
135
136
133
98
136
154
99
4
131
120
120
135
141
78
142
125
2
113
136
123
127
131
135
105
100
6
113
93
114
86
80
96
123
126
2
118
79
107
129
129
98
134
115
6
149
132
120
149
98
133
143
119
8
106
136
96
151
106
85
114
79
9
113
93
100
92
106
108
94
129
7
123
118
122
155
137
106
78
113
8
116
70
133
157
136
127
114
126
1
93
116
98
106
135
90
123
128
7
113
98
87
110
119
107
142
117
10
79
91
124
113
142
139
114
116
5
162
94
78
113
97
104
142
99
2
155
86
107
108
111
142
111
154
1
114
137
106
142
106
136
115
97
0
156
105
100
127
113
110
99
128
10
127
121
107
115
75
134
113
100
4
121
101
86
127
111
87
136
116
7
128
100
135
114
119
79
106
140
8
121
94
132
113
133
135
129
110
2
100
119
114
142
117
112
77
147
6
141
122
134
106
96
106
114
103
9
109
107
132
104
93
98
98
128
7
124
128
142
111
124
132
161
126
7
134
115
124
113
137
130
121
121
8
92
122
114
106
122
118
98
100
1
91
134
121
108
143
137
116
120
8
104
112
147
90
175
107
72
94
5
92
121
119
155
87
71
126
98
0
138
116
100
104
109
90
97
125
8
93
114
122
135
132
123
135
94
9
111
114
114
115
129
100
91
135
7
66
122
102
134
148
103
137
107
4
139
141
113
115
111
114
107
74
5
83
128
130
120
133
89
113
117
3
136
95
122
107
92
149
137
120
3
97
113
115
113
136
143
133
79
8
118
143
137
126
106
119
106
143
1
133
91
137
126
83
134
106
114
4
112
110
132
98
127
125
77
112
3
121
143
133
149
111
93
143
106
2
136
147
81
144
150
73
84
115
8
118
93
164
119
121
132
151
98
9
103
92
113
118
129
125
111
136
10
141
114
126
101
135
124
133
129
8
112
141
84
95
101
93
114
140
2
118
86
120
90
125
114
108
95
9
104
141
156
128
108
128
100
78
6
96
107
111
122
92
113
91
123
7
109
144
110
78
133
96
149
133
1
104
83
113
135
93
105
139
104
3
105
105
76
79
94
129
135
148
8
135
120
59
135
121
91
146
87
1
114
112
101
131
145
103
104
120
10
121
115
162
127
117
118
104
91
2
111
110
125
139
143
123
131
78
10
99
128
74
144
108
101
106
105
2
135
105
103
138
124
95
106
119
8
93
89
140
102
98
117
114
124
7
142
79
138
103
134
147
143
114
6
135
113
109
134
72
101
139
129
5
111
125
70
125
113
135
139
133
7
137
131
122
136
145
92
141
110
1
91
125
110
117
120
79
107
121
0
76
120
98
131
121
120
139
91
9
155
121
128
99
94
113
121
131
8
104
137
129
135
119
109
105
155
7
100
142
94
119
114
122
114
107
7
100
128
120
110
89
99
149
120
2
94
110
98
137
156
134
113
118
2
134
107
83
84
135
108
168
134
2
127
107
135
122
126
119
126
103
9
125
145
147
106
105
87
107
107
5
122
114
114
127
107
120
107
111
2
113
131
125
83
122
118
122
134
6
116
143
141
105
135
131
97
106
3
147
102
126
106
134
134
128
111
5
152
128
106
131
102
122
105
110
6
90
116
147
112
85
99
136
112
7
94
94
96
89
137
148
112
111
3
130
132
171
83
148
112
112
135
8
157
107
120
96
150
114
148
135
8
91
112
144
106
134
130
133
107
9
120
149
93
114
90
116
121
136
5
128
121
99
75
139
120
123
168
2
101
94
122
142
121
88
110
119
0
100
106
126
148
122
108
92
107
9
148
114
127
110
120
156
89
107
8
147
136
162
130
133
101
111
131
0
124
111
114
135
131
112
116
92
7
163
115
100
128
129
123
117
114
2
92
127
125
160
104
99
78
156
4
124
111
114
133
131
114
112
99

