9
4
6
2
0
1
4
1
8
7
3
6
6
4
7
5
9
10
11
5
4
1
1
8
1
8
5
111
106
161
106
123
115
111
127
8
140
93
98
150
127
135
140
127
4
105
90
113
150
122
127
82
100
6
91
71
114
98
101
128
135
120
2
135
116
98
139
113
105
139
94
10
99
122
141
159
104
98
120
130
8
147
138
86
118
99
129
108
93
2
119
58
127
111
112
149
115
86
9
112
147
111
71
171
107
79
132
2
115
119
136
135
141
142
126
105
0
94
128
117
140
147
134
120
70
5
129
88
134
104
144
108
127
118
0
109
119
112
122
112
97
102
144
2
107
102
101
123
121
142
123
115
8
108
140
119
98
70
91
108
108
10
126
133
140
83
87
145
154
135
9
106
78
143
131
148
129
92
117
4
143
102
152
133
119
102
141
144
10
127
110
100
107
125
131
162
137
3
136
133
102
107
152
101
95
121
0
129
127
137
79
163
113
76
127
0
90
101
114
114
113
105
121
131
7
123
126
100
73
104
147
108
96
1
110
141
140
145
91
92
113
131
5
92
115
128
122
143
122
75
125
0
133
107
78
98
96
113
136
115
8
122
139
114
105
119
120
113
126
9
106
99
109
81
114
134
130
124
4
105
135
140
106
127
126
117
110
9
129
105
144
113
118
135
118
126
2
96
88
108
134
108
101
138
107
3
135
141
114
120
144
142
131
78
0
99
142
149
123
120
99
133
136
8
84
127
143
122
107
159
148
82
3
119
104
118
99
132
139
110
106
4
86
130
98
112
86
83
164
142
2
80
113
130
113
120
103
112
82
1
106
154
121
139
93
139
126
142
9
163
96
112
100
126
94
109
120
6
135
91
138
135
146
96
141
114
7
100
113
129
115
111
114
95
131
9
122
122
114
117
163
77
126
142
4
113
137
116
97
142
126
82
99
6
147
107
121
73
100
122
114
107
1
144
136
142
140
89
132
109
112
1
122
110
108
118
106
113
136
119
2
118
133
147
94
97
87
122
108
4
114
113
126
140
115
91
141
132
3
64
90
91
140
116
137
100
115
6
113
103
108
101
92
99
127
124
1
155
148
149
129
89
95
113
119
8
137
117
136
139
130
141
100
141
4
152
137
143
123
98
122
128
118
1
115
116
114
101
129
145
155
121
9
142
143
120
119
120
128
82
115
8
110
96
105
142
93
137
91
118
7
105
120
119
87
127
120
141
147
1
106
143
140
139
119
96
135
140
7
104
115
126
133
136
104
132
94
9
90
131
107
113
128
109
92
116
2
120
108
107
128
148
125
137
139
1
128
123
85
117
128
138
103
94
8
126
153
125
140
122
117
154
115
3
75
142
161
114
100
106
85
75
8
101
114
85
122
109
120
81
139
8
95
106
86
148
113
113
140
135
4
169
134
123
89
129
143
134
118
2
147
168
145
135
85
127
98
127
9
140
114
150
114
131
104
135
110
1
92
100
131
127
131
133
120
116
10
106
112
132
128
126
113
141
112
0
132
94
116
93
120
114
144
143
7
113
114
94
156
126
128
159
128
1
108
117
137
122
136
131
148
126
6
111
126
141
128
112
134
126
115
3
107
122
102
134
121
120
123
143
5
124
123
113
105
103
99
107
143
7
111
89
107
147
129
107
148
140
10
130
107
86
132
92
101
111
86
3
97
92
80
99
132
123
140
124
7
88
136
94
135
130
144
86
91
2
113
106
147
125
146
97
113
103
3
124
82
85
132
115
127
140
157
7
156
88
142
85
156
107
127
142
2
97
102
164
92
85
134
120
111
10
138
134
113
114
114
113
100
113
3
102
133
126
79
103
113
92
99
2
154
94
133
101
134
101
86
110
2
155
129
137
115
149
119
101
122
2
138
89
145
114
98
130
92
93
1
98
119
107
135
145
145
96
149
1
128
111
121
106
93
80
133
118
5
71
133
114
133
114
114
142
98
7
98
140
124
128
92
132
115
105
9
117
137
81
142
142
100
114
127
7
121
108
142
130
134
97
93
147
6
123
112
155
114
119
141
110
85
3
115
104
142
98
162
136
127
154
6
117
111
113
124
141
84
92
103
7
106
106
115
142
142
127
108
104
0
106
145
111
80
98
134
106
91
9
137
122
104
155
107
131
155
120
6
116
184
72
143
148
79
131
113
2
97
116
121
127
115
103
132
127
3
130
98
101
145
122
99
86
167
1
92
120
140
90
113
100
106
128
1
120
100
111
82
112
127
114
107
8
136
100
106
106
140
113
73
105
0
135
100
134
170
92
99
135
99
4
135
65
100
72
123
92
132
129
6
87
142
124
111
118
113
93
105
8
142
135
128
100
120
98
119
94
2
96
94
128
104
101
147
125
155
8
134
136
135
111
144
135
112
109
5
101
107
132
113
129
112
113
159
4
113
148
119
107
129
112
104
72
4
110
128
98
116
120
127
89
124
5
122
114
92
95
110
106
119
110
8
100
123
110
121
133
112
119
164
3
126
121
149
121
93
109
100
133
4
141
154
135
133
89
128
129
142
0
112
79
114
126
105
118
82
148
5
133
157
126
157
155
121
111
119
1
121
120
169
86
87
112
99
100
8
91
130
132
136
93
113
114
156
2
138
127
105
118
155
98
134
146
1
110
106
117
94
108
119
124
125
7
85
83
134
162
99
102
136
115
8
155
103
94
136
107
137
134
114
6
145
124
85
50
100
106
102
124
1
133
139
113
133
105
92
108
101
8
120
128
148
119
146
110
144
69
5
123
124
99
113
135
109
155
124
9
119
126
98
110
137
114
156
109
6
107
108
72
135
137
120
102
133
6
147
124
80
134
135
84
111
85
4
120
128
121
110
133
125
122
100
9
136
149
123
158
146
122
126
128
3
110
110
157
140
122
120
99
68
1
97
95
150
134
103
110
111
142
1
99
119
167
151
78
133
99
93
9
108
112
141
126
109
104
100
122
5
91
147
99
141
99
104
112
148
3
141
118
127
128
93
133
107
89
4
115
119
128
79
112
86
135
82
8
109
94
108
113
118
105
99
82
4
106
98
85
150
115
115
106
118
4
99
120
143
122
145
115
107
143
6
128
129
156
140
133
149
64
99
9
118
113
120
106
141
102
105
136
7
134
114
133
99
141
132
103
96
2
100
113
125
113
163
85
94
115
1
112
93
135
116
126
107
114
93
0
109
126
146
139
121
89
118
71
3
130
120
136
144
113
112
129
110
2
87
125
108
108
113
131
114
132
6
122
120
120
114
135
140
105
120
2
88
125
124
128
121
137
156
130
6
120
78
142
119
117
138
114
111
4
153
91
128
133
124
117
117
93
10
111
90
127
134
107
108
105
105
4
129
101
121
96
125
163
125
92
7
86
156
86
149
112
114
132
132
2
109
123
147
110
119
108
116
136
4
96
113
137
148
133
134
149
111
5
128
107
138
148
122
94
106
145
6
102
116
145
107
121
136
84
123
8
79
101
108
104
110
128
123
95
1
98
107
137
101
124
111
129
139
0
109
99
139
105
107
105
109
147
6
116
100
113
107
119
113
78
122
6
99
121
109
139
114
121
106
134
7
142
99
120
87
96
103
144
95
7
137
130
125
100
102
134
92
140
9
142
111
138
114
109
114
115
161
6
133
85
107
100
136
133
113
100
6
120
151
148
99
95
124
114
121
9
147
110
101
132
121
79
139
127
8
98
129
127
150
106
119
119
89
7
149
136
108
120
105
95
101
86
4
85
130
87
155
115
104
104
117
2
112
142
92
117
114
135
115
100
2
130
94
120
120
79
128
91
123
8
112
120
106
107
103
141
85
136
7
94
93
128
140
127
112
141
109
2
128
132
111
149
110
99
138
107
7
125
84
115
118
143
115
101
111
1
97
107
142
101
100
119
115
105
6
130
131
94
113
122
113
109
85
10
94
106
113
80
118
77
114
120
7
119
115
109
126
128
122
115
107
10
100
105
116
125
141
147
99
110
3
140
89
75
134
118
141
142
113
2
99
93
120
114
142
149
83
89
5
101
124
92
130
106
121
119
121
2
99
102
106
116
122
100
101
117
2
112
141
97
118
131
111
122
148
8
120
124
106
98
79
73
91
136
1
128
126
120
127
130
132
113
126
8
119
110
145
104
136
169
129
154
1
78
120
99
102
120
108
121
133
7
135
117
106
104
106
118
127
120
3
98
127
108
143
122
112
129
121
2
76
138
128
81
100
120
154
107
8
86
79
101
126
113
149
108
125
8
149
94
118
124
147
99
122
122
2
112
106
78
141
134
100
135
135
5
117
134
99
101
107
133
106
108
4
110
141
142
116
55
142
142
66
4
113
109
141
131
121
100
125
133
8
167
118
91
97
91
150
99
96
7
149
125
132
124
89
106
106
92
5
125
115
100
128
114
135
125
163
3
117
142
73
113
122
86
120
132
4
132
118
131
97
124
120
141
118
3
128
135
109
127
122
140
142
149
0
103
107
105
114
107
90
71
94
5
171
145
121
90
123
128
129
147
10
81
143
99
120
103
94
124
99
8
106
146
111
106
99
106
90
108
6
96
135
106
104
99
93
140
111
7
106
127
118
114
115
122
96
167
4
110
140
102
106
73
106
170
119
2
125
162
110
75
94
95
101
116
4
122
143
113
114
77
86
118
135
3
134
115
92
136
172
113
124
135
10
83
132
162
105
79
121
124
101
1
73
127
123
90
126
118
73
136
10
128
114
128
144
84
93
83
149
3
136
94
98
155
135
107
130
108
5
111
116
116
135
137
116
107
108
2
147
106
102
97
113
127
155
129
4
133
142
113
115
99
90
145
146
7
81
127
78
110
92
128
120
137
7
108
87
111
111
108
118
139
109
9
90
103
120
103
143
134
123
59
9
100
73
137
133
113
97
113
119
2
129
99
121
119
125
100
104
93
8
113
132
144
95
102
113
107
128
0
148
123
90
114
101
135
97
154
1
103
134
145
138
122
94
133
141
9
142
150
120
154
112
136
105
109
1
144
147
149
152
98
146
112
137
2
99
109
127
102
150
96
107
127
2
155
89
141
100
74
108
109
103
2
113
141
128
124
116
118
113
106
4
113
145
104
79
143
129
134
98
1
120
165
116
140
83
101
118
136
7
162
113
151
114
119
120
101
116
1
97
143
113
107
135
106
133
113
5
130
81
124
135
137
70
99
106
0
134
148
133
148
137
115
103
138
2
134
139
102
100
73
85
77
148
4
142
118
106
126
102
111
115
125
4
78
101
104
72
101
127
141
122
9
152
135
142
127
91
158
136
107
6
120
131
153
94
128
64
120
94
6
93
131
111
99
135
105
112
107
7
120
115
131
112
104
119
112
100
0
116
117
91
121
140
135
120
119
5
99
135
98
124
127
129
121
142
6
132
110
131
121
123
110
86
95
4
94
148
103
118
111
90
137
111
6
93
122
143
123
119
119
148
149
5
105
109
88
137
136
140
99
114
8
117
131
118
143
93
121
88
98
5
130
116
95
140
89
93
97
130
1
118
108
101
126
94
138
128
131
7
107
112
105
129
121
110
100
79
8
134
140
122
121
116
111
95
127
1
76
85
115
142
127
130
148
107
4
85
156
97
100
170
78
114
109
3
149
95
120
114
99
136
135
127
8
85
127
123
126
115
105
143
113
3
96
92
119
103
112
127
127
134
2
143
112
112
105
100
107
132
107
8
135
125
108
138
123
87
113
165
7
141
120
111
121
105
111
146
114
10
118
88
150
95
132
90
113
99
3
92
118
96
96
98
93
92
148
1
94
113
149
103
119
106
125
105
4
63
98
144
123
150
133
87
113
5
92
153
114
112
95
146
142
118
2
127
121
117
104
113
133
141
111
6
150
120
107
129
111
116
106
153
7
91
102
92
113
98
121
136
147
5
139
128
93
140
105
108
139
142
1
178
126
124
143
136
108
127
108
3
117
127
113
129
113
101
107
116
9
111
114
106
129
105
141
99
122
2
161
98
84
144
113
110
124
132
0
128
133
136
120
106
134
113
97
7
82
134
146
97
128
114
99
135
2
103
120
95
140
86
78
136
108
6
87
131
128
113
118
112
118
126
0
113
137
134
135
128
107
129
141
7
124
109
84
124
181
113
127
98
4
140
128
94
148
115
135
72
115
5
129
126
120
134
135
108
97
119
8
120
105
100
126
134
111
141
99
5
135
110
147
115
111
141
133
143
4
100
99
115
99
128
147
107
99
3
133
109
114
117
128
107
108
93
6
83
112
79
128
144
129
114
154
4
95
112
143
93
90
109
121
141
4
136
133
107
86
141
128
122
110
2
101
114
128
122
101
159
106
103
3
80
93
113
88
110
77
120
132
6
104
92
131
116
71
121
113
103
9
146
155
128
85
126
110
111
121
9
114
113
100
120
96
137
140
127
1
119
97
121
93
111
140
101
120
6
118
101
104
126
118
94
109
114
4
103
107
103
120
154
141
89
100
8
107
135
96
103
106
122
115
100
3
143
81
120
121
150
107
129
136
8
156
118
128
102
136
113
150
103
4
94
116
128
95
134
107
142
120
2
101
118
135
114
94
140
129
94
1
109
98
111
99
149
125
108
102
6
93
114
86
77
113
129
136
141
9
106
133
95
128
126
83
105
121
1
133
107
94
106
108
82
99
118
1
120
113
104
127
84
114
139
137
3
101
169
142
80
74
112
156
113
1
121
135
97
105
122
113
113
135
7
91
127
106
120
100
140
145
108
3
117
100
111
114
74
91
126
80
8
91
136
89
84
134
146
135
107
3
145
104
121
113
100
143
126
146
7
128
144
174
119
93
118
96
126
3
132
151
105
82
140
176
117
134
5
109
143
145
106
126
104
108
88
2
97
117
120
126
93
120
114
128
9
111
131
85
95
134
105
126
113
3
129
164
131
142
121
127
107
110
1
93
150
122
156
121
120
154
123
8
147
121
102
92
75
118
71
120
0
133
72
122
127
135
135
107
92
9
108
93
120
121
107
130
116
115
5
115
114
105
158
114
156
85
107
9
92
156
134
154
125
98
134
89
5
99
79
120
113
124
130
141
114
7
135
97
122
147
105
126
118
106
7
147
128
127
100
138
144
115
171
5
94
131
118
140
120
120
126
99
8
127
86
150
107
122
128
108
129
6
101
169
107
125
129
101
111
127
7
125
152
115
106
111
119
100
114
2
158
135
136
121
127
109
132
120
2
127
136
134
132
126
96
128
121
3
138
132
131
106
87
109
92
106
3
110
56
134
147
101
113
98
137
5
120
81
135
115
136
98
116
140
4
143
134
150
101
127
120
156
101
0
106
125
124
98
125
106
102
112
8
113
130
118
115
120
101
118
128
7
98
85
123
106
74
120
143
114
8
126
133
99
103
120
128
109
84
5
104
129
120
93
95
111
151
134
10
162
133
157
111
131
100
132
93
4
105
138
112
105
112
126
116
98
6
106
119
106
93
120
126
88
142
8
130
78
105
114
102
144
108
147
4
116
111
133
119
133
107
103
77
5
91
117
115
93
103
154
97
122
5
111
121
128
128
128
113
145
112
2
78
114
133
118
112
102
91
135
8
114
146
95
134
156
106
121
142
9
142
133
128
158
121
85
109
75
5
142
119
135
124
119
114
101
121
6
113
127
99
133
114
135
170
126
7
120
105
120
135
114
114
132
132
0
126
132
153
105
134
122
113
100
0
150
143
91
127
104
115
121
116
8
120
112
100
127
138
91
117
132
9
119
125
132
85
127
83
129
106
1
96
139
127
120
127
114
120
130
9
112
115
84
116
107
151
148
113
6
150
101
107
115
114
128
119
140
4
113
132
141
132
125
133
106
122
9
108
135
122
149
132
136
91
111
4
122
110
88
119
115
100
150
120
5
139
126
151
88
128
141
98
102
2
100
117
127
138
81
134
113
105
10
108
155
100
125
135
136
143
100
9
122
162
113
148
111
134
142
130
5
101
106
115
109
142
128
98
132
4
100
92
108
113
87
149
87
126
2
113
169
114
140
112
129
150
128

