12
8
8
1
2
9
0
9
7
14
8
9
4
7
9
10
9
2
14
10
2
8
1
4
7
1
3
107
117
113
115
129
120
130
110
4
158
147
117
88
96
159
107
89
3
98
106
134
83
97
68
163
100
5
129
97
130
133
106
107
70
94
2
105
104
134
137
129
115
134
97
1
146
145
127
115
117
141
120
161
1
133
133
110
141
113
127
127
117
10
116
146
107
121
120
88
118
102
8
113
85
115
122
116
91
129
87
9
150
110
100
141
117
110
126
103
2
105
128
120
104
108
120
142
131
10
85
82
124
119
106
132
110
114
10
117
91
125
101
105
127
73
151
9
114
154
129
105
112
119
135
117
3
94
134
128
127
127
127
137
85
2
120
108
136
100
95
109
113
117
1
144
140
127
79
135
106
100
106
10
77
127
105
111
143
142
86
101
3
119
90
128
111
121
103
131
124
4
139
125
147
124
64
139
112
117
1
122
130
139
141
126
127
127
111
8
125
111
113
136
113
107
124
140
4
105
119
155
140
93
139
113
93
6
124
102
120
134
135
140
152
156
8
123
158
94
109
119
106
108
161
6
130
99
99
89
149
103
125
85
1
133
140
95
132
117
114
119
106
6
110
130
162
143
106
141
147
114
7
135
103
98
98
128
123
129
108
8
120
124
82
105
98
79
94
102
6
111
121
83
136
102
145
123
124
7
124
114
92
105
120
116
128
101
7
112
117
144
133
143
128
120
124
7
149
88
142
109
144
98
95
142
4
135
122
92
99
104
111
78
104
2
136
127
119
138
96
105
105
155
6
97
136
130
106
88
135
131
127
6
141
107
121
138
100
139
107
127
6
79
168
134
113
85
120
127
90
7
98
140
160
106
93
120
148
164
10
89
111
112
141
112
106
152
126
9
79
137
135
141
147
127
114
169
1
139
112
120
79
115
112
104
139
7
115
113
159
93
86
156
101
126
0
120
139
128
127
108
110
122
109
9
115
108
105
122
147
115
112
124
2
134
112
146
108
88
98
159
109
5
90
138
128
107
127
140
118
114
5
101
156
128
155
135
132
119
99
3
119
150
116
127
65
114
121
150
3
105
133
146
105
89
114
122
114
6
109
137
100
135
150
141
118
104
9
80
143
161
91
105
108
98
157
4
87
103
92
148
123
78
119
119
2
142
130
83
132
144
82
108
101
6
124
100
87
125
141
92
91
99
0
126
126
108
157
121
145
123
135
4
100
112
101
127
139
116
127
177
3
127
91
106
101
90
126
117
111
3
137
124
127
150
104
142
128
101
2
98
104
139
116
99
115
135
119
0
120
135
126
125
102
121
125
84
3
114
98
121
113
114
134
92
74
3
158
126
99
95
56
147
91
93
7
127
118
115
127
106
115
151
120
2
128
131
59
123
99
108
149
112
7
120
120
78
112
118
102
136
99
3
136
93
85
135
115
133
132
115
10
129
148
113
141
153
113
115
91
5
116
125
69
139
81
80
100
105
5
117
129
161
135
120
98
98
106
1
121
141
140
106
142
132
83
107
3
119
114
148
140
136
133
144
92
3
112
121
112
132
97
93
65
109
6
130
108
134
136
128
70
92
134
4
129
81
92
108
128
92
137
120
9
118
106
132
126
127
72
72
130
3
100
70
115
125
124
133
172
141
4
105
117
143
94
101
153
95
114
4
107
136
135
113
124
135
112
141
2
144
93
81
99
122
93
98
116
3
114
105
127
142
105
130
107
139
8
100
136
118
71
135
106
122
121
8
122
122
127
141
115
140
149
116
2
113
123
162
109
93
76
120
161
6
137
98
128
136
75
135
103
109
5
91
90
161
108
122
94
99
93
2
143
153
122
102
115
112
135
105
1
91
94
149
118
87
135
127
119
6
104
127
119
141
119
111
147
142
4
107
133
114
103
137
111
138
128
5
141
142
80
144
127
132
91
118
4
113
119
133
119
125
153
128
87
4
92
103
108
114
114
121
115
126
7
138
128
141
101
108
113
137
115
9
142
127
129
155
135
123
107
139
9
75
115
119
132
113
118
100
130
7
146
107
103
129
154
122
109
124
4
121
128
93
86
118
129
154
135
9
140
149
101
126
95
86
111
124
8
128
121
121
124
130
118
108
101
2
137
144
140
145
110
104
80
146
3
149
157
116
139
123
141
110
91
2
132
134
113
121
122
121
119
106
3
165
92
115
86
127
128
102
129
4
142
129
183
114
125
64
86
85
5
131
121
107
113
105
118
89
133
4
91
105
106
119
112
95
125
105
8
110
113
149
98
84
104
112
113
9
127
161
128
123
113
146
110
111
2
146
141
108
118
90
101
119
90
4
115
129
150
147
138
127
135
97
4
119
120
98
93
106
100
109
119
8
87
106
126
113
112
123
126
120
7
127
79
87
96
121
106
79
102
1
128
99
110
175
107
87
121
121
9
121
125
173
113
121
149
98
122
2
102
139
121
143
105
123
107
78
5
126
94
124
108
148
102
87
105
2
115
127
127
131
94
79
117
121
2
107
131
138
136
134
129
120
133
6
105
77
93
137
143
99
100
108
1
101
97
144
112
116
116
109
93
9
124
136
108
92
134
133
111
112
6
122
132
121
132
127
103
121
99
7
120
104
139
122
111
133
107
115
3
111
109
122
120
139
106
142
121
4
114
148
91
130
113
127
114
99
5
127
109
106
115
100
119
145
128
6
115
128
120
119
92
117
86
134
4
85
134
105
102
115
95
107
120
1
113
56
98
140
128
137
148
106
1
105
126
101
128
135
108
93
115
2
114
129
100
115
99
148
127
136
8
114
139
135
122
116
131
149
108
1
143
136
101
120
98
85
134
107
1
98
171
113
115
130
132
107
98
5
125
125
107
130
73
89
100
120
3
105
113
85
121
148
119
122
86
7
158
142
94
106
119
109
140
121
5
119
130
119
132
128
99
50
127
8
114
122
106
124
92
118
119
118
7
113
106
101
91
118
76
150
83
9
128
116
116
120
141
138
117
110
0
119
116
135
108
123
84
120
93
1
98
145
133
127
113
111
119
96
7
91
104
79
86
135
125
121
120
3
129
125
112
142
112
110
122
105
4
118
107
79
112
100
124
137
106
2
66
107
76
94
117
150
94
105
5
64
121
79
127
120
120
139
121
9
149
131
137
89
120
128
127
121
5
136
111
79
121
122
120
124
115
0
122
95
113
109
119
110
136
129
6
150
114
140
152
154
137
113
148
5
100
117
126
147
114
75
120
126
1
99
112
107
148
106
120
142
93
4
126
110
113
111
92
101
97
113
1
135
109
132
94
143
115
97
118
1
78
110
131
127
135
113
85
129
1
124
135
122
124
130
127
130
121
8
124
120
114
93
114
120
113
106
4
94
92
84
167
114
126
142
112
6
100
92
93
58
119
87
95
127
1
134
131
150
108
77
120
105
152
4
131
141
106
72
106
114
118
123
9
101
146
74
131
114
117
105
119
10
155
161
136
114
112
122
82
117
9
99
105
94
136
119
134
143
91
2
114
122
101
97
100
130
141
142
2
121
152
139
105
133
139
117
84
4
122
141
115
127
124
125
140
113
3
91
148
109
120
127
90
115
126
5
107
125
141
161
120
113
106
114
6
140
94
118
145
114
98
83
119
8
86
145
92
110
135
150
135
122
1
135
130
85
73
91
128
155
122
1
143
118
143
118
146
92
134
148
6
115
129
134
115
101
135
121
107
5
111
89
98
98
139
87
105
105
6
126
134
107
110
112
96
93
110
5
100
118
98
122
108
85
127
72
2
152
95
124
131
103
127
148
110
2
94
128
143
115
112
174
155
70
1
115
117
111
98
117
87
141
90
9
133
118
134
120
107
95
117
115
2
56
106
94
138
101
141
154
121
8
154
131
126
168
93
97
157
120
4
159
133
126
127
124
124
133
98
2
119
115
114
114
99
132
124
118
4
141
122
126
109
126
136
111
147
10
135
92
135
129
128
135
120
128
9
120
105
88
81
127
125
118
106
1
121
127
106
89
96
162
142
88
3
111
148
89
114
104
128
120
113
2
116
132
103
105
109
110
115
148
3
122
134
84
129
131
124
130
139
0
137
92
154
122
121
104
129
118
8
135
128
85
152
134
126
106
105
1
122
90
92
147
99
111
92
127
0
66
124
86
127
119
92
100
128
5
129
78
135
116
119
119
135
120
5
123
64
149
105
104
155
114
128
4
80
66
102
113
130
140
113
129
2
109
102
114
95
124
121
139
135
3
128
87
127
102
135
125
120
85
5
75
144
150
74
117
86
136
122
6
120
103
106
101
104
92
100
164
4
99
122
137
76
126
117
114
65
3
105
109
91
101
105
99
100
121
10
99
119
98
133
114
107
122
105
5
84
59
131
97
96
136
117
100
4
139
123
123
100
126
103
138
117
0
145
133
101
105
138
128
126
148
9
125
128
113
109
109
106
93
129
0
117
109
96
96
105
130
140
134
7
88
124
118
84
118
111
140
141
8
114
111
113
83
100
104
103
107
7
141
145
154
147
80
127
116
128
7
127
119
125
112
94
107
95
113
9
101
135
89
123
134
131
116
141
4
128
134
143
84
98
95
114
80
1
134
135
102
105
105
108
99
117
2
79
86
150
107
106
82
113
120
1
103
109
122
121
128
142
90
133
8
124
156
116
140
101
140
96
141
0
155
172
93
156
147
129
126
89
7
102
145
108
127
133
112
113
135
3
126
134
90
133
149
127
92
129
0
127
112
129
122
122
92
117
154
0
101
120
115
73
134
97
122
124
2
141
77
84
138
124
126
121
133
5
137
139
140
98
119
117
84
114
7
129
142
105
105
99
98
121
133
1
135
108
80
107
110
120
149
125
8
106
121
57
93
125
131
162
136
9
154
119
104
99
84
100
109
119
4
120
142
93
166
107
133
92
123
1
141
118
121
108
104
133
107
94
10
111
124
143
125
114
92
104
78
10
104
102
113
113
107
108
142
80
3
70
150
118
127
84
95
147
125
4
119
78
138
71
157
121
128
102
2
101
133
155
143
155
144
99
80
4
101
102
104
116
113
126
135
122
3
163
142
120
123
91
126
99
98
6
108
148
94
110
123
122
129
120
8
79
100
112
114
160
114
93
108
4
103
120
122
118
85
90
98
156
5
113
111
76
138
63
149
133
164
10
70
113
117
127
84
105
136
101
7
106
128
95
105
114
105
122
63
7
149
143
92
115
106
122
134
113
4
121
127
78
102
142
103
78
128
8
113
107
103
89
134
128
136
128
6
135
109
121
110
123
134
112
108
2
139
117
142
114
116
154
92
164
10
122
115
99
112
141
119
163
128
1
101
131
86
102
100
108
131
107
1
127
85
121
80
92
127
142
105
7
102
127
79
134
114
119
126
87
0
136
154
105
152
130
133
114
109
3
98
120
142
109
133
144
99
124
1
97
104
127
88
101
111
103
112
2
113
106
113
102
112
134
116
136
5
110
130
114
161
122
115
123
113
1
106
99
110
104
141
100
116
124
1
152
98
147
91
149
93
93
115
3
96
94
147
128
74
121
114
113
9
117
92
114
137
108
126
123
106
3
116
128
132
133
78
114
106
119
0
133
133
125
127
122
142
134
133
3
74
106
126
100
105
134
136
119
1
134
136
99
105
85
121
140
122
5
144
138
145
130
119
162
105
108
10
107
102
110
119
117
108
112
123
7
94
105
93
133
114
121
127
96
5
127
113
102
123
95
85
107
133
9
102
119
134
128
119
122
138
103
8
129
125
115
99
131
99
104
122
0
97
134
107
134
76
107
75
148
8
112
158
106
94
145
153
92
127
2
124
147
133
118
96
125
113
103
6
120
89
93
107
119
104
128
105
6
108
112
141
95
124
97
97
148
8
108
113
134
126
124
158
108
129
3
108
139
146
112
111
98
73
143
5
153
106
169
156
99
133
106
141
7
143
94
130
151
98
112
155
113
4
105
110
120
140
126
98
100
114
9
100
109
128
85
95
120
149
134
10
151
100
134
100
104
117
127
74
8
144
106
130
111
128
135
101
128
1
119
135
116
114
86
149
112
73
4
136
96
93
160
124
111
116
138
1
77
114
129
114
93
141
94
136
5
128
100
106
88
111
120
127
171
7
135
104
122
122
126
152
94
134
3
111
109
163
77
111
135
129
156
6
145
144
92
103
139
119
114
135
3
95
114
137
150
158
121
92
111
4
99
142
104
116
143
90
148
84
9
121
131
94
115
108
80
107
99
9
108
111
114
112
91
148
99
134
1
126
141
121
107
111
114
112
130
3
121
126
106
102
109
120
107
148
5
120
128
112
109
163
85
91
116
8
114
102
107
147
120
127
101
126
6
140
132
93
112
156
134
144
174
2
111
96
131
128
72
119
136
127
1
178
83
140
92
149
114
133
124
7
142
114
131
129
132
108
106
100
1
127
97
121
148
87
138
121
115
2
109
128
101
135
86
110
106
147
5
100
68
112
90
108
109
157
99
1
103
136
110
135
94
113
134
112
9
135
99
135
127
149
91
98
101
9
91
105
121
90
108
83
143
115
4
98
113
114
130
108
114
157
65
8
137
94
145
113
113
172
110
112
2
141
132
144
121
110
113
148
155
2
141
127
126
122
131
119
122
154
0
107
142
122
117
93
121
96
156
8
98
113
120
105
121
120
113
107
5
141
117
100
100
99
124
143
126
9
105
113
127
115
127
129
106
87
3
129
100
103
128
105
109
140
119
5
93
82
114
96
128
98
121
134
1
115
113
134
122
120
114
99
106
6
146
99
139
100
156
111
144
129
7
112
107
126
131
129
71
129
87
5
127
87
131
98
105
168
78
104
4
113
142
84
112
110
108
108
106
8
162
91
127
103
103
121
98
107
0
118
119
145
107
101
108
147
100
10
143
107
150
147
109
123
107
115
7
108
91
99
122
112
104
131
94
2
117
90
101
138
135
153
140
142
3
104
149
148
106
93
132
148
81
1
132
120
85
118
122
121
101
112
3
102
106
109
147
100
120
156
109
4
133
111
163
103
150
82
129
123
5
135
129
103
72
107
90
106
78
4
115
135
93
153
138
111
110
135
6
112
114
130
130
147
112
124
123
2
103
104
134
113
95
114
120
121
2
167
122
111
118
98
140
146
123
3
129
65
134
120
128
119
122
127
1
119
149
114
108
110
105
94
105
9
120
111
129
87
104
108
77
130
9
103
120
84
125
108
108
112
133
4
126
103
112
92
70
91
136
138
3
81
129
101
136
135
152
127
93
3
107
103
107
100
93
120
117
119
2
93
148
140
128
95
110
91
142
1
121
119
109
129
119
131
124
142
8
128
122
120
151
110
134
121
83
5
121
145
99
148
70
94
128
78
6
98
121
153
142
92
105
123
107
3
140
113
85
116
134
101
135
121
0
173
107
118
120
102
73
83
72
8
127
152
79
95
114
93
145
146
4
141
130
108
137
106
158
78
124
2
142
102
135
111
129
118
134
114
8
107
128
129
128
125
139
135
99
3
127
102
124
131
111
121
80
84
4
125
101
137
143
130
103
135
115
4
101
104
120
107
145
115
133
113
10
85
98
110
119
119
132
115
88
3
109
146
107
120
105
99
118
104
2
129
120
80
118
72
92
131
82
7
130
106
135
126
129
145
124
78
1
101
68
129
96
106
115
126
130
5
98
141
136
107
128
120
99
106
3
130
107
125
120
136
120
115
87
3
115
110
143
164
135
120
114
117
6
100
119
143
85
105
105
107
107
4
142
118
92
127
139
164
121
139
7
77
94
131
123
145
108
94
123
2
111
101
112
129
125
121
106
70
5
120
100
137
104
86
117
102
84
8
120
93
157
88
126
112
169
92
10
102
57
101
135
125
104
82
119
2
136
114
117
120
115
124
116
128
0
84
91
79
101
128
133
100
121
6
97
129
166
135
104
99
75
121
1
136
100
96
119
123
135
96
115
1
135
146
86
121
119
115
139
108
2
120
106
142
139
149
150
119
116
4
136
101
94
121
122
135
95
108

