8
10
6
6
3
8
2
7
9
10
10
7
6
6
2
6
7
2
13
3
7
3
4
1
6
3
8
124
108
144
97
156
143
162
132
2
133
110
109
139
133
94
119
108
3
91
101
114
127
133
124
133
131
3
114
106
93
121
137
83
165
153
0
80
95
102
122
97
99
109
143
4
129
125
131
106
169
122
89
135
7
107
99
101
114
117
106
94
127
2
106
140
133
120
106
114
116
114
3
103
111
148
134
61
107
133
126
2
147
85
90
107
93
122
140
121
2
121
149
150
119
115
125
145
99
1
106
101
135
96
106
113
138
101
5
156
118
109
134
105
74
107
135
7
118
93
115
121
117
127
68
121
3
111
144
124
120
150
128
125
156
9
120
135
121
133
142
135
121
117
9
98
105
130
88
106
130
120
105
3
118
117
114
126
81
118
113
105
5
114
107
159
122
165
115
145
111
9
146
134
114
141
96
145
139
132
4
92
100
147
108
78
119
128
109
6
123
127
117
113
155
135
156
129
6
119
144
155
98
120
143
140
106
1
112
100
128
114
128
129
113
120
8
107
140
107
135
149
102
96
110
1
102
80
125
91
110
122
114
113
4
137
105
127
132
129
135
111
131
1
101
132
127
153
124
111
119
143
9
111
135
112
133
116
113
126
130
6
135
74
131
92
105
87
68
116
6
119
98
100
121
116
99
101
85
3
92
114
115
105
77
128
133
143
2
99
119
94
112
119
81
94
133
8
131
121
118
124
134
124
131
132
8
121
106
123
127
118
124
122
77
6
92
133
118
123
113
148
134
131
5
115
122
101
140
105
110
78
128
3
89
110
133
128
109
93
107
87
9
103
127
123
127
143
143
162
89
0
115
130
115
107
99
93
117
130
4
114
127
110
131
142
114
127
126
5
102
120
109
137
149
112
84
112
10
134
108
149
110
119
139
111
102
2
141
112
79
113
96
107
113
127
1
127
121
105
99
91
156
114
113
9
138
121
103
128
92
150
158
138
9
106
142
122
113
91
85
97
121
7
161
106
115
120
125
94
141
126
1
98
106
126
119
93
107
142
106
8
134
107
133
87
167
130
108
102
3
104
126
103
103
142
118
78
140
2
134
146
120
87
91
140
84
149
10
110
123
105
98
119
64
113
143
6
112
121
137
85
114
80
118
114
1
98
104
124
99
131
132
140
119
8
142
143
117
105
100
123
135
117
5
132
128
131
121
109
99
120
129
9
140
108
119
135
78
160
85
86
6
121
163
103
133
137
102
156
120
9
95
125
93
120
127
112
93
85
4
120
78
128
160
163
138
87
119
4
71
113
115
103
155
135
100
142
1
120
113
93
129
119
109
137
156
8
79
95
150
68
86
77
159
133
9
89
109
106
101
118
121
127
128
5
108
92
127
141
109
115
114
98
1
105
140
112
125
129
142
78
80
1
135
96
112
71
119
84
126
136
10
135
94
91
85
121
121
84
115
6
110
105
145
81
115
114
132
115
3
78
107
114
96
92
135
105
100
1
121
106
112
120
124
135
124
106
0
113
86
100
82
99
129
116
118
9
102
152
139
135
142
95
147
113
2
87
100
148
105
93
106
98
138
0
126
100
125
98
113
94
120
92
5
116
114
98
106
143
105
96
125
5
149
129
102
124
130
121
133
129
8
132
139
143
133
102
134
104
155
7
129
93
107
114
133
140
129
108
3
80
135
133
139
133
71
128
122
0
101
98
114
116
124
112
104
107
3
99
128
103
119
113
111
93
113
1
168
121
113
135
127
100
98
72
2
126
114
93
118
103
142
130
119
1
149
139
99
128
92
159
99
147
7
139
119
138
98
109
114
99
134
3
94
87
134
121
124
114
107
143
4
150
113
127
108
83
122
100
150
1
129
106
116
116
118
124
107
99
7
125
125
135
99
150
135
104
141
5
128
129
137
121
168
106
141
158
2
102
124
135
120
108
113
108
124
4
122
115
114
134
135
131
101
135
8
121
161
98
105
120
81
118
114
9
109
108
144
76
149
114
102
84
6
92
149
128
101
128
137
100
125
2
119
135
100
118
97
136
113
129
2
119
128
130
106
119
143
102
132
8
136
93
155
100
81
91
95
126
2
152
134
102
95
107
125
85
88
8
155
134
134
130
101
128
127
142
1
78
126
121
141
109
153
133
129
9
149
103
144
128
113
113
117
137
7
102
122
123
125
72
113
95
100
0
95
140
108
122
81
120
113
112
1
114
108
114
103
146
90
138
107
1
133
171
120
148
107
129
84
105
9
84
80
105
127
73
149
105
110
3
133
86
114
141
145
112
135
103
4
157
147
100
126
132
141
135
116
9
92
114
93
121
132
104
138
77
7
134
105
143
120
101
119
98
121
2
115
141
122
112
125
114
94
92
4
70
140
125
149
77
112
140
106
0
121
109
107
109
77
121
107
129
7
114
139
133
130
133
108
119
133
5
137
115
119
140
146
129
124
143
4
139
103
106
114
94
176
135
139
3
137
128
129
136
133
158
114
136
0
119
94
122
110
115
128
154
129
2
127
116
134
121
100
99
112
59
9
99
114
114
126
138
121
129
161
2
102
122
98
95
95
120
122
119
3
104
120
121
125
128
114
85
153
3
113
97
105
133
141
102
144
113
4
128
136
122
95
121
119
112
119
10
113
96
127
107
124
121
87
129
8
100
113
114
109
113
116
114
137
8
133
147
113
106
123
106
83
111
6
93
142
144
118
122
144
135
148
1
101
106
94
85
146
108
87
99
8
93
143
126
121
160
130
106
87
2
127
113
118
108
113
112
132
113
7
139
112
125
109
124
157
137
151
5
106
120
126
126
106
119
163
107
5
126
99
100
128
107
109
104
86
3
136
112
118
100
132
124
103
64
6
134
102
130
144
135
142
98
129
7
115
148
128
127
120
117
100
127
5
146
129
146
98
104
78
141
111
2
137
86
85
96
120
107
120
104
2
91
118
78
88
128
120
145
112
4
113
129
94
146
144
141
121
98
7
122
106
104
114
112
103
139
107
5
114
125
85
98
106
115
120
113
8
112
132
108
128
121
150
115
134
3
92
101
104
148
135
133
102
141
7
147
94
121
140
139
89
107
77
3
124
129
92
109
130
121
115
85
8
121
99
115
95
105
123
139
99
2
133
126
160
115
140
119
112
112
6
130
112
162
111
80
114
132
110
10
117
104
127
101
110
109
102
87
9
53
112
111
120
105
113
107
128
9
110
121
129
94
100
101
64
147
8
97
130
164
137
102
117
121
98
8
105
99
83
104
103
135
107
98
2
114
86
91
88
92
123
106
133
8
129
119
159
136
108
100
107
93
6
130
144
140
103
126
107
120
128
0
134
105
127
149
120
135
99
107
3
142
131
87
123
105
121
142
127
3
95
121
142
96
128
121
92
106
4
87
114
121
62
99
114
119
106
8
103
98
86
127
116
133
147
118
6
128
103
115
131
117
92
133
115
6
110
150
108
145
124
86
127
131
3
102
109
99
132
99
127
139
92
4
115
127
121
102
126
117
102
88
7
84
157
121
107
110
119
92
96
7
64
98
56
43
113
132
136
115
1
156
80
137
105
120
111
109
140
6
98
121
98
77
100
94
135
119
5
100
120
127
114
79
105
100
135
8
112
141
108
95
122
145
105
124
3
99
110
121
103
106
142
98
104
10
119
99
135
155
120
143
79
101
5
96
138
89
106
126
135
140
137
8
119
118
123
49
99
97
140
114
2
103
134
129
115
152
81
110
147
0
131
95
138
88
142
104
127
134
8
142
98
107
106
122
104
133
114
10
108
100
107
117
131
128
102
64
10
92
135
88
100
119
137
103
116
8
101
139
114
113
120
104
139
100
2
120
105
105
142
140
126
120
112
6
86
127
101
91
137
115
86
116
5
106
120
106
156
122
97
154
93
3
98
140
100
96
63
114
115
112
8
93
125
155
141
84
147
149
140
9
113
128
130
78
128
132
161
116
3
120
140
72
66
102
114
106
133
6
85
94
112
119
148
117
104
127
6
94
137
149
156
100
113
106
87
7
120
140
101
140
113
112
164
136
4
115
128
107
126
89
75
104
101
3
146
104
121
128
129
149
108
124
10
122
94
124
119
114
114
149
138
1
93
113
63
89
114
145
130
142
7
129
120
150
130
126
134
133
78
2
137
106
100
154
135
147
92
108
8
120
114
141
116
108
96
103
108
3
148
71
107
118
108
96
92
155
7
166
128
135
112
100
141
84
124
5
119
162
91
136
88
96
156
100
2
121
142
154
137
99
121
93
138
9
82
114
117
100
119
110
106
113
0
152
102
126
120
115
107
127
86
6
161
105
115
88
86
99
117
103
7
114
131
77
115
113
109
145
139
1
109
93
158
87
107
111
119
112
2
79
138
93
98
140
141
101
143
6
134
149
148
141
107
127
103
121
8
120
108
101
148
134
127
121
90
3
108
110
114
115
92
148
127
112
2
147
135
100
113
134
78
113
131
4
121
142
144
101
66
147
112
155
5
137
129
149
123
95
133
72
117
5
115
124
89
130
124
140
138
102
1
133
135
112
120
100
120
94
106
10
109
115
137
106
78
124
95
136
4
121
121
94
128
120
120
62
119
0
98
125
121
133
124
118
89
98
2
72
133
128
99
139
129
91
107
3
116
121
113
84
134
128
124
99
9
131
121
123
116
120
105
96
140
6
101
136
123
125
64
112
107
123
10
107
121
128
103
106
143
118
125
4
135
99
134
127
135
128
100
93
9
124
134
135
121
99
92
171
99
10
129
145
110
108
127
134
97
124
9
122
108
102
99
74
166
162
115
1
139
105
124
127
113
105
106
129
3
95
130
149
119
135
96
122
116
5
137
125
135
140
113
96
115
122
7
98
124
136
117
94
100
107
114
1
95
101
126
113
126
89
122
138
1
120
100
106
169
127
54
137
129
6
129
119
120
133
92
128
133
112
1
85
104
121
113
101
117
116
133
2
105
118
156
113
74
113
86
92
2
130
116
107
103
119
128
113
107
5
109
92
109
84
119
104
119
137
6
140
95
108
116
135
162
107
105
1
146
135
113
147
98
134
123
135
3
119
126
119
131
137
127
142
100
1
98
115
92
100
140
121
117
149
9
121
148
107
131
111
111
130
141
10
77
78
155
84
100
112
120
113
8
114
95
121
80
149
125
115
117
8
113
112
100
143
86
113
135
93
5
126
84
142
88
133
114
116
115
5
114
109
137
121
144
105
137
103
4
130
120
133
132
99
104
80
131
9
114
136
122
103
135
141
138
127
8
167
92
102
130
121
126
77
73
5
85
121
112
103
118
108
102
149
2
152
121
123
126
144
123
155
111
10
149
104
129
87
132
85
107
113
10
118
129
113
104
137
92
69
165
10
109
121
129
100
105
115
84
90
8
122
130
145
100
114
158
121
132
1
79
131
110
124
75
110
127
157
5
101
116
112
138
112
104
140
113
2
112
117
126
123
120
137
113
156
6
114
115
109
62
118
120
113
121
6
87
158
139
149
107
86
72
95
6
106
155
143
106
156
107
113
124
5
104
124
98
94
88
128
137
128
8
91
107
127
107
112
97
80
78
7
79
134
114
146
109
125
115
106
7
101
121
93
101
129
99
107
106
6
114
103
102
104
135
134
97
111
3
99
107
128
119
112
131
119
92
8
135
115
113
97
113
112
128
121
7
127
133
116
134
138
109
143
114
6
102
114
82
107
129
130
143
76
2
134
92
128
123
111
103
134
154
2
123
136
114
114
116
112
92
119
10
126
82
108
112
92
94
117
124
2
114
121
99
95
122
112
98
121
0
119
157
117
93
119
102
106
133
7
140
139
165
149
92
123
110
115
0
115
100
112
108
127
121
93
119
3
108
107
112
69
115
114
150
114
9
129
128
131
144
111
141
97
121
10
110
127
98
133
110
82
134
78
8
93
141
135
148
80
114
121
136
5
103
143
86
128
101
108
119
99
3
115
86
111
100
100
144
140
130
3
90
119
95
102
118
122
142
134
5
144
146
120
127
122
129
96
125
6
142
142
93
121
141
128
111
93
3
89
143
100
123
109
103
96
99
6
105
136
123
113
163
105
129
114
0
113
110
108
130
132
86
96
166
7
92
92
135
114
136
117
142
107
5
123
112
121
129
117
129
117
112
6
118
120
97
99
85
113
106
119
2
79
134
103
122
133
115
113
128
8
91
132
156
136
150
64
109
138
7
129
150
116
93
143
155
116
99
5
72
123
107
150
79
118
156
98
3
115
132
140
149
134
135
105
125
4
87
140
110
84
128
94
101
97
10
128
106
126
78
86
120
98
132
5
86
156
84
92
73
110
119
92
8
131
114
78
130
148
100
93
88
8
126
119
160
127
127
142
140
99
5
88
109
147
134
102
125
156
93
6
107
94
113
133
134
110
74
142
3
81
114
105
139
129
119
122
121
6
129
107
132
88
119
102
116
113
10
105
111
90
104
119
87
135
130
0
91
142
133
126
96
129
91
141
9
92
161
109
103
119
147
134
114
1
134
84
118
128
105
133
113
119
10
122
108
161
129
131
116
121
139
0
93
107
107
108
136
127
99
107
4
141
127
121
125
113
85
107
108
4
100
130
149
124
115
137
92
101
4
127
134
135
139
149
91
99
103
6
113
119
123
84
155
77
131
101
9
121
115
100
113
100
92
120
153
6
177
156
100
138
112
143
106
82
3
132
112
142
85
94
93
112
131
4
137
106
112
118
106
106
117
133
8
104
134
95
98
113
151
107
91
2
119
139
121
125
127
114
96
106
4
111
98
97
136
114
128
112
107
4
120
100
133
96
120
133
127
114
10
127
80
126
117
109
89
92
127
7
111
150
121
126
81
65
127
98
7
129
93
119
139
137
115
121
132
7
120
103
99
69
140
127
124
87
1
92
106
151
106
137
117
134
135
4
100
91
111
89
122
105
120
119
2
102
134
100
133
99
118
162
146
7
117
98
85
97
126
108
121
128
1
113
108
128
115
134
113
151
139
6
113
115
115
117
111
118
81
120
5
129
154
123
86
78
132
97
129
2
129
113
124
127
133
121
108
110
7
99
112
100
129
98
107
86
160
6
154
113
143
129
140
139
112
93
3
113
108
121
115
102
93
134
108
5
142
120
112
125
108
111
161
105
3
125
73
141
119
109
122
94
147
5
101
128
117
116
126
144
118
121
7
121
150
133
119
148
122
113
75
0
122
98
117
113
160
142
96
128
1
106
127
130
109
104
91
89
127
9
87
123
113
127
106
130
120
86
3
90
129
91
169
119
107
93
105
3
127
118
108
141
112
70
119
116
6
114
51
105
161
99
104
81
81
7
141
91
93
103
113
122
109
135
8
62
126
106
141
100
142
114
65
2
88
110
111
113
122
91
127
99
8
121
91
113
81
122
80
86
146
2
135
91
159
108
91
155
112
82
4
112
119
127
139
121
108
104
117
1
114
121
94
79
129
99
113
114
8
85
113
113
99
146
125
99
119
8
91
72
103
108
138
140
117
105
2
141
107
115
128
93
102
114
120
2
118
87
131
85
128
88
137
100
4
142
135
100
149
149
133
176
97
2
103
117
107
81
116
102
111
113
10
115
119
119
152
108
150
103
132
4
116
101
100
77
133
85
137
99
5
120
107
155
87
112
122
117
101
0
117
128
98
131
100
106
111
114
10
92
86
120
111
140
165
122
105
2
116
98
91
133
120
105
149
96
1
114
130
140
145
129
123
83
83
9
106
125
128
110
106
81
127
134
4
126
132
99
142
120
96
136
113
4
99
105
116
113
124
107
97
114
3
98
117
148
96
99
105
107
128
7
92
161
144
168
119
132
122
140
7
114
127
145
113
91
124
113
139
8
150
140
132
112
99
150
126
118
7
125
119
66
116
122
105
120
118
5
157
131
106
104
101
139
107
125
7
143
127
94
108
101
129
112
122
3
135
126
86
135
107
86
108
105
1
118
101
120
135
136
114
99
113
7
135
134
96
98
107
130
111
122

