7
4
0
7
5
9
8
8
5
10
7
2
1
9
9
5
4
9
13
9
7
5
4
8
7
2
3
71
100
115
103
157
147
105
162
1
146
99
107
111
114
135
87
112
5
132
122
100
134
123
118
106
90
2
92
130
121
120
136
109
101
120
4
106
134
100
106
112
125
114
57
1
133
99
117
144
106
104
109
93
2
103
92
139
128
130
105
134
106
6
146
134
94
101
130
154
138
111
9
143
109
86
131
151
107
124
144
8
108
84
126
136
145
110
107
128
2
113
113
145
133
125
114
101
128
6
130
114
133
72
105
64
77
141
3
99
129
105
121
142
133
83
81
4
137
105
110
85
99
81
92
114
1
79
134
134
88
99
127
143
113
4
111
113
127
113
128
112
126
113
6
90
124
124
145
109
116
128
102
3
78
141
119
122
150
98
134
129
9
128
135
125
87
140
94
143
84
6
105
97
94
123
115
129
114
114
6
136
128
138
103
140
73
111
132
2
161
160
144
107
115
115
139
132
0
118
108
108
127
137
119
115
125
9
106
146
108
94
159
137
129
119
2
135
77
99
117
97
122
113
107
4
114
112
117
113
131
162
116
124
2
131
79
92
135
120
98
72
107
0
121
121
121
128
122
135
140
135
4
148
93
116
112
129
115
114
128
2
92
155
75
151
121
99
150
114
4
114
94
80
111
119
100
96
110
7
106
128
131
99
139
157
109
91
2
90
114
125
114
159
106
116
90
1
107
123
113
83
105
126
107
116
2
79
122
130
120
94
71
99
90
7
121
116
120
129
139
93
97
107
8
97
163
85
86
79
91
142
104
8
127
143
138
135
114
101
94
118
4
154
127
157
127
100
164
119
107
0
127
125
129
99
124
127
102
135
0
121
156
153
154
108
127
117
122
10
84
136
136
114
113
108
121
119
9
117
130
120
117
105
74
86
114
1
98
111
130
132
140
126
74
94
7
123
115
121
99
92
109
137
130
10
121
92
112
119
119
126
144
74
2
92
125
140
163
99
135
143
125
9
120
145
100
95
119
138
94
126
6
131
91
112
143
114
95
129
132
5
125
114
161
128
94
136
153
126
7
135
107
120
109
107
94
139
134
2
105
131
129
128
102
101
127
120
7
106
134
99
113
141
134
128
142
10
139
98
142
109
135
110
120
149
6
129
116
135
120
128
98
99
84
4
125
143
108
124
95
115
101
106
6
139
137
100
99
119
163
108
108
8
113
92
90
126
133
123
84
112
1
135
160
119
106
107
105
120
123
9
114
102
124
128
79
139
138
121
3
122
137
113
156
129
115
155
139
6
89
140
111
131
114
112
116
119
6
120
89
116
114
132
121
109
141
9
105
106
124
99
137
118
157
109
7
106
169
105
129
99
120
79
99
7
93
107
104
122
107
115
104
113
7
107
93
104
70
113
89
75
121
2
107
116
113
101
144
91
127
141
8
81
91
120
93
87
161
125
142
7
94
154
95
86
115
103
128
128
6
142
128
99
112
148
134
112
112
3
128
95
119
169
147
98
127
113
6
130
116
166
94
97
142
122
138
5
120
156
80
126
106
135
130
80
1
113
137
146
115
112
113
128
128
5
117
118
127
135
119
127
100
154
7
109
85
107
101
113
140
85
121
4
144
113
134
114
110
118
111
118
4
102
125
117
124
101
93
78
118
1
112
91
100
126
141
118
131
87
8
123
127
158
142
127
126
84
97
3
136
126
118
93
125
139
121
128
7
124
106
111
107
124
130
114
127
2
142
109
102
134
160
92
99
116
0
135
124
128
120
126
106
123
122
2
125
127
132
136
146
112
102
89
2
110
120
130
120
134
119
124
125
2
97
140
127
120
104
146
93
115
0
139
125
108
104
99
95
92
120
7
108
133
120
121
98
131
144
138
9
154
106
142
98
77
134
115
106
4
149
121
119
125
102
110
123
142
3
87
106
109
85
169
170
161
119
10
100
112
135
112
120
90
106
131
3
147
112
105
149
99
151
162
106
7
90
142
136
119
125
121
106
147
4
121
140
102
101
112
84
87
118
6
120
114
93
100
147
117
117
136
4
124
100
105
115
131
118
127
87
1
142
113
111
105
90
96
127
124
5
90
106
98
79
111
146
111
94
6
115
127
116
162
87
147
93
119
4
115
131
107
111
120
120
118
110
7
121
80
114
162
100
137
104
133
8
111
91
129
132
142
94
112
92
8
91
100
105
135
134
107
120
135
2
148
77
135
90
85
128
150
128
1
122
129
97
130
128
104
94
110
2
130
155
86
87
106
76
127
105
3
71
92
120
98
121
101
117
105
6
111
136
71
104
127
149
113
127
9
113
139
120
133
121
94
133
112
4
122
149
112
141
104
108
99
110
5
105
112
102
113
128
93
117
92
8
144
102
92
63
148
91
110
142
0
142
92
146
156
112
122
114
127
3
104
70
91
99
159
80
79
116
7
117
110
157
128
147
131
121
94
1
160
103
108
135
98
135
158
100
0
88
135
93
92
141
115
102
108
7
113
133
120
76
92
97
150
120
8
102
104
163
88
86
124
130
117
3
119
116
86
72
95
111
127
93
6
105
129
83
122
114
117
135
127
1
113
140
115
125
132
126
103
129
4
106
120
105
122
96
110
104
105
9
113
105
117
133
108
104
151
140
1
143
120
150
138
112
95
114
151
1
127
105
129
116
120
141
120
119
6
127
96
141
114
116
88
127
102
4
135
109
136
86
138
171
121
138
5
121
127
127
105
114
128
112
93
1
108
101
99
108
132
135
100
111
6
125
123
94
127
99
113
130
105
3
99
114
99
139
107
127
148
94
1
99
135
89
150
131
111
106
121
2
120
161
127
128
155
88
142
140
10
120
119
90
141
131
107
75
128
0
111
112
101
121
133
148
111
82
6
121
127
113
133
128
141
101
84
6
112
162
106
91
120
133
121
119
4
152
89
128
128
108
121
121
127
9
128
133
101
90
110
88
132
99
7
109
113
92
131
123
109
97
114
2
103
76
133
142
53
126
120
114
1
85
115
89
88
143
111
127
69
2
99
141
107
125
107
153
133
91
1
118
136
108
94
133
108
149
136
2
100
128
109
106
115
83
150
101
1
115
134
98
164
93
115
105
105
6
154
122
105
137
133
106
121
111
3
148
111
136
77
99
125
136
107
1
135
112
100
126
128
116
86
112
5
122
110
104
97
123
121
124
115
5
121
98
109
138
101
126
107
102
4
112
112
108
114
122
139
105
125
4
129
104
67
156
136
99
127
85
5
133
92
124
122
87
95
113
136
3
135
100
119
129
104
117
147
112
2
76
126
82
155
151
114
127
136
10
107
111
128
148
160
136
104
115
9
113
63
134
121
95
106
135
110
9
112
120
108
113
137
99
116
110
5
140
84
92
135
81
120
141
100
7
111
98
113
130
127
127
137
147
9
147
105
106
96
135
103
134
85
1
132
112
136
91
119
91
144
144
5
83
114
118
120
149
108
135
92
1
127
119
139
157
120
104
147
94
1
104
59
121
98
121
113
153
117
6
119
98
149
77
125
104
87
112
1
146
101
116
120
151
86
148
105
2
123
83
149
131
114
101
100
93
7
115
90
108
123
101
124
132
106
8
102
108
93
136
112
141
152
109
8
97
111
109
110
105
162
127
115
5
103
113
103
127
116
129
119
138
5
105
157
123
108
112
139
120
95
3
112
92
139
114
92
104
134
109
6
134
98
172
131
115
107
81
121
8
108
155
76
119
121
110
111
128
3
149
110
157
121
141
122
145
96
4
130
128
108
133
121
74
119
122
6
116
99
127
113
138
134
104
124
2
146
119
118
119
113
101
106
89
8
122
107
85
127
113
143
98
132
3
114
128
127
105
112
106
93
108
1
150
114
139
129
107
102
94
113
8
83
114
141
127
115
94
160
134
2
108
107
113
115
101
106
130
120
7
134
152
116
151
112
113
106
93
9
112
107
128
143
107
112
107
109
2
133
139
90
126
93
142
120
93
4
131
106
144
97
109
114
119
119
2
149
141
113
122
138
111
144
154
8
114
117
141
136
77
120
107
113
3
96
148
118
132
155
90
119
120
7
102
129
100
157
161
117
122
106
9
131
132
112
119
111
108
65
135
0
140
137
114
122
121
105
93
101
7
109
79
159
130
103
121
98
99
8
152
130
109
111
118
95
126
120
4
127
126
88
131
120
98
98
143
6
132
103
169
146
135
105
118
107
5
120
100
141
148
129
118
133
112
6
84
125
98
160
105
129
116
134
7
95
96
137
85
129
141
129
149
5
129
109
111
113
135
127
104
100
2
135
85
93
113
99
100
92
150
7
113
103
142
101
128
98
136
129
3
73
141
107
120
126
76
135
135
8
134
134
134
112
110
106
126
75
2
120
113
82
143
114
103
107
131
7
126
121
135
106
99
109
142
149
0
122
126
92
101
106
116
150
111
3
121
120
92
106
105
116
151
128
7
118
125
117
104
98
125
128
149
9
80
144
110
121
112
106
87
127
6
112
112
116
107
142
79
126
132
6
102
98
142
123
117
85
132
105
10
135
121
107
140
130
129
135
122
1
92
133
140
94
124
155
105
94
6
147
149
100
143
97
135
107
91
7
146
138
133
120
160
109
125
106
6
99
99
143
128
134
117
115
154
7
124
125
88
140
117
135
85
129
7
78
107
113
99
92
98
105
133
1
134
135
89
162
120
100
133
107
7
117
104
86
148
100
120
148
118
4
141
113
143
133
85
129
142
113
2
107
120
90
121
150
130
162
118
7
76
120
134
125
129
123
105
132
10
133
94
125
106
121
127
130
91
3
93
109
115
94
114
112
154
102
4
106
120
143
123
145
106
114
134
9
129
101
84
103
143
129
99
113
10
133
114
102
114
122
138
101
110
3
113
134
105
99
112
142
91
98
0
116
89
120
121
87
96
113
115
9
73
134
131
131
113
95
122
70
1
60
150
121
122
90
101
145
120
9
81
107
87
148
137
87
98
175
10
120
79
111
97
71
156
114
94
2
99
104
113
119
98
105
105
96
7
121
128
99
98
72
143
115
144
3
126
108
108
92
102
64
88
110
3
73
130
120
118
58
119
120
130
7
106
150
106
130
133
119
123
78
4
153
92
162
129
113
112
119
97
4
92
149
134
117
98
85
127
111
6
133
127
163
128
118
70
143
107
5
91
113
130
148
93
126
94
101
3
128
139
120
118
153
114
148
145
7
119
82
134
117
97
121
119
123
2
106
107
104
128
106
117
130
108
3
164
148
95
149
110
98
111
120
7
90
113
107
126
100
128
113
156
6
115
119
122
114
105
102
95
102
3
99
128
130
119
129
106
106
139
5
137
160
91
147
139
115
126
126
3
127
127
98
107
137
134
125
84
0
134
121
93
86
131
105
123
139
7
133
127
104
122
115
111
106
107
3
133
165
99
126
147
109
64
103
8
156
118
106
102
104
135
168
111
9
142
168
105
78
80
109
94
112
8
112
133
100
99
128
134
127
121
4
130
138
115
133
128
125
116
135
8
103
96
117
75
93
153
141
128
6
107
139
119
131
133
107
125
119
4
125
112
116
80
119
114
128
131
2
88
120
121
130
145
131
119
147
5
170
94
138
128
184
121
114
114
4
108
93
136
89
123
99
143
95
6
140
89
115
139
143
115
112
122
5
85
100
136
154
121
105
144
109
6
93
114
109
76
120
102
84
134
8
134
119
141
148
110
121
126
132
2
124
106
121
106
127
145
112
142
7
108
114
103
84
92
140
112
115
7
135
100
86
133
83
80
112
97
7
141
97
112
91
101
135
57
141
8
107
135
85
127
90
96
107
114
4
141
122
115
84
128
97
134
120
1
153
96
135
140
109
127
129
155
3
105
126
122
130
120
115
124
134
8
124
108
117
77
88
114
135
110
2
134
131
126
149
143
135
133
107
0
119
114
100
103
104
151
150
65
1
102
128
105
85
114
141
156
104
2
142
125
131
114
147
103
140
143
8
157
121
125
131
134
99
121
139
7
129
122
113
134
136
120
149
115
8
128
86
141
127
114
130
127
114
4
142
87
79
128
129
121
114
163
5
95
125
134
153
155
98
113
94
4
118
107
143
97
154
89
127
118
8
109
119
102
114
124
86
150
95
7
98
99
154
93
80
124
154
108
4
121
130
89
108
101
125
78
125
9
153
118
101
93
136
156
77
99
6
143
115
111
132
122
101
120
107
5
84
89
139
109
120
111
136
141
8
147
147
136
71
125
113
115
78
10
97
98
92
149
88
145
100
112
8
141
134
106
99
136
115
116
127
4
93
134
122
123
95
120
109
108
6
139
120
106
131
163
108
112
130
8
138
95
78
130
130
91
128
118
4
133
96
106
164
115
149
115
128
5
102
144
146
92
136
118
85
123
9
128
112
137
136
111
95
112
110
8
95
137
146
146
103
135
121
65
9
126
107
68
127
160
158
94
112
2
95
112
112
138
149
121
136
126
3
87
140
107
148
113
127
120
106
6
106
117
138
101
106
115
85
84
4
114
142
78
127
106
100
131
109
7
99
109
131
103
107
92
96
98
5
116
130
98
109
106
98
120
86
10
114
105
136
144
117
95
118
141
9
113
153
122
145
106
121
107
99
1
85
113
99
115
111
78
93
135
2
112
140
135
98
119
120
105
85
4
101
93
121
89
114
92
127
116
2
128
124
129
112
126
115
139
157
8
154
149
145
155
118
110
79
124
7
120
108
123
118
105
141
96
119
4
127
114
126
148
117
141
106
142
10
108
96
109
112
120
155
115
112
4
86
105
142
100
113
178
92
126
4
103
111
100
115
138
133
104
107
1
136
107
92
99
100
89
114
99
3
90
92
127
121
111
109
164
90
7
120
120
114
113
107
147
128
121
1
142
154
119
142
121
130
134
115
1
114
95
100
119
118
126
141
93
7
112
104
93
133
103
110
114
105
8
143
95
126
119
122
136
110
108
1
132
107
118
136
161
149
114
140
5
138
102
121
129
89
112
128
58
8
115
107
132
122
98
148
115
123
2
111
87
107
108
114
127
119
127
7
111
87
156
127
119
123
79
149
1
120
117
120
134
98
101
89
92
5
112
125
101
141
128
156
123
146
1
77
140
113
135
113
125
115
116
10
110
73
92
109
134
155
120
113
8
115
149
163
130
116
92
128
97
3
121
148
129
129
117
141
123
119
4
67
126
136
136
131
156
150
95
6
103
149
118
154
114
146
126
163
10
129
93
113
124
94
113
133
128
0
138
135
129
105
105
111
96
99
4
170
103
135
112
107
139
127
124
8
112
89
99
134
92
103
101
142
2
120
149
108
168
94
134
103
114
8
106
146
153
122
103
133
104
145
8
118
138
143
96
105
94
65
87
4
153
100
131
114
123
130
109
136
8
124
128
139
100
119
134
87
126
0
125
142
102
106
122
99
106
132
9
114
123
93
103
125
146
154
125
10
159
147
124
112
126
126
128
120
3
134
110
135
124
128
154
122
63
1
135
144
137
102
118
95
142
105
1
81
121
134
86
132
100
135
133
7
137
94
119
140
144
121
155
143
10
110
115
121
127
92
142
117
135
7
128
114
133
110
94
135
139
117
2
166
149
118
137
79
121
92
120
3
107
108
192
120
129
139
134
128
3
99
127
92
105
90
69
136
102
10
121
99
121
114
126
120
119
160
0
112
141
101
150
85
110
86
114
3
99
108
160
112
95
87
75
149
2
158
102
106
99
86
144
92
116
9
67
119
149
94
100
126
134
98
6
98
154
130
134
106
89
142
112
8
130
98
101
126
154
93
100
154
1
128
98
122
105
103
142
135
108
1
134
109
133
114
67
84
129
78
1
87
101
115
37
108
100
141
109
3
135
95
121
99
121
93
134
126
2
120
112
140
100
114
83
91
146
9
137
119
129
155
115
116
120
134
8
143
135
96
118
118
115
89
163
6
127
145
115
167
159
125
121
106
2
138
121
131
155
112
113
121
135
2
145
139
100
120
118
105
92
156

