13
7
7
3
8
7
1
1
1
15
1
0
4
3
7
9
3
9
17
0
1
4
3
1
5
7
7
134
119
129
118
104
118
107
159
6
100
128
78
140
115
114
120
91
9
131
124
125
102
106
141
113
112
9
135
128
127
112
105
118
134
148
9
121
121
128
141
121
87
130
139
6
160
110
127
98
107
112
90
131
8
122
121
129
149
78
149
99
147
2
127
135
105
86
93
115
117
101
4
145
139
133
113
133
99
119
177
1
72
118
87
122
100
109
99
92
9
96
149
113
116
149
118
108
85
5
113
143
128
134
127
128
77
93
9
115
127
127
140
71
115
101
134
3
142
120
128
115
99
132
103
91
2
106
111
144
107
110
133
93
105
7
105
120
105
102
107
134
135
94
0
134
148
119
131
134
132
79
100
7
95
53
86
117
116
105
128
81
7
101
121
112
148
119
128
121
106
3
95
134
138
130
109
127
119
101
3
111
111
94
92
114
100
150
121
5
120
129
101
140
85
70
135
128
6
115
138
120
146
150
114
121
136
0
92
126
140
126
128
110
107
99
7
114
134
109
106
59
107
120
87
1
118
92
78
121
111
148
112
128
6
98
148
80
84
126
109
110
142
3
132
145
98
106
150
88
120
157
2
145
131
103
141
104
143
127
148
3
108
134
105
127
137
93
106
115
7
91
113
142
132
158
91
138
112
9
124
107
106
141
123
111
113
112
7
134
109
114
153
124
98
130
106
5
128
150
92
155
148
106
104
114
0
121
114
125
86
142
123
121
92
8
120
172
120
136
115
134
170
74
8
141
85
136
93
117
133
116
127
9
124
82
104
126
112
119
85
132
7
123
135
106
113
140
126
112
105
7
78
138
94
101
78
125
120
120
1
90
84
113
122
86
130
126
116
1
132
140
144
127
90
133
97
118
3
77
120
87
138
114
98
88
103
8
102
96
120
126
87
123
138
115
6
122
108
122
129
133
140
139
135
8
79
126
95
129
126
101
119
134
5
128
105
116
129
146
116
85
133
3
82
102
108
98
115
111
114
136
9
122
138
98
113
68
122
141
113
1
133
124
115
101
143
92
100
125
7
88
118
129
103
124
140
84
101
4
107
128
101
130
113
149
143
142
8
149
115
134
156
132
108
102
115
6
113
93
118
115
128
138
98
127
9
92
111
132
121
100
134
109
108
4
100
120
118
157
104
106
99
99
0
93
100
160
102
123
122
145
134
8
134
130
63
74
99
161
113
132
5
105
103
138
133
114
96
94
141
3
134
135
155
141
143
99
113
137
2
140
126
109
99
113
135
102
124
6
117
130
120
87
140
127
122
103
9
115
49
102
58
142
131
77
103
5
102
111
108
135
107
122
99
148
8
90
120
112
78
121
107
88
120
8
147
117
139
78
103
122
107
117
2
120
137
145
109
119
139
107
143
3
106
105
120
108
132
136
71
124
10
142
131
103
127
88
143
119
123
9
114
147
155
115
131
137
91
100
4
116
123
101
88
149
109
88
149
4
119
101
125
133
122
99
99
114
5
148
114
139
124
121
78
149
126
6
123
121
83
129
110
114
93
101
9
121
139
93
120
115
106
120
142
7
98
121
127
110
111
125
105
115
0
115
101
137
120
98
123
100
123
8
143
94
73
140
95
122
125
124
3
120
108
121
110
103
143
111
101
1
142
124
149
135
152
112
104
128
2
127
128
146
97
139
121
135
105
7
158
95
105
128
106
157
99
146
2
130
101
86
111
110
92
120
116
8
123
163
152
108
120
138
79
111
1
115
92
101
136
119
149
121
91
8
45
95
136
136
135
153
132
127
3
118
78
122
113
140
133
156
126
7
130
149
113
113
101
130
85
123
4
116
135
120
148
77
104
142
143
4
123
163
115
110
102
124
121
136
3
119
90
142
110
87
142
95
111
6
102
120
122
102
144
123
138
128
1
114
106
126
114
76
99
133
125
7
130
133
109
94
106
127
122
145
8
112
131
128
150
138
109
115
113
8
121
126
157
78
103
108
129
120
1
140
142
112
99
120
108
101
69
9
120
99
107
83
93
129
98
142
6
128
124
128
154
140
101
100
117
0
86
106
100
112
104
128
106
72
4
125
121
122
116
119
125
99
121
8
142
119
132
104
116
91
102
117
3
119
135
115
135
127
117
140
115
1
85
105
116
115
149
93
96
125
6
105
127
92
99
128
127
120
115
9
140
106
92
86
133
98
91
148
2
122
125
121
126
113
122
107
97
9
135
105
99
113
111
92
99
94
8
122
131
133
140
100
107
101
117
10
117
117
117
120
156
104
132
133
1
89
162
125
122
114
136
90
138
5
122
106
121
100
120
106
119
125
3
119
155
98
91
101
84
124
118
7
77
150
108
99
59
120
119
109
0
140
101
97
115
134
157
131
96
0
87
93
99
132
105
89
64
135
4
102
127
123
88
126
99
161
93
5
95
119
121
93
93
125
93
140
1
141
127
108
136
127
119
142
128
4
122
107
74
105
128
74
115
134
10
152
92
124
113
126
136
102
94
5
133
111
142
118
113
85
114
119
4
123
99
129
138
129
106
107
130
8
98
114
116
95
147
126
109
127
5
113
90
105
117
122
134
143
106
0
105
79
129
134
142
120
94
143
8
140
104
136
115
135
127
93
148
2
125
78
125
107
113
134
164
112
8
77
126
100
124
105
129
121
128
5
111
109
98
136
148
149
128
116
2
114
150
118
94
107
110
107
131
3
112
99
132
85
100
126
136
105
4
95
134
103
87
122
121
129
107
4
111
106
137
89
141
113
136
108
5
133
93
105
124
119
141
150
109
5
124
143
166
107
118
114
107
99
2
96
120
116
135
71
101
132
119
4
134
125
108
100
102
106
124
142
9
149
121
142
115
105
125
110
142
4
119
137
107
77
101
121
92
86
0
148
112
113
124
170
120
135
168
10
99
82
105
89
119
141
108
120
8
102
94
121
161
107
87
130
106
2
119
110
107
128
141
111
102
158
1
148
98
115
127
170
107
128
96
8
85
77
122
129
120
125
110
99
9
146
117
122
96
121
123
107
120
9
111
115
128
107
120
61
112
86
8
113
168
140
129
122
134
98
120
1
143
86
158
107
90
143
141
104
7
141
126
92
87
99
86
143
101
2
104
126
166
92
141
125
113
94
3
126
132
94
103
120
107
93
113
10
114
116
93
136
146
100
115
143
1
85
146
134
136
113
121
147
95
5
105
128
96
94
135
87
111
107
0
115
112
140
119
160
128
104
148
9
114
112
128
99
110
107
85
135
10
135
107
100
171
122
107
115
101
3
89
116
152
154
95
110
104
119
6
98
148
162
81
120
113
121
128
9
120
142
122
93
95
111
124
159
10
100
127
122
123
128
124
94
94
1
85
131
100
120
135
132
138
128
9
99
133
62
102
115
126
161
137
3
97
106
121
112
114
127
85
104
0
132
142
128
146
102
143
86
118
9
132
121
131
114
114
118
121
144
3
138
133
97
139
115
91
129
126
0
78
131
91
120
111
97
128
128
0
109
101
108
141
106
111
120
144
5
133
78
126
138
129
162
118
126
6
122
126
102
95
92
119
93
103
7
72
128
170
107
110
116
134
92
8
163
138
87
107
128
135
108
156
5
152
121
93
152
112
124
87
126
2
104
98
87
116
82
135
116
120
2
111
83
121
129
116
120
88
147
2
90
94
93
94
107
100
112
108
6
120
128
88
106
115
121
127
132
1
121
122
103
105
163
99
100
143
10
148
112
114
122
92
110
81
142
4
136
81
100
104
147
108
129
108
3
140
106
128
102
81
106
141
109
2
106
115
100
120
91
121
104
130
4
150
100
120
127
115
125
130
105
7
100
106
121
97
127
156
92
101
9
113
67
95
108
90
98
113
124
5
135
120
100
127
100
123
133
136
0
106
149
78
142
103
122
143
96
1
105
116
103
122
100
142
139
135
3
141
119
89
132
121
105
127
133
8
126
115
126
141
93
100
112
103
7
128
127
132
114
136
110
141
103
8
128
93
128
106
114
99
121
120
5
136
114
89
152
155
128
122
112
2
143
122
121
110
145
99
114
125
6
120
133
110
95
129
89
107
124
8
122
123
101
67
157
79
122
124
1
119
93
150
79
127
108
107
114
6
100
114
151
151
130
107
116
133
1
133
100
135
105
108
98
142
121
9
107
120
76
119
129
138
112
106
9
84
88
104
95
119
129
114
143
2
132
91
93
150
98
126
120
128
1
133
106
117
109
128
135
81
115
6
96
130
104
133
142
135
141
119
10
121
102
108
142
94
143
143
113
8
100
85
58
102
128
117
84
98
3
127
138
134
107
106
145
111
93
5
104
115
104
100
103
103
147
106
3
134
127
132
174
92
124
176
93
3
115
119
126
105
116
90
92
102
8
123
125
129
112
129
129
100
115
7
112
114
99
142
110
146
110
176
8
107
99
94
112
74
150
121
105
4
101
110
127
124
98
148
106
126
3
100
97
113
106
127
114
100
105
8
114
106
136
136
120
67
127
88
4
134
126
111
80
86
106
119
147
0
112
104
113
120
101
126
174
122
10
77
117
111
135
150
141
127
107
7
92
111
113
140
106
111
99
95
3
120
134
126
175
113
99
143
121
2
99
161
107
123
107
115
88
148
8
108
135
121
119
124
121
124
150
8
135
111
93
149
128
116
123
135
8
91
131
135
123
135
126
136
142
9
128
119
66
110
129
170
107
85
7
112
135
144
94
106
137
137
107
6
129
79
107
102
141
136
122
104
4
99
101
140
129
128
69
84
113
5
93
135
118
86
116
114
139
108
2
107
135
98
100
93
130
114
131
5
134
105
150
106
92
124
112
135
4
143
122
112
134
102
142
127
135
7
101
97
82
154
98
155
123
133
8
107
94
143
113
59
114
100
119
6
99
125
146
99
121
128
122
114
7
121
167
177
102
103
120
93
113
2
77
111
121
136
129
91
106
119
4
156
156
105
127
77
134
104
139
8
140
134
99
135
119
114
113
94
5
139
127
135
123
129
126
122
103
2
118
115
137
98
147
113
105
111
3
100
119
98
121
86
110
127
99
7
170
99
144
105
104
135
127
91
2
100
141
160
118
118
103
130
104
9
129
96
119
135
86
134
148
113
8
141
121
135
143
129
108
105
100
7
102
127
91
136
121
128
109
106
9
108
107
113
119
96
151
119
99
6
130
154
169
114
79
164
123
120
5
126
110
62
99
127
91
150
129
8
133
120
97
133
107
149
100
133
1
95
126
112
98
139
96
129
120
9
109
124
102
132
116
119
127
127
8
112
107
117
126
129
113
106
125
9
149
118
106
139
127
90
154
106
6
105
122
122
142
94
123
94
101
8
134
95
99
118
114
116
101
134
0
127
107
158
115
98
136
102
105
4
102
127
118
98
75
73
141
168
3
147
83
115
123
125
132
117
116
2
94
91
134
113
129
123
119
140
7
115
122
116
135
132
114
119
87
3
146
134
119
121
99
114
109
148
10
128
106
120
115
110
116
75
126
1
89
134
71
117
100
152
103
130
5
125
95
109
120
96
158
87
149
7
92
120
145
79
113
97
122
74
10
142
99
128
110
113
94
101
113
4
128
113
126
134
122
127
153
88
8
142
104
134
120
159
118
104
91
6
106
99
134
137
128
88
125
111
2
150
136
110
167
107
139
139
143
2
99
99
116
117
120
89
116
98
0
127
123
94
95
110
114
133
120
0
112
113
97
116
119
136
127
108
3
137
77
114
100
119
115
169
130
4
104
101
107
115
102
101
138
93
9
114
85
142
106
96
124
78
113
7
105
85
106
93
121
126
118
132
1
130
127
136
104
136
114
103
148
1
120
121
121
115
129
115
118
100
8
95
80
117
87
127
115
133
86
4
133
113
93
129
108
91
135
120
7
123
107
127
134
93
77
109
120
8
141
133
103
105
153
107
134
107
6
128
134
128
120
135
92
148
114
4
73
103
65
79
121
161
92
135
7
98
103
77
156
113
135
120
99
9
134
76
112
127
114
100
85
125
4
122
114
121
59
113
86
142
126
1
129
127
127
108
134
93
119
126
1
127
145
116
120
115
141
127
128
4
142
91
150
110
127
101
119
134
3
126
132
113
125
122
131
129
106
6
144
98
121
137
122
129
112
102
3
141
79
103
145
112
153
85
114
2
112
106
165
114
150
129
122
117
1
148
112
100
133
123
130
88
100
9
114
123
76
106
129
100
132
115
5
133
139
98
117
138
152
121
113
3
138
134
94
106
87
100
137
88
7
134
75
121
107
138
101
128
132
4
103
126
105
114
112
116
131
102
4
96
135
131
114
106
103
140
116
10
115
101
116
99
126
99
122
86
7
97
115
106
85
121
149
121
135
7
147
99
89
133
118
141
65
126
1
115
102
107
100
78
113
129
100
4
111
105
150
134
98
115
80
140
2
129
123
93
120
83
87
119
133
7
92
124
149
123
100
114
108
109
2
148
125
120
121
112
102
134
113
1
108
108
110
144
139
83
109
114
7
100
142
154
109
127
127
111
148
7
93
132
103
107
127
111
121
119
6
135
111
92
127
136
135
114
149
6
96
91
114
150
132
122
84
109
2
130
135
106
115
140
123
118
130
7
107
108
82
134
122
154
119
78
4
112
151
131
95
108
93
99
124
5
142
109
121
100
106
140
150
139
3
107
83
114
115
113
128
114
142
6
134
100
168
110
114
143
96
64
1
102
111
123
113
141
94
82
96
9
136
138
122
126
99
100
110
107
4
116
101
90
149
108
121
149
143
9
127
137
143
102
118
123
112
150
3
140
115
120
99
128
90
125
104
3
112
101
123
64
116
129
108
162
4
114
112
143
123
129
87
104
89
9
131
140
100
115
107
102
114
115
6
108
112
140
129
104
122
148
97
2
163
127
108
90
95
114
141
142
5
139
128
103
115
132
101
155
153
10
98
111
94
114
130
108
138
109
1
147
162
103
87
113
111
72
102
3
114
94
78
135
104
143
147
76
3
92
104
115
162
105
117
111
155
2
107
113
93
122
99
117
121
120
7
87
101
134
139
132
80
133
91
3
85
129
153
119
116
120
123
128
2
117
139
110
129
151
129
107
84
6
136
118
133
94
94
114
170
70
7
124
125
115
122
124
116
127
98
1
106
123
126
135
120
127
123
108
0
106
99
98
113
113
144
104
131
5
85
105
121
119
130
129
113
87
6
85
98
110
128
134
150
98
148
8
93
164
126
107
116
103
98
121
2
113
115
93
92
117
133
141
85
9
124
87
71
128
129
75
114
100
6
87
149
148
107
120
112
105
152
8
110
152
106
140
123
97
144
109
3
102
71
107
105
99
103
139
135
4
153
104
152
109
92
113
121
85
2
120
96
86
100
140
107
92
120
8
86
105
108
85
133
73
111
117
5
108
131
127
118
93
122
98
113
9
109
129
148
106
126
121
105
116
4
140
111
127
148
89
92
113
121
7
111
101
150
99
131
133
131
134
7
156
135
121
105
138
124
148
102
4
140
150
121
79
117
146
98
108
5
96
107
149
143
103
124
136
127
6
116
113
90
119
113
103
128
95
8
100
117
99
85
87
93
136
136
8
122
134
75
95
121
86
71
97
2
110
84
72
108
92
114
142
120
2
106
115
93
108
148
86
114
107
6
141
92
143
82
113
142
124
117
10
111
110
101
126
126
128
73
78
9
107
128
92
100
105
118
99
100
0
106
128
133
145
117
114
124
140
2
135
119
155
93
99
128
153
126
0
107
96
113
100
99
131
106
91
1
129
146
113
125
128
123
121
114
1
103
129
112
111
113
136
134
112
6
123
154
103
110
137
150
118
129
3
130
76
104
113
152
124
127
148
5
122
129
138
130
93
112
114
95
4
93
113
123
120
128
159
92
120
7
74
90
104
83
125
99
126
121
0
113
120
159
135
109
158
101
113
10
132
120
118
128
151
89
156
108
8
128
132
142
64
133
111
88
116
1
112
112
164
134
111
155
102
119

