10
10
5
7
3
8
3
2
2
14
1
7
1
2
9
4
2
4
15
0
3
6
10
4
0
7
5
119
119
114
114
124
110
128
120
8
137
122
100
144
128
160
115
95
9
135
116
127
107
122
142
116
106
3
105
128
111
120
139
127
136
127
5
147
120
103
85
136
107
111
99
2
136
95
128
135
120
91
106
128
5
100
110
106
86
134
126
120
72
3
142
99
126
153
106
125
63
122
3
141
118
136
99
92
106
73
105
10
128
96
118
100
154
115
98
112
7
132
104
116
143
74
129
97
109
1
142
127
108
126
110
120
123
128
9
136
119
128
135
122
115
129
117
6
122
100
135
156
153
121
122
92
3
99
123
107
93
142
124
100
107
10
116
122
73
133
113
126
101
155
6
127
182
163
140
140
102
141
121
5
89
121
119
143
86
149
164
136
9
135
103
115
125
151
120
144
121
5
107
119
152
91
100
100
71
120
3
100
128
114
86
149
107
133
96
7
143
115
112
93
137
99
138
96
9
134
160
123
141
123
129
117
100
5
137
111
115
106
135
135
126
117
2
154
108
97
112
142
109
117
106
8
139
113
127
115
126
161
102
91
7
121
117
127
127
81
65
105
169
8
110
127
151
143
102
113
127
121
7
127
147
103
87
120
94
139
113
3
156
149
125
136
123
123
106
130
0
120
111
116
150
142
150
125
107
4
84
132
93
162
107
115
105
104
3
129
115
129
114
125
128
100
125
2
93
101
118
97
133
107
128
126
8
120
113
105
120
89
148
98
127
2
132
114
132
122
112
143
111
140
4
109
93
119
166
81
149
83
96
6
99
107
139
121
143
150
98
140
8
108
119
119
127
108
111
102
135
6
105
164
112
121
111
109
114
85
9
124
104
78
149
127
141
141
107
1
112
138
115
147
131
101
150
98
5
133
147
129
124
72
92
120
157
4
156
77
99
153
122
136
88
112
6
143
94
78
108
139
103
120
104
2
128
135
121
137
129
131
157
123
8
100
154
88
116
85
95
134
159
7
147
132
115
112
88
122
105
134
5
93
119
130
132
117
100
110
139
1
155
125
128
143
136
114
93
158
4
86
106
113
101
88
149
128
115
1
168
133
99
104
183
132
80
143
9
111
136
57
133
114
132
156
136
1
115
144
126
135
115
158
106
122
9
134
129
119
104
113
127
99
132
7
123
114
115
99
81
127
91
109
7
114
119
126
125
139
162
121
104
9
129
130
124
112
112
112
121
148
7
121
141
101
140
138
113
106
94
5
131
145
96
122
135
168
108
85
3
86
111
106
127
121
121
100
88
2
120
126
143
106
89
114
169
90
9
128
121
149
133
71
125
115
99
0
96
113
114
120
113
111
116
100
8
103
115
119
120
156
112
92
114
0
94
112
118
112
150
140
134
93
0
100
91
118
146
119
121
78
133
10
99
134
98
135
156
120
101
106
4
120
84
127
86
121
112
118
100
3
144
110
91
101
112
124
135
127
0
161
136
112
105
107
118
114
119
1
102
126
140
117
114
133
129
129
1
89
97
116
135
143
76
147
107
3
99
93
124
130
120
120
86
137
4
101
108
119
99
129
135
107
117
9
119
120
129
106
138
103
128
135
10
113
98
158
92
126
125
149
120
1
96
107
178
121
122
126
114
98
10
121
119
131
120
119
77
102
99
2
93
133
86
126
133
139
147
99
1
105
98
120
106
112
120
121
113
2
135
96
95
91
121
122
138
98
10
129
131
158
115
120
95
119
111
0
111
122
113
141
117
106
127
94
1
120
126
129
111
92
161
84
141
6
116
118
112
163
141
125
141
107
0
106
97
120
86
110
124
105
103
6
135
136
113
121
120
101
109
122
1
74
132
133
105
137
111
122
96
3
144
124
105
115
100
121
163
109
1
126
88
140
104
147
136
105
91
0
177
142
137
84
112
149
85
139
7
97
93
140
90
93
120
118
121
2
117
86
121
96
138
121
168
115
0
85
128
150
129
164
93
126
120
6
118
110
112
129
89
136
93
78
6
113
126
128
100
124
140
94
164
2
119
92
134
144
135
103
113
142
3
124
119
153
99
96
113
113
109
3
121
108
119
129
121
93
98
149
4
148
99
144
129
134
107
100
153
2
134
116
103
67
123
127
87
98
7
128
162
121
118
108
105
120
152
9
123
122
105
140
93
78
142
118
4
119
96
103
106
118
114
143
164
8
128
157
129
133
140
127
120
81
0
134
129
101
141
145
118
132
111
0
145
115
134
112
131
114
138
133
2
103
114
83
158
142
141
124
89
8
119
113
93
107
99
127
95
135
4
87
149
136
120
90
111
144
129
10
156
87
106
116
98
116
123
123
8
121
129
115
116
112
156
115
117
1
120
88
142
104
141
95
98
108
10
128
115
114
111
118
113
83
122
2
140
97
109
100
114
96
108
100
3
107
142
117
76
111
72
89
97
7
132
87
124
99
171
140
141
103
9
103
118
115
104
90
101
98
88
1
113
137
107
104
149
133
97
147
7
111
116
121
150
113
124
89
123
1
100
100
105
113
152
119
114
112
3
120
119
164
139
82
101
130
129
5
94
94
148
85
115
99
128
121
9
147
109
124
112
150
135
102
154
3
132
100
123
143
80
116
126
105
5
122
127
82
138
99
127
152
106
6
88
93
156
121
120
148
123
94
4
121
99
121
80
121
83
153
115
7
120
110
99
79
108
93
112
147
1
105
107
135
119
101
145
94
132
4
121
99
108
113
121
75
100
115
8
136
122
109
135
108
135
154
115
0
100
116
133
126
118
178
146
125
6
100
105
120
84
108
134
121
112
6
105
132
99
107
116
97
111
82
7
106
115
138
141
122
123
136
109
1
119
87
125
129
143
127
135
119
1
121
145
99
82
123
134
129
117
9
98
112
78
118
100
135
137
135
6
132
103
103
105
150
137
132
100
8
127
170
151
118
122
80
119
118
2
112
117
119
147
103
114
120
86
0
99
106
149
81
114
136
126
86
5
126
91
100
119
78
118
121
142
5
135
126
137
130
119
147
107
87
8
114
102
119
127
136
114
129
105
1
114
79
130
121
101
141
110
121
6
137
121
132
144
113
127
122
119
0
136
137
113
119
143
94
149
110
9
116
142
119
109
107
129
136
138
6
157
114
123
66
156
114
148
107
8
103
98
111
121
126
120
121
115
3
67
133
132
91
108
116
133
99
6
106
119
104
117
121
114
134
141
5
150
91
122
108
98
126
152
80
4
132
125
100
105
135
112
113
87
3
103
118
92
115
91
127
141
79
8
120
106
90
107
96
119
101
126
6
94
120
133
134
136
113
135
114
9
103
103
121
120
115
119
116
120
7
131
142
99
98
120
87
113
112
1
88
114
79
114
135
101
143
116
0
138
119
133
83
133
115
136
112
6
125
152
117
103
114
130
113
115
1
124
128
126
112
85
156
104
119
3
135
135
115
119
89
143
105
110
0
127
148
106
136
89
133
111
113
5
133
124
107
135
101
107
143
77
0
121
131
85
115
126
110
115
103
6
110
117
134
94
103
133
127
96
2
134
109
101
156
106
123
134
77
3
106
95
149
122
118
113
126
148
8
113
107
120
134
123
126
126
140
1
113
90
122
119
106
115
114
90
8
122
125
127
99
120
148
101
142
3
154
125
114
125
91
117
120
87
8
117
91
133
139
114
93
126
115
0
99
69
114
85
93
150
131
109
3
140
117
121
114
133
147
95
142
1
99
97
149
123
100
152
128
127
9
124
126
61
81
119
130
120
93
1
114
98
93
119
168
142
126
120
1
139
128
132
128
127
80
113
111
3
97
126
128
110
132
177
115
131
5
115
150
97
158
86
135
126
159
6
97
121
111
124
127
128
84
110
9
116
81
97
107
128
114
108
122
3
96
134
120
101
93
110
102
92
4
121
137
127
143
159
116
119
121
9
117
134
147
111
153
82
82
110
5
128
125
98
98
141
114
99
140
0
135
132
121
108
135
140
112
96
9
78
128
120
81
118
112
100
113
5
112
120
83
103
136
106
126
99
8
117
140
99
98
142
141
84
135
9
109
96
121
112
111
142
117
79
1
109
96
102
116
132
98
115
139
5
105
84
99
88
113
99
102
129
7
92
140
106
114
142
118
167
140
5
108
84
149
117
146
146
128
110
8
120
116
101
116
107
126
100
133
1
117
136
99
124
134
113
92
130
9
73
121
121
97
121
123
147
128
5
107
153
138
115
93
117
147
119
1
112
128
93
80
139
122
135
106
7
126
91
140
122
123
124
127
81
9
135
132
107
156
93
117
121
140
10
121
136
165
120
134
146
91
134
4
181
101
104
132
128
109
116
101
3
103
108
145
131
155
94
115
86
5
85
128
62
120
98
127
122
131
4
115
112
106
107
101
102
90
105
8
121
141
130
97
134
122
108
116
2
131
142
111
128
105
176
101
117
9
93
105
148
128
121
135
128
137
8
125
102
99
104
100
79
125
101
6
128
118
138
101
130
77
97
101
3
124
60
113
114
112
160
117
134
9
84
129
132
109
112
91
112
127
2
109
93
106
111
106
86
90
115
9
133
90
105
123
107
105
133
92
3
122
126
102
97
117
120
148
95
4
114
140
131
127
121
127
92
128
2
97
100
125
145
117
76
128
103
1
133
112
126
56
133
122
124
112
2
82
83
122
109
129
129
115
110
7
113
127
93
117
102
91
128
127
7
111
149
68
142
118
122
94
112
6
118
133
129
108
112
80
117
145
1
117
113
156
129
112
137
114
64
2
100
140
141
143
97
105
117
83
3
147
102
132
134
114
101
92
119
3
120
144
100
92
133
135
91
144
9
100
137
123
103
137
93
140
140
8
151
96
147
111
98
107
112
107
5
85
98
106
109
91
133
155
119
3
150
127
127
104
79
133
103
121
5
130
113
119
99
107
129
121
99
1
135
107
81
122
128
107
113
107
0
143
86
100
146
113
109
120
99
1
104
90
110
128
110
138
83
129
1
138
141
105
143
122
105
84
127
2
85
132
125
95
150
109
119
99
8
93
117
129
128
107
109
127
116
2
116
124
140
117
144
122
97
128
7
128
121
138
126
120
109
150
93
8
135
98
113
94
134
120
95
75
1
115
176
93
103
116
122
114
136
9
118
141
107
77
186
136
112
112
5
108
100
86
127
99
99
103
78
6
122
106
119
137
128
121
92
122
0
145
119
147
101
106
100
141
102
10
105
119
132
116
80
123
123
80
3
112
137
71
114
147
137
125
117
7
106
127
94
107
112
127
73
93
0
144
122
138
105
120
129
138
149
10
113
141
106
102
143
120
98
111
1
142
92
169
85
136
119
116
89
8
87
122
160
101
85
94
112
110
3
121
123
123
153
116
101
114
103
6
131
121
117
135
108
57
113
121
4
147
105
139
119
121
133
98
80
8
86
108
73
139
119
126
109
105
2
110
130
175
133
125
122
142
136
10
94
98
101
108
101
108
85
157
0
116
102
108
83
139
107
148
135
9
128
100
93
129
121
121
143
107
9
122
122
115
121
129
121
93
110
7
87
122
100
170
141
123
78
105
9
130
114
89
107
120
101
138
114
8
92
103
101
156
105
141
147
125
4
149
118
135
87
128
133
120
145
7
120
105
103
107
141
128
158
147
8
143
98
79
121
116
101
121
118
2
143
112
128
122
124
122
113
125
0
113
101
105
132
99
95
161
142
2
114
108
118
114
118
107
140
103
8
148
100
96
112
100
149
127
116
5
103
133
136
106
90
117
127
88
9
122
120
122
115
134
136
123
106
3
126
79
135
145
129
112
102
113
3
100
128
73
103
116
121
136
130
2
105
93
141
112
76
107
95
139
6
109
99
135
121
77
134
105
94
4
101
118
109
109
135
88
140
93
8
147
107
87
80
92
104
107
93
2
123
114
123
93
106
106
148
97
7
123
135
127
105
99
82
123
99
8
134
101
122
128
135
106
156
119
6
107
155
135
131
123
85
132
108
3
113
130
134
120
107
111
83
124
9
154
133
109
126
114
114
137
128
0
98
106
156
131
74
134
106
119
6
129
114
109
122
96
101
134
94
1
100
99
85
133
161
113
144
153
5
102
98
176
144
108
81
127
117
9
102
87
90
100
99
107
125
108
10
146
135
138
97
128
144
107
104
1
105
142
86
136
117
135
141
171
9
113
126
126
122
88
112
135
109
9
141
93
142
119
118
113
100
135
4
106
103
128
104
148
82
155
107
1
128
133
128
129
114
113
113
112
9
120
152
126
101
115
134
135
117
4
145
112
122
114
132
149
106
124
5
101
100
140
137
72
136
152
86
6
126
94
120
133
138
107
101
105
5
112
97
105
119
128
142
134
113
5
134
138
155
91
114
129
113
162
1
143
150
128
141
83
141
107
100
9
120
157
171
106
142
95
93
118
4
151
143
90
111
125
87
102
107
8
131
120
95
153
122
135
123
111
3
127
135
100
99
121
106
120
127
5
121
135
96
141
98
130
98
123
6
113
84
89
79
121
109
78
126
9
108
139
121
120
138
155
150
149
0
163
150
124
119
145
95
98
136
0
121
111
122
115
72
132
98
98
10
89
114
132
94
111
141
168
140
1
127
120
132
108
147
134
137
119
8
92
94
127
134
106
150
111
163
5
115
122
134
114
129
114
91
127
7
97
164
140
100
121
135
120
108
8
120
112
112
107
121
100
122
107
4
94
133
136
132
117
123
98
126
9
148
148
88
133
135
105
108
115
5
135
86
114
134
105
113
107
106
4
135
94
112
92
117
61
118
115
1
130
124
135
84
78
108
134
167
9
106
102
120
99
105
122
153
140
0
128
92
122
95
80
129
113
108
4
122
119
178
143
126
127
99
135
9
112
116
114
102
98
137
133
129
8
122
109
115
121
119
133
91
135
0
119
94
151
128
85
137
98
124
9
112
126
120
129
120
135
107
86
5
115
106
107
116
148
134
100
113
3
86
143
112
118
133
102
153
122
5
134
100
98
116
107
95
148
136
4
112
136
121
121
142
136
136
128
3
116
164
131
125
95
148
115
126
4
123
127
122
129
78
112
115
143
10
117
136
115
115
104
106
125
83
2
138
93
148
127
140
141
130
98
4
110
115
136
121
75
95
123
134
6
88
120
126
114
155
118
115
133
9
127
82
100
96
106
85
109
114
2
121
121
106
133
106
115
130
149
4
122
146
122
99
118
154
110
90
7
114
108
124
115
136
128
118
88
2
103
102
141
147
89
147
148
92
3
121
121
95
127
143
110
121
96
8
136
107
129
114
141
113
127
120
7
101
94
126
93
93
84
142
119
8
121
97
163
104
98
113
135
109
4
140
134
136
76
135
123
157
115
2
137
113
87
108
98
128
105
112
6
136
122
107
132
136
107
128
132
7
115
122
100
98
108
99
141
114
7
120
141
70
112
113
103
119
130
2
149
133
103
133
94
143
122
133
0
108
115
125
115
122
118
126
100
3
107
90
126
119
131
88
120
119
0
116
125
140
99
126
131
91
117
1
150
144
114
130
113
106
112
133
4
116
124
73
138
137
131
107
115
4
98
121
95
111
100
78
128
115
3
91
113
93
150
115
120
127
92
6
114
116
88
147
122
147
133
117
8
116
116
131
118
113
155
113
103
10
134
148
161
134
115
142
124
112
6
95
114
105
121
128
102
122
138
4
112
113
123
147
93
121
118
106
5
84
139
126
136
115
66
73
127
6
119
123
144
94
145
86
133
128
2
94
123
119
104
109
142
98
119
8
170
119
71
110
93
134
119
106
8
120
89
93
141
75
143
121
77
5
147
131
112
173
133
140
71
134
6
135
146
111
132
120
121
121
99
9
99
80
113
115
127
120
98
68
4
122
101
126
97
104
126
96
84
10
106
81
128
99
136
103
137
99
2
131
101
128
121
120
99
118
142
4
100
77
93
100
149
134
106
75
0
136
106
106
126
93
142
103
144
3
119
117
111
112
86
99
95
147
7
100
79
97
97
154
134
112
74

