9
6
8
8
9
6
5
8
4
11
8
3
3
9
3
8
5
7
9
5
2
7
8
2
10
1
0
109
99
117
104
97
112
121
112
2
151
129
109
116
113
132
94
128
6
128
74
140
112
119
123
101
125
2
113
112
163
134
113
110
118
126
7
106
112
107
88
121
113
101
115
5
81
131
97
114
134
122
106
96
9
115
105
133
87
124
122
108
132
4
125
134
152
99
125
115
141
61
0
106
73
121
108
174
151
136
153
6
92
109
104
118
89
85
70
134
10
112
109
152
114
96
116
110
132
2
113
149
86
73
117
101
127
134
9
154
112
155
134
114
119
120
144
3
120
108
126
120
114
133
72
129
10
99
102
161
99
107
125
101
100
2
119
85
110
102
87
106
126
106
3
122
118
127
108
126
97
129
79
3
120
151
95
123
125
128
139
114
1
120
87
130
137
84
155
116
113
6
126
123
86
66
106
134
138
135
5
119
149
133
106
131
134
113
96
1
130
92
109
105
117
145
147
121
3
135
128
99
92
122
123
88
129
6
110
121
121
113
119
113
107
70
6
127
87
120
107
114
133
107
99
7
93
97
105
129
86
105
106
138
10
114
113
98
99
104
89
132
113
4
118
119
127
103
180
121
118
106
8
139
137
141
91
93
96
132
152
5
122
92
92
100
132
111
159
86
8
114
150
108
107
130
86
105
134
6
103
117
115
143
129
99
143
128
9
127
137
94
95
121
90
99
131
6
95
140
87
107
119
92
91
74
4
100
120
109
123
115
120
121
98
0
130
108
144
107
107
112
108
114
6
120
101
106
121
116
107
114
85
0
117
132
129
120
130
132
136
96
0
126
91
127
134
96
130
161
120
4
89
98
149
138
81
77
137
120
0
107
108
142
127
144
121
131
119
6
142
164
125
69
120
132
113
107
3
128
120
122
149
95
113
137
121
2
140
66
101
112
90
116
85
140
0
134
143
127
135
148
119
143
99
5
142
111
101
113
129
137
112
134
10
91
133
120
107
129
115
91
107
8
106
114
128
127
91
112
109
135
7
145
102
176
140
109
74
99
101
6
117
120
136
125
90
122
128
123
4
152
128
98
126
149
100
100
125
5
107
141
106
88
121
100
125
107
2
119
105
100
94
122
132
96
89
6
132
107
136
123
98
120
99
104
9
102
100
80
122
114
84
105
94
2
144
102
111
134
142
141
119
132
6
82
129
120
145
170
99
88
117
5
148
100
141
120
96
94
152
88
9
121
97
146
128
97
98
106
128
8
132
135
162
151
133
112
178
142
2
93
117
93
119
102
97
85
134
9
154
123
84
168
127
111
74
68
0
135
116
106
126
133
128
121
111
8
138
89
136
112
110
97
108
101
4
107
89
118
129
95
117
102
132
6
103
144
150
112
114
126
148
94
9
122
95
133
104
126
100
113
106
0
93
116
98
104
137
98
135
128
0
129
129
131
100
105
123
97
114
1
106
163
128
108
118
148
129
107
10
93
160
100
99
119
104
114
144
5
130
103
91
149
111
123
101
134
6
134
153
107
139
86
139
84
105
1
128
143
123
100
123
124
136
123
4
118
109
122
92
96
127
114
96
3
93
97
121
66
156
111
115
150
8
133
97
99
127
129
121
128
143
3
120
119
96
165
125
124
129
120
7
107
135
114
133
93
123
111
92
2
139
143
129
129
136
98
135
100
8
104
129
106
124
113
132
132
87
6
114
132
142
122
99
102
122
126
8
131
178
147
121
94
107
78
118
5
126
122
115
128
130
148
113
87
5
127
115
114
100
127
89
137
100
4
97
85
91
107
115
118
129
114
10
126
142
107
142
95
152
144
139
5
101
164
92
99
85
150
131
157
1
147
117
123
120
106
145
126
106
6
111
109
123
135
98
114
99
149
10
113
105
107
173
120
107
128
135
4
121
88
123
112
122
127
99
123
9
131
98
138
120
118
113
126
106
7
122
149
128
124
116
117
147
113
10
120
116
108
142
109
102
134
124
9
153
170
126
121
113
152
116
115
9
98
112
155
93
135
120
105
92
5
128
118
123
133
116
126
127
124
7
82
112
98
129
107
85
122
129
3
122
85
156
101
114
97
109
111
8
141
150
128
112
122
143
110
115
3
136
115
121
129
126
112
135
142
5
126
119
105
113
141
107
134
107
1
149
96
128
111
163
100
93
115
1
100
156
136
149
118
98
111
137
10
111
131
89
85
96
130
76
111
6
140
98
124
140
116
83
97
82
1
137
157
119
117
115
112
134
80
5
142
132
139
128
93
112
106
114
8
109
137
139
121
107
136
114
100
2
99
93
156
99
127
140
129
103
2
148
113
109
109
90
143
127
94
0
113
142
140
135
93
143
107
119
7
128
99
129
102
109
106
128
129
0
151
103
101
94
130
96
120
127
7
126
128
113
99
122
128
114
106
0
127
124
121
79
166
103
117
101
5
124
106
127
126
112
129
121
148
9
117
107
104
115
140
79
134
117
8
108
115
133
115
115
127
103
121
2
106
77
135
119
115
190
123
100
7
127
98
154
106
94
100
137
145
3
119
137
126
141
117
107
153
106
6
107
123
121
121
136
77
109
82
7
86
64
103
101
123
113
142
114
7
107
102
111
91
100
113
123
147
6
132
113
122
107
85
116
64
148
6
93
112
94
119
115
92
130
115
7
113
103
96
135
130
100
136
99
4
119
128
147
109
111
108
131
104
2
118
142
132
120
129
103
110
115
8
136
85
109
85
93
112
105
101
5
122
106
132
112
105
114
105
148
1
127
112
101
90
106
115
94
152
4
99
147
141
161
128
107
116
104
5
128
126
140
131
136
125
125
99
1
119
155
155
127
111
88
133
137
8
120
103
107
123
107
122
154
132
6
109
91
105
129
118
104
119
93
8
131
110
84
85
128
91
121
118
10
129
105
140
122
139
99
177
101
6
100
153
112
104
147
78
142
134
3
70
147
68
144
162
112
86
98
4
113
167
124
107
162
115
130
118
1
88
116
92
86
93
112
113
128
7
91
134
134
131
150
125
92
136
4
144
115
129
85
113
86
132
119
0
126
123
140
163
107
91
105
120
4
128
120
114
118
128
104
113
76
2
117
142
126
90
148
114
118
65
1
120
130
131
120
86
106
115
133
0
82
127
116
115
107
128
121
108
2
129
99
144
125
92
101
94
79
7
156
134
106
101
149
92
118
128
5
141
98
116
104
103
138
105
103
1
128
121
145
148
105
114
139
133
6
107
133
132
112
104
122
134
136
3
140
122
128
93
128
72
91
115
7
123
122
99
106
119
105
93
116
1
119
104
85
122
129
122
88
80
5
148
93
105
109
119
131
94
141
6
130
125
109
144
162
131
126
92
10
121
130
166
90
93
142
116
102
5
117
119
142
65
115
92
103
125
9
126
95
113
121
121
102
136
156
5
120
134
101
127
123
129
152
130
5
99
135
115
141
131
107
83
98
4
143
118
128
130
134
135
144
119
2
78
129
116
126
98
130
86
145
4
130
98
101
92
126
87
108
99
5
100
149
164
141
100
106
128
78
8
95
156
147
83
135
72
94
142
5
106
174
125
107
115
155
154
150
10
113
117
135
99
122
111
118
100
3
105
119
119
170
128
135
93
115
6
136
115
100
149
101
122
106
109
0
86
113
92
103
129
100
99
106
10
149
111
97
99
118
140
154
120
5
113
112
135
102
168
119
129
128
9
135
150
52
85
123
94
130
116
7
107
92
123
98
92
115
164
136
10
121
132
126
98
140
113
110
95
4
91
135
127
161
93
109
121
101
8
130
112
115
110
106
106
140
121
4
106
101
134
121
119
114
130
147
6
128
149
108
112
119
109
114
136
7
92
113
128
98
128
151
92
115
8
138
117
116
122
134
149
145
113
4
121
120
71
82
128
113
86
147
9
138
91
87
120
92
108
113
87
7
114
113
116
157
92
111
129
102
0
106
99
157
127
130
121
127
113
0
95
133
113
135
120
149
142
134
6
119
106
110
123
87
78
109
114
10
143
113
134
85
149
119
140
123
1
113
132
124
107
133
150
99
121
2
104
132
106
77
130
83
113
133
3
110
128
91
139
119
99
71
106
5
92
86
148
147
154
133
145
141
6
129
106
82
117
118
92
92
108
10
121
134
156
127
134
111
123
142
0
142
105
107
89
105
99
118
116
2
133
63
111
113
151
120
144
91
2
114
108
117
92
119
121
90
113
1
98
128
122
124
136
126
94
166
7
125
121
130
80
111
112
130
99
1
156
109
127
75
105
73
114
97
7
121
121
148
151
123
121
142
89
0
121
118
120
132
120
110
101
134
10
115
149
141
134
95
145
122
107
6
92
125
126
67
132
118
92
113
8
136
98
123
127
92
105
123
104
0
128
129
127
119
157
81
77
124
6
105
130
128
99
114
139
157
141
9
127
134
91
131
113
92
131
124
0
78
142
106
119
111
118
140
132
6
113
120
94
105
148
156
107
90
3
109
113
159
148
128
98
95
146
8
133
120
91
92
116
93
93
122
4
145
114
127
107
128
106
76
155
5
84
119
85
134
116
121
119
121
4
85
132
113
99
113
79
111
115
0
112
97
93
102
156
121
107
168
8
78
113
99
127
156
74
91
149
8
108
139
126
101
122
125
84
104
1
156
141
116
136
145
122
101
107
7
117
123
113
106
156
104
117
110
2
122
107
100
121
161
127
92
85
3
134
107
113
126
79
89
116
90
1
130
141
126
126
101
135
112
130
0
84
107
144
101
90
97
149
113
8
90
108
125
60
115
121
92
115
10
138
135
102
115
92
92
127
144
7
134
142
120
145
113
109
129
121
2
91
108
136
106
133
108
89
93
3
133
81
134
89
90
105
126
129
8
100
122
135
96
133
78
121
107
0
101
93
135
132
119
121
100
114
2
102
94
82
114
99
75
109
107
2
135
143
113
121
105
101
135
105
8
119
121
106
142
138
77
119
97
0
103
118
85
126
90
116
128
115
8
86
124
122
100
121
119
143
98
1
127
105
122
88
93
105
106
141
1
119
113
116
121
154
115
86
116
7
116
94
104
110
109
100
127
113
1
124
118
120
122
132
96
98
99
3
146
59
148
113
135
104
95
127
6
113
171
86
134
101
114
113
114
2
104
106
126
86
145
135
169
107
7
127
156
122
94
105
109
86
108
4
97
93
123
147
144
133
127
124
7
117
136
133
125
103
125
121
118
2
108
129
94
157
126
134
91
126
6
114
94
116
135
139
111
149
125
9
94
150
101
105
130
99
125
106
1
100
132
107
123
121
84
113
85
8
149
100
132
121
111
149
118
132
6
107
121
144
108
117
121
114
151
5
113
148
102
120
104
108
128
125
1
88
153
88
124
120
84
142
108
4
112
126
92
134
132
120
137
99
3
158
119
71
133
78
147
137
116
4
114
118
95
115
79
107
137
125
8
127
126
109
152
112
124
84
119
2
81
87
92
134
140
128
107
135
6
132
122
114
122
105
120
99
117
6
105
85
112
118
108
90
125
122
9
127
110
109
112
104
128
92
106
6
118
120
128
113
106
93
142
105
1
132
108
102
159
122
95
84
157
9
88
99
106
98
108
117
117
135
4
104
101
105
128
132
114
116
114
2
126
127
152
96
133
121
142
116
6
93
121
100
120
121
124
115
113
9
122
133
118
124
151
138
114
96
8
142
135
136
119
159
132
127
113
6
116
107
123
136
111
94
113
77
1
119
126
135
93
101
106
143
134
10
107
126
117
134
129
106
141
146
10
113
88
150
121
141
115
118
100
9
127
136
123
140
99
130
128
135
6
111
100
106
89
150
156
98
113
6
94
149
127
112
134
101
97
105
4
136
132
150
106
137
122
99
86
5
109
127
108
124
136
100
108
111
6
149
131
97
114
130
72
136
102
1
99
142
123
115
99
109
128
110
5
156
125
94
170
94
126
107
126
7
113
140
103
88
120
111
95
117
4
122
125
120
109
141
106
100
127
4
142
163
113
150
121
107
154
82
7
113
86
107
101
87
138
98
105
1
113
128
90
149
101
117
134
136
5
135
139
99
106
147
155
115
135
8
82
112
144
120
99
125
101
114
2
119
148
98
109
154
118
152
113
10
105
120
101
122
141
127
88
108
3
79
104
105
63
140
96
122
135
10
176
107
88
89
129
143
119
126
3
129
107
90
128
98
138
118
108
3
82
107
127
109
104
107
126
162
2
130
96
121
103
113
135
83
126
2
150
146
71
117
112
108
83
118
2
135
129
112
110
105
113
115
136
8
142
110
120
86
125
122
111
97
5
106
97
116
142
72
123
110
93
4
135
92
114
93
121
121
93
174
1
112
130
101
117
134
107
131
115
7
56
144
132
127
99
114
112
101
10
127
106
95
119
113
133
154
104
8
113
118
91
129
141
129
105
121
5
99
139
143
134
138
125
107
70
1
125
113
101
130
93
87
142
126
2
108
113
106
117
106
160
136
115
1
155
117
130
107
119
116
127
120
4
106
148
110
107
66
132
124
120
5
127
89
132
97
134
53
99
148
7
110
162
139
129
140
133
138
85
2
110
149
103
112
123
98
109
100
9
134
157
162
106
119
111
115
136
4
111
139
122
121
89
123
113
91
10
133
109
105
111
110
117
142
100
7
110
135
112
130
117
116
99
120
2
117
83
109
109
121
111
112
147
9
141
100
159
136
169
145
140
113
2
113
111
98
141
129
116
141
116
9
136
86
134
135
115
102
105
105
4
102
135
83
123
150
154
117
120
7
98
149
116
110
100
101
110
73
4
93
103
135
119
113
92
103
127
6
119
107
106
113
148
96
124
86
4
122
149
131
107
112
127
130
109
8
148
73
123
94
101
91
154
99
1
104
93
90
98
147
110
132
102
1
97
121
160
134
135
121
110
138
8
114
100
127
120
98
92
122
149
1
102
111
120
110
87
88
128
132
3
112
140
137
99
135
128
110
132
3
127
92
117
99
149
168
128
138
1
121
128
120
149
97
121
144
121
2
105
136
98
98
95
149
104
65
9
134
126
135
98
129
146
105
145
2
126
88
118
106
148
114
139
103
1
131
142
125
124
119
108
134
155
5
118
95
121
110
92
114
103
92
5
89
118
93
114
156
96
130
134
3
122
105
158
146
106
121
99
113
10
119
112
86
131
104
92
124
135
7
114
110
123
122
102
114
116
125
0
139
115
116
114
137
94
91
110
5
106
92
116
134
121
137
93
89
6
141
133
116
99
117
133
99
100
1
103
129
132
130
87
113
127
136
6
120
114
129
109
128
108
135
126
8
121
124
129
92
143
123
88
133
7
140
96
135
107
147
128
120
133
7
137
114
105
99
119
113
131
122
8
94
100
86
122
115
82
79
135
4
167
93
49
87
118
117
139
144
9
112
78
80
94
158
99
87
120
5
105
126
132
117
93
104
115
136
9
123
109
148
129
112
117
71
89
7
100
112
130
144
113
150
126
94
5
126
162
105
139
109
135
108
114
6
126
115
104
110
128
132
116
127
8
107
101
117
99
93
112
106
88
2
114
102
130
149
133
99
120
117
4
122
118
121
94
124
91
133
119
10
167
106
149
86
121
139
106
141
8
133
155
98
134
93
144
120
96
3
144
129
134
111
112
108
149
99
7
106
114
79
129
149
99
110
93
2
112
94
107
81
110
106
145
121
8
152
134
114
146
91
127
120
147
4
106
118
139
163
113
109
131
125
10
150
112
131
138
127
93
101
105
9
83
108
118
113
122
114
104
145
4
107
119
99
149
165
112
113
114
9
122
121
139
128
90
129
164
97
9
93
98
119
95
105
146
120
154
7
134
74
184
146
142
111
98
144
3
119
106
92
115
162
121
128
115
4
78
106
83
104
113
82
142
57
2
114
128
125
125
103
126
135
82
4
115
99
129
111
113
124
138
96
4
135
95
108
110
112
120
141
125
2
125
98
107
122
113
114
146
109
8
140
96
122
80
128
134
127
156
2
132
95
106
106
115
121
142
123

