9
7
9
5
5
10
8
6
7
7
8
5
9
0
6
1
9
6
11
1
2
6
6
1
0
9
7
104
138
114
120
129
140
121
154
4
113
135
123
115
101
115
119
115
7
126
130
141
133
127
120
124
93
8
142
104
117
121
114
121
97
119
5
106
98
119
110
132
108
87
112
4
115
128
115
100
77
122
88
129
5
130
151
113
100
116
80
101
142
7
138
127
143
98
131
116
112
152
2
103
136
128
148
107
137
92
151
0
117
123
123
112
101
126
135
135
0
115
88
124
147
103
129
120
112
3
117
121
118
103
106
64
98
134
7
99
77
109
128
128
105
123
123
7
147
93
114
97
140
112
119
119
1
86
124
107
78
120
134
120
122
7
114
146
111
144
117
135
128
67
4
73
128
127
133
104
71
90
99
7
140
117
123
149
112
99
109
115
1
144
121
136
149
121
76
91
119
2
100
123
129
111
147
134
79
106
4
121
107
108
121
90
113
142
126
3
100
122
131
122
141
113
90
106
9
129
100
70
129
100
117
99
91
9
111
103
139
115
82
86
119
101
1
114
128
93
116
127
112
121
118
0
92
112
99
142
136
92
138
151
7
107
115
93
108
128
107
136
134
7
117
101
92
106
121
115
77
106
8
109
119
86
129
107
115
108
109
7
154
130
137
88
86
91
150
120
8
121
113
134
120
85
114
96
120
6
121
117
113
114
173
134
120
141
1
124
121
120
134
116
116
107
126
6
118
123
134
127
131
127
122
118
4
110
110
112
101
168
130
114
85
6
129
85
99
117
100
107
142
113
4
120
112
115
102
125
143
120
115
9
115
120
97
111
127
131
143
99
0
98
92
111
106
121
111
144
120
6
107
107
100
112
107
119
128
111
6
95
141
106
129
118
99
92
115
10
93
128
125
103
99
132
95
84
2
121
65
83
115
129
111
157
128
1
93
91
107
147
122
119
157
113
4
114
128
121
128
96
133
108
119
9
115
105
100
146
162
149
121
107
9
107
122
128
128
78
83
113
105
9
147
117
123
132
86
140
133
125
7
134
121
126
127
169
91
93
99
9
92
148
163
134
105
121
118
143
7
107
111
132
119
118
128
111
112
9
120
116
98
115
121
159
160
79
0
119
125
101
110
109
135
113
127
8
94
89
108
128
124
104
121
112
8
118
160
156
100
123
104
68
118
1
93
127
139
129
115
158
102
124
4
128
162
121
75
130
119
122
135
2
113
127
100
126
129
84
106
111
6
91
147
93
129
128
129
98
137
4
141
97
123
134
136
123
139
136
7
119
101
103
125
113
112
120
86
9
81
96
104
100
136
79
141
108
6
134
92
93
147
127
99
65
126
3
103
106
126
145
117
121
125
133
10
136
160
92
121
129
141
120
81
1
140
128
122
121
122
118
148
106
3
71
122
98
125
141
116
116
98
2
86
95
108
123
113
101
114
131
5
137
111
107
97
90
157
148
143
10
133
148
136
132
125
111
120
141
7
134
112
99
127
139
118
102
121
7
142
140
121
100
132
120
100
92
7
100
111
118
135
148
135
96
148
3
106
107
129
170
100
114
143
114
0
129
98
116
148
121
91
107
107
6
128
64
150
92
87
119
155
135
1
148
149
42
119
153
135
105
105
2
131
139
136
112
122
115
106
115
1
114
131
114
107
104
137
123
147
6
91
169
102
127
140
118
108
136
7
90
119
108
92
126
90
123
87
4
77
155
191
112
143
142
114
121
5
101
110
146
139
99
127
129
135
8
122
115
136
137
132
93
161
139
7
107
119
109
124
132
148
134
98
1
83
157
128
127
133
156
114
92
3
120
104
114
140
114
128
120
105
8
143
123
93
154
129
115
129
105
1
107
139
124
141
130
157
126
107
5
125
124
130
138
132
113
141
120
7
105
113
98
116
115
91
103
106
8
121
113
82
98
118
89
135
103
2
106
143
126
107
112
139
147
109
3
93
130
133
148
137
139
162
112
9
132
107
72
107
92
100
113
97
3
134
106
122
111
109
120
134
94
7
112
123
104
135
66
131
134
126
1
118
108
71
115
108
112
122
106
10
119
146
101
114
99
107
122
134
1
122
160
129
106
108
103
84
99
5
118
120
116
124
112
99
137
142
7
90
174
105
155
127
117
119
92
5
88
106
111
127
130
66
112
120
10
92
108
108
75
79
96
147
100
9
113
107
81
121
111
88
87
141
0
132
153
113
105
124
125
157
105
2
106
141
100
159
121
121
116
147
8
95
113
73
99
136
92
147
121
5
162
128
139
159
119
126
117
88
9
131
94
79
103
127
125
141
126
5
106
89
107
113
82
98
79
152
9
103
113
159
116
106
114
106
99
9
148
101
110
113
106
162
147
125
2
115
142
146
98
116
115
106
121
9
127
136
112
120
112
92
135
97
2
66
141
127
103
116
118
85
108
8
124
95
98
147
111
152
93
161
9
105
67
105
126
127
135
98
115
3
133
130
77
110
137
125
149
92
4
107
138
90
115
127
139
115
120
4
90
107
111
133
101
118
128
108
7
113
82
141
89
129
148
135
129
4
127
92
94
137
105
115
147
110
4
160
109
93
123
108
119
134
149
5
135
113
113
104
100
110
122
106
9
85
136
96
114
132
111
121
92
7
121
125
140
120
129
134
134
94
5
123
139
159
124
97
84
109
82
1
138
141
128
100
162
120
119
146
7
87
103
97
135
101
119
78
108
9
145
138
125
110
143
89
140
140
1
93
108
110
122
125
146
107
120
1
133
134
113
136
109
143
108
102
9
138
143
129
99
135
149
119
97
3
121
134
143
100
78
133
80
94
2
99
127
115
100
125
114
134
139
6
113
107
95
107
97
118
131
113
6
158
137
106
87
106
134
133
96
8
135
134
138
150
111
110
88
126
2
111
93
144
133
98
101
150
123
10
122
156
135
114
117
120
141
99
10
106
75
91
131
106
122
85
125
7
111
165
108
126
121
123
122
106
0
114
134
133
115
91
128
125
110
4
116
75
99
135
147
128
103
127
4
149
150
130
134
74
87
128
122
7
87
86
130
120
114
134
133
146
7
97
80
133
128
162
149
117
121
4
106
92
125
92
131
109
94
128
1
136
130
85
106
106
133
124
100
1
138
120
129
139
97
123
107
152
10
108
98
133
140
115
117
98
128
2
123
86
103
112
117
135
98
107
6
115
124
131
108
79
110
149
105
8
113
107
99
99
125
139
119
86
0
136
72
150
122
99
132
108
131
6
136
92
91
109
111
101
86
117
5
142
111
99
154
115
118
142
111
7
167
127
149
140
106
136
140
132
1
142
106
101
127
116
104
106
128
6
134
100
146
84
136
124
142
99
3
127
134
146
98
107
134
168
97
9
135
94
98
91
112
70
86
90
2
120
128
120
114
114
104
129
130
6
129
107
118
128
102
87
105
139
3
132
100
121
106
115
133
100
107
9
103
119
125
117
99
57
139
143
5
85
107
84
121
110
163
110
143
6
112
124
100
77
96
140
154
112
10
93
146
108
116
141
120
128
135
8
114
144
122
143
100
148
118
126
10
85
91
92
93
141
112
86
97
1
132
148
131
108
124
122
137
149
2
119
93
148
118
122
121
108
160
2
122
128
68
136
116
98
107
135
9
103
151
72
145
132
115
114
136
5
140
125
120
110
113
129
121
126
6
98
148
121
119
127
107
131
136
9
116
128
122
106
120
88
129
117
9
128
114
135
155
108
146
107
112
3
142
143
106
121
147
102
126
86
7
158
153
103
102
113
70
83
99
7
156
108
103
110
114
122
132
86
8
106
128
133
121
156
135
109
139
7
114
145
114
120
84
100
122
127
2
116
98
148
132
114
121
112
133
4
120
97
138
120
124
114
97
110
6
120
120
154
126
91
132
115
111
2
108
106
102
137
143
119
109
107
8
146
127
115
135
99
100
100
123
5
124
121
113
121
121
94
99
91
5
125
111
95
106
112
120
112
100
7
103
132
126
125
134
113
152
116
3
108
125
74
117
107
86
128
135
6
106
100
127
107
113
145
111
115
8
121
123
134
73
103
99
107
97
1
133
135
82
100
134
105
116
113
7
113
138
97
120
111
120
112
126
4
131
86
125
136
135
127
121
112
4
141
99
74
140
120
102
125
117
2
115
133
161
117
139
104
100
80
10
129
151
121
120
114
122
123
119
9
100
153
132
150
82
81
123
122
7
100
85
168
117
125
134
130
141
4
105
121
121
98
126
108
107
102
1
133
162
112
126
112
91
106
156
0
117
110
99
104
109
113
81
61
2
140
118
79
91
97
139
134
142
6
100
116
128
180
129
109
146
84
9
113
121
121
117
129
105
121
170
2
119
115
101
126
148
140
138
132
6
100
117
135
114
114
118
124
112
3
85
127
140
129
135
136
119
105
9
108
114
101
116
130
129
120
142
2
144
93
101
133
98
147
128
104
10
122
98
111
108
122
127
118
81
9
98
79
106
92
120
119
126
135
5
108
141
107
129
98
120
142
108
1
99
77
86
103
109
127
124
101
3
135
154
87
132
105
135
115
103
8
107
93
109
121
146
134
139
128
4
111
106
88
129
100
120
103
115
10
121
116
92
150
105
111
128
120
3
141
90
105
141
111
128
106
111
2
115
121
71
91
136
107
118
108
9
107
156
118
125
113
96
114
129
5
141
115
120
151
121
134
96
124
3
109
139
111
133
113
147
140
86
4
120
117
101
111
155
106
131
115
3
168
116
114
141
114
119
128
149
6
115
141
124
135
109
130
131
137
1
113
123
122
76
152
120
97
101
2
143
123
149
137
113
134
114
104
5
93
75
72
141
152
108
102
119
3
77
107
111
105
130
119
122
87
2
94
108
110
108
112
133
111
141
5
133
126
117
114
66
113
113
136
3
64
144
118
129
155
93
87
105
4
106
139
108
155
133
126
129
105
5
135
74
93
119
139
105
134
129
0
112
101
106
112
101
97
122
99
4
121
108
106
126
127
127
128
126
2
162
76
111
115
134
153
97
108
7
142
115
154
81
99
135
114
127
7
100
91
94
173
93
118
107
121
5
107
129
101
142
128
140
130
126
2
80
132
92
143
114
114
107
132
9
137
140
87
105
103
121
113
130
2
66
121
84
113
118
112
102
92
8
158
93
142
107
92
122
127
72
8
139
122
77
85
135
114
141
79
5
130
100
124
120
129
122
113
135
1
81
115
131
86
93
102
142
135
1
115
105
126
151
113
114
115
93
6
140
115
121
117
135
128
124
114
6
112
115
133
119
170
128
95
129
2
107
108
113
163
105
168
106
93
8
114
160
87
129
140
115
129
122
3
94
116
155
121
108
108
135
153
5
109
121
115
112
123
116
113
120
4
127
126
120
149
155
102
134
112
4
96
103
138
166
107
115
113
128
9
100
154
148
107
113
142
112
110
10
141
89
91
99
136
120
124
160
9
140
55
139
99
137
104
88
92
7
138
122
149
91
119
102
106
145
0
121
138
130
117
125
125
112
121
10
121
122
108
104
127
118
120
136
9
104
106
86
120
106
113
133
132
7
129
106
86
115
88
99
78
112
1
110
115
92
121
100
117
96
137
3
123
103
139
160
106
112
95
110
9
119
112
130
120
119
163
128
110
9
98
112
126
136
86
108
132
114
6
119
120
92
114
156
121
81
100
7
113
123
115
106
132
145
90
100
5
100
95
106
107
115
141
78
120
1
110
114
149
119
73
100
113
164
10
109
111
141
129
100
99
140
143
4
156
130
135
101
85
108
154
102
9
132
130
107
119
86
130
127
100
4
134
146
120
91
99
93
156
108
9
114
148
133
107
124
79
159
134
4
128
87
116
153
106
128
102
122
10
85
115
155
113
120
137
121
100
7
127
129
101
122
80
136
99
98
8
116
91
99
96
109
99
105
114
6
73
114
65
140
113
103
147
95
5
114
130
116
102
114
90
140
102
1
92
132
150
112
142
126
115
169
0
164
124
136
129
128
148
113
107
5
105
121
122
124
102
127
86
114
1
148
108
107
106
126
142
118
93
7
142
119
85
111
105
78
95
77
7
118
78
148
118
119
105
98
122
7
87
112
106
142
119
73
100
124
9
127
114
74
117
134
123
92
102
3
163
107
123
122
125
88
92
129
5
87
141
115
94
99
135
156
113
4
91
106
83
117
164
141
148
102
9
124
100
143
141
114
113
119
91
2
145
114
131
150
95
104
134
121
8
98
103
142
178
76
103
105
99
7
127
96
154
178
106
122
124
140
6
129
155
152
107
137
95
103
130
3
116
92
107
118
132
134
78
98
6
114
136
112
119
113
116
123
114
6
131
114
118
100
127
98
114
130
2
92
146
121
92
127
77
134
121
4
112
129
106
98
127
136
129
99
5
113
107
123
115
92
91
108
84
5
135
114
119
152
105
120
105
124
9
155
76
107
118
104
127
64
137
2
105
122
95
163
112
120
82
84
4
143
134
135
154
99
128
156
85
6
114
124
127
124
135
101
164
135
5
130
122
131
157
104
93
107
107
7
107
130
129
117
92
84
99
115
1
93
107
133
119
143
92
115
117
5
106
112
96
94
97
149
136
129
2
116
127
107
120
130
99
119
128
7
101
99
113
116
128
97
102
113
4
121
106
99
127
122
104
109
108
0
110
119
93
122
125
94
124
114
4
142
105
122
133
99
129
113
121
3
114
120
112
142
142
92
128
134
4
134
153
118
113
114
135
112
93
6
107
139
128
124
114
129
91
77
3
75
103
135
127
139
106
85
95
1
94
128
114
102
120
132
126
134
2
120
106
109
124
102
106
72
119
5
127
115
128
88
129
121
119
108
1
113
146
140
64
155
164
97
112
7
106
115
107
112
169
99
117
81
8
171
85
156
142
112
108
109
111
3
106
87
122
140
99
125
117
138
6
121
119
98
134
117
113
116
91
2
119
157
113
100
105
129
128
132
7
80
144
114
87
113
113
98
132
1
161
110
85
119
118
108
92
130
6
89
106
109
101
128
122
113
135
10
91
122
162
101
116
142
123
130
7
117
120
134
125
92
135
119
131
7
86
134
93
118
129
120
114
137
9
78
112
93
110
102
99
126
112
3
89
132
110
132
157
106
118
121
8
93
111
99
125
92
98
129
156
6
135
100
141
108
117
139
108
116
10
101
136
111
102
120
89
138
105
0
149
147
94
92
78
126
127
156
2
112
108
157
93
125
108
143
83
0
114
113
127
139
128
92
113
114
2
74
113
114
138
89
148
162
135
3
86
79
114
101
80
65
91
106
2
126
134
119
155
105
132
150
112
9
114
120
93
105
136
111
108
120
0
146
105
125
119
127
113
86
135
1
111
128
146
105
146
108
109
135
4
115
95
157
92
110
102
168
140
9
116
142
129
119
58
99
118
120
6
120
105
124
149
128
98
100
113
10
132
91
95
101
152
71
112
95
3
98
121
104
111
100
121
138
153
4
115
107
121
141
135
80
130
123
8
122
134
126
126
90
138
149
107
10
121
140
111
131
94
133
104
94
4
110
152
112
112
120
105
106
128
5
112
145
133
110
113
124
85
152
5
114
144
149
121
118
147
101
95
6
119
72
154
139
155
140
119
78
1
86
117
97
122
98
126
112
114
8
128
112
107
124
120
130
121
115
1
141
120
118
81
127
129
102
120
1
112
140
85
96
99
120
83
96
9
122
93
140
105
108
127
86
107
4
39
117
86
99
146
108
73
109
8
120
145
118
163
116
97
115
94
3
139
101
138
99
140
134
133
84
7
141
144
102
130
115
132
124
142
7
89
113
94
124
121
134
97
86
7
98
136
102
70
122
122
146
122
6
106
143
140
78
135
124
121
101
7
126
129
142
112
106
107
131
99
5
131
96
134
114
114
177
122
125
6
155
113
134
137
71
130
78
144
6
95
59
135
113
122
148
133
90
5
142
144
91
103
156
128
128
74
1
166
120
112
108
78
116
112
133
9
87
74
149
128
120
128
113
127
1
137
148
93
101
164
126
124
72

