11
7
4
1
6
3
7
2
6
10
8
8
1
0
2
9
10
8
13
2
4
5
1
8
0
8
7
119
109
145
84
110
140
100
149
7
126
106
136
99
119
129
123
97
3
92
94
106
87
115
132
134
135
5
110
153
107
136
129
163
145
107
3
134
127
120
128
138
95
169
126
6
106
113
99
124
100
125
118
135
10
94
143
114
124
99
115
92
161
3
106
109
129
142
102
112
148
113
3
107
128
131
105
143
128
114
116
4
131
99
172
132
120
134
102
107
5
125
115
131
102
123
126
136
102
9
129
170
124
119
117
124
140
104
1
101
122
140
92
112
127
65
113
2
130
112
114
121
115
92
93
98
5
135
98
96
103
111
124
131
100
9
106
120
137
119
128
124
98
122
8
153
133
114
96
118
124
122
149
1
127
87
101
132
163
117
111
127
5
105
84
136
82
119
142
119
151
6
116
99
156
111
145
133
127
115
2
130
128
134
90
111
109
99
135
3
129
109
98
139
111
78
125
96
7
120
85
131
135
100
136
112
150
0
137
123
89
100
110
113
125
118
5
152
84
134
120
140
87
147
98
6
151
148
133
117
117
106
150
127
9
72
120
122
137
122
108
109
123
5
117
123
112
141
135
120
97
105
2
157
127
93
121
107
114
115
99
2
99
133
106
169
138
103
107
123
4
133
137
132
86
140
121
143
126
5
135
134
111
107
106
136
141
134
3
121
136
139
64
99
86
141
91
3
112
127
96
143
115
111
101
162
7
110
128
149
115
94
121
126
105
8
113
134
113
114
106
125
127
127
6
132
103
128
72
127
127
126
119
9
99
102
134
114
114
97
129
102
4
63
79
128
125
121
147
129
120
7
123
110
59
149
95
111
109
153
3
129
101
128
114
149
114
122
154
0
94
144
119
92
128
105
125
143
9
113
114
85
137
128
121
116
100
3
91
89
94
112
108
138
119
132
3
133
163
142
126
109
115
85
124
6
97
141
97
107
130
117
124
126
1
82
107
121
98
135
79
124
100
0
58
85
107
142
91
110
97
120
1
101
135
118
97
146
71
127
116
5
141
136
131
129
114
164
115
107
8
115
90
130
135
86
124
141
115
6
108
68
114
110
132
98
134
100
1
126
120
122
92
100
119
118
134
8
99
102
90
119
107
114
125
107
10
116
113
114
142
114
108
71
123
2
128
143
95
118
99
121
89
92
5
153
126
136
127
137
126
149
134
2
109
126
155
99
105
124
139
99
7
163
139
142
121
134
127
101
110
5
129
107
128
104
138
126
158
128
7
118
109
103
113
82
126
132
110
6
117
120
88
150
150
87
127
122
1
133
132
125
118
85
128
115
115
3
148
89
118
133
94
121
113
149
9
111
148
132
120
108
126
134
149
7
123
133
88
134
127
119
131
115
5
122
100
144
110
148
108
113
123
5
110
103
130
126
101
113
126
112
9
136
135
108
123
119
130
157
120
2
142
128
113
130
89
116
94
142
1
112
115
114
112
91
133
121
127
1
111
131
126
120
103
122
141
121
7
135
94
92
74
79
108
100
102
8
107
85
151
153
120
120
112
99
4
105
114
141
138
134
139
101
107
0
128
112
100
100
148
128
140
119
4
118
132
104
139
89
114
111
130
7
112
141
92
126
145
155
91
111
6
128
107
88
120
142
117
134
135
6
86
108
115
143
124
97
115
79
7
129
113
110
147
115
135
124
106
9
144
129
104
99
100
112
126
134
2
147
121
121
114
138
124
114
99
1
110
128
107
145
144
112
103
107
8
121
122
137
141
98
113
98
121
8
79
121
102
132
120
120
135
132
2
118
96
132
126
123
98
113
115
10
90
98
121
115
127
114
129
92
4
94
93
101
111
119
119
116
99
0
101
129
95
122
132
126
154
96
4
148
121
69
145
112
110
136
174
7
108
90
114
137
135
90
108
137
5
122
115
144
120
119
100
181
121
1
110
93
109
155
148
100
137
114
9
127
124
97
128
109
108
102
111
0
121
160
98
102
94
152
135
89
9
133
95
102
138
145
131
146
150
8
117
86
122
117
86
128
106
149
3
112
124
130
120
107
97
133
112
8
141
142
136
128
113
158
154
84
1
108
155
114
115
92
110
128
105
7
144
136
142
126
112
106
113
134
4
142
112
95
133
134
108
109
163
10
140
150
116
120
122
125
107
127
8
138
107
119
126
119
155
120
133
4
120
150
119
115
122
70
115
147
9
135
80
121
129
101
128
132
133
6
102
100
128
141
127
138
99
121
1
124
82
128
113
120
90
119
148
6
139
150
122
77
135
119
110
148
9
114
127
118
113
136
126
127
104
1
118
94
106
89
81
139
110
86
5
97
132
96
135
117
119
140
106
9
159
133
116
128
128
131
113
132
8
112
102
129
109
113
129
130
84
3
85
92
85
119
114
149
89
147
5
120
139
110
126
103
99
109
107
5
110
132
101
86
119
108
114
129
7
104
143
109
85
139
148
101
124
1
121
113
119
147
100
122
93
148
6
114
103
120
123
114
113
128
113
5
98
139
121
141
163
124
120
136
5
113
142
143
87
119
124
134
134
9
121
107
154
126
134
131
95
106
9
94
93
76
127
147
70
114
118
1
109
106
148
122
97
72
107
115
6
138
148
121
142
74
87
96
128
7
107
117
93
149
131
116
91
119
5
99
106
117
82
92
118
119
133
9
102
70
120
130
103
142
104
58
3
112
126
104
111
122
118
88
124
8
98
126
135
133
122
141
103
134
6
116
122
142
164
109
105
127
129
9
106
113
116
137
125
126
123
134
7
136
140
150
114
100
89
139
128
0
117
100
90
121
145
122
96
113
2
92
134
99
127
99
92
113
113
1
107
104
136
117
125
82
141
115
1
118
115
119
118
145
120
135
92
5
108
128
98
119
96
141
155
127
2
153
113
125
130
129
99
107
100
3
88
102
78
92
112
107
140
135
10
107
114
120
107
85
157
114
112
5
152
120
94
97
109
131
125
128
3
96
100
121
153
90
121
136
129
8
147
107
116
111
126
116
65
134
7
99
117
150
120
118
149
127
107
4
118
135
115
102
171
116
83
118
9
106
100
142
120
122
94
144
118
7
99
133
151
79
107
150
133
174
6
128
109
107
150
94
117
130
77
1
124
137
113
119
135
161
105
105
5
92
113
105
134
86
86
134
109
10
79
145
128
125
92
95
130
107
4
133
96
96
105
118
108
112
115
9
86
124
134
85
113
111
111
125
9
94
144
156
145
119
162
131
122
2
95
93
136
117
144
149
113
108
6
113
134
130
119
79
107
123
69
1
154
133
124
117
112
131
113
118
8
129
112
126
114
126
85
107
121
6
70
97
147
135
137
83
112
145
9
119
108
129
176
88
117
122
127
7
125
122
115
134
91
102
107
121
0
100
131
104
157
119
132
111
147
8
155
107
93
99
161
103
76
113
7
140
107
123
113
117
128
128
101
9
107
82
126
137
86
98
122
86
10
114
142
140
130
148
117
105
110
7
119
117
104
95
116
125
112
108
7
142
131
115
141
77
131
122
124
3
99
135
150
108
111
117
136
141
0
113
113
128
108
106
113
98
91
9
137
115
142
111
99
118
134
94
9
108
144
127
139
110
109
133
120
3
85
111
112
122
102
112
136
143
2
99
116
112
120
134
83
87
126
10
129
78
108
87
135
132
142
119
6
129
127
105
150
105
125
79
127
4
117
113
114
77
134
128
72
107
5
121
119
104
122
107
130
157
89
2
128
101
120
87
108
121
108
100
1
114
138
157
100
126
91
127
135
1
133
100
95
120
114
91
122
117
4
122
156
111
120
135
113
112
153
2
108
91
138
134
113
122
127
121
7
114
125
125
123
119
100
142
131
1
99
106
112
88
131
107
133
102
10
113
104
102
93
131
149
93
118
10
144
138
95
133
107
123
94
126
2
122
120
183
117
145
148
98
135
1
126
131
134
107
120
138
126
130
7
106
113
122
102
85
132
112
97
3
119
138
106
100
120
137
85
154
0
124
147
107
108
106
94
151
104
2
143
144
115
113
130
141
128
98
6
121
92
129
82
120
148
134
124
9
103
126
86
103
157
103
101
127
10
94
121
105
112
119
94
93
121
4
126
148
115
104
100
100
120
121
10
126
107
151
105
132
149
99
127
6
114
116
118
109
112
91
134
123
4
82
84
121
131
111
91
138
132
2
129
86
77
106
134
80
120
133
6
135
120
140
112
89
77
121
120
3
100
125
81
155
124
110
116
129
8
130
129
140
126
119
140
99
107
0
84
136
142
134
107
112
113
79
6
121
131
105
99
121
105
122
113
5
119
104
99
105
134
125
113
108
6
127
120
122
117
104
104
99
93
9
68
79
128
103
83
116
152
114
5
119
91
122
137
88
120
131
101
1
90
101
133
105
147
134
100
127
5
146
125
120
129
91
120
92
136
4
139
140
93
114
122
132
132
142
6
111
135
106
88
124
102
107
120
7
109
139
98
97
113
93
106
149
9
136
105
94
95
144
113
112
96
6
126
121
99
101
135
82
126
134
2
136
103
146
99
141
97
122
101
8
121
128
93
107
105
115
110
129
6
122
104
123
136
114
166
82
67
6
130
116
120
115
91
117
125
130
8
136
128
106
115
101
150
113
104
9
94
114
135
123
65
79
106
134
1
170
154
111
110
82
114
121
89
3
126
72
94
79
120
129
128
94
9
131
126
113
134
138
128
107
102
9
159
133
130
133
114
88
91
92
7
100
119
120
113
134
120
163
119
7
105
155
120
110
150
114
87
120
9
107
95
123
128
165
119
121
117
7
143
109
133
151
121
140
119
118
4
107
91
120
99
123
114
111
91
0
105
176
112
106
114
109
113
143
5
98
134
104
137
102
123
116
161
6
115
136
120
119
104
157
121
121
6
121
135
152
132
114
130
82
105
2
108
127
136
99
94
103
136
120
4
96
108
128
129
97
98
140
137
0
128
120
128
103
124
110
107
123
2
133
118
79
100
114
65
116
128
0
114
141
65
95
124
92
91
90
6
128
131
84
119
85
151
115
113
10
107
130
100
104
122
151
112
99
1
112
110
129
141
117
135
119
97
4
100
93
93
141
127
149
140
105
1
95
120
108
120
104
105
94
139
6
139
127
91
128
119
123
117
94
8
100
124
161
127
131
143
112
134
3
100
120
95
105
146
124
71
93
9
90
113
128
144
97
129
111
135
6
114
64
90
114
78
127
102
120
7
113
120
122
107
125
142
126
120
8
68
127
106
85
97
111
129
106
0
119
135
129
146
128
79
95
121
6
73
162
87
100
86
127
124
134
1
114
121
121
141
156
93
138
79
6
122
111
92
121
102
150
85
122
4
105
111
136
107
93
103
129
133
10
109
131
100
102
128
135
128
127
1
91
103
121
129
88
134
120
112
1
141
97
134
127
106
133
98
129
9
79
131
116
140
95
81
112
117
5
127
108
152
112
151
135
122
126
3
109
115
130
76
121
143
100
113
8
87
134
119
120
120
59
111
113
3
97
120
125
115
104
92
121
98
2
121
106
109
113
114
101
155
136
5
107
87
126
114
116
108
123
113
8
150
106
164
110
122
110
92
89
9
124
104
100
141
100
106
84
110
2
142
139
97
99
129
93
118
147
3
122
101
131
132
127
109
91
129
6
125
135
149
132
155
98
154
87
6
93
144
113
143
121
134
120
126
4
89
163
114
130
131
129
118
117
6
126
131
84
121
133
121
155
89
6
114
107
95
99
93
124
115
128
10
127
130
132
81
125
141
79
156
9
114
121
126
99
95
126
120
107
9
149
121
119
115
112
108
97
117
4
111
129
119
110
98
106
114
59
6
129
124
69
110
99
110
119
110
1
124
105
132
124
122
115
112
110
3
154
95
137
116
109
105
81
149
8
108
146
130
71
119
125
135
109
1
106
114
113
113
125
139
130
161
2
121
115
112
127
101
78
91
121
9
84
112
132
147
104
114
138
92
5
113
100
152
92
91
84
101
106
0
93
99
121
101
133
114
135
101
1
114
136
67
104
92
141
118
147
5
71
118
140
114
105
131
99
127
7
93
123
142
99
143
86
119
138
6
146
133
133
126
114
100
128
109
8
178
114
121
119
107
96
147
136
9
119
98
92
114
128
78
124
75
5
113
118
66
111
104
112
151
129
7
106
173
106
106
133
104
99
109
7
123
135
94
107
100
123
94
111
6
114
132
128
114
104
93
113
91
8
106
99
113
147
130
137
98
119
1
114
120
115
85
104
87
124
72
7
120
86
129
120
81
134
96
112
3
124
155
136
110
91
120
127
133
4
73
96
158
129
127
107
101
148
8
91
136
121
114
101
91
130
162
0
93
140
140
135
110
122
113
95
1
129
140
131
120
107
115
110
127
3
98
148
127
100
125
127
100
128
6
121
95
86
120
135
94
132
106
4
90
74
106
93
99
126
123
99
7
100
134
146
120
136
170
102
137
1
151
124
77
89
94
142
131
114
2
108
84
155
121
124
143
122
120
9
114
129
149
96
99
135
124
108
8
109
121
113
115
135
129
117
125
1
141
154
125
106
119
99
123
135
1
111
146
122
111
125
78
122
101
8
146
175
130
93
142
118
114
121
3
131
114
106
107
129
99
103
101
10
131
107
137
77
121
134
114
80
8
100
128
111
125
119
111
107
130
6
105
72
101
77
124
79
106
127
0
86
126
87
114
104
134
106
115
9
101
130
125
141
142
155
135
135
5
113
117
105
105
98
88
135
98
7
107
118
107
70
150
133
100
143
3
93
127
89
88
133
104
112
80
0
107
115
153
106
106
135
101
128
6
125
115
96
126
114
119
97
153
7
111
139
112
105
90
97
141
120
0
119
157
141
105
96
112
108
144
10
106
105
116
74
110
143
141
141
5
58
86
171
108
93
120
160
115
4
109
141
94
99
99
106
93
99
7
161
112
113
135
142
101
76
92
6
150
109
132
112
115
98
142
101
7
107
127
121
89
85
95
93
148
0
89
115
117
137
112
120
145
77
1
92
139
91
149
106
141
106
106
9
129
122
123
147
132
136
121
172
1
127
155
132
124
106
119
142
136
8
99
113
127
112
129
72
127
95
10
137
121
99
99
85
93
122
121
5
125
110
128
118
153
126
155
103
5
113
116
116
105
133
89
142
144
5
144
100
143
100
117
130
111
147
6
120
143
126
121
129
103
129
137
9
127
129
156
115
88
120
89
148
1
124
122
133
103
141
116
114
110
8
131
118
140
148
85
98
128
96
2
98
121
127
140
97
112
143
133
9
143
145
115
126
113
112
113
88
8
128
154
119
110
130
117
119
91
6
134
67
121
129
106
165
133
127
8
116
128
113
107
108
141
135
121
2
139
142
119
100
100
87
128
114
10
121
120
109
108
120
78
91
144
10
85
84
86
98
114
92
90
128
2
125
119
139
121
91
113
133
130
3
138
132
101
122
120
111
141
143
9
86
107
110
121
126
127
156
124
4
135
135
91
133
110
149
86
127
2
139
99
95
92
95
121
117
99
9
94
124
119
133
131
134
100
106
8
81
109
128
125
109
149
129
97
9
127
157
74
144
122
120
81
86
6
134
134
85
98
94
112
87
108
3
144
79
156
147
92
63
119
155
4
118
147
108
106
154
92
135
72
10
123
140
135
112
134
115
72
84
9
80
106
119
107
107
105
85
121
3
104
109
99
122
157
144
76
112
1
127
111
109
107
134
125
155
127
3
112
127
144
114
139
111
114
127
5
93
110
130
114
110
116
153
115
2
149
104
119
120
121
163
128
108
7
108
130
120
142
100
121
124
94
8
115
112
121
85
112
134
132
97
0
119
152
144
92
88
148
158
133
7
121
121
114
127
118
124
128
113
7
115
86
115
127
154
149
96
104
4
134
120
113
115
136
116
142
120
5
122
122
136
132
114
83
126
109
10
110
122
108
130
93
128
114
94
1
142
128
114
107
134
116
138
121
8
127
122
136
134
115
81
134
110

