8
5
1
8
8
4
7
3
5
15
1
6
2
2
7
7
0
9
9
9
7
1
1
3
7
6
1
117
120
79
81
107
108
123
122
6
127
121
111
121
113
101
136
115
3
107
121
119
126
118
113
100
127
5
112
112
124
148
95
109
102
114
9
131
102
125
145
104
133
88
95
9
129
120
108
112
110
94
110
98
10
108
113
121
96
101
135
112
134
7
105
99
106
136
108
143
113
145
1
90
122
99
117
121
108
142
88
7
113
131
121
143
112
120
117
141
5
104
107
132
134
99
149
87
110
9
104
105
134
78
72
108
122
131
10
158
126
70
95
89
99
148
135
9
102
84
105
129
128
99
81
115
8
133
129
132
102
131
157
122
141
8
135
92
97
140
133
120
115
84
7
127
95
111
93
142
139
131
150
3
114
112
105
112
151
128
113
108
8
96
148
109
96
99
109
104
107
3
107
112
104
119
128
102
144
91
5
130
108
89
120
71
135
101
140
7
133
141
93
113
131
114
98
144
10
127
113
91
111
110
143
125
83
10
138
131
130
112
155
127
126
100
6
98
121
140
90
93
121
135
127
2
133
123
111
110
99
130
99
84
6
123
135
142
121
124
132
125
112
5
129
116
103
97
65
128
78
121
6
126
154
134
125
133
127
116
151
4
114
135
134
120
124
130
92
152
0
91
188
143
135
96
119
132
152
7
130
128
116
80
141
110
114
109
3
84
99
92
124
114
134
73
128
10
111
127
100
123
113
92
131
138
7
105
151
150
109
87
140
122
126
2
117
113
156
93
153
106
136
148
7
112
129
140
93
100
139
136
127
3
120
143
106
91
110
134
129
107
6
114
133
106
135
50
99
99
65
8
128
100
109
124
98
139
128
131
2
83
126
140
121
91
114
106
100
8
129
105
85
112
112
115
156
99
7
127
100
107
110
94
101
83
119
7
120
115
117
79
114
100
139
155
8
103
103
125
125
119
113
148
95
4
88
123
116
127
111
113
81
113
1
128
117
98
117
120
126
114
133
5
106
125
128
84
119
113
155
94
3
129
149
89
107
124
99
146
81
8
96
139
126
132
96
127
145
105
4
81
134
114
146
99
153
90
123
6
133
120
94
77
150
102
120
88
7
120
107
143
106
113
114
143
129
9
101
120
112
115
121
107
140
134
6
149
126
106
121
113
98
87
167
4
114
114
106
124
83
101
109
139
9
134
145
123
100
142
127
100
93
2
136
102
127
114
94
133
149
136
6
138
118
147
99
135
98
111
126
5
100
133
99
142
84
138
121
141
6
94
110
113
129
109
114
94
119
7
120
137
105
64
78
107
121
137
3
147
110
93
110
93
72
104
93
1
125
86
94
106
148
117
114
88
8
95
113
145
119
93
106
113
86
10
143
135
87
123
67
106
134
107
4
106
149
120
128
125
127
74
106
2
109
138
115
123
107
138
122
96
9
162
111
125
106
100
86
111
114
1
119
156
85
112
163
98
98
107
6
123
117
119
132
121
133
125
112
3
76
134
134
91
130
119
120
155
3
122
141
113
138
147
107
140
126
0
132
120
136
123
111
117
112
104
8
155
108
114
98
101
99
164
114
9
96
129
94
114
96
142
74
109
2
134
168
100
117
128
100
106
127
3
128
106
141
122
133
79
111
70
7
136
113
120
109
153
100
108
90
7
88
112
112
119
142
130
155
125
1
71
134
123
111
106
109
137
110
3
119
106
140
122
130
113
136
111
7
102
98
135
121
120
100
120
141
4
101
94
123
136
127
133
130
121
2
136
115
120
86
112
114
92
78
5
115
101
121
89
116
132
132
159
0
125
120
134
139
123
104
110
91
3
119
134
103
111
93
114
121
125
10
105
141
122
109
107
141
137
90
4
85
100
128
114
131
97
107
72
0
120
143
136
134
124
136
135
99
5
129
108
157
78
123
83
135
149
5
132
105
110
136
103
140
145
80
5
149
87
111
136
106
82
112
115
5
116
115
98
129
65
113
155
118
7
103
104
142
129
117
92
140
115
9
106
108
155
135
96
120
109
115
7
110
134
93
146
128
137
105
126
10
121
120
149
114
128
114
127
105
1
94
139
121
147
129
149
102
132
8
100
118
135
106
149
97
99
136
3
91
149
140
128
119
85
155
82
1
136
134
140
119
140
122
102
135
5
128
114
118
95
114
108
100
121
2
141
114
120
137
128
98
106
98
6
122
99
133
148
113
97
113
107
2
107
107
114
136
122
112
127
96
8
121
149
126
133
132
150
134
142
9
107
100
94
99
122
112
106
136
4
158
148
160
100
121
129
123
150
1
122
127
115
137
129
128
85
95
10
162
131
162
93
159
99
144
140
9
114
131
109
139
153
151
107
134
6
115
142
134
121
96
128
119
102
8
112
96
135
95
136
82
115
114
8
136
119
117
111
135
126
131
120
4
128
63
135
109
134
128
121
149
6
106
139
87
122
107
148
122
125
4
128
106
82
142
109
119
95
100
5
116
111
91
76
82
108
120
126
2
119
135
93
99
100
131
105
126
6
118
111
143
115
70
134
125
105
1
159
121
105
143
67
150
122
67
2
93
120
121
107
89
79
114
117
5
149
75
116
141
135
95
94
84
5
128
110
126
124
127
129
96
70
9
128
147
96
154
69
111
76
100
2
99
109
127
128
134
177
167
105
4
95
113
144
121
91
121
107
135
2
128
125
115
138
115
116
111
141
2
113
110
135
125
152
70
105
120
1
113
112
135
128
93
113
140
129
9
80
127
108
143
107
174
120
155
0
122
130
120
101
100
108
119
115
3
130
96
123
125
84
97
120
169
0
108
107
115
135
152
135
122
106
7
146
113
117
133
95
106
107
110
10
135
86
114
99
137
85
118
107
1
142
134
108
135
106
95
108
106
6
109
128
112
102
114
129
134
115
10
99
116
120
130
79
136
142
108
3
89
127
135
107
98
145
117
157
6
155
126
105
99
100
119
128
123
7
87
90
127
145
105
137
125
123
1
116
121
149
118
103
115
155
121
4
117
143
149
132
99
114
135
107
0
119
107
131
102
129
120
127
131
4
121
153
114
111
108
107
127
118
1
125
140
102
78
84
97
105
107
2
100
116
102
113
140
171
127
116
4
116
141
121
105
119
92
104
77
3
132
100
130
112
95
91
114
87
0
90
90
87
121
100
113
93
168
0
110
156
101
109
102
121
126
138
0
142
136
148
134
121
115
114
107
6
102
108
140
105
102
136
132
110
1
89
177
90
116
112
86
109
120
2
116
89
121
108
86
142
124
98
2
108
120
106
118
92
98
124
123
2
104
124
107
154
110
108
106
86
6
122
90
122
114
94
89
140
127
3
135
100
141
134
138
112
110
101
3
108
143
107
123
120
109
146
127
8
128
115
109
127
78
150
138
125
0
107
87
96
146
128
133
128
104
10
108
120
86
95
102
88
119
113
1
153
135
128
90
119
107
100
98
5
115
112
87
94
99
119
133
78
6
118
129
134
124
68
114
114
111
3
132
107
133
123
121
147
130
95
9
109
111
94
128
94
127
112
135
5
138
72
133
107
142
142
85
91
2
75
93
136
141
127
129
128
107
8
127
133
85
92
93
142
139
128
4
101
118
122
136
114
130
117
106
6
105
143
120
90
103
96
126
101
4
81
125
120
134
125
99
92
100
6
120
114
105
135
147
80
120
78
10
133
125
143
121
91
121
135
112
9
88
143
118
78
107
112
134
128
5
103
84
149
109
125
127
101
155
3
127
111
89
74
134
140
120
163
6
153
142
159
120
80
124
171
127
4
99
88
154
113
137
105
114
103
8
111
105
106
105
81
120
122
120
9
144
121
108
122
125
89
107
118
9
123
120
118
112
100
122
115
129
0
129
110
121
120
152
111
64
155
2
69
121
136
112
63
122
107
107
5
108
101
87
124
129
135
77
129
8
107
145
123
122
101
150
85
119
0
150
84
81
128
120
121
106
156
8
70
127
80
98
106
94
106
107
4
88
120
114
111
104
140
138
135
3
125
138
119
114
130
98
121
134
1
143
156
120
133
127
169
102
129
9
106
92
145
123
79
103
129
128
5
108
118
86
167
150
89
128
123
5
123
102
91
147
128
138
124
128
6
71
129
147
125
79
78
130
148
0
121
113
111
92
91
125
100
123
1
132
140
79
131
116
130
128
107
7
126
119
81
122
98
168
121
107
1
128
117
125
128
116
151
122
121
5
142
125
103
112
175
107
134
129
2
90
127
101
136
158
101
124
117
8
120
112
106
121
106
96
128
94
6
121
131
101
134
93
101
98
112
5
129
143
112
127
134
96
111
127
7
139
110
117
146
108
128
140
91
10
149
127
141
115
117
143
110
115
8
135
112
96
162
120
128
107
83
6
95
146
105
149
122
90
117
120
6
122
91
148
99
109
94
76
159
8
120
138
131
107
103
121
100
129
9
143
128
126
116
79
143
108
122
1
107
122
106
110
105
78
149
105
2
93
116
127
119
115
124
121
106
3
142
157
114
115
113
128
98
105
8
168
121
135
121
140
113
132
124
6
105
154
121
109
139
137
91
127
7
109
142
129
99
81
57
129
113
6
101
125
144
149
141
133
104
65
9
118
91
120
113
152
115
130
114
5
121
136
106
100
127
116
121
105
7
117
106
125
133
122
135
133
101
4
141
110
112
112
113
119
131
119
7
99
116
118
113
141
133
183
106
5
105
113
124
103
140
102
96
108
10
95
139
108
138
102
135
107
113
7
127
113
130
97
137
118
119
120
8
113
140
116
108
113
133
119
133
1
89
112
98
114
158
100
118
107
1
150
122
136
109
117
137
107
94
1
92
107
150
140
130
91
99
116
7
78
81
138
77
80
115
128
120
10
143
127
143
112
111
98
149
90
3
119
120
117
131
115
64
116
106
8
92
92
127
97
73
107
128
120
10
109
171
106
140
135
87
123
114
4
89
148
127
122
122
150
119
100
5
119
123
140
104
129
109
129
130
9
112
130
123
68
99
126
114
130
10
141
125
127
80
135
127
116
114
5
117
110
117
101
85
139
148
114
7
98
91
141
120
111
127
105
128
4
141
110
78
105
155
143
111
118
3
105
117
126
117
121
120
94
131
1
112
130
123
129
99
93
125
106
8
128
162
99
121
95
96
120
112
4
129
100
136
102
117
93
128
87
1
113
120
84
89
122
129
127
112
1
99
113
107
112
130
102
121
113
4
147
63
125
138
161
146
113
102
10
99
128
92
114
109
105
108
99
3
126
104
133
127
121
79
112
123
2
120
118
113
88
102
119
98
139
3
85
115
120
109
133
140
100
113
0
108
129
132
144
83
63
106
154
8
132
123
92
162
98
141
87
148
2
84
110
105
84
171
131
141
113
4
148
121
127
146
130
158
156
121
3
67
148
106
133
104
121
109
124
9
114
102
108
120
113
119
135
100
3
123
103
103
93
129
156
120
140
2
92
131
106
113
90
153
114
122
7
82
99
157
127
118
120
162
122
2
140
97
107
141
132
130
91
125
5
112
116
101
136
66
119
102
113
1
135
134
157
128
132
146
104
140
4
110
115
121
102
121
89
111
143
10
107
87
100
125
105
107
143
120
7
171
91
107
113
101
93
126
113
1
93
106
69
138
156
134
88
128
7
128
123
119
144
95
126
112
133
2
119
126
103
124
125
125
132
161
0
127
98
149
104
121
126
91
149
9
83
59
81
135
163
105
155
79
4
117
86
138
78
113
120
137
99
9
90
124
50
86
109
132
131
136
9
126
111
114
114
103
127
116
133
0
80
125
135
111
142
112
94
134
1
102
108
132
112
89
140
93
106
6
113
130
87
114
92
109
97
154
9
105
116
91
160
76
94
111
90
0
83
99
118
99
103
159
113
148
5
143
115
144
100
139
99
119
110
6
131
155
107
106
128
113
139
126
3
115
114
152
124
149
147
114
111
8
78
125
145
134
108
115
136
133
1
93
127
129
138
100
120
126
115
4
72
134
119
107
98
126
121
97
2
114
117
139
86
93
116
126
127
9
128
100
115
142
138
159
92
113
9
108
137
120
122
112
142
121
95
1
106
108
133
130
129
87
135
96
7
95
125
112
111
108
148
105
107
3
141
108
101
155
115
114
100
141
3
131
135
131
134
142
122
78
89
9
154
119
134
100
145
138
129
79
5
116
97
109
132
131
116
114
147
0
93
121
109
136
154
133
126
149
10
99
122
119
87
125
120
137
109
3
107
99
143
123
117
113
92
130
2
128
98
116
137
139
148
103
107
9
141
128
144
82
105
146
114
126
7
115
97
114
115
120
110
119
128
5
119
116
120
114
114
124
141
150
5
129
98
157
122
108
129
99
105
4
101
128
100
81
123
127
100
126
6
128
73
96
78
142
120
146
134
5
145
80
110
131
113
93
93
128
6
124
120
89
130
103
142
90
140
0
129
105
142
123
89
128
133
141
10
98
121
149
99
110
137
98
154
0
119
86
128
151
129
121
124
105
8
112
119
82
126
146
105
92
113
4
115
115
84
119
149
129
105
145
4
78
119
115
106
99
150
89
155
6
100
135
106
155
155
104
131
95
1
121
122
113
122
88
142
143
118
2
134
121
125
125
108
104
126
147
5
127
135
141
154
109
141
114
84
2
89
106
106
114
100
104
120
134
3
105
103
100
132
143
107
109
141
2
128
101
107
107
135
140
103
99
3
141
146
138
139
129
115
110
162
8
98
149
121
117
114
129
122
117
10
127
106
92
124
87
112
91
163
5
85
140
111
112
115
128
101
107
8
127
99
128
90
108
120
141
124
5
97
113
113
151
133
122
104
95
1
108
83
114
120
88
120
137
122
6
129
114
86
78
92
140
128
94
10
94
124
139
87
141
117
129
119
6
130
78
114
114
123
129
118
91
6
117
127
164
129
117
142
77
113
9
131
86
122
146
134
110
114
99
9
157
110
124
101
94
135
126
152
0
97
117
146
101
106
90
113
113
4
135
108
100
110
100
130
149
98
7
91
118
64
133
96
104
131
128
9
97
126
132
99
127
108
98
131
6
71
117
85
119
141
113
92
113
7
72
139
110
100
115
119
128
110
4
121
120
128
98
123
103
95
100
3
149
111
102
107
141
113
114
133
3
118
72
126
130
107
113
99
108
0
127
119
112
126
170
102
114
113
6
107
141
136
123
117
120
118
114
5
95
152
108
108
113
123
135
132
4
99
149
128
131
91
126
113
124
4
101
83
133
141
148
92
101
94
8
113
128
114
132
114
120
141
102
9
114
123
119
128
119
119
131
136
1
128
129
121
99
86
125
137
97
0
100
142
128
135
124
135
90
117
8
130
142
103
108
113
120
100
143
9
113
80
130
89
131
101
82
115
6
136
87
92
108
141
121
119
92
3
156
111
114
78
135
91
107
148
5
128
126
131
150
106
99
107
119
7
127
109
113
119
98
140
150
137
8
149
134
83
97
113
118
116
135
6
125
111
128
109
118
135
134
105
8
92
120
129
92
117
80
113
133
8
81
135
99
81
130
122
74
113
6
100
148
142
113
128
98
120
133
9
100
104
113
142
103
105
105
108
4
137
129
118
94
125
112
112
114
7
135
113
107
111
100
78
136
108
8
121
89
128
127
101
99
107
114
3
127
129
121
69
142
140
150
100
8
127
88
133
120
92
104
99
151
9
131
78
115
164
111
99
86
118
5
121
136
136
93
108
110
128
106
3
140
120
85
93
116
142
132
140
1
80
136
122
86
115
131
99
118
4
87
134
84
124
76
132
94
119
4
116
114
148
148
101
120
135
106
1
121
132
129
115
130
114
105
107
4
140
95
111
148
114
143
121
107
1
156
135
116
93
87
106
110
119
10
134
134
110
122
104
147
113
103
10
132
127
138
105
116
105
102
113
0
117
98
77
132
113
78
115
145
4
127
97
92
125
90
119
99
105
0
107
77
112
91
92
154
117
98
0
113
133
111
120
97
130
124
71
9
134
101
89
126
84
121
104
98

