15
2
10
9
7
10
9
3
3
12
6
7
7
1
7
4
6
0
14
9
3
2
3
7
5
1
3
120
106
113
130
131
151
132
106
8
154
138
99
158
149
110
102
131
8
121
134
141
101
128
92
147
125
1
102
110
100
110
125
175
116
134
6
115
94
118
79
134
103
151
113
0
92
86
95
108
110
106
122
103
4
131
87
98
142
110
106
123
111
9
153
118
86
110
130
124
119
108
1
118
103
142
113
141
127
119
134
4
135
136
140
98
132
137
88
138
4
121
105
135
123
97
135
123
114
4
92
94
120
126
84
135
82
116
0
134
129
115
125
109
110
98
125
5
92
130
119
127
121
98
99
114
5
137
127
87
122
143
126
134
122
0
120
134
117
136
139
101
108
111
9
156
120
153
71
87
90
135
94
3
84
107
104
100
147
100
137
88
2
121
100
121
113
111
59
164
147
1
121
91
85
113
118
108
110
146
0
106
141
116
90
119
132
120
119
5
141
138
106
117
141
123
128
128
9
132
129
97
145
154
100
109
175
6
139
141
126
110
86
121
114
136
2
119
92
110
136
127
100
128
91
2
84
128
120
92
106
136
120
154
1
127
107
127
100
106
99
141
133
3
134
150
124
137
105
98
127
124
10
136
112
106
120
128
139
136
111
5
71
103
104
102
99
107
106
120
6
127
120
92
148
80
141
92
92
2
108
104
95
121
111
113
146
137
1
112
110
149
108
83
136
130
114
5
93
113
127
98
100
93
86
127
7
105
107
140
113
140
121
143
97
4
142
140
111
98
119
107
116
142
6
111
128
112
91
116
68
94
131
4
102
101
122
127
134
128
123
136
2
107
84
127
148
115
113
96
104
9
123
99
113
135
121
77
126
125
6
125
100
133
120
108
112
113
137
2
128
120
87
111
129
149
122
124
2
135
120
127
131
136
117
100
125
7
137
142
120
107
114
98
93
119
6
71
167
149
111
125
123
135
97
8
107
128
84
104
115
142
140
98
5
88
147
149
69
94
127
127
101
2
117
100
104
107
128
152
112
106
9
121
137
134
65
121
128
103
103
3
143
127
123
102
88
94
114
114
8
119
133
140
91
143
128
128
111
2
107
126
84
105
67
144
130
146
1
122
78
111
106
106
108
111
134
1
150
125
129
100
111
144
84
139
9
91
146
100
103
134
103
128
109
5
123
109
176
143
128
101
121
102
3
119
142
105
135
131
144
129
125
3
128
128
113
155
96
147
127
112
4
154
152
116
89
122
128
88
136
3
105
135
142
119
116
105
129
155
2
132
145
134
138
100
100
95
129
4
139
112
98
98
109
98
98
99
5
105
95
130
110
100
127
121
94
8
70
94
106
110
105
131
128
109
10
110
120
105
93
123
122
134
113
10
113
142
126
106
99
122
98
106
0
142
108
118
92
68
88
106
134
7
107
119
85
84
115
119
143
117
6
146
141
135
139
117
106
115
86
9
87
162
100
107
121
106
91
107
5
110
116
138
96
128
120
142
144
8
114
137
87
152
101
88
136
133
1
139
147
146
95
94
107
113
119
8
98
100
100
128
108
81
84
138
1
93
134
113
71
86
101
153
123
6
104
128
99
103
104
102
137
80
4
103
92
100
150
114
141
70
93
8
150
127
135
101
153
135
104
140
5
140
127
153
140
137
105
93
100
5
130
128
100
138
106
144
142
133
9
99
101
124
121
155
142
134
65
5
120
115
138
101
142
141
113
106
1
136
91
112
107
132
113
110
184
1
184
116
147
143
127
129
107
112
3
126
101
142
198
104
93
149
128
9
126
108
119
123
142
121
134
93
1
120
102
122
115
120
120
122
147
6
142
106
110
119
113
121
110
109
7
124
101
101
111
118
100
137
87
6
121
97
121
115
61
122
101
110
10
108
110
97
103
127
120
142
107
6
134
125
150
127
114
112
105
96
7
148
93
125
109
80
100
122
128
6
112
124
120
117
111
114
122
149
6
106
99
141
100
149
117
92
168
7
92
106
123
102
114
99
133
163
1
119
99
107
106
127
103
114
94
10
140
107
166
170
136
135
144
106
6
142
100
143
156
105
106
115
84
1
108
145
100
170
105
96
89
112
5
132
103
141
113
96
115
121
136
5
106
100
142
134
116
176
149
125
2
127
135
127
77
99
102
117
141
0
115
162
121
120
101
104
77
122
4
88
118
103
75
141
109
98
118
7
147
156
100
114
132
114
135
113
4
99
132
118
102
138
93
71
126
0
147
157
143
122
113
104
97
116
10
116
99
90
106
142
126
99
138
7
94
115
94
90
104
94
132
108
2
122
103
133
146
145
90
136
117
9
82
127
93
85
133
116
110
120
7
106
108
166
148
117
91
153
118
8
148
119
129
103
69
120
138
123
7
143
130
99
121
113
105
87
65
6
104
126
117
120
141
142
136
147
1
102
78
121
139
133
133
136
128
10
135
127
110
91
126
149
107
135
2
128
134
119
128
127
105
111
134
2
120
111
134
108
107
104
107
116
4
142
103
142
152
108
115
99
112
10
158
128
105
137
136
91
135
127
3
123
105
107
127
94
118
129
111
8
106
81
101
84
88
137
120
148
4
119
138
113
138
86
100
112
116
10
114
98
113
111
153
135
105
114
3
100
136
106
123
96
142
120
128
4
137
111
126
112
133
104
152
105
2
115
136
113
153
140
119
121
108
9
114
130
109
114
150
106
135
111
6
115
128
122
120
94
119
77
113
2
107
101
138
108
135
122
128
121
5
93
128
106
97
125
108
89
118
6
163
107
100
139
106
143
113
101
6
133
114
135
130
134
109
148
117
0
120
100
135
97
100
132
80
95
3
115
156
109
118
112
114
105
91
8
127
128
108
122
101
135
117
92
2
136
129
114
114
114
108
121
129
5
123
89
141
140
133
148
114
85
4
99
107
142
143
122
119
125
168
7
118
126
140
103
171
108
101
129
2
90
97
107
150
98
92
116
148
8
114
123
123
114
131
125
141
130
8
106
132
127
138
121
102
111
163
0
109
99
113
105
122
126
118
108
9
120
106
140
99
116
115
131
89
3
106
151
107
112
142
94
141
142
1
140
145
156
124
123
125
99
131
7
152
104
142
114
122
115
88
106
8
153
110
124
101
133
109
120
109
8
128
95
127
147
130
98
136
92
2
82
101
112
113
125
145
120
121
1
96
95
120
101
119
161
122
107
2
164
111
122
87
163
116
120
98
1
146
127
101
119
87
105
106
104
5
98
175
114
139
98
110
108
105
5
103
113
139
133
134
121
105
146
5
128
98
118
120
143
114
100
112
4
146
120
117
117
104
97
105
95
10
149
101
145
107
123
112
160
121
8
122
135
106
100
136
134
138
120
4
137
128
79
109
115
114
93
113
5
157
107
116
128
77
113
116
70
7
85
95
128
128
101
84
117
94
2
133
118
116
121
117
106
130
113
2
106
140
108
71
137
98
120
115
5
127
68
136
136
110
150
111
137
1
116
134
122
91
115
86
163
122
3
107
134
93
117
114
115
92
136
6
143
90
112
114
128
117
143
127
5
107
94
93
115
149
112
175
145
10
100
114
122
121
86
129
143
115
5
116
106
112
93
118
117
121
93
7
86
122
117
149
112
119
102
91
4
79
107
133
89
121
139
101
137
2
74
148
114
94
121
106
154
129
6
107
129
101
122
85
104
99
120
4
106
128
124
120
126
106
155
108
9
120
135
121
114
96
72
143
149
2
122
134
160
112
99
151
103
92
3
81
141
119
128
134
114
108
136
9
126
117
120
121
117
143
120
106
9
122
150
139
144
110
115
94
118
7
119
121
98
112
109
108
136
108
3
123
95
114
134
130
124
119
134
7
141
114
107
138
109
131
120
94
7
85
105
135
134
110
74
152
80
6
115
128
99
114
81
116
127
112
6
150
143
121
138
119
97
116
85
8
120
78
115
122
152
94
92
120
7
116
118
105
128
98
140
119
139
5
110
105
101
107
113
135
78
108
4
101
104
113
116
121
150
147
92
2
92
140
112
74
131
103
107
130
5
88
102
100
116
105
84
114
126
10
104
87
98
129
107
92
147
128
1
112
128
133
114
136
118
123
152
2
143
129
103
126
89
144
127
91
8
127
122
131
120
120
127
141
115
1
170
124
101
112
130
122
113
123
9
136
152
70
78
125
126
142
134
1
125
99
87
108
146
98
88
106
3
143
98
138
121
93
99
99
105
9
91
110
72
157
114
88
150
120
7
120
140
120
108
151
102
110
129
9
114
97
100
113
96
147
148
122
6
113
121
149
108
100
110
119
111
1
107
109
107
138
129
131
112
114
8
91
138
100
112
103
114
95
110
6
105
138
108
142
99
116
98
82
9
148
134
91
107
128
143
87
137
8
94
106
102
158
99
128
105
121
8
137
111
117
113
135
147
98
94
8
113
133
108
145
103
129
140
147
1
160
100
131
115
112
130
148
105
2
101
114
182
138
105
102
135
127
7
141
126
120
168
120
112
149
124
7
94
138
120
111
132
115
120
144
6
98
84
126
116
100
56
100
154
1
94
147
70
108
99
101
105
110
7
112
120
135
101
101
103
117
142
3
78
103
114
107
158
95
128
141
4
102
91
99
112
101
115
127
132
7
143
134
127
128
120
88
77
126
9
115
118
115
147
106
121
142
115
3
110
121
133
93
106
100
123
131
7
107
129
141
84
156
124
99
78
9
117
98
128
84
138
95
131
99
7
113
105
87
143
104
101
140
129
6
108
99
117
106
149
128
140
120
2
149
125
127
133
140
134
76
92
7
152
112
99
126
110
137
106
114
0
125
112
98
87
131
82
107
137
8
141
109
111
78
112
133
133
78
6
136
131
119
133
141
124
119
106
1
103
131
132
128
105
127
113
131
5
146
134
99
116
124
125
92
107
8
113
140
152
141
113
105
126
94
2
105
143
145
123
87
138
107
156
5
99
136
126
126
106
103
128
108
7
126
120
108
90
96
142
132
126
9
117
80
114
113
87
92
134
112
6
134
94
100
120
113
115
117
119
8
118
113
113
100
129
85
100
149
8
105
128
91
91
101
94
121
133
1
124
162
103
131
162
99
106
124
0
107
99
129
120
119
91
80
79
10
108
101
132
119
97
114
127
135
1
130
108
106
101
149
149
94
131
6
123
143
103
94
146
129
92
101
10
122
139
136
156
113
109
114
118
10
106
119
109
126
154
131
128
103
2
100
123
86
92
93
102
163
82
6
103
120
113
91
87
127
100
139
6
113
108
135
154
133
120
108
115
5
91
91
121
97
131
116
136
113
4
113
116
126
166
85
113
114
114
9
127
101
155
143
148
155
162
93
9
93
118
131
97
108
114
119
128
3
119
83
124
88
75
98
66
106
4
112
110
136
122
113
118
99
119
3
150
113
152
118
112
138
106
129
2
135
115
143
93
141
135
125
88
8
104
106
141
112
136
95
120
149
5
99
127
88
77
100
177
121
109
6
126
113
123
115
97
80
106
135
8
112
114
92
108
106
109
135
135
4
112
113
115
107
137
96
142
99
10
124
94
106
106
108
96
113
73
6
117
108
114
105
132
149
92
111
7
140
91
57
105
104
127
125
165
8
77
86
114
97
88
125
117
129
5
136
128
116
116
102
135
126
97
3
96
142
99
141
120
151
114
138
2
120
120
128
105
89
115
149
106
1
122
82
139
109
129
114
127
100
5
116
157
92
109
121
141
122
97
10
106
138
107
78
122
95
136
125
7
106
128
144
139
100
88
100
125
1
134
64
92
134
117
141
105
55
3
126
137
149
87
102
105
85
120
1
99
142
125
120
102
78
104
126
6
114
127
108
142
115
162
101
124
1
127
117
162
77
148
110
113
120
1
74
115
140
103
129
91
113
89
4
99
103
91
123
122
129
93
93
4
143
92
116
112
96
101
120
101
8
137
119
132
133
115
130
176
111
3
108
124
121
81
106
105
135
157
7
130
109
115
111
120
146
128
128
5
90
142
103
105
113
125
124
115
8
114
124
149
135
135
85
142
117
6
100
113
113
140
115
136
128
141
8
153
85
106
108
101
115
121
106
1
144
98
98
72
94
131
106
95
2
78
82
147
122
84
112
116
127
9
144
141
75
108
82
129
127
115
5
155
120
89
147
137
100
112
100
3
143
132
104
114
113
154
114
120
6
119
119
134
132
127
142
77
96
3
117
104
139
90
93
94
112
149
7
137
96
135
95
111
114
110
141
8
136
126
118
119
113
103
114
92
1
128
107
106
138
121
129
137
136
7
127
134
106
107
113
126
92
124
5
129
120
147
129
107
114
127
116
4
137
121
85
129
144
159
122
114
3
115
128
93
117
106
91
86
103
7
137
91
111
111
126
122
93
130
9
157
112
142
104
127
102
97
130
9
134
114
98
106
123
120
101
158
8
138
121
106
104
142
122
128
93
3
84
113
110
132
94
148
119
155
5
126
129
83
143
73
166
78
126
2
121
73
119
108
126
112
119
96
5
98
99
112
155
129
107
150
104
6
107
105
119
82
114
166
127
174
2
107
127
135
142
125
97
120
124
9
106
118
108
100
135
114
87
108
2
130
109
120
77
120
114
125
128
10
122
105
122
134
110
176
96
139
2
128
136
125
142
142
65
128
89
1
127
95
108
96
142
81
108
103
9
136
78
102
115
112
111
86
136
1
119
100
141
113
120
106
105
109
8
125
117
112
103
127
98
126
133
7
122
105
78
89
115
135
145
101
5
120
80
100
141
91
131
125
121
7
101
96
160
72
150
99
107
142
2
115
86
108
112
129
123
135
137
8
125
114
156
108
108
139
143
120
8
125
105
129
132
112
152
98
161
7
134
126
122
113
95
114
119
118
5
125
109
140
117
156
153
165
127
9
133
105
136
121
144
147
110
123
1
114
134
117
123
125
132
121
94
6
113
127
130
107
136
156
95
95
1
126
126
102
97
125
128
155
124
0
132
110
128
127
132
135
106
99
2
119
116
128
127
101
144
113
113
9
141
100
121
148
135
51
136
129
3
106
133
102
124
105
138
140
85
1
111
116
119
94
99
109
143
98
10
140
126
106
98
123
102
127
77
10
86
134
97
136
127
132
128
143
1
102
155
96
121
143
128
121
116
5
124
110
122
119
81
152
120
149
9
114
93
87
121
86
106
142
141
7
143
118
112
113
124
120
128
143
6
130
141
99
117
89
114
112
136
2
115
109
92
108
121
113
121
126
5
115
132
132
101
83
106
127
110
8
153
154
111
114
87
117
132
112
2
86
123
108
147
89
114
150
95
9
154
122
122
106
114
110
126
92
6
108
108
98
122
83
99
138
83
7
155
122
132
91
140
155
115
87
4
115
113
120
140
121
72
75
88
5
107
128
115
91
119
114
121
112
0
111
123
114
127
107
115
84
128
4
101
124
126
128
142
108
127
112
6
128
99
113
123
72
120
94
108
10
98
148
70
122
113
133
161
106
8
140
128
107
143
70
101
135
114
8
128
122
176
146
156
126
113
145
9
98
147
135
113
128
80
78
86
10
115
131
135
155
137
90
92
99
6
77
114
148
120
145
122
130
155
7
121
131
110
96
143
117
100
106
0
116
134
96
115
130
143
130
113
3
82
128
74
114
147
87
121
123
2
84
73
142
98
111
114
117
100
2
101
113
135
112
89
92
116
120
0
93
98
118
134
138
109
121
118
6
74
142
122
127
107
119
106
93
3
94
118
127
135
110
138
114
80
9
140
105
99
98
107
92
151
127
8
112
156
99
119
64
113
145
107
10
107
84
90
127
118
113
156
120
8
127
112
136
116
115
93
86
100
5
106
120
94
92
150
120
117
112
4
105
120
79
110
114
127
113
113
9
147
110
135
115
145
107
120
85
2
128
99
108
119
120
130
115
121
10
128
101
106
121
120
144
127
133
2
130
118
106
81
122
144
121
119
0
112
92
101
106
120
134
123
116
9
114
137
98
106
149
142
132
107
4
133
115
106
82
119
142
113
117

