15
4
7
5
2
5
6
5
0
11
7
5
9
5
7
5
1
2
10
9
2
3
4
9
4
9
7
130
136
123
127
114
149
108
151
4
101
116
77
142
86
100
109
70
9
100
150
99
110
99
94
126
93
7
100
92
126
154
162
151
105
101
1
110
118
112
132
117
139
127
133
3
78
120
109
118
128
88
121
120
9
132
96
95
92
130
123
163
111
3
85
144
135
100
92
120
127
128
7
131
149
113
117
112
126
142
91
3
121
127
111
81
108
75
121
105
4
115
120
142
105
85
113
137
99
3
104
119
133
128
146
123
148
116
9
114
103
128
134
135
127
97
87
0
95
96
129
125
139
106
112
135
9
121
134
145
112
89
107
118
89
6
141
112
124
84
134
140
155
139
5
120
117
95
127
128
125
159
112
7
82
122
131
141
164
108
123
73
5
122
111
111
130
91
106
82
108
3
122
115
130
113
132
132
107
120
2
146
128
103
106
135
130
135
121
6
121
74
106
91
122
114
105
112
6
95
78
134
98
90
114
76
99
2
121
95
116
136
122
113
103
89
9
113
131
123
86
105
107
107
106
9
142
122
106
129
151
114
115
107
0
121
94
92
145
140
127
115
133
3
121
129
141
130
120
137
99
112
7
106
109
142
126
93
137
168
126
1
134
115
104
120
113
140
168
131
7
101
135
85
128
86
101
108
110
4
118
120
99
105
121
105
101
127
3
108
96
120
132
124
105
141
133
4
113
132
95
82
95
135
78
119
2
130
92
150
122
105
124
133
110
6
156
110
106
126
128
120
121
93
9
90
111
129
120
108
109
145
122
10
102
113
148
143
107
101
107
96
1
111
126
109
113
144
99
126
131
4
105
120
93
114
95
92
176
113
6
127
121
155
119
143
135
128
119
9
120
120
93
114
114
144
131
103
0
124
133
105
114
151
144
121
122
6
126
97
123
95
140
105
147
111
5
130
102
121
112
115
109
133
119
3
79
108
125
88
121
133
128
127
4
129
149
106
106
99
133
126
130
6
90
119
129
142
111
130
134
152
0
119
115
141
106
101
110
123
114
1
154
104
114
103
109
127
118
119
4
107
143
87
111
84
86
115
118
9
78
84
127
138
93
135
88
92
6
102
105
92
112
126
111
83
141
4
120
100
85
134
81
129
129
105
3
124
102
128
128
126
106
140
100
9
127
126
115
87
91
112
100
144
6
125
105
137
101
118
123
156
120
4
103
100
87
112
132
130
121
105
3
155
103
101
106
126
100
108
116
3
153
112
100
144
155
115
117
114
8
104
107
127
139
156
90
148
113
10
103
78
128
104
155
105
97
121
2
87
105
153
133
113
107
133
141
2
115
141
121
82
148
127
105
130
9
152
83
133
116
110
116
88
104
9
104
122
133
100
113
84
103
134
6
146
108
154
135
120
144
94
101
5
105
140
114
127
95
120
87
120
7
100
95
141
107
120
134
114
93
3
108
113
124
120
98
125
145
115
8
117
127
145
68
140
88
104
120
9
149
131
86
126
123
121
150
77
9
99
125
92
130
106
120
104
144
3
122
134
129
133
107
128
105
121
0
114
109
105
99
131
110
65
114
4
85
92
102
107
140
134
99
105
8
120
148
120
112
135
127
135
139
8
148
117
134
156
128
98
112
99
5
100
108
115
124
107
132
135
90
1
103
119
113
141
142
93
148
105
8
87
128
90
126
145
158
144
95
5
135
87
107
146
122
121
129
104
4
92
151
102
63
102
140
106
134
8
87
112
137
74
97
86
145
78
7
139
115
121
123
112
127
99
163
6
114
81
115
124
165
97
94
113
10
72
112
125
109
120
133
140
107
1
105
108
95
157
119
123
135
121
5
128
127
130
142
105
134
149
131
4
95
107
88
130
114
105
113
144
8
133
112
112
146
106
138
149
155
4
102
106
133
93
135
112
160
84
5
129
95
119
112
136
139
94
140
10
121
146
100
148
113
128
148
112
1
98
128
136
124
115
95
118
106
10
118
83
89
119
114
126
110
148
8
156
144
136
136
79
144
107
113
2
107
143
133
104
127
115
105
86
3
115
148
94
85
100
94
137
108
2
130
135
122
94
101
136
78
129
6
109
136
87
125
110
143
112
124
2
107
107
106
99
135
104
120
111
9
81
96
140
99
92
107
108
75
7
150
99
152
112
113
97
115
106
7
141
151
128
135
78
111
155
109
5
92
126
132
170
87
98
101
130
8
95
116
127
110
110
120
113
92
4
156
93
138
118
137
124
98
141
9
129
102
106
139
128
69
123
107
0
141
156
95
122
122
124
132
119
4
108
106
97
133
120
80
101
171
3
118
116
126
135
96
109
104
150
0
109
126
145
103
130
142
124
123
8
138
123
92
96
93
126
103
85
5
113
112
105
142
135
136
87
114
7
138
149
101
100
127
99
110
121
10
83
122
134
131
103
106
105
124
8
135
117
96
117
98
106
134
119
7
111
149
146
142
91
135
133
121
9
109
131
121
107
135
98
129
133
4
114
132
100
94
131
128
137
116
10
77
125
116
128
141
147
161
130
6
117
85
98
73
141
98
138
133
8
123
100
113
110
157
136
120
113
6
98
73
134
125
104
119
111
117
10
137
134
127
131
118
108
95
131
8
103
102
131
140
126
135
103
102
6
94
100
90
105
106
107
164
86
1
145
118
136
126
142
106
120
128
4
99
134
115
135
133
124
126
112
1
124
121
127
113
142
71
139
114
10
110
84
102
100
114
115
59
85
9
102
90
105
121
144
124
135
98
4
77
143
90
133
130
119
85
84
0
113
86
140
98
112
112
87
106
10
100
156
118
71
124
138
136
120
9
120
152
84
106
147
145
121
128
0
155
122
100
112
119
115
119
107
0
159
115
74
126
113
109
139
145
0
160
135
105
155
98
113
114
141
8
106
104
152
140
114
97
108
113
8
131
142
116
121
143
106
120
101
10
112
142
82
119
72
102
116
99
7
116
128
132
105
83
130
92
111
2
107
92
95
109
93
106
116
107
4
144
120
127
77
143
116
144
107
7
105
127
117
132
113
97
101
110
7
79
131
123
87
112
127
108
142
2
77
98
127
71
141
113
106
119
6
103
143
123
108
136
122
114
134
6
129
128
161
104
127
157
154
120
10
113
111
105
100
120
121
129
128
7
105
66
76
110
135
71
97
87
1
121
121
164
116
102
121
86
120
7
119
71
100
102
128
130
72
134
6
93
81
115
143
105
163
120
106
3
155
119
72
93
91
112
93
92
1
118
112
99
121
118
123
127
69
3
102
156
115
142
101
134
131
131
1
112
145
117
93
138
66
114
135
8
130
94
117
107
141
143
112
98
5
106
105
149
94
135
104
107
124
7
147
126
106
134
134
128
119
96
4
91
107
145
95
108
88
99
140
4
110
117
91
128
115
120
122
110
8
91
131
118
113
138
113
110
135
10
120
129
126
86
99
93
156
126
1
112
94
155
98
121
88
113
114
7
101
108
134
99
99
123
108
100
4
100
121
129
121
117
106
129
149
7
109
155
117
86
120
116
100
145
0
122
133
120
98
116
83
114
117
4
89
95
102
141
110
126
134
113
0
134
142
105
134
80
135
130
141
2
121
164
93
121
104
89
119
106
2
109
135
120
85
136
100
101
100
6
101
140
129
108
110
121
141
129
4
105
103
127
118
120
122
130
96
7
148
127
94
151
107
145
157
129
6
86
103
96
131
114
120
92
77
1
82
136
134
161
119
101
91
139
7
121
120
113
98
132
86
142
115
2
98
136
114
101
98
114
112
130
9
100
175
92
129
118
129
120
138
5
115
138
109
132
136
130
133
90
8
91
129
119
92
139
78
139
116
6
155
70
123
110
149
110
93
129
9
108
107
146
114
115
144
118
121
6
136
129
114
77
107
67
88
126
4
121
121
96
100
135
108
103
91
3
106
121
97
98
99
139
101
140
7
82
103
109
129
103
148
89
78
1
99
124
148
139
134
100
84
130
2
110
114
141
128
106
86
115
109
4
108
84
164
135
100
126
131
144
1
106
98
121
130
119
131
112
110
9
125
100
128
132
135
139
73
100
9
111
95
128
88
121
136
120
70
0
115
130
122
115
138
130
126
123
3
92
110
134
178
121
104
121
118
7
142
115
136
90
117
129
108
115
2
118
169
113
117
121
103
119
126
4
124
85
137
107
115
102
121
135
7
119
105
100
123
109
103
146
126
6
121
144
85
103
149
108
111
117
5
71
146
106
108
125
107
109
90
4
117
108
86
127
99
88
100
144
7
107
137
124
120
95
100
118
74
3
118
98
89
128
108
132
126
135
8
127
114
138
132
102
124
104
107
9
89
149
143
143
134
128
147
136
6
140
133
111
131
92
135
120
150
7
122
123
120
98
106
152
122
106
8
93
108
149
112
114
161
86
115
3
79
112
144
117
99
120
106
105
0
105
126
90
147
100
115
109
117
3
135
89
134
95
107
121
111
105
5
119
120
125
109
119
134
124
137
1
119
108
72
154
97
105
121
143
8
104
105
134
100
163
124
108
144
3
126
119
132
134
111
104
111
151
4
162
99
130
131
97
136
127
145
5
99
128
119
128
126
118
115
124
0
99
130
115
95
102
114
134
88
9
88
131
134
134
86
98
126
135
9
113
94
111
128
73
101
120
125
4
72
137
104
73
152
109
135
105
4
94
100
91
102
78
115
135
133
5
144
97
84
141
127
121
92
123
2
128
94
163
112
107
128
76
120
5
110
124
117
104
131
93
99
161
7
93
100
127
107
99
119
121
76
8
112
140
98
121
156
114
142
91
8
111
133
113
168
125
126
104
96
7
85
127
166
134
138
77
103
100
8
113
86
114
110
99
123
143
134
3
112
134
78
111
114
119
126
120
8
135
100
106
87
134
75
108
155
1
128
100
126
127
99
119
94
150
3
112
112
177
97
107
94
98
151
5
119
140
136
124
125
146
119
145
9
134
156
120
108
99
111
120
128
9
129
124
108
114
125
120
69
138
6
125
157
142
90
134
127
85
70
3
134
100
77
124
114
101
120
108
6
142
117
128
105
98
121
121
112
8
108
92
143
147
125
106
114
116
6
95
94
120
131
116
116
108
140
5
101
129
93
115
108
82
156
114
3
100
121
115
82
102
104
129
103
3
99
118
127
123
106
112
99
78
9
105
117
145
119
90
114
105
120
3
105
114
142
101
108
121
85
147
2
90
120
112
130
103
107
108
114
10
120
88
119
52
80
113
84
98
1
169
92
106
129
85
160
125
93
4
128
106
126
95
94
120
118
85
5
106
108
115
117
106
122
65
133
7
115
120
106
113
95
112
100
119
7
129
119
128
113
79
120
98
119
3
139
86
152
134
128
104
120
140
7
117
91
94
141
117
119
113
155
6
129
113
94
118
142
103
116
129
8
95
124
141
97
116
99
101
114
0
112
120
128
136
135
149
135
78
9
111
105
104
110
66
135
135
105
6
101
127
93
143
101
120
149
124
4
163
100
101
103
133
129
112
114
1
141
94
143
79
119
120
126
113
5
110
95
108
151
112
156
123
114
7
88
98
149
134
75
125
99
119
6
119
95
114
114
139
134
102
124
3
144
109
125
149
150
119
114
114
4
140
139
139
108
128
126
108
100
10
86
88
141
124
105
99
146
92
1
128
80
95
115
163
128
126
108
3
140
106
136
94
134
106
121
135
7
107
89
135
127
113
74
133
140
8
53
134
127
84
134
96
99
129
8
79
94
96
118
121
104
128
148
4
90
99
133
147
134
95
136
142
1
122
58
102
108
113
81
128
104
6
134
126
136
102
70
139
151
142
0
122
153
100
113
106
159
125
153
7
110
96
142
138
128
128
102
89
9
139
126
127
104
150
132
99
143
4
106
133
96
135
142
119
157
95
0
96
127
82
133
120
120
79
136
3
153
139
109
166
125
106
110
133
1
87
136
105
120
121
142
114
119
5
90
120
128
125
83
120
94
136
2
116
99
114
133
153
98
111
95
9
118
147
114
91
132
135
153
125
7
125
140
106
102
125
134
95
133
8
85
84
115
121
125
92
122
145
4
78
105
94
113
103
101
119
85
8
110
113
133
102
128
129
86
118
9
127
94
127
97
131
113
161
100
2
91
106
129
75
107
101
130
130
2
121
138
120
143
108
132
105
119
5
70
110
128
134
141
122
100
147
1
99
143
116
91
130
113
103
100
3
124
93
131
59
110
119
89
148
3
121
109
116
141
113
115
97
121
8
139
100
144
94
138
134
135
99
9
118
145
95
88
78
114
139
73
3
113
116
97
119
135
126
143
139
5
144
131
119
132
94
118
107
113
8
100
102
136
114
100
99
170
134
6
94
122
120
139
113
124
133
141
0
163
159
124
121
112
140
115
117
8
102
99
116
121
98
117
120
100
6
101
108
74
149
142
73
132
130
4
123
134
112
127
136
113
108
121
5
58
104
130
89
87
106
88
107
9
121
110
114
116
120
120
103
138
1
141
152
124
127
106
94
129
107
7
103
107
141
129
136
112
113
85
5
111
119
118
87
120
135
139
68
6
113
95
96
95
108
105
105
109
9
109
140
123
140
132
94
113
119
0
136
133
113
145
106
99
91
105
2
105
133
66
114
108
127
149
110
9
71
108
149
127
127
115
101
144
9
99
93
101
142
148
94
145
135
4
92
86
92
96
143
123
140
114
1
157
139
114
106
107
105
141
121
6
126
87
135
120
162
141
79
121
1
129
141
82
116
127
127
114
113
2
112
115
169
113
162
133
88
114
8
160
104
140
112
105
152
91
162
2
98
138
154
150
114
80
116
147
1
149
146
136
147
87
127
116
141
3
99
119
105
132
108
88
111
134
3
96
81
141
128
92
143
125
94
8
111
129
137
165
145
84
136
64
8
116
122
94
79
101
154
121
120
5
85
106
131
93
111
143
99
104
1
106
80
90
127
148
138
128
120
7
115
107
113
93
103
137
108
141
10
123
148
103
135
99
125
98
106
2
127
111
109
86
136
86
127
94
9
105
119
111
145
93
133
93
106
7
145
122
99
71
147
142
108
96
3
149
143
104
107
86
123
118
117
6
142
102
121
152
99
125
101
127
10
96
154
143
147
85
95
133
116
5
107
103
107
135
83
106
105
152
7
129
121
107
102
100
121
102
161
3
121
94
81
153
85
92
156
99
9
122
125
108
134
89
148
107
149
6
81
105
126
107
105
137
141
86
3
128
98
92
92
99
106
127
117
5
73
90
112
132
115
133
93
121
3
127
124
145
68
106
93
111
96
7
120
71
136
139
117
122
106
91
9
133
112
91
125
119
109
121
113
3
100
102
114
112
102
154
106
128
1
148
129
139
126
140
109
108
143
0
120
100
142
92
119
122
91
123
9
136
132
112
119
116
117
97
148
8
109
90
115
93
134
104
131
112
2
71
113
112
99
151
107
123
111
8
135
129
113
120
113
100
119
132
8
80
111
112
80
97
130
86
145
9
94
106
110
117
98
148
132
103
6
121
117
137
93
94
84
120
109
3
130
117
115
92
157
117
119
101
5
154
112
121
128
138
137
101
60
1
103
93
140
122
127
104
129
117
1
131
108
108
116
129
92
129
123
1
129
131
77
141
118
88
152
114
9
95
103
136
111
114
87
106
129
9
107
111
138
135
145
138
104
109
5
126
143
98
86
92
134
90
145
4
103
98
107
139
120
92
115
127
6
128
148
132
168
117
94
156
141
5
88
85
143
156
107
133
131
107
7
113
95
136
96
122
127
123
91
4
133
128
95
117
147
109
112
81
7
130
106
91
128
87
109
111
128
9
93
111
106
131
93
107
130
119
8
99
84
115
106
67
80
107
139
7
112
118
170
106
107
119
94
89
8
141
106
128
123
158
163
124
133
1
89
113
112
108
120
136
119
147
6
114
92
98
94
113
143
86
100
6
114
145
126
134
121
150
117
133
4
126
133
105
102
95
155
117
122
3
120
98
108
95
111
141
78
107

