9
6
1
7
0
7
4
1
9
10
7
2
8
3
8
10
6
2
9
3
1
1
6
4
10
5
5
153
156
141
134
146
120
131
95
3
136
107
97
81
141
112
130
169
6
121
120
112
90
116
94
57
112
7
107
124
160
93
127
100
129
93
2
85
145
156
127
92
149
87
119
1
114
103
147
122
117
149
125
75
9
133
141
115
84
127
139
89
100
8
148
119
143
120
113
118
133
94
0
70
138
95
145
107
124
105
161
9
121
171
85
103
147
107
115
141
4
87
96
134
123
154
124
117
128
6
105
94
109
93
123
88
187
149
3
128
106
126
161
106
116
123
89
10
56
137
122
131
113
147
156
142
7
93
111
134
128
115
108
121
116
2
107
120
108
127
112
92
80
110
7
108
100
148
99
127
58
121
149
3
129
128
142
130
132
84
126
146
6
135
133
134
146
88
122
96
120
6
118
81
104
112
130
126
104
148
4
118
108
120
91
122
129
107
105
1
147
106
116
90
86
114
113
128
4
145
123
93
113
112
147
111
141
6
108
97
117
95
105
145
99
104
3
128
127
109
89
112
96
93
141
5
168
114
105
135
120
132
112
93
4
114
119
168
132
146
98
134
147
3
121
71
101
116
141
132
118
156
0
113
105
132
115
110
95
144
150
8
141
155
146
91
120
110
103
142
8
134
109
129
107
135
157
132
96
3
122
119
120
135
105
79
122
100
1
149
115
119
97
135
116
139
93
9
135
91
142
101
119
101
121
136
5
109
143
92
121
128
121
163
114
5
97
112
96
100
150
99
94
86
4
103
112
135
138
114
141
103
121
1
142
143
119
156
105
92
131
118
5
106
127
99
128
146
91
122
131
7
86
57
158
121
115
70
117
72
9
106
117
64
96
128
108
136
130
4
85
126
140
85
93
143
110
143
8
127
131
135
151
156
90
113
142
8
106
114
121
117
141
131
127
99
1
116
114
127
111
95
106
98
155
5
133
99
110
115
120
122
123
158
9
99
126
170
120
84
110
104
142
2
128
93
113
107
127
98
105
126
2
137
107
84
127
101
87
65
92
0
124
128
125
102
118
112
133
128
9
103
135
110
99
131
98
107
139
8
114
114
143
156
127
128
99
154
2
99
156
129
124
110
123
148
111
10
152
101
93
120
100
96
114
104
6
125
107
137
113
111
112
125
104
3
152
99
156
159
129
113
91
108
1
100
98
127
135
125
120
142
105
2
151
118
136
104
106
101
109
111
6
98
109
124
156
110
115
114
128
7
113
132
134
96
141
95
105
143
1
105
128
112
105
107
129
122
114
7
144
131
128
74
135
106
120
127
1
108
112
117
88
87
83
106
96
6
65
97
128
146
98
114
134
113
8
117
91
100
156
118
103
100
128
2
106
160
118
123
125
129
111
113
4
73
107
114
125
100
135
109
128
10
135
154
101
106
155
139
121
138
5
135
104
117
128
102
100
149
107
5
104
94
140
113
127
115
124
130
4
121
130
99
86
95
107
146
111
9
120
142
116
168
128
126
91
133
4
125
73
113
121
87
132
134
96
5
137
102
104
121
127
117
173
139
4
105
143
100
111
126
128
129
139
3
93
112
134
123
123
110
112
134
9
119
128
118
123
119
117
114
106
1
121
92
122
142
93
125
88
106
2
142
121
122
145
113
85
83
90
5
154
125
99
140
124
117
100
92
3
118
142
114
121
134
112
71
150
5
128
114
135
120
147
109
93
100
6
99
119
134
116
114
123
92
117
7
103
101
120
98
138
135
103
133
6
112
142
87
109
120
115
132
105
0
107
111
101
149
129
114
113
146
6
107
121
140
98
110
104
98
106
2
101
170
120
139
118
106
129
143
4
128
147
99
118
157
113
100
144
6
127
144
112
108
136
93
130
141
1
111
99
94
120
118
95
95
145
5
120
127
74
90
102
109
115
122
7
124
94
112
150
109
135
95
103
1
106
106
127
126
118
129
87
125
2
139
120
135
128
116
127
119
111
4
155
129
130
135
101
108
108
120
2
146
119
121
100
157
125
149
127
8
126
127
91
106
120
144
136
120
8
103
129
132
117
123
127
101
77
5
135
115
127
73
147
107
138
117
7
98
136
92
137
100
111
111
144
7
127
128
83
98
130
119
105
119
3
116
105
125
113
121
137
103
124
8
143
87
135
101
82
146
85
120
9
149
109
130
100
120
120
126
114
6
150
78
113
99
128
87
149
162
10
120
136
65
128
84
137
95
155
6
121
107
84
146
105
146
88
103
2
118
110
78
129
106
152
120
136
6
115
112
118
128
109
123
130
98
7
134
137
116
116
136
93
120
51
2
142
80
137
120
121
144
113
134
3
128
112
119
142
100
149
121
151
8
103
145
128
91
140
115
115
106
3
93
115
98
107
120
112
117
89
4
78
122
118
131
112
103
120
112
5
131
88
133
108
130
162
138
142
8
86
103
121
136
109
106
134
100
8
103
127
102
154
124
104
93
94
8
129
74
114
87
102
146
171
128
4
95
107
120
132
138
106
129
124
1
116
119
128
107
106
121
125
169
9
125
114
127
132
120
113
134
112
10
93
94
132
140
104
114
86
136
7
122
134
105
127
128
135
88
141
1
125
126
106
115
157
98
156
115
4
115
129
92
142
105
104
141
113
10
131
97
100
125
111
82
114
142
6
135
115
107
98
142
107
128
102
5
154
93
128
70
104
114
137
85
7
132
106
97
145
98
121
109
79
5
110
148
87
94
119
133
90
113
1
122
126
121
84
128
108
108
122
3
99
145
106
156
125
133
158
99
3
105
94
99
126
146
114
72
105
7
131
115
74
109
152
161
97
149
6
99
143
127
80
87
119
127
114
2
136
117
126
91
136
92
115
91
9
123
85
119
122
132
135
118
143
7
107
115
125
104
108
135
104
120
2
107
150
129
121
117
110
141
99
7
107
122
142
127
114
118
77
98
3
80
106
132
133
107
128
116
130
6
94
114
128
134
128
121
140
138
9
99
127
93
142
123
131
129
85
8
78
113
121
102
123
117
115
103
5
98
71
80
120
101
128
128
115
3
122
106
89
123
131
112
105
94
6
125
101
113
118
134
106
126
137
8
112
154
79
119
91
109
163
149
5
70
144
106
85
134
114
122
90
0
143
99
120
105
155
129
127
150
6
97
133
100
77
106
93
92
108
9
150
154
81
126
141
98
120
139
0
129
115
107
129
133
133
118
110
8
129
155
123
87
119
121
112
143
3
135
100
122
148
111
128
108
142
4
143
136
93
162
130
75
128
94
1
138
111
92
126
110
108
73
169
5
121
109
132
111
150
136
118
122
1
107
79
106
142
87
127
109
108
1
113
114
126
93
101
129
135
127
7
133
104
106
106
96
96
153
107
6
160
143
148
108
122
121
119
116
3
126
137
127
137
93
119
109
92
4
138
107
102
126
111
73
113
144
8
129
131
128
113
110
100
128
140
4
113
115
141
91
114
125
96
120
6
100
177
127
106
103
127
120
109
3
91
129
114
155
115
107
109
120
2
114
103
131
105
141
142
111
119
10
113
114
125
78
112
100
111
114
5
113
101
143
92
112
113
99
118
2
109
108
112
124
105
108
160
129
1
135
121
88
96
137
130
98
100
4
122
136
100
115
154
113
92
129
0
101
85
125
109
94
154
130
96
5
138
120
106
142
136
98
120
107
1
151
119
99
122
88
126
91
100
8
139
119
106
116
85
65
118
66
0
129
123
160
115
88
122
135
135
4
112
134
128
118
121
105
111
100
7
132
110
84
120
115
152
123
105
7
100
114
88
96
140
146
129
119
8
157
144
133
142
78
119
133
168
4
118
133
93
92
100
136
122
92
6
110
80
124
108
113
93
110
99
2
108
144
106
120
100
119
131
89
0
128
110
131
126
141
171
133
141
3
133
149
100
119
142
120
122
129
8
156
126
129
129
96
119
81
133
10
132
111
141
100
139
108
134
105
7
110
114
133
119
107
109
85
108
9
65
73
94
118
117
101
112
164
7
88
106
112
140
112
130
107
117
0
133
108
105
107
126
106
163
135
4
103
137
83
99
96
98
121
119
8
154
103
171
125
111
145
125
125
5
129
127
96
126
143
109
98
143
7
111
138
104
125
121
99
104
120
6
107
129
125
134
90
173
115
129
0
113
115
135
101
110
156
129
124
9
133
88
126
130
111
113
131
137
1
91
128
93
85
123
121
78
120
5
156
118
125
94
123
119
135
128
7
109
72
106
135
91
121
109
87
1
158
112
116
142
117
110
110
136
10
100
120
90
127
137
88
142
92
2
106
121
98
127
120
106
108
162
4
99
155
108
128
113
113
127
127
3
133
98
130
134
121
103
108
79
2
147
131
141
142
114
98
112
121
6
85
120
88
117
137
96
146
140
9
138
140
100
125
103
102
96
107
7
138
97
134
112
108
85
108
121
10
104
132
140
116
149
105
86
140
7
120
133
107
107
177
129
112
138
8
121
109
96
120
133
116
128
114
0
119
133
82
120
158
115
130
113
1
92
124
114
123
83
105
115
70
1
113
139
97
121
104
110
118
128
1
98
114
100
133
118
113
98
107
4
132
127
104
93
111
126
133
118
0
141
162
120
130
153
149
144
121
7
121
134
107
136
108
122
103
127
4
135
121
113
112
125
121
143
104
5
96
108
91
120
142
139
103
151
0
118
131
91
138
92
147
114
111
0
115
122
140
92
133
134
128
70
0
140
115
92
90
80
143
159
134
3
82
84
133
137
128
118
140
141
3
118
98
115
113
99
112
97
99
7
110
143
134
128
81
91
97
76
3
146
112
100
125
109
96
108
55
1
144
124
132
103
157
148
120
128
2
96
126
86
118
115
116
118
128
1
92
99
130
91
142
133
108
107
6
96
132
130
82
81
109
100
85
2
120
107
144
90
142
121
104
82
6
92
116
74
125
177
126
142
136
5
128
124
111
97
137
116
64
133
0
113
120
141
95
129
136
111
85
9
105
105
109
143
105
79
100
137
1
112
113
99
101
122
92
80
88
2
108
140
128
82
100
120
96
113
9
141
155
104
133
119
98
114
107
6
124
157
113
157
98
120
92
129
8
121
131
135
101
81
91
140
124
8
91
122
127
114
113
119
108
121
1
130
136
113
122
85
124
135
113
9
113
125
127
120
132
113
141
124
9
121
128
120
111
105
114
123
80
9
125
102
113
114
127
75
119
109
7
105
126
132
97
142
128
119
133
4
146
91
99
135
101
127
107
89
4
121
102
150
99
103
126
143
133
9
133
92
118
142
129
141
140
110
5
99
105
146
122
108
108
140
107
3
138
149
108
98
127
143
136
114
2
113
121
134
128
140
123
129
96
0
127
143
107
129
141
111
112
126
9
118
156
140
139
112
77
104
153
6
109
121
121
136
100
121
106
94
7
133
136
140
98
118
113
133
127
9
124
87
124
87
79
99
84
87
7
124
134
137
97
114
116
84
132
6
74
120
131
131
142
114
143
114
8
107
78
123
140
160
88
142
97
2
148
146
93
88
135
92
148
101
7
75
125
113
133
129
148
86
125
9
99
104
135
85
131
88
88
95
3
129
121
81
117
112
125
72
100
6
134
152
120
116
128
125
105
134
10
96
110
116
82
113
122
74
108
7
127
141
140
127
135
79
100
101
8
134
133
126
113
115
105
135
122
6
121
78
91
99
149
110
93
136
1
112
143
120
108
109
117
122
97
7
119
129
114
124
116
120
133
94
4
125
141
100
107
87
112
128
142
2
137
99
116
79
127
128
140
125
9
119
108
93
114
95
135
114
151
5
119
128
98
143
141
161
93
124
4
105
116
115
113
78
110
146
124
3
157
115
104
98
142
141
143
120
2
117
121
117
108
91
133
168
146
7
143
139
148
120
131
129
149
121
8
80
122
85
142
128
113
111
105
7
141
139
122
119
121
127
105
151
1
119
97
127
128
127
133
134
114
7
114
97
117
106
79
107
119
110
2
107
145
112
107
96
95
150
76
4
72
121
142
97
129
131
77
136
5
102
120
105
135
114
132
71
123
2
109
118
101
121
162
114
113
140
9
125
134
97
128
105
135
114
113
6
116
143
138
117
136
120
91
135
0
93
128
132
100
142
101
143
130
4
115
136
114
86
129
133
113
51
8
128
134
91
127
80
113
113
139
7
132
128
123
126
120
117
147
88
9
108
113
126
134
137
107
159
80
7
106
114
117
72
96
125
128
134
2
135
119
139
107
96
134
129
102
8
112
120
110
94
81
127
94
92
9
114
120
124
85
92
118
104
136
6
116
148
89
101
112
94
134
96
6
126
130
130
86
128
110
128
152
4
123
106
134
134
92
96
116
133
6
107
95
130
99
91
134
109
116
3
117
116
121
134
127
122
138
143
2
121
95
124
113
110
84
101
117
1
122
111
126
119
111
94
113
115
7
86
105
129
100
93
127
114
114
7
143
126
127
131
152
125
142
107
8
106
104
132
112
110
128
88
132
2
147
106
120
98
106
116
135
129
6
115
88
106
96
92
90
121
107
5
142
144
136
128
164
86
101
133
4
114
117
125
138
92
86
97
113
1
144
89
145
121
103
56
111
148
6
114
87
125
93
99
107
130
112
2
158
125
155
111
107
103
130
119
7
144
135
119
120
83
122
114
91
10
92
129
141
97
102
85
89
114
5
110
122
144
92
117
111
119
107
4
124
194
107
115
134
82
141
128
9
135
89
120
130
94
114
115
142
6
92
127
125
96
89
88
99
106
6
127
108
118
106
114
109
84
101
4
80
147
144
106
106
106
97
121
2
111
148
134
106
103
96
112
148
9
119
110
102
73
115
78
152
132
9
112
126
130
115
92
117
106
128
9
94
122
161
135
96
108
112
133
1
127
147
146
146
124
92
146
115
1
75
114
131
150
122
128
92
122
6
161
139
125
68
157
96
125
135
3
114
106
99
133
164
143
139
99
5
112
115
114
136
112
98
100
119
1
100
114
93
145
80
128
94
138
2
79
122
124
104
130
134
127
80
6
89
92
125
109
127
84
116
93
7
110
92
93
102
155
128
126
127
6
150
118
94
134
100
129
119
119
3
118
121
126
114
137
129
114
133
2
135
113
99
114
113
139
132
146
5
120
77
111
127
155
136
98
106
4
124
146
118
143
183
95
126
148
9
163
121
111
73
111
144
141
133
9
91
126
94
93
141
122
86
171
3
129
113
65
104
134
135
133
104
3
99
99
121
96
113
86
83
155
8
94
119
117
114
128
138
103
120
0
100
98
132
87
136
102
120
121
1
156
161
120
103
114
107
106
134
7
122
135
122
93
121
127
95
131
5
103
99
155
105
108
105
114
84
2
75
129
127
81
112
115
127
132
4
141
94
140
136
125
88
142
134
5
119
136
148
129
91
127
94
136
6
130
139
150
103
113
115
107
97
1
143
150
99
127
152
134
137
128
6
138
146
127
122
114
150
162
126
2
152
108
130
137
128
121
121
113
8
105
133
102
116
79
99
92
99
1
105
118
106
136
91
81
129
122
6
164
137
103
123
113
118
144
105
5
58
142
126
111
95
100
135
105
7
128
86
111
158
138
136
126
87
1
107
113
123
133
155
122
120
109
5
140
140
107
124
119
120
130
97
0
112
134
101
137
98
119
95
124
4
106
129
86
135
119
134
131
89
4
122
155
117
85
83
148
141
86
3
130
112
82
107
114
119
137
139
7
109
127
126
79
107
136
130
130
4
94
106
139
139
98
152
113
104
5
139
135
121
120
92
96
110
130
3
157
90
112
107
149
86
92
127
3
111
105
132
121
150
128
73
87
0
106
114
67
103
106
103
134
107
7
132
156
112
122
131
128
120
114
10
112
106
105
122
98
92
121
141
3
97
128
125
128
126
123
94
100
10
102
144
119
128
142
89
123
127
2
103
146
126
94
101
101
107
113
7
114
89
133
155
135
96
93
137
2
125
84
107
113
141
142
109
107
1
104
141
128
100
103
101
112
117

