16
7
8
3
0
6
6
4
4
16
8
2
2
6
1
3
8
2
13
7
8
9
10
3
10
2
2
113
135
146
111
119
103
168
99
5
80
120
112
134
117
135
141
117
7
101
106
134
133
127
142
99
78
2
88
109
129
117
125
135
121
137
9
127
123
124
113
80
91
131
146
2
150
126
140
113
149
89
151
112
9
101
120
141
108
146
128
126
145
1
99
140
127
124
138
104
114
99
8
152
140
122
95
113
120
129
97
10
142
119
99
107
136
112
98
149
5
120
93
132
90
80
110
120
121
0
127
101
99
161
116
123
101
119
6
116
100
95
115
94
95
128
91
7
106
93
122
118
134
121
65
122
7
113
141
163
124
106
163
110
131
7
121
121
99
124
131
110
80
146
2
142
117
126
136
111
126
145
114
7
73
123
84
80
127
119
85
99
7
107
115
132
129
111
86
112
156
9
107
70
120
151
105
101
99
136
0
143
127
143
100
100
123
114
114
3
127
90
154
147
128
153
68
140
1
122
117
123
121
164
96
123
141
9
108
124
133
141
102
163
111
107
7
117
130
117
121
134
95
115
133
3
78
98
107
100
98
113
121
123
3
122
124
100
97
169
127
126
86
6
153
108
120
87
107
139
126
136
7
119
133
107
148
122
116
120
143
1
112
119
118
109
97
134
143
151
7
57
112
141
92
145
80
134
81
3
89
106
98
75
106
139
122
113
6
73
140
105
139
106
87
121
125
0
128
116
129
122
110
119
106
114
5
110
98
125
121
113
127
108
144
1
117
123
123
128
86
88
103
127
7
116
112
168
113
107
118
121
120
7
116
109
136
116
122
102
130
135
5
121
117
138
84
102
120
120
119
7
105
93
88
96
100
114
106
106
9
113
148
133
110
85
103
124
122
3
103
112
127
93
110
116
134
108
1
93
86
86
119
113
115
123
121
1
100
153
116
139
135
94
142
118
8
148
102
100
118
99
94
116
95
7
101
104
105
115
108
138
128
119
10
92
115
123
99
143
117
86
119
0
114
109
116
111
124
148
92
106
5
96
127
125
108
127
141
119
70
4
148
96
166
135
133
124
139
127
6
120
99
91
131
113
139
131
112
2
101
154
93
145
156
108
120
136
7
112
133
117
85
150
123
133
92
2
107
107
110
140
114
106
86
101
4
101
129
98
108
115
128
119
121
8
113
102
106
99
140
79
135
135
5
124
126
109
101
124
80
113
115
8
101
141
134
107
140
128
87
113
9
134
122
146
133
154
137
113
109
3
99
132
120
121
71
112
85
116
7
103
116
124
154
154
145
90
169
1
137
157
108
112
113
91
128
96
10
103
95
113
141
113
105
142
123
7
140
131
122
105
94
130
117
106
9
108
96
116
112
107
110
128
136
1
112
113
90
163
115
141
111
88
3
127
122
108
127
108
109
105
122
6
126
148
113
133
150
91
120
128
8
120
113
134
114
145
117
85
107
5
134
120
96
155
117
128
106
112
7
111
131
108
139
133
84
117
99
9
124
112
121
85
140
138
82
129
2
168
133
112
102
77
80
110
114
4
91
113
128
100
129
170
119
128
7
99
133
144
115
124
127
105
136
5
103
101
100
133
110
125
128
107
3
133
100
115
125
99
95
117
132
4
86
142
134
126
135
102
136
99
0
151
113
86
120
134
138
117
125
8
120
105
107
88
86
108
133
138
4
104
99
105
134
162
113
105
143
6
108
131
86
141
167
119
141
123
4
136
113
98
74
121
116
109
136
8
101
146
100
128
115
154
107
97
1
149
122
149
127
145
149
118
121
5
124
127
155
99
107
115
124
130
0
99
103
123
99
107
130
89
127
2
157
101
107
132
120
103
110
113
3
158
128
135
141
122
142
113
136
6
99
100
100
106
136
118
83
99
3
119
110
112
121
100
128
114
125
3
102
101
123
129
140
112
94
109
1
139
127
99
138
117
126
91
99
8
114
90
114
76
72
114
117
129
8
150
138
140
124
76
102
78
116
8
99
139
105
120
92
119
113
90
9
135
90
115
130
120
119
108
107
2
129
119
131
127
155
121
105
132
1
106
121
85
108
100
136
90
120
9
160
120
119
132
141
97
84
134
3
159
100
142
146
122
120
85
169
1
131
114
134
117
154
112
99
126
7
103
101
84
156
126
98
117
63
7
88
111
135
139
118
130
113
161
9
107
92
119
127
136
95
121
81
2
130
145
158
119
109
120
98
99
2
121
130
105
123
117
124
119
115
8
112
124
128
125
115
93
96
141
9
55
113
122
100
131
128
71
117
8
117
153
84
127
114
120
115
125
3
121
119
123
99
85
113
106
140
9
128
157
99
134
133
138
143
107
7
116
92
116
109
141
114
86
158
4
140
99
100
111
129
128
133
101
5
102
143
98
106
100
132
143
122
7
121
117
134
124
113
126
113
88
6
137
127
142
97
86
108
141
87
4
86
63
133
141
121
79
117
105
1
102
98
118
91
150
113
121
100
7
103
112
107
128
107
132
98
121
5
124
138
115
147
120
116
107
122
2
137
101
101
98
114
142
113
136
3
122
118
137
103
99
120
135
119
8
91
106
167
85
105
149
107
135
5
135
91
119
133
128
92
136
127
6
128
80
85
83
100
110
140
117
5
104
115
97
115
161
121
147
122
1
121
126
118
91
119
121
94
89
9
145
142
108
156
119
118
123
138
4
122
104
119
141
150
111
145
168
4
134
96
107
120
143
117
101
128
3
139
115
101
101
120
107
133
115
4
120
141
113
107
127
90
80
124
2
90
104
115
114
140
108
108
110
4
122
143
84
108
87
141
124
129
2
100
110
139
121
109
80
120
153
5
95
144
115
72
156
84
122
107
2
140
112
106
98
123
149
99
142
8
112
119
107
112
148
128
124
108
8
133
125
108
106
99
94
69
141
1
112
121
114
143
117
130
101
101
6
112
114
113
120
115
122
162
138
0
117
107
128
130
119
148
138
86
8
121
112
127
96
139
131
78
123
5
81
113
98
102
121
120
117
117
7
123
148
98
107
93
136
113
142
4
116
115
120
101
106
155
88
110
0
123
131
148
103
120
84
109
98
1
117
114
140
115
129
113
122
98
5
117
107
121
78
128
100
142
112
1
112
105
114
105
136
93
109
96
2
139
86
161
107
146
118
136
98
4
138
123
138
131
99
107
85
103
9
194
107
139
110
157
97
147
122
2
63
137
119
128
115
155
121
90
5
96
101
109
119
119
109
114
78
4
115
142
86
95
126
119
131
93
0
119
96
128
92
141
105
122
166
8
87
73
127
128
124
114
85
98
4
138
158
102
142
145
102
160
130
7
139
131
109
122
127
133
105
98
10
92
131
100
121
127
120
154
110
5
129
127
92
127
142
103
110
87
5
141
116
97
124
99
124
112
140
9
167
114
114
93
92
145
91
155
0
133
148
105
145
95
108
110
78
8
154
96
125
119
84
146
112
141
8
108
122
160
134
121
142
114
101
5
144
139
127
91
116
113
115
103
8
134
111
136
106
119
114
133
155
0
105
88
156
113
123
128
95
117
3
107
133
147
129
137
93
108
122
4
88
80
138
133
125
94
126
129
8
107
94
102
150
111
98
117
129
9
140
127
141
149
112
120
126
111
3
98
84
115
103
120
101
106
100
4
135
117
121
128
97
132
100
127
5
119
123
147
113
99
114
115
148
8
139
93
104
125
102
127
132
141
2
93
133
138
98
100
103
134
97
2
140
92
116
100
121
122
120
108
3
158
95
113
98
108
143
107
119
7
128
98
120
149
118
156
123
127
2
105
111
92
143
126
128
134
128
6
117
124
90
102
135
148
109
95
8
114
141
110
80
105
118
92
113
6
115
120
124
92
130
74
122
129
8
105
120
104
158
147
101
98
111
2
91
77
142
123
107
165
104
122
7
97
121
114
126
115
88
92
140
7
106
128
129
122
110
140
136
142
6
133
106
110
122
102
123
100
134
5
146
104
95
132
101
115
129
96
6
91
141
95
94
113
107
106
100
6
114
158
114
70
109
149
108
56
1
136
143
84
113
106
118
77
129
4
108
44
133
118
141
102
110
121
2
154
113
129
135
112
63
126
119
7
150
79
98
112
136
113
112
98
6
114
104
130
105
107
130
83
135
6
96
128
93
97
134
142
126
136
8
125
115
117
113
120
113
123
124
5
119
117
105
155
113
142
167
107
9
129
154
161
100
114
142
92
128
4
92
101
99
133
144
155
151
132
3
86
118
105
112
105
147
88
119
3
89
96
106
93
167
134
65
115
5
112
100
135
106
123
90
94
97
7
99
129
92
115
106
135
94
127
8
105
133
112
89
140
86
126
104
5
105
135
134
93
159
145
72
149
6
107
130
107
143
110
104
157
125
7
113
132
144
127
89
106
109
148
4
121
149
80
107
70
121
134
148
1
121
118
121
120
102
86
113
150
10
78
125
114
146
94
128
114
105
7
126
114
117
118
86
134
145
150
0
87
121
78
136
91
128
87
129
8
125
116
120
90
114
112
99
151
4
148
121
122
127
99
121
122
139
0
135
108
116
112
118
113
127
108
5
125
101
131
101
121
97
130
130
9
99
108
103
142
127
129
146
108
7
139
101
134
114
122
131
122
149
8
128
71
122
123
134
134
103
114
3
93
171
114
119
100
139
136
105
4
141
122
121
134
100
128
136
99
7
78
128
149
128
118
121
133
142
7
93
103
149
123
117
92
103
144
3
122
83
108
122
114
121
110
106
0
119
128
114
94
149
135
105
113
6
84
110
161
120
101
142
126
104
0
121
120
105
145
120
134
72
126
6
96
92
131
118
98
124
133
141
10
115
102
113
93
126
137
142
81
1
107
92
90
127
121
103
121
140
7
121
117
111
122
121
103
121
96
0
122
96
106
106
128
123
121
113
2
101
126
83
113
107
73
104
125
7
150
92
126
109
112
119
84
122
6
139
72
111
123
159
91
129
150
10
118
84
92
115
119
88
85
125
0
100
134
120
108
129
88
94
116
4
134
112
140
127
140
120
99
99
7
81
99
98
121
128
106
120
141
0
99
120
137
99
74
116
108
119
7
93
90
143
124
134
142
134
123
4
98
115
129
97
121
128
103
148
9
107
106
117
139
141
103
100
91
8
59
106
106
129
118
119
92
91
2
98
128
85
112
93
98
163
117
7
96
127
92
152
130
114
92
137
3
163
124
119
114
93
115
119
143
9
112
103
164
122
134
98
114
128
0
100
109
115
128
127
92
108
88
1
142
109
134
81
104
117
144
93
2
118
115
93
123
144
136
87
122
1
115
79
135
120
142
120
80
109
8
133
74
142
116
148
100
122
92
6
127
128
135
111
127
91
131
109
9
142
104
115
143
117
134
139
118
7
109
92
109
88
86
121
175
124
4
91
114
140
141
87
86
120
135
10
143
108
158
123
109
111
127
90
10
93
92
130
115
91
138
127
159
0
83
145
96
121
116
131
111
114
0
120
114
129
164
95
114
85
106
0
114
136
126
143
130
157
106
127
9
106
125
122
108
128
111
107
142
9
112
176
122
106
138
133
127
96
8
82
133
100
148
126
99
113
141
4
117
135
82
127
108
112
142
88
3
100
102
132
142
112
159
86
110
5
92
145
104
96
111
141
85
118
1
129
127
111
107
97
117
158
141
10
115
105
129
127
106
64
110
122
2
126
128
127
140
106
120
106
86
6
146
131
147
114
106
152
116
110
5
84
118
144
119
95
137
126
92
3
95
139
136
106
100
91
126
132
5
135
107
106
155
101
150
130
138
9
108
101
92
128
106
126
126
125
8
131
125
132
127
142
169
119
143
8
127
151
128
137
118
124
139
81
5
86
103
113
126
118
147
150
114
0
118
88
98
129
122
111
128
121
4
135
74
117
119
154
86
93
149
9
127
97
124
105
108
118
136
115
10
122
161
85
126
73
101
118
132
9
97
142
134
104
129
115
97
126
8
101
126
102
156
129
119
107
128
2
119
100
121
125
105
105
102
105
3
151
112
133
97
137
114
110
143
9
143
138
108
126
99
73
97
107
2
119
118
107
114
126
94
68
128
3
104
106
105
120
105
93
185
101
4
110
86
77
162
97
164
122
93
7
78
115
107
136
136
87
66
121
6
86
105
122
94
121
122
96
92
8
117
79
113
104
129
128
108
101
4
142
119
136
126
120
64
113
137
8
127
101
113
114
105
123
139
150
7
107
115
85
119
90
107
86
101
3
114
137
107
114
103
139
113
100
4
102
108
117
113
92
112
154
152
0
101
127
132
128
101
85
119
124
1
139
107
107
84
112
113
137
133
1
87
94
115
124
109
122
108
116
8
109
94
132
127
135
163
121
135
1
135
122
106
153
107
99
106
108
2
84
98
101
129
129
128
118
101
7
105
119
123
155
99
90
124
103
7
119
114
123
111
99
119
77
114
8
162
123
112
128
96
133
87
96
1
128
138
127
119
95
113
99
123
0
128
105
109
87
123
122
126
93
3
134
86
121
120
97
112
149
132
8
122
162
120
112
149
134
146
115
5
110
65
126
149
167
114
139
140
5
127
98
105
72
142
86
143
144
4
79
116
146
114
142
121
120
140
5
147
116
120
163
115
86
98
86
6
119
134
119
108
101
137
124
107
7
117
93
122
119
127
133
108
149
9
71
111
122
79
129
119
118
92
3
126
122
120
120
106
132
108
104
8
135
110
121
128
140
97
134
121
4
133
106
100
106
117
141
138
138
8
150
105
128
124
137
121
129
164
5
91
108
95
102
127
142
133
100
5
127
107
116
98
153
102
137
122
7
114
105
124
99
100
118
88
110
6
142
126
139
128
135
120
125
140
5
120
136
129
113
99
108
117
106
3
110
117
96
149
119
142
94
135
4
99
137
113
141
130
93
101
78
0
91
79
138
103
118
127
119
126
1
107
140
92
175
147
119
133
80
6
86
147
138
84
113
98
105
103
5
127
113
140
152
127
105
133
124
10
178
140
99
115
108
123
135
136
5
161
99
111
127
128
101
110
140
6
113
102
111
134
115
144
73
134
5
109
129
95
111
107
106
112
99
5
105
151
97
141
101
134
120
98
7
98
103
129
123
79
129
113
78
8
150
98
122
106
152
85
143
98
9
85
128
148
79
95
107
85
154
1
155
146
133
108
91
127
130
111
4
133
135
96
99
92
121
116
114
2
99
119
122
130
148
107
113
148
4
83
95
121
143
122
122
114
99
5
148
78
113
120
98
135
130
127
7
159
101
121
61
126
135
132
148
7
135
118
134
103
141
128
101
123
7
99
146
75
94
112
128
127
119
9
123
123
71
143
115
125
135
125
2
134
151
124
100
126
119
95
129
1
137
108
80
120
137
117
121
119
2
135
111
99
105
118
82
140
139
1
139
129
100
147
101
114
102
116
10
99
126
156
134
102
155
133
109
3
120
148
100
115
107
133
122
115
3
122
122
155
107
121
119
97
128
10
93
86
127
79
110
135
86
134
6
138
98
99
108
118
126
99
129
8
120
135
122
100
142
129
108
149
9
133
78
78
125
104
114
117
125
5
121
129
128
133
98
100
127
99
4
126
121
113
127
78
87
99
108
0
105
145
92
89
114
105
127
96
3
94
117
116
107
96
127
130
129
6
84
101
146
110
155
129
156
115
7
120
119
94
139
114
145
91
85
8
101
135
101
159
143
103
122
65
7
161
135
86
120
119
131
100
77
1
128
100
125
102
127
127
122
128
8
104
157
98
106
116
115
105
105
5
82
126
121
115
89
97
108
123
9
100
96
94
118
122
112
140
126
3
100
101
116
132
100
99
121
93
10
110
88
129
119
78
95
134
114
8
113
86
145
105
134
135
104
119
8
130
96
135
114
116
117
81
159
1
127
108
120
143
132
131
87
141
1
103
121
107
130
140
109
138
136
8
145
127
110
138
129
101
119
72
9
101
100
91
139
149
99
107
123
3
119
131
143
112
161
125
130
90
2
142
131
112
138
129
97
119
73

