11
9
6
1
8
7
7
6
8
14
6
6
1
8
9
7
7
3
15
10
7
4
3
9
3
5
7
134
110
128
115
108
119
127
108
7
118
87
95
126
101
101
139
126
3
104
115
134
135
112
139
101
116
1
139
129
125
150
101
66
136
126
8
115
73
133
121
115
140
106
121
2
120
106
143
122
131
105
140
115
9
119
137
125
100
122
111
87
114
6
129
105
106
103
88
99
101
130
1
134
85
144
137
162
129
109
119
2
120
91
131
135
107
137
121
121
1
142
113
92
113
159
126
101
122
1
149
123
98
112
100
114
100
112
7
108
98
122
89
102
111
137
77
3
92
114
85
140
85
127
120
97
8
120
111
109
121
109
100
120
86
1
95
97
131
112
104
122
77
112
6
122
107
156
92
104
126
127
71
3
135
130
86
142
112
129
141
125
5
126
142
136
134
100
146
154
107
0
127
116
128
100
105
106
133
141
5
86
112
123
105
115
100
113
138
1
124
127
93
105
117
120
99
76
7
139
116
152
115
120
86
111
142
4
121
115
105
111
119
142
104
134
8
114
112
136
155
103
129
116
123
0
130
104
103
109
114
128
129
86
1
132
104
108
125
120
134
134
104
9
122
122
107
145
111
115
113
121
0
127
119
119
119
146
96
119
106
6
135
100
80
127
109
88
150
103
2
93
112
101
115
147
105
124
112
3
98
141
127
108
114
114
135
141
6
137
120
105
129
79
97
135
132
7
108
85
100
86
98
124
106
88
5
107
100
134
144
113
129
126
104
4
129
127
121
110
109
106
132
112
5
142
122
100
140
97
158
129
155
4
120
163
89
140
131
138
110
114
5
112
120
155
156
150
146
128
122
2
149
101
103
93
113
79
124
108
6
85
108
120
112
156
110
155
121
4
110
110
115
117
139
108
116
100
1
127
136
108
146
99
84
93
104
10
91
94
120
120
134
153
111
140
6
134
150
158
72
142
121
80
135
5
123
103
99
95
113
131
144
137
7
95
131
113
106
91
80
105
127
4
92
106
92
85
107
94
92
133
8
107
112
99
103
103
95
91
100
8
150
108
142
134
79
139
113
115
1
131
135
126
129
92
123
92
87
7
128
153
100
108
112
92
105
143
1
127
89
137
121
131
130
135
105
4
120
148
129
143
155
130
95
119
9
109
130
127
128
109
115
127
141
1
60
104
88
121
126
121
87
106
4
142
124
113
136
156
139
116
97
4
130
107
108
157
105
148
155
133
3
167
99
104
133
96
98
112
138
7
119
103
114
116
120
120
138
131
8
113
78
125
98
105
89
105
107
5
75
145
121
133
129
113
138
93
1
137
88
127
153
121
117
101
127
3
96
108
136
115
167
113
113
113
4
127
134
101
150
127
119
97
139
7
113
140
120
130
129
81
118
127
10
92
149
108
121
165
89
101
116
4
124
116
112
99
142
119
153
113
8
108
101
133
128
148
130
125
136
8
121
121
155
96
106
92
122
134
1
108
109
123
103
142
111
127
106
2
102
115
119
139
127
107
125
110
3
133
141
112
129
117
140
126
117
1
101
113
142
126
86
118
117
126
4
136
96
113
156
117
107
93
119
8
114
83
122
106
119
103
119
129
8
124
106
126
101
117
137
126
141
6
110
129
132
109
89
89
101
99
2
123
111
108
121
92
127
155
136
4
132
136
157
76
106
119
102
144
2
108
135
128
149
131
98
111
93
2
97
96
88
130
100
114
155
134
3
89
84
74
142
163
99
92
100
3
121
125
107
140
154
123
97
114
3
119
123
91
124
100
106
117
131
6
121
115
125
124
136
134
98
106
1
109
171
95
117
128
140
130
141
1
100
102
112
111
112
142
120
143
1
130
131
114
74
90
137
128
109
2
128
133
98
148
127
104
117
102
8
129
141
89
122
119
105
120
89
4
115
111
134
96
121
81
135
120
2
103
109
107
111
120
132
93
148
6
118
111
106
110
120
135
169
107
10
119
128
131
113
156
147
122
116
7
85
128
127
109
136
108
86
163
2
162
120
70
116
79
113
84
131
3
115
114
134
94
121
117
105
124
1
99
122
128
135
121
127
137
140
5
112
125
111
138
99
107
115
136
3
128
116
113
98
130
115
120
129
2
109
117
93
120
126
119
111
86
1
124
131
121
142
170
135
112
138
3
131
118
135
132
135
88
134
92
10
112
106
140
109
124
100
82
121
5
127
109
162
131
167
112
108
107
4
116
92
96
97
130
134
99
167
3
120
101
161
113
106
148
125
123
1
136
115
158
113
123
97
94
140
9
100
104
125
141
136
122
127
148
7
110
136
92
92
127
79
120
120
7
162
89
104
126
109
117
90
141
8
123
94
113
121
104
139
115
149
5
117
121
119
112
115
103
107
121
8
113
103
133
127
105
120
93
135
8
127
84
87
124
107
135
78
129
9
117
110
113
100
95
119
112
109
7
111
102
111
96
119
131
85
148
4
136
135
125
62
83
141
112
92
8
92
133
122
155
133
171
126
103
1
117
136
94
115
112
125
101
129
2
122
129
122
113
114
131
78
138
6
119
123
75
114
142
143
136
128
3
148
129
101
129
133
134
101
128
5
135
88
116
136
82
120
70
142
9
93
68
124
107
126
121
96
147
7
142
98
125
123
136
107
91
121
5
163
135
120
113
98
115
107
136
5
143
128
106
140
105
117
107
122
1
113
100
113
165
114
119
106
156
0
107
141
163
99
83
111
111
111
5
97
128
107
108
122
92
134
105
2
116
142
129
134
101
128
81
143
4
147
141
150
99
130
115
126
79
2
154
74
92
114
98
128
133
94
7
141
109
102
143
149
108
102
103
8
121
143
100
113
114
113
106
97
1
118
113
109
137
150
151
143
92
8
113
148
106
144
147
136
100
130
5
100
126
105
102
139
97
113
129
2
107
113
135
135
120
98
92
113
0
160
134
124
120
120
167
122
102
5
93
133
133
109
135
104
125
110
0
133
138
110
136
156
124
128
58
4
109
106
118
155
105
150
88
80
3
128
131
141
126
123
117
113
107
9
142
135
120
129
91
121
137
128
5
92
123
142
106
145
148
115
118
7
123
117
113
125
85
118
114
101
4
104
128
82
133
102
144
139
125
5
95
107
97
138
120
117
93
119
6
107
126
95
126
83
126
134
113
1
133
130
116
110
112
107
147
101
5
108
93
141
94
122
132
100
121
9
114
108
97
169
119
100
121
126
7
105
121
128
125
116
144
97
95
6
86
136
120
112
107
116
136
109
4
129
128
121
103
138
101
130
125
7
118
87
106
106
93
129
143
134
4
104
133
109
102
128
90
141
96
1
114
110
100
132
132
107
118
147
4
120
88
122
117
105
115
133
116
7
90
117
127
104
99
137
132
113
9
99
112
79
136
113
153
109
142
8
134
102
107
106
91
112
150
118
9
86
128
121
122
120
108
109
129
9
77
101
126
131
127
138
103
113
2
137
120
73
113
85
100
86
111
6
118
92
93
120
101
100
100
134
7
99
127
157
120
98
94
120
94
4
78
126
94
121
97
144
119
106
4
115
123
141
86
124
112
134
64
2
90
151
141
109
122
140
121
109
0
107
144
136
101
99
84
91
149
10
128
142
100
107
141
119
125
103
7
98
93
124
134
87
93
97
102
4
114
155
123
112
119
120
117
137
8
128
119
95
108
165
105
133
112
9
108
123
57
129
107
119
114
103
5
116
92
119
122
142
119
120
93
5
134
95
142
99
63
138
121
116
9
142
113
88
141
147
104
84
100
9
125
162
86
106
102
139
67
119
2
85
112
107
142
101
162
133
114
9
154
108
125
107
131
102
129
113
3
108
118
164
148
76
124
131
142
3
101
114
116
136
106
135
112
143
5
136
114
118
110
117
114
101
121
2
120
148
144
126
128
130
121
68
5
113
99
108
99
120
124
98
111
5
91
89
105
93
99
122
132
109
7
111
139
140
96
120
120
100
138
8
135
120
121
120
139
94
121
107
10
120
120
114
137
140
99
100
99
6
104
135
105
77
78
116
144
79
2
139
99
110
107
123
127
116
81
5
131
113
136
115
91
120
105
120
0
109
139
113
104
125
88
85
127
0
121
91
136
111
113
121
89
127
5
93
148
133
99
119
84
135
122
10
71
153
114
120
122
90
119
127
4
129
86
156
107
107
116
127
148
5
110
95
108
79
143
102
128
104
4
97
114
94
105
117
138
136
120
5
118
99
95
96
138
122
114
113
2
99
83
112
129
103
86
141
99
5
145
167
132
97
119
99
122
126
3
146
109
123
123
89
135
101
162
8
128
126
154
154
106
93
79
99
6
146
103
122
76
100
114
94
121
5
126
99
86
79
100
105
91
145
2
109
131
87
106
122
122
140
139
3
109
112
68
73
93
121
91
99
3
94
107
113
118
152
119
141
99
2
118
109
141
124
70
113
133
148
5
92
152
111
99
115
93
111
100
9
111
134
115
134
103
114
132
133
5
116
111
159
120
132
141
95
129
0
101
110
135
117
88
118
132
144
1
131
148
96
96
120
153
99
120
3
113
68
106
149
96
110
103
123
3
71
113
99
112
140
84
129
161
2
131
124
127
120
98
128
114
103
10
122
120
143
110
128
124
114
109
1
113
101
116
134
134
106
127
101
0
91
127
99
134
124
135
148
119
5
98
135
111
118
108
105
134
143
10
114
98
135
127
139
126
100
119
4
100
106
128
119
106
101
107
155
3
133
170
92
152
109
114
121
106
2
127
90
134
128
120
78
115
128
9
145
130
135
147
119
134
121
107
6
146
120
122
116
120
119
156
135
7
133
102
126
88
111
103
93
112
7
134
96
107
137
86
121
143
118
9
124
130
108
113
104
98
128
122
9
108
140
99
147
136
84
112
127
4
125
127
149
107
135
149
141
133
10
109
128
108
133
155
101
105
99
3
125
88
141
101
110
142
124
107
2
92
125
129
138
134
125
97
115
1
135
89
112
67
127
121
130
148
7
121
115
85
121
133
126
143
132
7
149
94
119
86
121
135
121
98
9
119
123
124
130
90
153
153
152
5
109
114
106
93
148
92
145
121
7
121
104
113
125
94
154
85
142
7
108
60
132
120
149
114
121
122
1
154
95
114
111
113
119
107
101
10
113
157
156
114
135
93
114
117
3
71
98
104
148
141
79
121
154
6
74
128
121
88
123
93
148
123
2
86
121
142
108
105
118
120
149
1
88
136
115
114
71
112
100
119
8
122
117
128
133
107
123
97
92
7
85
135
118
167
135
92
99
95
6
140
109
133
140
118
138
116
106
8
124
117
106
100
116
99
97
66
8
114
126
151
139
106
99
113
136
1
130
99
140
119
101
108
107
100
5
107
149
108
107
114
113
120
114
5
138
136
91
119
93
128
111
111
5
117
102
128
135
115
114
77
122
0
143
127
121
121
155
97
148
118
8
100
97
116
85
88
113
128
155
2
135
125
128
134
132
83
114
126
3
126
134
109
111
114
74
96
140
8
114
99
121
121
103
121
129
122
5
92
88
112
118
120
92
115
103
4
75
113
127
73
110
119
142
93
6
107
123
121
139
114
121
99
107
2
115
108
106
143
106
93
83
103
7
128
113
124
141
91
151
108
95
1
134
95
111
115
83
141
108
112
6
162
131
92
164
101
113
121
100
9
122
121
75
97
118
99
111
135
10
92
101
106
146
106
123
101
92
3
159
122
108
116
124
106
94
110
1
131
126
140
123
142
133
141
102
1
92
105
108
127
119
109
145
128
8
92
126
148
138
139
79
122
106
10
124
141
85
71
113
142
101
109
1
134
122
142
159
143
107
100
124
5
91
107
125
121
121
129
113
86
8
107
115
100
134
155
121
99
114
9
137
113
147
129
71
108
115
105
3
127
106
131
142
122
115
136
79
8
110
131
101
140
97
118
114
169
10
104
113
110
91
142
127
144
114
4
125
130
90
65
130
133
85
112
1
91
110
120
135
121
124
130
149
7
130
117
116
122
131
127
91
100
9
157
80
128
120
101
100
79
129
2
105
98
135
127
135
109
123
107
5
92
114
148
106
107
91
142
109
0
128
107
107
92
149
105
44
141
10
114
94
130
138
133
120
130
139
5
155
128
125
80
147
100
123
109
5
143
138
106
136
124
104
114
80
1
133
121
113
98
102
105
77
69
8
129
151
130
123
142
128
134
86
1
153
117
87
115
98
123
94
99
5
98
135
151
124
127
133
141
127
7
104
100
121
125
105
120
146
127
3
127
142
139
126
134
137
135
86
4
128
134
79
87
141
133
125
105
6
151
170
142
133
136
118
106
113
7
103
115
133
120
130
108
99
63
2
126
147
129
125
112
137
110
105
8
109
114
107
126
94
68
139
95
6
112
121
81
99
84
91
168
154
8
116
92
122
115
125
101
107
161
5
132
90
131
135
121
101
99
118
8
86
98
118
113
117
122
114
77
2
91
132
133
115
108
92
120
113
4
73
106
113
160
111
112
152
153
0
142
119
94
85
121
127
129
100
2
145
130
119
113
112
135
99
136
9
94
99
122
102
133
78
94
164
4
150
109
103
98
79
93
85
133
1
127
95
154
150
106
96
103
121
5
134
140
141
107
85
88
113
120
2
94
104
111
120
97
145
90
98
9
121
141
114
95
101
115
106
133
8
113
122
122
99
108
120
108
116
7
129
95
107
114
79
131
113
116
0
112
155
113
121
115
135
122
139
0
114
90
89
126
130
114
124
84
5
112
100
121
92
122
107
93
122
2
94
85
126
136
113
106
100
132
3
113
119
126
106
141
100
143
104
9
109
118
102
119
130
130
127
114
4
99
115
113
93
103
73
157
96
8
92
100
143
99
131
115
121
128
1
124
96
99
78
125
141
154
127
5
135
100
106
107
122
109
126
98
10
146
128
91
120
88
127
100
125
5
112
76
110
113
86
106
104
138
4
121
122
57
126
121
94
131
138
2
121
114
137
115
161
90
116
136
2
121
106
135
104
115
133
143
101
2
92
101
92
133
146
93
135
89
2
121
100
149
141
121
105
105
105
7
95
119
100
137
134
138
107
84
10
106
94
107
106
114
141
119
135
3
129
127
128
129
111
114
124
105
7
106
116
107
141
113
123
95
82
9
115
107
151
114
158
156
134
116
5
131
89
114
133
128
99
130
132
7
115
140
113
121
82
120
127
105
1
132
137
86
94
135
121
147
131
0
114
113
140
125
122
92
141
114
2
114
122
92
165
156
135
131
128
7
121
115
87
143
126
136
120
107
9
105
112
140
121
120
152
99
135
7
106
94
132
72
107
139
144
107
2
132
119
125
85
95
120
156
158
4
111
107
128
100
105
131
113
121
1
101
111
129
126
117
109
84
149
9
121
122
100
149
99
114
152
134
9
125
92
122
113
147
133
135
124
4
70
144
106
98
106
104
121
144
9
126
99
103
95
142
149
135
111
6
121
114
114
154
126
127
100
108
5
120
148
147
104
133
114
112
124
2
96
163
122
108
93
82
71
107
10
120
102
123
162
145
86
121
122
8
136
159
145
113
119
101
98
125
4
84
127
113
143
135
142
94
93
5
127
120
101
73
154
128
112
112
3
93
129
151
122
138
146
130
127
4
87
103
122
71
102
136
93
108
4
119
100
137
133
91
93
128
112
6
111
119
86
150
138
101
128
148
5
142
96
120
139
141
85
127
102
4
81
120
96
142
125
102
72
117
4
107
123
128
96
88
93
113
143
6
150
101
128
145
120
106
117
103
3
139
93
112
102
99
123
135
126
9
142
124
141
127
129
170
135
97
1
108
119
119
104
100
126
85
84
8
143
128
122
87
150
70
115
96
2
128
144
97
150
98
101
108
93
9
126
116
145
128
119
118
121
107
7
132
107
135
95
134
119
112
49
4
123
87
105
121
163
99
101
126
7
72
122
121
124
115
80
118
104
4
107
145
107
84
107
106
103
133
1
128
129
126
85
134
97
138
128
10
71
114
128
123
117
85
113
107

