15
2
9
0
1
7
9
9
9
11
9
6
9
8
9
5
8
1
15
8
9
1
9
8
1
9
10
120
115
99
141
142
99
148
149
3
141
72
115
114
109
127
109
106
5
134
111
107
116
100
97
123
109
7
146
89
94
136
101
142
142
84
1
108
127
135
125
129
129
131
140
1
100
118
95
118
124
100
127
120
2
128
117
100
106
134
137
132
115
6
141
115
119
120
106
93
120
89
4
111
103
119
125
103
94
106
127
6
79
135
119
80
142
80
120
112
9
121
119
131
134
118
118
114
149
10
98
130
135
121
135
128
112
108
3
100
127
107
102
107
114
120
137
7
142
64
92
127
107
120
140
172
10
114
106
138
94
105
152
77
81
7
134
117
124
150
91
106
136
155
9
170
137
140
114
124
116
154
123
10
114
134
128
129
105
101
106
106
2
109
134
113
114
117
100
134
131
8
85
104
141
92
119
119
79
98
8
95
107
119
128
125
136
157
120
5
78
113
139
130
104
129
131
120
5
121
93
92
125
141
113
70
81
1
149
120
109
141
102
125
87
108
8
86
91
119
115
137
114
134
138
3
125
80
123
153
93
141
135
96
8
108
134
100
124
144
133
148
148
3
133
94
118
114
114
94
112
121
8
144
113
127
132
127
136
145
99
9
124
99
141
99
133
99
120
120
1
104
156
155
120
132
106
102
108
8
130
111
129
94
118
126
106
114
8
111
85
102
154
120
115
141
127
10
128
128
141
117
91
109
108
149
4
106
112
93
132
100
184
139
145
5
142
134
110
140
102
141
118
116
7
150
114
133
143
115
125
93
132
1
136
157
133
110
138
103
117
112
9
99
162
135
115
130
102
91
116
3
92
101
99
130
145
79
155
102
8
125
123
142
115
135
145
113
107
9
78
134
78
94
113
158
120
122
9
98
80
127
85
104
118
100
105
7
87
136
100
138
105
116
113
113
2
120
116
136
123
148
109
143
106
3
101
112
117
113
97
84
107
133
4
110
107
102
156
92
77
115
163
4
111
93
96
127
104
149
121
82
1
120
104
102
106
134
93
86
111
7
94
114
125
102
148
133
101
101
6
153
116
109
123
92
102
153
128
7
132
117
90
127
114
120
98
132
3
143
132
142
101
99
147
150
142
7
83
128
96
100
141
138
72
140
1
140
129
135
116
155
140
118
120
2
122
138
92
93
116
134
86
126
9
118
158
106
136
107
101
137
143
0
135
136
115
130
85
99
126
94
3
93
104
107
86
125
84
125
120
5
147
133
103
106
126
119
111
119
4
101
89
90
116
136
121
116
106
1
98
127
85
116
100
115
144
112
8
115
126
108
107
117
150
112
133
9
135
109
125
131
128
108
97
105
1
113
129
95
133
113
117
113
92
2
101
132
148
117
132
119
128
99
10
65
98
148
102
159
139
122
113
1
86
99
152
142
148
126
128
123
0
93
119
105
106
92
133
145
137
3
94
105
155
94
128
122
142
145
6
126
112
106
116
105
84
125
98
0
107
124
113
124
117
93
148
96
8
121
139
117
156
137
122
123
121
6
110
155
134
91
155
140
135
97
8
79
109
137
136
105
139
124
102
3
91
114
109
113
100
124
114
134
0
103
106
122
134
128
143
106
155
5
143
102
106
150
93
113
95
120
5
122
124
94
125
114
75
113
132
9
116
71
100
127
97
143
121
109
5
136
115
94
141
124
89
136
103
3
113
127
140
124
108
128
105
104
0
78
92
143
71
140
125
94
106
5
138
145
126
96
147
100
99
147
10
98
125
120
94
113
96
105
100
7
95
108
104
119
129
166
105
143
6
115
112
78
98
115
113
109
114
4
106
122
105
126
132
132
143
98
1
142
119
114
99
160
123
128
126
5
119
108
129
92
117
118
121
98
8
156
103
120
124
106
145
101
89
9
116
126
113
111
116
107
117
140
4
93
143
78
93
116
121
135
126
3
111
113
93
108
113
100
113
94
10
89
131
119
124
107
99
100
132
8
121
116
88
125
86
135
105
117
10
107
83
143
113
114
140
155
112
9
134
93
104
98
132
120
140
125
2
145
117
102
131
119
159
100
127
7
87
94
135
108
154
102
98
148
1
109
131
105
110
93
87
96
112
5
127
109
103
150
119
105
107
142
9
119
103
89
85
111
60
155
136
6
121
121
148
127
149
91
114
98
4
81
128
122
121
89
102
73
126
0
90
133
108
135
121
120
88
98
1
94
131
119
100
108
155
125
133
3
121
120
150
98
135
120
126
116
9
113
117
129
117
109
109
115
136
4
89
150
121
141
134
77
101
126
5
91
120
97
106
108
128
137
80
0
110
105
142
119
75
133
102
161
6
142
90
126
104
135
84
109
134
6
121
106
114
114
128
92
116
120
0
94
107
103
132
118
115
117
91
6
112
122
122
86
114
154
120
92
1
103
128
119
83
101
128
168
140
9
108
106
130
101
135
82
118
126
2
73
133
122
159
135
118
148
139
2
91
110
126
131
122
153
145
95
9
101
115
121
73
129
112
125
90
9
104
95
136
134
122
114
136
104
2
98
105
122
105
150
119
133
103
4
130
123
95
105
113
110
93
108
8
109
100
140
148
106
119
115
86
8
91
119
116
113
125
105
129
105
1
128
107
142
93
126
116
119
94
6
75
93
160
87
123
99
104
115
10
128
91
139
115
79
128
140
120
1
111
133
109
108
115
102
156
130
7
85
131
158
100
141
131
130
113
2
68
100
115
118
126
141
125
138
3
113
136
99
102
116
160
105
93
0
130
121
95
111
129
107
79
144
0
109
107
128
102
114
94
137
99
7
111
140
153
119
105
70
92
132
2
137
100
111
129
85
121
128
92
9
123
144
99
124
80
146
111
123
8
107
107
74
104
94
119
129
112
7
144
142
156
131
129
126
109
99
2
118
106
117
83
114
144
153
126
7
105
115
119
113
115
104
112
114
1
99
144
85
160
135
128
142
117
4
104
113
107
99
114
157
151
110
9
110
88
100
122
133
129
134
107
9
126
149
97
112
128
138
94
97
0
112
120
122
139
121
155
91
113
3
135
112
127
130
115
100
85
82
4
103
142
105
102
100
100
143
129
6
123
85
93
107
128
121
108
148
4
110
122
126
108
108
136
128
81
9
90
142
110
125
108
83
106
117
1
168
149
132
92
107
96
127
124
2
92
93
131
148
84
149
114
148
2
76
105
128
106
72
89
110
114
6
105
90
98
103
128
129
132
115
7
100
135
98
133
88
125
137
106
2
110
107
97
112
108
119
113
92
6
79
111
127
129
142
149
118
85
9
121
107
89
117
127
101
136
114
5
115
119
97
105
57
113
109
141
3
106
138
58
154
98
83
133
139
5
113
114
111
139
148
137
101
128
3
91
135
113
142
140
135
112
144
5
72
84
127
124
90
120
140
132
0
82
128
99
98
118
132
137
110
8
127
112
104
121
116
150
123
131
5
106
141
130
120
114
99
85
142
1
113
135
87
147
111
109
124
79
0
156
120
77
111
91
125
114
134
3
106
133
122
68
135
118
65
87
6
114
93
136
113
126
142
106
91
4
132
134
130
131
113
133
119
120
8
93
169
107
115
135
100
101
105
9
105
121
138
107
115
134
128
127
5
122
85
123
107
145
108
163
120
3
101
114
142
85
153
115
149
106
1
127
114
129
128
136
81
126
133
6
103
127
105
116
130
120
137
107
5
141
141
156
125
93
126
155
132
9
139
134
94
136
110
100
141
134
8
105
109
87
109
96
65
97
104
6
109
84
121
135
133
91
129
92
5
102
141
128
133
108
128
127
101
10
103
97
67
137
107
163
122
126
1
99
80
112
106
119
141
125
126
1
120
129
127
115
113
94
110
123
4
149
139
102
131
107
89
116
93
2
127
116
123
111
85
107
143
151
7
115
110
148
107
135
77
92
118
4
111
135
84
113
130
98
100
119
10
127
124
144
91
133
120
121
135
7
133
143
113
124
106
107
104
118
1
141
121
121
127
99
86
120
66
7
124
126
145
131
109
123
142
86
2
134
85
129
126
114
105
131
145
3
107
102
101
146
131
126
134
82
0
114
144
92
92
135
121
101
129
6
138
99
111
85
147
120
84
113
7
65
128
127
94
84
128
107
111
6
106
101
102
143
140
130
79
156
1
136
155
130
109
117
85
100
142
4
134
103
101
110
124
72
86
131
1
104
100
71
149
123
113
141
88
0
127
101
87
107
90
107
135
109
6
159
112
110
105
126
125
100
61
10
116
110
102
134
108
131
139
127
7
146
126
113
151
135
116
122
147
6
147
115
106
126
114
130
105
107
9
93
91
99
108
124
84
107
108
6
76
101
107
136
135
130
128
143
8
119
128
104
120
117
141
130
110
7
148
121
96
89
110
101
114
124
6
98
94
100
123
162
93
138
144
5
98
77
116
106
138
101
97
99
1
127
141
134
100
129
118
92
128
1
100
119
92
118
99
108
92
132
4
100
145
135
106
112
130
137
98
2
79
99
127
137
128
115
114
91
9
102
92
116
148
127
119
122
101
5
79
79
99
99
93
112
118
136
1
104
98
119
121
142
127
175
120
5
106
121
94
121
120
116
102
101
9
93
128
128
115
107
91
101
97
2
99
130
106
111
92
135
147
119
4
126
142
115
105
127
122
99
114
8
133
107
127
124
99
118
119
78
3
112
129
127
111
87
120
102
83
10
148
146
111
156
128
120
143
140
1
115
121
158
85
86
125
144
99
1
119
92
135
105
130
113
127
105
7
114
107
128
106
79
99
121
142
8
133
118
129
116
94
75
115
129
3
142
128
100
107
106
127
129
112
6
129
99
86
112
102
105
156
113
2
104
118
97
107
136
122
119
98
1
127
128
107
106
84
94
125
108
1
103
142
94
87
116
126
111
133
9
134
94
124
65
106
87
116
115
1
149
108
98
110
128
93
131
123
6
107
119
109
115
114
120
129
104
7
73
128
102
94
119
99
79
108
7
131
101
120
107
127
91
114
114
8
105
105
85
138
113
87
141
122
7
125
109
128
145
62
140
104
128
8
109
124
103
163
156
154
127
128
1
115
119
108
99
77
140
119
161
8
145
155
126
93
93
107
97
98
7
122
123
129
93
148
79
119
141
8
78
119
134
113
131
107
125
92
4
119
123
100
149
129
154
138
131
0
142
131
101
94
112
111
107
139
6
124
119
120
115
130
94
106
138
5
137
120
127
126
121
127
129
125
6
126
107
93
130
141
139
95
98
3
119
91
124
101
113
110
106
142
3
131
114
106
94
128
97
130
106
10
135
136
110
146
138
136
113
125
0
133
140
120
157
117
116
146
113
4
98
119
162
150
121
126
156
119
5
142
130
98
126
111
137
134
98
5
123
124
119
128
168
142
154
100
5
114
126
123
125
117
86
115
107
7
82
111
148
91
138
127
115
99
8
114
125
101
100
70
85
113
103
6
117
95
135
129
108
139
126
105
6
108
156
139
128
149
157
102
111
9
93
130
89
120
98
135
78
105
5
138
105
120
127
106
107
141
90
2
143
108
129
141
101
129
113
102
8
86
102
110
112
124
72
122
115
4
99
106
113
101
152
121
100
126
2
127
103
91
113
105
105
123
98
2
171
114
120
135
122
96
154
113
2
136
114
121
115
129
112
106
127
6
128
116
99
99
86
100
85
100
5
115
127
119
127
93
108
158
118
6
118
120
125
159
99
111
111
85
8
151
116
114
119
135
107
149
131
5
114
112
160
120
132
109
100
147
0
121
120
88
151
134
143
112
98
10
140
106
141
134
120
136
142
120
6
93
101
161
83
107
122
141
89
7
107
142
86
112
107
129
139
92
8
128
110
124
121
127
135
130
124
1
136
121
142
129
112
103
115
116
5
85
117
137
142
115
105
138
110
5
162
120
82
78
80
119
115
72
1
123
117
137
126
126
119
111
129
6
148
104
90
120
126
85
112
108
1
129
109
126
120
120
115
101
122
7
125
150
122
99
122
111
86
124
8
117
117
130
98
100
102
95
104
5
104
122
129
121
94
104
140
121
10
118
108
143
120
127
139
148
135
7
103
105
134
129
135
121
107
122
7
108
115
108
122
119
112
120
111
7
114
119
85
142
122
92
124
107
2
155
139
112
128
106
142
161
136
5
108
122
114
140
143
136
77
122
3
88
98
114
105
128
131
78
92
2
83
94
107
121
90
120
121
128
7
92
93
114
122
127
146
117
122
3
107
121
112
107
134
91
113
114
6
99
145
127
87
111
141
115
102
7
148
106
120
108
125
111
135
105
8
123
113
94
91
103
110
120
107
5
121
138
143
138
147
112
82
133
10
103
129
99
113
117
85
133
94
5
124
107
131
108
122
134
115
85
10
101
139
127
131
132
104
104
117
4
89
141
115
119
110
98
128
131
0
123
110
119
113
110
132
159
79
5
106
121
139
114
146
117
120
133
3
112
167
99
81
93
117
112
107
5
85
128
101
112
76
112
121
106
10
113
110
119
65
120
86
135
150
10
176
98
134
101
114
121
143
120
6
142
116
75
158
134
109
133
93
4
111
125
97
96
122
125
169
106
5
108
135
118
146
107
136
138
128
8
99
88
147
92
65
112
99
124
3
110
142
135
131
140
115
145
97
1
113
108
87
118
104
104
103
107
9
138
89
120
105
136
86
111
114
1
140
128
90
146
113
120
120
108
8
114
107
84
123
113
108
149
127
10
83
87
125
137
161
120
121
138
1
124
133
125
129
101
114
116
113
5
90
129
99
94
105
129
142
91
1
157
103
121
114
131
130
123
151
9
120
141
152
110
126
83
129
135
3
122
129
113
127
135
114
107
132
3
108
130
106
157
103
131
126
128
10
126
115
101
119
134
126
99
98
10
104
148
153
127
113
117
90
91
9
104
99
114
149
140
127
100
121
4
98
123
121
101
115
109
111
124
7
108
110
101
85
117
111
116
106
3
125
84
112
112
84
108
122
133
5
136
133
115
149
117
114
105
130
5
85
124
113
107
154
87
107
89
7
128
102
113
126
159
115
114
169
3
134
133
113
135
133
120
136
105
9
136
90
117
120
131
121
122
136
4
107
112
136
149
85
152
121
82
0
121
117
109
112
103
125
145
99
1
127
108
135
148
110
111
115
85
2
123
120
76
121
114
134
123
116
4
85
93
113
94
105
120
129
115
8
136
102
151
127
149
122
108
143
3
101
120
86
86
156
112
113
77
1
70
148
114
85
112
107
100
140
4
151
108
130
81
109
120
148
143
2
100
100
104
169
106
106
106
148
9
129
92
142
146
101
112
117
122
8
102
92
100
119
134
107
99
125
5
84
122
131
133
104
127
96
104
8
131
100
113
115
100
130
124
128
9
126
116
150
113
120
114
111
100
6
79
143
120
106
132
100
108
156
8
135
106
138
88
112
86
106
105
4
74
147
134
105
110
106
107
120
7
73
94
76
116
120
110
105
129
6
99
115
141
134
99
97
140
99
10
93
128
98
126
113
109
127
140
5
150
114
115
72
105
87
106
128
6
138
98
108
114
108
127
151
99
3
141
143
108
115
129
92
116
136
1
128
91
126
121
129
120
111
107
7
113
128
120
93
123
93
119
142
0
132
137
99
139
94
143
86
122
3
109
101
142
119
124
125
92
124
6
88
102
153
100
96
95
122
152
4
140
161
72
127
127
123
113
149
9
112
151
108
113
120
77
170
98
5
106
130
129
82
87
140
110
92
1
114
148
88
150
112
86
99
114
8
127
139
93
121
120
113
94
110
8
118
119
124
94
78
128
111
110
4
104
132
119
118
126
106
100
114
5
86
154
99
135
116
128
107
149
9
97
116
101
93
112
133
84
118
4
131
171
92
117
117
96
142
155
7
107
138
86
75
105
118
94
141
7
136
101
78
112
133
135
125
126
9
123
106
111
106
97
102
94
90
7
114
164
119
102
119
76
98
133
7
139
129
141
106
118
140
119
87
10
129
106
111
112
95
102
98
88

