9
4
4
9
5
2
7
6
10
8
4
9
6
5
5
4
8
3
12
7
9
1
3
1
7
8
9
93
86
118
93
132
121
138
154
8
132
98
121
73
126
119
126
98
9
89
130
117
114
155
110
122
91
1
74
161
127
140
111
107
170
69
4
76
103
108
119
86
111
151
136
4
88
119
134
155
123
131
130
151
6
99
99
159
102
142
109
148
135
2
154
93
100
78
103
117
134
79
7
74
117
90
129
105
107
113
152
6
96
118
106
120
133
116
129
120
4
97
163
115
125
88
135
107
106
8
114
106
107
136
137
79
70
123
3
110
98
115
136
90
146
95
113
3
127
129
149
102
122
121
113
132
7
93
140
137
133
114
88
93
115
9
102
149
136
124
87
100
157
103
4
138
94
122
150
128
104
134
153
5
118
121
94
132
125
66
142
88
3
92
125
89
108
128
121
106
126
9
100
114
113
134
80
105
131
125
0
141
94
115
113
174
98
110
103
1
112
115
115
147
161
102
123
141
9
110
113
106
144
100
85
120
116
7
136
123
119
106
102
136
91
86
1
108
94
117
126
130
127
94
111
3
140
119
104
149
59
102
111
127
5
93
79
131
131
123
106
121
117
8
101
119
151
142
126
130
161
86
1
100
117
75
131
137
128
115
115
9
81
128
129
176
129
106
121
134
5
86
108
111
148
136
121
81
80
8
133
112
137
76
73
134
149
147
1
115
129
104
113
108
144
137
114
6
119
120
84
114
129
108
126
99
10
161
63
133
140
141
97
91
120
5
145
152
125
140
83
106
129
121
9
161
146
139
135
145
126
135
114
5
104
120
96
112
139
73
141
108
9
122
152
102
135
109
90
106
108
8
91
108
111
135
89
148
108
134
0
113
109
175
157
99
82
144
75
4
132
133
135
104
87
122
86
137
7
130
112
146
140
129
112
152
122
6
140
105
99
93
121
101
114
106
3
125
150
162
98
115
108
109
94
7
139
85
140
121
115
145
142
125
5
129
133
129
136
114
123
83
122
4
81
151
140
121
113
118
110
127
4
137
113
115
124
134
146
129
120
6
157
113
108
107
112
123
79
152
10
138
128
156
117
119
82
103
123
4
115
132
119
131
107
141
130
98
9
93
95
108
149
139
152
120
133
7
135
99
111
129
111
133
139
125
8
86
109
110
88
145
117
88
119
2
132
105
132
95
132
136
104
80
0
112
154
153
130
127
114
116
120
6
120
142
104
149
120
112
108
96
2
136
102
110
111
163
130
106
103
3
121
126
115
156
128
93
89
92
3
122
99
81
101
89
111
64
121
9
98
100
118
148
96
107
104
137
1
135
133
121
132
107
123
115
106
5
148
127
100
87
155
142
121
141
6
134
155
93
115
150
146
87
93
1
133
138
113
113
93
143
140
115
10
105
111
141
105
118
119
94
128
3
106
122
108
136
86
121
80
124
1
92
71
90
122
113
113
135
112
0
102
115
147
119
116
105
97
126
2
91
113
127
114
138
140
77
141
9
116
111
126
105
83
138
137
112
9
85
135
91
122
106
134
105
96
3
135
128
141
111
126
150
144
133
3
107
99
117
114
110
128
133
105
8
118
126
150
85
127
137
102
115
3
99
137
133
135
105
78
75
78
2
127
129
121
123
127
114
98
141
8
99
104
130
144
127
122
90
101
4
110
93
142
121
95
119
134
149
2
129
140
112
110
117
100
126
100
1
117
111
146
102
145
121
78
117
6
80
133
134
141
144
111
152
128
6
140
129
129
135
99
128
141
109
5
110
87
128
116
107
119
100
154
1
93
139
85
132
105
86
85
146
4
108
128
120
125
104
109
101
100
4
126
116
124
117
137
135
139
129
3
118
121
105
114
101
131
119
73
2
128
95
142
107
105
142
155
131
2
109
110
108
125
124
114
119
98
5
105
112
114
124
77
138
115
141
9
139
132
99
133
106
109
119
118
8
92
128
108
92
106
120
136
88
9
122
153
149
90
135
154
93
136
1
104
114
104
109
134
123
106
114
7
108
99
123
109
163
149
106
113
0
101
127
100
113
178
154
103
139
7
73
95
79
121
113
98
115
99
8
122
127
107
105
89
134
134
107
3
87
138
121
127
140
106
121
129
5
149
126
97
117
134
114
101
137
6
129
100
143
113
116
146
128
136
2
113
135
131
123
89
106
119
133
9
136
121
133
132
128
66
124
105
6
103
85
127
154
121
128
129
82
6
117
107
98
128
106
150
116
113
1
81
110
134
132
140
121
116
174
6
93
79
147
122
134
104
149
102
1
105
122
138
118
90
128
126
148
8
132
94
114
123
119
84
121
121
3
137
86
153
135
135
106
121
113
5
110
94
111
145
81
146
133
114
3
128
112
124
164
101
126
114
79
4
166
107
119
124
133
134
103
106
0
129
113
110
108
107
134
102
122
6
117
165
122
103
122
108
134
128
3
89
113
130
147
102
78
127
83
9
92
107
148
117
93
157
130
127
9
156
134
121
92
112
99
97
149
2
106
107
141
106
130
109
119
114
6
135
82
114
129
120
84
98
93
6
167
144
102
94
154
113
101
119
8
105
121
136
134
78
100
110
104
9
129
119
86
114
127
127
150
103
4
92
126
67
112
116
93
109
100
1
77
97
107
132
113
146
121
121
2
126
107
113
142
72
134
111
128
8
141
149
115
116
90
127
97
135
7
103
89
122
77
83
122
118
117
8
88
137
112
149
128
110
101
108
9
141
102
134
108
114
119
94
176
9
129
112
117
102
89
106
127
91
7
139
107
89
141
125
119
74
123
8
162
114
119
166
136
114
98
92
4
86
107
161
129
106
103
102
102
4
113
147
102
91
102
128
125
107
7
123
161
104
112
111
93
120
134
6
156
107
115
163
103
131
110
88
1
124
85
152
145
140
116
134
162
1
130
110
111
143
97
128
119
88
4
84
79
134
156
150
120
108
85
8
112
153
101
112
121
138
128
135
3
86
122
136
90
93
128
111
60
0
136
122
114
133
128
138
125
106
9
106
133
111
136
138
130
108
119
2
113
138
134
132
117
109
127
108
3
98
132
148
105
125
119
115
143
10
140
138
125
111
126
93
98
128
2
139
100
133
130
122
129
140
99
6
108
102
119
132
122
131
122
148
7
113
94
135
112
112
92
121
127
10
141
149
120
163
147
108
132
117
10
98
108
147
104
132
90
93
101
8
96
103
114
110
147
104
102
146
9
133
116
108
94
121
131
132
91
1
127
149
117
107
117
114
100
81
3
126
114
92
197
133
94
134
109
7
126
129
121
120
112
99
134
114
6
107
118
84
118
89
109
137
102
8
138
115
141
111
85
132
127
112
2
96
70
121
155
122
117
149
123
2
135
116
119
149
81
140
138
97
3
98
109
163
101
101
113
103
107
5
134
93
105
145
90
157
107
127
6
106
95
138
106
103
78
88
126
6
106
148
139
127
97
112
96
107
9
120
121
93
150
119
115
93
125
6
121
123
138
86
102
99
132
91
8
154
98
137
143
106
107
114
116
8
128
128
142
128
125
118
122
118
2
60
118
120
138
102
140
113
117
0
67
123
101
92
129
118
99
132
8
90
117
112
106
119
109
146
122
2
156
100
96
99
88
99
106
126
1
80
100
120
128
140
143
131
81
7
124
117
105
99
101
115
141
121
7
136
134
113
132
125
91
130
116
5
155
126
106
100
116
168
117
144
4
121
115
99
115
105
104
93
117
2
157
129
127
141
111
128
112
92
5
128
146
154
122
89
100
92
91
3
122
134
92
109
117
149
120
106
7
106
131
136
84
98
112
81
134
0
77
121
127
121
144
111
107
92
3
99
116
149
100
119
84
134
112
7
105
105
105
165
122
112
90
145
1
106
143
135
129
155
122
120
100
2
134
78
135
95
113
133
134
69
4
160
149
114
140
134
105
126
68
2
112
101
89
109
128
127
127
84
7
95
91
91
159
148
122
106
116
9
111
135
137
142
99
105
97
121
6
80
113
106
106
139
78
119
99
9
125
121
119
135
107
150
92
142
8
127
133
128
100
141
131
122
151
0
119
130
73
136
118
144
141
138
9
83
111
110
140
153
85
75
91
4
153
108
86
102
93
115
118
106
9
115
101
154
134
103
106
106
76
10
123
110
106
103
126
120
128
114
5
97
133
128
93
82
106
122
136
9
140
159
141
113
117
145
137
80
7
143
112
108
145
113
135
133
117
9
136
92
115
142
101
108
136
109
5
117
142
135
119
120
107
80
87
9
133
149
148
65
108
115
141
106
9
144
116
113
104
119
107
123
154
1
93
135
89
99
160
74
99
135
5
113
96
96
91
120
139
85
136
2
136
141
109
107
115
133
82
118
8
114
128
108
122
112
130
134
82
5
112
127
135
130
102
107
128
143
1
98
146
129
132
144
135
130
111
1
128
115
114
129
102
127
96
163
5
116
140
115
104
85
87
150
136
8
81
125
78
137
120
103
100
127
6
89
113
128
141
91
107
141
120
7
104
126
120
126
118
94
112
99
5
104
149
126
150
152
136
113
132
2
135
123
94
109
86
113
119
140
1
112
141
105
109
79
117
120
82
2
107
146
100
127
104
144
128
133
3
143
134
121
90
136
119
135
124
6
87
136
108
131
106
155
155
106
6
119
78
109
98
105
134
138
142
1
86
142
93
100
105
89
86
136
7
106
99
124
108
93
124
106
120
8
85
120
147
122
128
119
113
141
6
102
43
111
105
86
102
117
139
7
110
115
85
121
104
97
115
99
6
122
89
158
113
106
113
149
133
5
99
134
107
122
117
134
141
112
4
128
148
127
113
121
152
127
132
8
126
112
113
113
78
107
154
113
9
114
100
129
106
124
126
133
101
4
111
132
102
146
112
99
140
107
2
157
139
133
96
114
168
82
88
9
104
72
125
114
112
103
126
132
2
121
112
120
118
91
99
127
122
4
108
101
87
142
149
98
90
135
2
121
108
137
114
94
120
124
163
5
114
110
123
132
114
120
120
119
10
107
115
139
87
129
154
134
115
9
113
110
146
123
132
129
144
100
1
108
107
120
136
139
107
97
133
0
128
143
112
121
75
123
114
134
9
99
172
127
138
107
108
137
123
4
129
113
142
92
139
141
164
131
8
111
134
133
114
92
163
136
124
0
101
141
135
118
122
144
101
106
8
105
95
101
109
149
111
102
153
2
119
111
162
135
121
153
88
109
9
84
103
140
143
79
112
115
104
2
157
141
87
141
90
136
143
100
8
141
106
117
130
94
86
152
100
3
114
143
86
108
168
78
143
141
7
129
81
100
116
106
117
85
101
6
85
99
113
133
107
138
99
113
10
152
78
133
140
91
116
116
125
8
77
87
113
112
77
85
154
128
7
98
127
88
99
115
113
107
140
3
134
121
108
134
93
151
108
117
1
134
89
140
120
114
79
112
129
5
91
105
130
104
129
106
83
101
1
156
102
149
106
137
87
86
129
7
121
108
109
112
87
113
102
147
6
107
91
107
108
149
164
129
146
10
113
110
115
134
120
113
106
117
4
106
135
91
84
131
118
110
136
6
111
118
112
125
115
83
156
120
7
127
113
128
54
108
119
106
74
6
125
97
105
78
97
98
127
103
6
102
92
142
126
136
103
140
118
1
108
98
114
98
146
114
115
123
9
120
147
109
98
97
92
122
111
7
95
90
113
126
113
110
148
108
9
103
131
120
76
155
119
112
114
7
115
127
162
120
130
123
116
134
3
105
125
83
113
126
126
85
132
9
114
113
128
135
150
143
129
127
5
132
139
125
99
117
122
142
123
8
107
135
147
119
97
136
89
118
6
99
107
122
119
92
105
126
113
4
126
93
127
131
100
88
111
149
5
126
113
121
112
148
109
148
141
8
147
120
134
134
132
116
109
128
8
121
142
124
135
133
132
127
100
8
97
112
92
121
127
114
91
78
7
148
109
98
129
107
153
106
100
4
123
155
117
126
114
102
107
143
5
95
113
134
109
136
151
87
147
6
78
130
109
134
129
115
113
105
4
129
106
136
124
123
88
163
122
3
143
90
121
115
129
143
148
124
5
86
99
110
110
124
109
128
97
2
128
148
107
157
97
111
108
113
7
146
108
162
149
106
127
139
126
5
80
106
125
80
119
114
140
68
4
139
99
100
128
99
116
129
127
10
138
87
91
109
159
105
126
108
9
137
112
123
114
128
104
106
78
10
123
143
133
146
118
98
100
74
5
132
106
132
92
137
86
170
92
10
126
115
135
128
132
108
134
107
8
161
128
72
111
122
147
118
148
7
128
93
93
131
120
156
135
114
9
115
126
107
78
141
106
100
128
6
108
135
135
112
116
85
143
106
5
97
114
125
94
123
115
111
111
5
100
121
141
122
129
129
96
137
1
107
92
143
127
102
146
126
111
8
80
122
87
113
104
134
107
157
9
96
135
101
123
113
127
134
122
8
129
129
77
121
115
111
110
114
0
116
99
120
106
100
143
110
80
2
125
74
100
102
108
111
86
106
6
137
121
82
106
138
142
71
115
4
140
107
94
107
92
120
105
103
9
144
88
93
112
108
78
96
99
8
98
136
101
112
109
131
121
113
1
111
142
133
158
113
164
119
119
2
101
74
156
99
89
83
145
155
5
93
106
80
146
134
136
112
91
1
110
145
113
116
131
122
96
49
3
82
73
130
141
105
109
145
133
5
141
124
126
155
99
123
121
129
3
119
112
119
142
126
137
124
100
6
132
119
117
92
184
94
139
146
2
159
117
114
98
127
121
107
115
1
137
142
136
90
131
152
95
72
0
138
88
146
109
106
107
114
106
6
100
133
97
130
114
149
129
101
9
87
134
119
124
123
120
80
78
8
109
116
121
118
111
120
161
104
9
87
127
105
126
120
163
123
135
3
102
127
120
133
122
122
91
132
4
119
113
148
112
71
114
117
135
4
117
130
121
114
126
92
138
121
6
141
94
111
100
124
114
142
127
7
107
106
139
128
88
81
91
134
5
130
116
140
170
111
106
125
167
0
128
113
105
85
120
124
110
144
6
135
141
136
118
145
133
125
128
8
141
129
130
128
141
143
124
140
4
156
109
90
121
61
141
115
141
5
100
100
127
122
112
155
94
115
6
142
121
122
106
128
92
134
134
3
114
125
129
157
149
120
161
106
1
142
133
108
161
107
127
91
145
2
143
106
105
134
128
99
99
152
2
155
133
123
138
113
132
107
85
8
134
143
140
84
87
113
126
139
6
118
103
106
112
114
101
143
134
8
127
128
117
139
120
95
118
146
4
112
129
149
139
99
183
121
141
3
105
134
127
94
122
136
93
127
5
132
148
119
135
115
103
73
96
1
135
177
120
128
127
154
126
106
0
123
162
75
106
101
143
100
101
6
109
100
113
90
107
155
121
133
1
121
135
143
130
106
127
118
132
6
84
157
94
84
113
175
100
85
10
134
122
127
119
152
149
128
100
5
131
84
127
128
156
102
168
131
6
147
94
134
119
163
112
91
133
8
129
128
134
118
120
112
171
97
3
120
124
120
139
101
114
116
111
5
114
146
160
142
131
127
132
154
6
141
110
107
108
125
135
141
134
4
139
92
128
129
143
94
106
95
4
88
129
111
105
161
105
89
93
8
95
121
140
119
118
82
102
128
6
104
109
125
99
149
92
114
124
5
129
103
107
84
113
98
138
106
1
77
121
110
84
99
101
87
143
5
123
113
107
115
135
136
135
106
0
86
126
119
124
121
111
136
139
6
156
99
123
112
154
108
135
121
5
120
112
139
147
115
105
122
114
3
96
121
108
108
120
96
122
103
5
135
118
120
103
112
106
120
103
4
124
120
110
113
110
117
112
129
3
121
114
130
107
133
126
131
122
6
156
124
86
75
70
127
126
105
2
150
121
114
128
105
93
126
126
6
108
115
101
119
133
127
64
138
5
80
102
67
92
76
156
103
132
4
114
102
133
94
121
134
119
94
6
106
113
100
123
129
125
72
133

