8
5
2
1
2
7
3
9
7
9
1
9
2
9
2
1
6
4
10
8
1
2
6
4
0
7
5
122
113
115
121
95
148
155
113
5
107
128
86
103
115
144
146
111
2
122
108
128
141
97
131
114
122
6
101
104
142
120
121
91
129
108
4
118
94
131
106
100
99
115
100
7
105
154
137
113
122
92
119
128
1
128
106
107
155
80
137
111
149
7
125
147
106
138
119
126
116
106
4
108
85
147
122
105
114
103
138
8
120
128
99
100
128
117
117
89
1
106
92
124
106
94
96
135
140
6
92
72
106
120
97
108
105
127
5
113
103
122
56
153
122
164
142
2
153
122
99
107
107
95
132
91
1
116
150
137
67
132
130
115
164
2
158
146
111
115
107
68
126
133
5
146
141
118
120
127
140
107
78
4
153
125
130
92
83
130
108
138
0
74
85
122
150
116
80
95
99
8
89
118
78
139
104
135
142
108
2
120
139
125
136
104
97
114
138
7
111
120
135
107
112
107
112
111
9
101
113
137
119
108
107
136
127
7
97
105
139
132
113
115
122
120
9
119
121
120
121
106
115
103
78
7
111
100
100
130
96
96
104
126
9
100
117
98
135
99
159
122
119
3
67
135
165
176
143
93
134
97
1
134
87
92
89
99
123
134
94
4
96
101
109
123
120
147
134
124
4
135
106
109
125
137
113
118
122
3
122
117
114
114
143
100
81
121
9
120
133
124
169
65
79
76
128
8
104
128
121
107
101
114
128
119
4
113
138
110
135
146
175
106
136
1
128
124
133
82
143
105
88
115
8
138
106
130
128
155
112
83
137
3
113
147
98
89
110
135
99
66
5
123
107
135
134
113
106
147
105
7
113
142
101
113
113
119
89
113
1
120
108
121
107
128
95
113
95
9
108
98
115
100
107
122
86
87
9
134
95
111
95
161
122
110
137
5
134
129
133
118
119
80
126
156
4
99
103
136
121
128
83
93
127
2
135
96
75
141
99
140
116
145
7
109
119
121
87
137
115
133
124
5
141
156
142
150
100
142
126
85
7
100
128
148
116
126
114
103
119
5
100
91
109
116
126
104
150
87
8
157
120
122
128
67
87
114
121
6
136
166
120
114
122
126
128
106
9
90
128
125
111
115
137
115
82
10
128
120
135
113
101
107
114
94
9
113
128
108
112
93
128
99
127
4
115
109
95
120
148
109
114
107
7
90
128
147
96
136
136
122
104
9
122
106
133
142
89
133
130
126
1
153
118
101
135
116
121
119
132
4
102
117
122
151
148
96
70
115
1
88
124
126
119
139
110
105
114
3
104
133
164
139
128
129
121
85
6
142
127
90
118
103
136
100
92
9
114
118
153
121
98
115
112
142
7
92
120
177
135
111
138
63
120
1
142
117
135
141
106
118
105
135
2
126
104
121
128
96
121
92
99
6
126
89
125
111
135
88
106
120
3
104
107
125
161
165
98
78
70
5
131
150
93
130
130
98
93
93
8
92
115
138
98
107
133
170
106
4
94
117
88
117
115
99
148
121
8
91
109
132
105
134
125
145
105
4
117
117
77
138
95
121
98
121
1
153
99
121
142
81
122
120
107
8
132
129
108
115
156
100
120
106
9
109
108
133
114
110
150
98
134
7
91
98
96
96
107
114
79
107
9
75
93
80
120
126
133
107
127
1
121
158
124
119
109
119
61
109
9
121
94
110
108
129
102
121
112
7
108
107
101
134
110
113
106
151
10
64
103
97
110
112
118
109
128
3
146
123
148
115
132
127
145
169
6
98
105
150
134
90
105
135
123
10
103
99
154
118
122
100
85
127
5
124
131
108
98
137
120
94
119
5
77
105
108
132
147
98
116
131
9
127
134
139
127
105
139
106
116
7
132
97
138
144
125
135
124
84
6
111
114
143
114
99
143
113
113
5
92
113
138
110
134
120
135
114
2
113
123
91
91
141
106
162
141
1
118
93
127
108
132
74
119
124
1
107
100
144
100
141
147
125
92
4
101
110
119
122
128
102
81
108
3
92
72
114
98
118
127
126
105
3
104
87
147
111
99
111
105
148
8
73
135
126
122
129
124
110
123
0
128
135
119
150
127
111
126
108
1
98
86
95
119
149
144
113
121
3
120
155
112
105
119
99
148
127
0
127
126
72
101
127
153
135
113
7
139
121
101
98
95
122
93
103
7
115
125
123
121
110
131
136
93
3
96
92
110
127
133
151
107
107
4
161
131
93
86
107
155
97
118
8
114
99
127
96
155
156
139
101
2
127
127
115
129
100
116
93
141
0
128
112
129
82
97
87
77
115
5
120
86
117
135
88
115
147
127
5
91
120
126
121
114
155
95
114
9
122
113
143
149
122
88
107
91
5
117
141
133
141
130
87
91
140
7
127
106
115
129
92
79
129
102
9
122
129
106
112
125
102
139
156
9
97
149
146
127
104
117
125
119
3
129
126
117
94
134
141
114
130
8
120
97
128
106
86
126
136
128
6
100
105
137
112
108
67
78
122
8
106
136
124
125
126
110
116
84
8
109
127
108
89
124
110
122
140
1
103
113
108
98
128
129
121
91
7
140
124
107
101
97
98
134
100
4
115
157
118
84
118
114
99
114
3
93
122
118
99
81
129
108
111
2
122
143
114
74
127
136
125
85
2
122
126
101
98
98
99
134
84
4
98
137
161
123
113
120
106
120
3
119
115
134
126
153
120
78
146
6
127
120
86
106
119
119
107
138
0
136
70
108
114
115
105
147
136
2
113
92
110
92
116
124
126
121
6
63
142
121
130
100
121
114
123
9
105
83
112
129
130
88
153
107
10
157
93
146
136
137
153
101
88
2
107
119
96
115
127
134
92
126
1
76
144
122
138
88
158
84
151
8
134
104
99
127
148
110
104
141
3
121
134
115
95
123
126
126
126
1
114
150
132
106
127
138
137
138
1
126
98
84
131
97
130
64
125
4
115
95
142
105
128
157
84
137
4
121
135
148
100
133
99
92
135
7
143
103
78
127
112
113
134
124
8
117
86
100
127
92
131
105
93
3
125
115
165
86
116
125
71
105
5
141
103
131
84
94
126
105
114
1
111
128
115
99
137
139
134
92
10
96
81
93
120
169
170
116
144
3
113
120
98
163
115
114
133
122
9
141
139
133
100
126
77
80
113
8
142
110
100
74
110
128
134
151
8
136
96
109
85
111
111
139
135
9
116
97
110
105
118
113
118
100
7
115
134
136
136
157
73
84
96
6
124
102
121
108
122
123
117
122
8
134
135
160
121
83
93
107
127
6
86
135
142
111
140
126
137
114
8
112
127
106
121
123
115
126
108
8
91
124
99
139
121
135
128
87
0
129
115
98
104
106
110
108
96
3
143
118
108
157
101
92
122
127
9
86
130
93
135
107
80
104
140
2
126
138
114
121
106
128
79
90
9
121
114
127
90
120
126
97
164
2
78
141
128
132
130
146
115
141
3
95
106
100
130
154
143
119
103
9
119
121
124
107
123
97
102
89
5
122
122
107
86
156
154
131
92
9
122
113
113
135
141
121
121
119
3
147
127
130
114
100
115
123
107
3
106
103
128
127
98
125
93
78
2
147
86
121
126
112
100
124
143
3
112
122
94
135
141
128
93
129
9
85
128
105
98
119
112
129
107
9
119
143
150
123
102
119
128
85
4
128
92
121
110
135
135
92
83
2
134
84
135
93
122
135
122
114
10
106
100
107
99
161
89
119
122
5
147
120
116
137
74
97
117
95
5
102
76
121
108
138
104
123
130
6
117
99
79
149
94
128
93
78
9
106
165
117
150
109
114
148
120
2
119
118
114
134
108
133
132
119
4
99
130
127
160
149
82
136
92
4
134
111
100
122
95
130
124
154
2
146
115
126
90
118
134
118
135
8
108
119
126
106
120
101
118
87
9
122
121
121
130
108
150
108
127
6
95
127
101
141
86
129
98
116
5
99
86
134
115
135
129
114
134
9
132
100
134
83
103
128
137
113
2
128
107
107
142
162
111
106
122
6
168
121
136
138
121
143
119
132
1
144
135
129
105
145
133
113
110
6
107
88
114
135
132
105
100
122
3
80
94
112
111
112
136
126
102
4
132
121
116
100
98
96
103
149
1
111
121
99
93
147
146
135
118
6
93
128
157
122
75
120
105
120
1
124
112
115
111
161
103
104
112
5
76
108
99
118
140
116
79
131
8
137
141
154
119
83
84
121
151
3
78
82
121
76
116
140
122
139
3
116
65
143
106
170
131
79
108
2
151
129
111
108
133
106
138
109
2
123
99
109
100
148
106
115
98
5
99
113
121
90
131
149
106
87
8
114
126
149
80
138
125
106
107
1
126
143
88
148
122
151
69
91
7
120
86
113
108
131
143
135
93
3
105
140
97
117
148
118
150
76
4
138
112
127
120
123
129
136
125
3
115
113
143
106
120
124
121
144
5
121
116
141
89
116
94
108
131
2
107
120
100
107
160
145
128
120
3
116
106
119
106
126
115
126
140
3
85
130
105
129
144
99
138
149
2
121
136
160
129
85
147
121
118
4
111
135
157
118
136
135
130
122
3
135
155
127
91
98
149
128
140
1
103
120
91
142
136
123
116
133
7
134
102
113
108
138
169
121
93
4
116
120
129
138
91
106
134
98
6
100
141
136
93
117
134
138
113
8
127
108
133
121
132
103
107
98
3
126
111
140
145
157
115
117
98
0
105
136
112
145
93
135
99
139
3
143
114
119
113
104
114
105
124
9
116
133
117
123
133
70
127
124
0
114
134
122
107
118
124
101
135
6
138
60
105
111
91
131
111
114
5
119
121
142
147
131
135
122
107
3
119
87
115
87
98
105
148
87
7
113
127
138
134
114
143
110
93
0
97
121
116
133
112
140
112
126
4
129
129
108
103
123
101
135
98
9
120
111
137
102
128
139
106
117
5
118
134
99
113
149
91
117
134
9
86
99
117
120
96
128
123
116
1
113
110
134
116
122
147
93
129
5
136
136
132
112
117
102
95
122
9
129
142
113
124
107
78
150
143
1
88
161
107
114
106
107
91
139
4
99
149
72
126
99
115
128
141
4
92
136
80
109
127
127
177
91
9
100
128
83
107
87
95
123
126
1
95
59
148
163
101
135
112
142
10
96
100
144
113
141
102
152
128
3
106
99
162
85
134
126
102
166
4
106
92
125
95
139
92
84
135
2
84
114
120
112
141
136
105
104
0
113
138
131
132
104
100
133
104
0
120
149
117
122
118
108
145
134
8
87
97
106
135
105
139
84
112
2
122
112
103
117
172
150
126
108
9
140
99
101
103
115
115
91
85
5
120
129
135
113
137
114
143
127
9
133
128
113
128
109
80
106
148
1
89
117
135
98
126
127
113
140
5
128
137
125
142
145
130
114
115
7
121
103
116
149
127
123
121
116
3
115
93
136
89
118
91
92
141
0
110
153
105
121
100
115
124
119
8
92
129
108
149
97
127
136
133
3
146
109
126
128
131
129
145
124
8
99
87
111
116
109
103
124
105
1
153
114
107
114
128
111
94
148
9
102
106
124
123
127
112
115
133
3
133
135
145
126
105
133
128
99
7
118
91
121
123
99
142
114
117
3
148
77
145
112
141
106
120
99
3
105
114
123
130
121
116
162
101
10
141
101
135
113
138
133
130
78
0
112
125
108
128
82
122
101
120
2
129
120
132
144
111
120
96
116
5
105
122
105
99
101
150
106
124
6
84
152
128
108
147
130
135
121
1
133
117
71
139
139
134
84
104
9
115
92
139
121
95
116
127
108
3
127
114
129
120
128
127
121
82
8
96
94
89
127
114
95
110
119
3
110
113
114
96
156
127
120
115
2
105
65
94
108
128
116
92
129
7
77
99
90
100
119
75
141
114
8
98
114
109
126
119
140
133
81
4
144
124
94
111
88
127
108
120
8
89
129
101
140
116
124
86
120
10
156
104
141
122
81
128
91
134
5
124
142
113
100
71
130
110
121
5
134
100
116
122
94
93
159
126
9
170
127
166
129
112
118
178
91
9
110
107
111
109
90
119
85
100
2
124
113
148
119
120
128
121
111
2
132
93
157
86
146
107
89
112
0
113
100
129
114
118
168
120
116
6
105
78
110
109
144
134
99
107
4
125
114
114
135
118
149
127
157
3
154
110
108
103
98
128
101
123
2
96
107
89
101
94
96
121
78
4
118
101
128
136
125
119
121
155
3
83
114
170
133
128
105
102
127
6
112
106
126
112
118
105
106
123
7
130
131
109
113
96
100
134
104
6
86
132
139
121
106
150
135
99
4
115
108
123
108
114
98
85
127
5
142
131
118
91
150
94
88
92
7
127
122
99
141
105
107
156
137
3
117
84
113
122
105
89
135
105
1
78
97
141
99
133
143
122
109
6
128
128
97
126
127
135
105
119
10
118
101
114
106
100
155
123
109
1
88
98
110
100
149
155
122
135
4
109
117
119
95
141
138
123
106
6
117
124
142
100
119
123
124
104
6
80
125
123
115
122
114
147
148
3
100
136
129
121
92
126
99
123
8
130
106
164
94
121
93
133
119
4
86
116
103
109
148
78
118
128
9
93
100
131
126
141
126
127
101
8
133
128
78
78
91
162
121
133
5
115
127
112
142
107
107
159
98
7
100
91
112
125
79
149
136
74
8
120
164
118
83
85
106
115
160
4
100
106
95
128
114
124
128
114
9
114
143
129
118
124
124
82
101
9
127
88
145
111
94
77
104
124
9
93
105
98
126
122
142
114
116
7
150
126
149
114
133
134
57
106
6
114
107
134
136
126
94
111
87
6
87
111
130
124
121
114
113
141
9
118
119
98
113
141
117
107
177
1
110
114
128
68
121
111
84
170
8
99
113
112
127
87
107
67
105
3
141
138
79
130
121
130
98
135
3
115
110
146
104
148
84
145
106
1
135
121
114
105
100
142
85
135
9
111
125
161
142
137
108
120
105
8
105
105
133
143
135
111
141
92
9
135
122
120
85
119
98
90
110
10
142
93
121
114
93
109
117
131
1
92
118
163
140
112
105
108
105
9
125
122
91
66
113
94
135
106
9
113
136
112
109
97
134
118
127
7
120
145
148
154
92
140
89
138
8
137
88
114
97
108
104
134
97
6
114
89
113
84
144
141
150
131
3
126
128
128
113
110
116
138
81
3
106
107
99
107
107
139
119
147
4
125
122
143
131
141
143
170
101
2
149
102
106
98
64
112
143
103
10
127
120
107
66
106
115
101
113
1
128
129
64
128
146
106
100
85
8
101
99
134
120
141
71
115
101
9
106
149
133
153
84
106
106
123
6
132
86
108
112
99
109
143
118
0
168
127
117
127
126
128
140
107
0
111
122
123
100
107
94
113
92
9
76
94
111
114
77
135
108
148
5
107
108
139
107
133
100
112
128
3
105
134
125
117
135
114
115
117
3
129
93
117
116
121
95
119
120
6
117
143
99
96
97
98
127
147
1
163
135
92
71
106
111
99
121
2
72
118
106
96
134
84
115
117
3
117
90
120
102
106
124
104
131
0
137
134
142
121
107
83
112
118
4
78
118
125
93
103
157
113
153
7
100
80
105
85
88
79
90
129
5
87
116
97
147
123
119
132
99
8
121
91
141
112
129
94
149
130
3
93
131
106
105
93
164
64
107
3
156
92
114
112
106
91
116
91
3
95
120
137
109
115
113
128
143
8
120
171
122
133
114
112
105
100
7
115
97
142
136
125
143
139
115
2
142
83
124
133
100
112
108
92
10
119
74
126
101
120
126
109
111
2
144
148
122
125
106
110
173
105
7
138
124
115
130
133
118
115
94
10
87
114
121
111
105
98
99
113
3
144
154
128
128
81
147
98
115
1
125
84
126
127
140
126
102
97
4
74
112
97
111
112
88
99
114
4
89
106
121
126
107
126
114
119
5
128
118
98
92
100
92
142
122
7
118
111
114
82
98
127
116
106
8
110
93
85
111
162
91
122
84
1
126
112
100
100
101
94
143
123

