15
9
5
3
6
7
2
2
1
13
2
10
3
1
4
1
10
2
14
8
7
4
1
10
9
5
6
119
129
113
108
103
135
121
135
5
129
92
134
165
84
114
98
97
3
146
114
118
117
120
123
121
121
2
133
130
93
112
156
107
128
150
1
95
121
120
141
127
90
124
99
2
113
74
126
149
115
121
105
127
1
99
113
107
106
106
99
89
114
1
133
105
97
118
111
104
117
86
9
87
131
91
114
96
151
93
122
6
122
92
90
119
99
147
142
136
4
99
115
134
101
121
123
116
96
8
114
135
140
93
121
95
92
135
4
101
119
103
138
126
115
102
121
2
143
110
120
134
141
133
118
148
8
85
139
89
140
111
115
85
115
1
106
92
112
119
153
114
98
100
8
120
135
103
114
121
141
84
118
8
99
141
115
146
120
164
131
117
7
129
135
104
119
120
114
117
127
6
107
150
108
149
144
117
121
134
0
128
120
134
152
94
94
124
118
7
87
102
88
114
114
120
117
107
3
121
155
116
81
127
148
132
129
3
146
142
100
120
115
89
111
88
6
94
123
104
120
102
141
162
100
10
140
132
113
109
95
115
157
93
5
131
143
133
100
113
98
123
103
4
125
112
96
119
119
85
98
105
9
119
115
126
118
145
113
128
87
8
149
120
118
102
172
140
129
116
9
91
143
137
114
91
109
133
100
3
127
149
134
106
123
116
107
136
8
163
106
122
106
110
114
107
124
1
154
86
134
130
113
114
109
100
7
120
121
184
125
127
86
135
64
5
144
123
107
150
134
101
93
127
7
141
116
107
123
97
119
109
137
7
113
111
136
106
108
106
149
81
4
107
71
71
141
155
129
128
126
7
143
97
140
136
104
114
121
83
3
120
118
110
109
113
122
97
95
7
92
112
133
117
109
127
133
127
4
106
103
135
110
100
79
127
148
7
147
99
111
128
109
116
130
88
4
142
112
144
123
112
140
90
107
1
107
109
91
122
95
76
143
107
8
110
146
149
137
105
156
115
108
7
100
129
126
106
108
86
117
99
2
146
43
141
121
116
143
112
132
5
121
83
151
124
139
115
111
125
9
135
104
98
102
106
137
141
143
9
92
119
122
135
124
114
92
167
1
63
117
125
117
99
118
120
121
3
101
140
131
114
126
106
102
96
0
117
142
101
115
114
120
76
110
3
101
138
92
96
109
114
90
148
9
119
145
127
131
131
110
90
126
3
146
97
107
112
113
130
145
113
3
127
134
121
98
105
93
128
121
10
105
116
98
74
127
92
113
71
2
116
91
137
119
108
119
146
96
4
122
111
108
110
134
125
83
93
1
100
103
106
126
130
122
91
140
0
139
130
122
145
99
108
108
114
8
131
110
94
135
115
130
113
154
2
143
91
96
76
129
118
142
107
10
93
134
114
126
135
91
134
79
9
99
130
113
141
113
107
110
113
6
154
128
124
140
145
114
129
107
2
96
78
135
124
108
135
113
84
5
116
85
120
108
136
124
142
148
8
120
119
124
89
127
103
105
102
9
108
98
115
141
114
99
121
141
1
99
118
87
128
137
127
89
128
8
121
119
106
127
127
106
169
114
5
86
128
140
126
107
106
121
134
9
134
117
94
94
104
63
85
118
8
107
129
114
126
119
84
156
127
6
127
134
116
140
115
100
138
114
7
97
149
117
132
142
134
105
95
1
127
87
83
106
136
130
118
165
6
118
104
103
99
123
121
142
114
9
115
150
85
135
142
100
122
114
3
113
140
121
112
116
158
79
106
10
115
113
107
126
121
94
114
98
1
134
70
127
120
118
141
129
147
7
106
134
160
124
129
114
122
126
8
114
120
133
142
113
112
121
106
7
129
115
113
82
128
124
136
132
3
127
126
112
78
74
114
156
107
7
88
98
142
121
103
101
121
104
5
113
73
49
103
107
118
136
159
5
118
69
142
83
126
113
107
118
8
94
115
136
142
137
121
131
107
4
95
115
114
137
87
141
105
155
7
141
136
122
121
110
100
105
103
2
109
111
126
126
138
93
94
123
2
85
108
118
104
105
118
124
125
0
112
100
88
87
142
127
136
137
5
155
110
134
115
98
101
122
100
1
112
115
123
104
100
94
125
112
8
115
131
150
127
121
114
135
108
8
140
86
108
110
112
106
135
86
4
88
120
128
148
98
150
140
115
8
145
141
94
107
100
126
105
147
2
111
121
139
122
102
103
128
135
5
106
131
125
141
131
105
114
91
1
128
112
91
131
113
113
131
139
5
141
120
91
94
114
90
150
134
3
106
141
98
127
120
84
99
106
8
93
126
114
94
125
131
130
100
6
79
110
96
136
152
86
119
138
5
106
135
121
66
133
120
133
101
8
85
126
141
109
119
137
111
121
1
169
106
112
123
117
97
140
117
7
79
139
102
161
128
113
139
143
1
117
121
125
110
103
113
131
109
8
94
114
127
113
85
150
125
117
4
115
119
140
134
129
118
107
142
7
85
161
92
114
111
121
134
94
8
106
112
112
107
100
125
133
131
6
134
131
121
116
121
127
114
154
8
152
93
120
122
122
81
98
93
2
107
113
122
124
126
86
75
126
7
149
132
101
107
121
85
113
146
4
100
152
121
109
128
129
98
104
6
106
151
123
113
112
97
118
131
4
99
137
126
105
106
128
106
114
9
117
85
170
128
163
135
120
145
5
85
95
107
107
83
126
113
146
9
101
122
90
141
107
92
127
136
3
121
86
119
134
112
91
108
126
8
119
95
112
98
134
152
137
175
5
102
163
111
109
135
114
137
121
1
141
85
131
114
84
157
120
120
3
150
104
115
114
125
106
149
105
10
126
133
113
104
96
125
106
113
0
95
119
85
135
112
154
117
111
4
133
142
124
152
122
156
112
99
2
109
93
114
50
125
107
134
120
7
115
148
81
121
123
77
105
101
9
93
119
144
148
102
145
119
135
1
137
117
119
101
108
133
161
107
9
82
109
117
107
114
89
129
124
8
87
128
114
127
102
106
145
115
7
103
93
104
115
100
115
127
104
8
86
99
134
82
105
126
176
117
8
114
143
105
171
100
90
80
120
3
104
147
154
128
126
101
117
116
9
155
127
109
106
129
91
100
134
5
126
108
142
114
140
112
124
79
10
99
117
107
130
137
125
113
97
0
137
113
90
120
125
115
106
159
5
85
135
103
128
121
100
133
102
10
162
115
120
100
79
128
123
113
6
130
113
78
147
128
115
119
104
4
116
163
130
126
108
107
125
116
1
140
123
114
140
100
113
127
115
1
113
128
146
102
89
96
128
61
1
127
107
146
117
102
106
104
85
2
144
126
101
158
116
111
143
138
8
107
134
98
111
119
98
79
122
1
99
100
121
110
84
112
127
127
7
150
151
100
123
148
125
120
125
8
120
74
128
103
92
94
106
132
5
114
141
93
105
113
92
76
101
9
133
134
104
99
99
126
125
109
2
89
106
99
95
107
136
121
133
9
111
120
97
123
143
128
121
83
7
158
112
139
141
84
146
162
129
10
85
122
133
162
124
157
137
112
9
142
120
110
126
137
137
92
94
8
87
120
106
147
112
148
90
102
0
115
100
113
83
110
80
86
137
0
121
85
94
121
135
84
91
128
2
109
118
127
145
136
132
138
123
9
134
98
148
91
104
122
86
135
6
133
147
85
150
106
120
117
87
3
80
152
119
127
107
111
119
141
8
157
98
106
163
113
116
113
121
3
95
125
92
148
113
108
182
157
4
124
71
91
105
106
115
98
119
10
106
118
150
107
107
137
149
124
1
97
134
128
143
107
95
133
138
6
111
135
132
128
114
171
138
100
6
106
115
142
119
121
100
122
129
0
128
120
125
115
136
117
91
109
8
118
113
103
122
95
82
119
115
5
113
151
98
100
99
144
134
120
1
134
138
76
99
125
119
133
101
2
109
132
117
96
96
148
119
85
8
86
143
98
163
127
113
104
109
1
112
122
133
120
119
113
108
117
2
115
128
67
138
107
99
124
89
5
114
119
119
86
140
118
91
157
10
88
136
107
119
94
127
107
120
6
90
120
70
106
112
142
124
102
3
108
127
162
101
116
113
123
112
2
134
95
107
149
122
128
81
103
6
92
123
121
106
116
141
142
135
5
141
110
116
92
106
144
108
112
8
135
112
121
124
112
102
78
99
5
130
134
112
104
99
128
122
113
7
127
145
112
123
102
90
124
143
5
93
113
107
137
141
129
111
126
1
119
130
123
120
126
113
150
129
10
130
135
140
102
99
130
89
132
2
129
137
136
118
108
129
118
134
9
117
135
102
146
142
156
163
132
5
138
121
122
133
142
105
115
125
6
127
129
80
85
73
127
113
79
6
89
111
135
77
121
134
105
106
6
119
120
113
129
102
114
98
94
1
92
105
121
102
177
137
84
134
7
98
92
105
101
135
107
112
93
7
135
114
129
91
131
85
100
105
3
148
100
129
132
101
108
96
84
3
94
139
103
132
85
121
112
129
2
121
114
114
115
117
93
96
130
2
108
82
120
126
111
80
155
105
0
105
112
99
144
115
138
101
107
1
100
96
150
111
141
129
136
106
7
132
60
135
107
152
101
107
101
4
122
93
113
158
120
113
118
114
5
92
120
140
75
133
98
113
114
1
78
125
93
100
127
114
107
99
10
134
127
136
116
134
111
142
139
1
127
92
118
84
128
122
89
103
0
126
112
143
120
129
147
167
126
7
108
98
137
68
133
90
109
130
1
117
124
95
90
85
145
151
114
8
101
88
86
93
129
112
93
124
9
86
107
142
103
113
133
108
119
4
81
150
111
119
131
75
115
139
3
101
122
121
110
113
92
154
122
10
146
135
143
104
90
110
121
95
0
95
137
114
105
127
112
125
127
9
132
119
126
128
94
99
106
122
10
142
82
135
113
113
96
102
162
9
134
104
105
60
136
126
106
105
3
110
121
121
114
114
121
119
133
3
134
142
100
149
112
84
144
122
3
132
102
131
135
136
106
70
94
1
128
100
88
115
121
132
69
109
1
119
146
109
119
103
129
120
122
9
120
162
142
100
128
112
128
91
5
144
133
102
142
119
108
126
143
7
101
122
150
107
105
158
78
120
9
117
108
130
125
110
145
121
104
0
125
107
119
101
74
100
102
105
4
59
73
119
118
121
117
107
160
8
99
119
113
128
114
98
124
115
6
116
120
78
142
150
119
103
114
7
85
101
116
110
137
145
152
98
3
76
115
84
155
111
126
154
105
8
117
136
112
122
140
126
143
84
3
121
96
153
77
89
94
157
116
5
96
109
133
120
92
118
142
124
8
122
152
120
92
101
93
146
129
7
124
98
91
147
148
125
167
122
4
92
148
98
94
129
129
123
120
5
107
92
110
108
93
95
105
114
8
133
142
129
87
109
103
118
117
8
143
94
96
130
124
91
116
108
10
127
103
128
115
114
112
65
77
5
102
155
96
115
107
106
150
154
4
98
99
101
108
115
113
79
96
4
127
122
127
107
92
71
95
109
2
148
138
101
87
120
121
112
121
2
128
115
109
129
119
149
111
146
9
98
120
120
137
94
103
101
100
0
83
114
155
94
130
140
104
108
0
134
108
113
152
127
148
122
105
3
140
119
141
94
140
101
111
130
10
119
93
112
129
112
92
101
95
6
112
135
115
136
136
111
118
122
8
108
100
115
100
134
86
153
127
1
146
114
143
134
121
108
115
94
10
122
95
91
80
112
125
151
103
4
122
118
124
98
114
152
142
92
2
130
70
117
114
128
134
125
103
5
137
114
122
112
108
138
98
95
4
92
131
93
110
108
114
109
134
4
157
101
140
113
134
127
139
114
8
155
111
116
134
81
114
97
118
6
112
105
165
120
122
108
126
106
9
130
101
147
109
145
117
114
126
1
136
106
103
123
105
135
85
127
3
99
135
124
115
128
107
106
112
2
138
104
104
140
134
90
128
108
3
120
117
120
159
88
107
105
118
9
107
99
140
127
149
97
149
114
3
132
129
139
113
94
99
110
111
2
97
113
116
100
129
100
117
95
3
130
146
113
141
114
136
122
92
6
78
129
98
127
159
147
106
136
1
103
141
126
153
120
86
115
142
3
120
105
140
99
140
109
76
120
3
95
106
87
107
102
122
106
99
7
123
119
107
130
159
137
137
150
8
80
81
114
142
107
120
145
135
9
93
113
114
99
127
103
141
102
6
99
115
106
100
99
145
92
100
9
129
103
120
116
113
112
114
101
9
132
120
106
78
100
60
98
114
2
114
107
137
130
101
128
85
135
5
131
98
128
125
157
113
118
118
5
105
116
99
127
114
128
108
143
8
106
118
64
119
115
92
152
153
8
117
115
138
100
156
155
110
134
8
128
115
146
134
142
110
113
113
9
86
148
133
144
149
133
118
99
7
141
98
102
115
108
114
74
149
4
114
110
130
90
98
125
131
134
10
136
101
85
123
121
125
133
126
8
129
112
119
116
95
118
104
134
10
122
146
121
145
120
160
108
100
3
87
92
118
136
139
168
136
101
8
118
149
147
108
106
121
133
161
6
102
132
112
90
122
122
85
120
7
129
107
141
81
105
74
121
158
1
99
109
131
137
103
162
106
120
4
128
141
110
139
115
107
173
137
5
120
92
133
108
95
112
114
100
9
102
75
148
127
111
120
122
107
1
130
125
119
97
84
99
135
99
10
113
124
92
106
93
140
133
111
8
135
127
125
114
150
119
99
93
2
89
127
134
164
112
106
135
169
6
112
115
120
121
109
138
79
127
9
139
142
127
126
130
129
150
104
3
119
90
110
127
107
129
117
134
8
120
133
101
153
122
93
140
130
5
103
115
123
121
134
115
98
111
3
142
114
98
121
99
92
139
121
9
103
136
112
86
107
120
149
114
8
90
116
114
148
107
98
87
142
2
106
155
141
132
94
128
104
115
6
99
109
110
116
107
132
143
108
0
124
140
121
141
87
120
120
94
2
106
159
129
139
99
121
76
121
3
96
118
132
123
138
97
148
101
6
131
148
110
106
100
153
95
101
9
133
139
95
95
134
122
107
140
1
100
73
141
150
153
147
132
100
0
86
136
131
118
111
116
124
127
2
112
127
92
81
150
97
121
99
2
126
95
116
125
138
136
68
171
9
126
135
142
109
132
126
106
104
8
115
89
136
128
114
108
108
104
9
126
127
135
123
122
128
131
110
5
110
93
86
118
128
84
125
120
10
99
144
120
112
117
103
127
134
3
134
148
142
183
138
136
88
114
6
91
110
135
119
153
138
127
133
8
148
80
107
147
112
129
85
65
1
58
124
125
119
114
142
163
108
3
135
86
99
103
86
123
93
87
0
112
128
108
150
92
127
134
88
2
105
142
117
143
99
132
98
113
0
120
110
161
106
92
95
115
135
5
131
128
95
151
112
105
108
124
5
91
132
107
134
104
125
148
108
10
117
136
86
129
115
82
123
113
9
92
116
113
90
97
142
141
63
7
64
130
117
128
105
102
122
128
8
131
133
82
116
112
105
102
105
9
99
127
99
114
141
120
99
81
6
142
122
91
167
121
145
75
129
8
92
100
128
101
113
108
127
110
10
120
115
130
156
98
95
114
125
7
133
129
112
120
113
128
135
100
6
93
148
129
124
123
128
107
138
10
150
103
141
155
137
120
123
134
4
91
132
124
89
124
98
139
104
2
103
107
120
112
85
79
141
125
10
82
102
140
125
112
133
112
134
2
111
97
126
118
107
137
131
115
2
73
116
92
157
120
158
132
79
0
141
100
100
126
140
133
129
110
7
93
144
120
86
148
121
92
120
7
156
119
94
127
135
129
124
121
0
115
162
95
112
103
120
101
136
4
142
131
148
111
120
126
93
90
8
126
101
132
122
103
121
90
117
0
96
78
102
119
65
119
103
136
2
113
94
82
115
125
75
121
154
10
121
109
110
123
92
130
87
94
4
132
119
152
128
101
124
116
104
8
118
99
78
114
127
78
120
152

