7
7
7
10
4
4
4
6
8
15
5
5
9
5
7
8
9
2
16
10
3
3
7
8
2
6
0
100
113
100
147
121
113
130
128
8
106
141
103
122
93
125
104
133
9
116
135
107
140
85
134
122
135
6
121
106
99
128
119
122
126
81
5
102
117
113
135
88
118
158
91
2
100
125
121
93
112
129
108
120
2
99
150
130
103
123
103
113
122
6
83
154
109
79
96
75
110
111
4
119
130
111
193
107
93
93
102
5
56
117
100
88
161
93
108
105
4
132
113
121
114
105
116
82
138
4
92
97
128
145
147
121
131
115
8
119
113
148
95
112
109
131
132
8
96
137
135
129
112
120
99
105
8
111
130
82
101
132
112
127
96
5
114
127
134
119
111
114
118
146
4
62
131
75
143
128
105
79
93
4
117
136
94
110
87
114
91
99
9
120
144
149
87
87
129
136
99
8
111
151
120
121
147
136
146
117
5
124
112
133
123
126
127
127
94
8
138
152
129
125
132
133
129
107
6
121
104
100
135
73
128
127
143
7
148
155
138
120
155
129
112
122
8
133
116
117
137
82
141
119
99
3
114
129
111
110
111
98
107
123
1
120
85
135
112
145
108
117
90
10
135
108
92
94
57
119
114
129
5
135
157
80
111
98
93
117
131
6
142
87
120
148
131
94
128
92
7
76
141
123
99
105
104
73
123
3
112
104
114
57
103
115
133
107
4
121
117
128
114
155
78
122
92
3
136
111
124
105
132
87
131
110
3
152
108
138
115
132
118
83
155
7
123
106
141
95
101
131
85
134
8
103
124
117
136
101
163
112
94
5
100
103
127
135
105
120
130
106
10
137
141
90
93
132
95
107
116
2
106
86
100
141
99
112
87
111
0
71
122
141
105
147
137
95
124
0
124
127
93
114
134
139
112
126
9
159
114
143
118
100
121
121
52
0
117
117
107
160
112
173
82
127
9
140
122
128
120
150
95
112
118
0
113
92
116
120
124
148
141
143
6
121
106
127
99
115
115
120
106
2
155
148
137
131
125
120
139
98
2
143
113
101
130
112
110
113
139
3
129
159
153
127
103
115
152
91
1
92
128
135
124
85
112
111
89
1
136
97
140
101
126
115
119
128
1
149
93
125
133
114
99
141
113
3
117
84
106
91
106
125
127
120
1
107
106
99
116
137
121
104
114
8
115
144
106
91
117
93
118
108
3
124
89
113
117
109
109
75
151
7
99
135
82
155
114
137
86
147
8
130
134
110
128
113
131
119
133
3
108
118
122
77
103
149
87
117
0
127
137
92
120
127
104
64
129
6
109
105
131
153
112
88
125
136
3
112
112
99
113
71
119
121
161
10
101
120
105
100
122
103
98
96
8
157
91
113
86
98
98
109
128
10
125
129
128
154
115
136
114
111
9
127
90
105
101
104
141
92
108
4
139
148
146
126
116
127
157
140
2
123
91
109
94
127
78
88
119
8
134
99
127
147
118
95
128
126
0
108
120
83
98
125
146
86
119
2
94
130
86
113
125
97
141
108
8
107
124
125
131
93
89
108
105
7
103
84
92
124
130
125
127
113
5
154
135
132
116
126
123
119
128
1
135
89
129
148
114
120
142
134
1
108
158
117
157
135
135
127
92
6
124
140
112
156
153
107
120
102
3
127
90
132
123
113
103
101
98
5
128
114
120
147
84
111
90
119
3
133
114
141
152
100
125
90
121
6
86
132
144
128
65
119
107
105
1
108
121
117
96
139
100
113
118
8
109
124
107
114
139
143
133
125
2
105
145
111
114
126
137
115
98
2
142
105
64
109
115
128
123
142
4
112
127
115
118
78
119
135
85
5
98
132
105
128
164
136
113
117
1
156
145
138
119
150
113
99
114
0
131
133
101
176
101
156
118
86
7
136
111
93
142
152
109
77
116
9
84
133
115
120
120
143
134
131
5
121
110
136
115
129
127
130
102
1
135
114
107
91
111
121
114
112
3
113
138
98
116
108
128
85
94
0
108
114
85
118
132
106
121
106
6
120
104
128
165
134
67
106
121
7
135
120
150
149
101
169
126
71
8
106
117
164
104
143
92
131
129
5
158
85
139
74
145
63
112
83
5
134
105
107
145
129
86
133
136
7
128
109
79
135
128
121
106
151
6
103
80
123
114
156
141
150
107
10
143
136
102
108
108
55
99
93
1
123
93
94
137
56
136
110
106
6
101
188
108
122
99
111
91
101
7
108
140
109
132
131
110
114
147
5
121
93
109
92
133
101
120
89
7
101
64
107
112
129
116
124
126
6
141
113
131
125
92
145
115
98
7
138
115
96
139
98
146
89
83
1
100
117
114
76
128
121
116
75
4
115
108
171
134
118
124
117
113
1
114
145
100
104
130
137
123
134
2
141
131
127
148
142
113
127
118
3
106
129
98
148
136
135
141
122
0
132
126
93
111
110
117
127
99
4
119
100
108
103
113
111
114
93
1
142
153
112
119
104
97
123
101
7
112
156
128
132
114
124
128
119
10
105
141
126
134
113
122
135
109
7
114
111
120
129
104
121
85
116
7
122
128
99
110
90
114
134
96
6
155
98
152
102
123
122
111
135
6
126
94
105
106
98
73
105
128
8
133
99
126
98
122
96
163
80
8
113
113
133
107
100
128
153
149
1
88
101
142
88
95
107
128
129
4
135
114
99
121
107
92
119
137
5
114
125
121
128
133
109
99
100
8
140
137
140
90
147
127
124
154
9
135
109
97
128
68
134
119
125
3
164
108
156
137
120
72
114
98
4
153
123
136
114
134
75
99
117
2
108
111
133
124
97
80
105
118
4
106
132
116
94
113
121
142
120
9
115
112
137
92
99
85
85
93
2
122
152
128
124
126
98
113
100
3
134
107
126
88
93
137
102
130
5
132
117
139
102
115
123
122
115
4
114
91
192
143
108
158
135
99
3
108
101
112
114
132
127
99
109
10
108
113
129
98
87
123
113
150
4
126
92
125
107
150
141
104
128
2
107
98
99
57
90
112
120
115
6
151
138
135
131
88
113
93
108
8
135
121
117
128
126
105
118
142
9
97
87
128
141
136
130
155
119
4
156
158
118
110
146
133
105
90
1
110
133
135
103
101
105
108
124
2
83
105
127
123
135
90
121
93
3
85
104
101
111
103
118
99
115
6
140
116
128
115
89
122
90
128
4
100
161
83
113
135
123
138
89
7
147
93
142
100
148
101
142
123
5
148
109
79
121
92
126
94
128
3
135
151
113
106
144
126
106
121
4
107
129
131
124
123
92
110
121
2
100
146
113
114
118
137
115
124
8
146
128
155
112
70
109
136
123
2
135
138
126
105
147
122
99
106
6
88
100
106
129
149
123
114
138
1
139
124
91
127
128
143
141
104
5
118
109
80
98
130
134
156
96
7
131
129
106
124
112
135
124
119
10
141
129
126
142
87
113
114
145
0
107
119
119
121
98
148
86
100
6
146
107
114
113
82
128
123
106
8
101
106
73
160
121
106
71
114
2
107
134
92
128
113
123
129
112
5
129
105
131
85
124
121
134
129
5
87
52
149
99
151
106
121
98
5
128
107
129
107
110
125
129
110
10
124
96
111
148
131
121
129
132
6
128
129
95
119
131
102
115
138
2
121
99
100
79
133
141
101
113
1
121
141
127
120
81
114
168
107
9
138
114
123
84
105
105
121
142
2
99
124
92
92
148
116
93
108
2
139
127
148
139
119
114
94
102
3
128
128
157
92
136
84
145
125
2
135
158
86
140
100
100
132
121
4
111
100
122
93
94
167
126
136
10
145
140
107
131
121
124
112
84
7
145
131
120
92
101
99
114
128
1
107
135
125
112
114
128
92
136
0
109
106
85
122
130
144
128
127
6
123
93
99
103
121
85
107
132
7
99
101
126
118
117
143
108
89
7
160
100
119
117
141
108
132
83
0
148
102
141
106
93
134
114
100
5
106
102
128
121
126
133
139
116
7
114
99
113
105
118
119
115
111
9
104
113
92
114
137
104
105
68
2
137
119
99
90
126
74
104
92
9
136
149
84
125
134
113
110
117
9
107
91
107
122
119
100
117
129
9
108
110
114
115
103
125
97
137
4
122
106
108
122
95
127
107
100
5
125
124
148
108
136
83
134
130
4
58
150
106
142
127
149
114
127
5
135
123
142
88
100
107
90
93
9
136
101
101
120
131
142
155
147
7
141
101
114
85
105
98
164
130
8
88
78
103
106
109
114
131
120
1
128
101
100
77
123
122
141
119
5
89
120
112
96
113
99
154
110
7
93
114
115
128
71
120
120
93
2
120
91
93
123
102
99
130
110
3
125
128
110
126
141
76
146
110
9
144
138
129
127
100
94
121
113
3
100
93
143
115
144
145
102
120
9
141
121
128
101
109
81
106
107
0
139
132
111
106
103
157
119
142
5
122
109
109
120
131
131
160
107
3
120
135
166
138
107
128
100
107
6
102
144
125
93
81
114
129
103
0
134
134
176
130
114
117
101
86
4
122
105
134
116
113
141
133
119
5
136
101
113
128
120
122
129
137
7
127
116
94
78
111
112
122
147
5
125
142
107
141
111
130
118
104
5
99
120
101
128
126
106
131
106
7
88
114
134
126
116
143
135
100
5
75
132
117
121
86
133
130
70
6
134
112
128
141
112
143
103
100
2
100
114
135
120
158
133
130
110
8
141
110
89
89
92
156
133
99
9
134
140
134
144
110
88
104
149
7
129
114
145
108
85
109
146
113
3
86
120
129
98
93
100
114
105
4
146
98
139
155
144
98
157
110
9
105
123
134
107
114
141
121
116
9
144
101
75
105
116
132
128
112
8
114
131
112
110
116
168
94
113
2
123
88
133
92
98
131
111
106
6
84
135
117
147
154
124
132
162
7
157
143
117
109
114
119
119
164
9
107
175
117
100
113
95
141
129
3
120
134
117
133
126
102
111
82
2
98
133
103
114
134
79
110
120
6
146
112
133
155
111
137
135
140
1
112
79
122
124
121
85
108
127
7
135
128
128
100
120
168
101
123
1
114
147
120
135
127
111
116
128
8
134
72
135
82
122
124
115
115
3
101
93
111
133
121
113
91
81
8
93
118
99
130
84
106
119
79
2
121
124
105
121
115
99
116
147
4
99
152
135
126
120
105
87
113
10
108
107
116
136
99
106
127
134
4
138
134
112
142
82
140
110
151
6
141
148
112
118
170
120
116
56
6
132
122
142
89
106
143
115
87
1
126
106
132
146
97
128
124
141
9
97
97
115
89
115
136
137
128
1
124
104
121
147
93
89
100
135
6
136
83
126
106
149
98
105
89
2
121
91
96
113
129
150
147
93
7
128
113
132
103
101
100
147
107
6
92
110
93
97
111
149
150
90
1
95
133
139
85
93
115
109
135
6
99
99
112
100
121
131
128
124
8
121
157
86
92
94
121
148
99
6
113
111
89
135
149
127
147
85
9
148
113
104
105
112
91
112
92
5
114
103
125
97
95
114
138
105
9
112
118
128
135
146
105
85
95
10
119
106
123
107
93
139
79
134
3
84
70
121
141
98
92
122
164
1
97
119
111
129
114
112
156
121
8
123
98
110
104
140
126
103
107
7
135
166
120
131
90
117
90
155
0
121
116
114
141
120
153
98
134
5
115
134
150
150
148
108
123
124
9
120
99
122
109
119
141
85
108
9
98
119
130
113
90
114
130
105
3
121
108
112
120
106
123
93
98
8
98
86
115
108
63
112
132
114
7
100
112
119
115
141
134
99
126
1
114
98
118
101
163
73
90
137
7
108
132
130
147
127
163
103
140
1
118
111
121
115
124
110
136
122
9
121
88
129
108
128
126
125
126
5
119
132
149
119
133
131
143
109
4
100
134
100
106
135
93
146
77
10
118
78
84
108
113
122
143
141
10
143
105
129
98
79
122
106
128
1
121
121
105
123
109
72
82
125
4
121
139
108
133
120
147
119
144
9
112
85
134
148
127
105
114
153
1
139
131
109
132
101
78
152
94
7
85
108
143
133
119
138
73
139
6
119
107
139
98
92
99
87
72
8
103
150
106
122
124
94
119
143
2
105
115
117
128
127
98
120
98
5
86
126
146
125
119
114
127
132
7
90
118
136
104
105
151
104
129
2
117
152
133
109
120
108
112
112
2
137
122
113
134
120
108
114
110
5
119
111
141
142
130
102
104
81
7
98
127
158
115
143
75
168
157
5
116
114
111
129
156
98
114
105
8
112
131
164
142
122
155
108
123
9
142
105
156
92
114
145
117
118
3
129
125
107
123
118
148
100
120
3
125
128
108
150
107
122
127
129
3
128
100
109
121
110
100
141
94
6
124
132
110
116
126
94
149
117
7
109
98
110
83
130
115
95
60
10
144
92
103
121
113
93
143
122
6
106
94
108
91
129
83
111
141
8
126
107
120
123
105
114
115
125
2
136
100
151
100
113
125
131
87
1
135
121
116
89
113
95
143
108
0
115
105
99
91
101
117
99
152
10
135
119
142
137
108
132
98
86
9
141
129
127
111
127
107
100
107
7
131
124
110
143
98
174
93
121
1
120
108
132
113
156
99
89
85
0
124
83
125
100
138
135
113
139
0
156
148
119
106
126
80
107
127
1
128
133
92
118
99
119
143
98
5
93
99
141
109
93
112
107
123
2
121
117
102
115
120
89
103
93
3
120
123
86
84
106
114
137
107
7
110
134
124
131
135
135
117
101
8
91
123
96
80
117
106
126
106
3
91
141
135
156
120
78
116
141
3
118
100
127
99
146
95
128
123
1
107
126
129
117
122
116
142
161
4
103
130
118
106
113
127
87
128
9
101
101
131
113
149
142
87
92
7
126
66
118
116
134
89
113
115
5
96
136
149
97
104
137
104
121
1
97
118
119
120
159
122
108
127
9
90
107
114
128
125
119
134
69
7
85
107
79
113
114
120
104
130
8
122
113
158
110
103
120
107
136
3
94
115
154
131
126
91
117
108
4
132
133
93
113
128
106
142
134
7
101
122
118
113
93
70
144
96
3
124
140
121
112
79
129
115
148
9
123
99
93
77
147
116
129
112
0
131
112
104
154
119
126
134
136
1
133
129
126
93
86
106
122
119
7
147
125
122
106
129
111
127
98
7
128
120
98
124
128
111
150
125
2
134
119
159
72
84
122
117
114
7
125
156
104
114
148
159
119
162
8
114
141
117
120
116
132
112
141
8
112
126
117
102
103
73
100
121
8
113
113
133
120
93
114
85
115
4
88
152
175
168
83
111
94
108
1
94
110
115
136
134
90
128
72
3
117
122
115
110
128
132
132
119
6
114
108
109
125
114
127
114
113
9
111
85
117
136
95
120
115
105
4
129
140
116
120
108
121
111
121
9
160
112
105
133
130
119
109
118
9
120
77
141
121
140
125
130
79
3
113
121
112
99
156
108
116
113
9
160
119
130
138
78
134
111
88
3
78
142
127
149
149
131
106
112
9
134
99
130
75
119
121
91
117
3
113
105
116
126
122
123
121
142
5
96
115
66
82
141
151
138
115
4
107
120
99
126
109
96
108
126
0
127
108
126
113
121
117
86
138
6
98
123
106
106
98
128
128
150
6
65
127
92
108
107
92
136
136
5
112
133
142
115
138
102
114
143
4
101
100
84
127
136
159
106
136
2
86
139
110
108
114
148
103
108
10
134
101
163
106
100
125
118
129
8
124
90
88
91
107
109
86
116
7
99
136
87
142
113
158
124
107
9
114
132
97
101
121
155
71
98
8
147
163
116
111
94
72
108
121
1
112
109
121
125
71
96
112
112
2
100
123
115
126
117
104
138
106
1
112
107
114
78
106
113
99
116
9
138
120
135
128
123
135
91
120
2
135
129
107
111
106
113
113
117
9
115
143
102
127
156
95
128
140
0
149
117
113
122
109
101
101
105
2
105
110
135
99
107
131
153
78
9
130
133
122
128
123
112
113
103
2
102
126
99
143
95
68
124
89
5
102
107
136
107
111
130
153
72

