12
9
4
6
8
2
7
4
9
14
8
7
6
9
7
9
8
6
10
4
4
9
8
6
9
10
5
94
155
106
134
97
108
127
108
9
118
72
59
119
141
111
126
111
4
126
86
112
103
98
106
119
130
9
133
95
99
120
119
124
89
104
7
96
83
136
98
142
114
115
95
8
105
104
168
113
94
119
139
137
2
122
118
100
126
116
128
88
127
4
121
104
120
120
127
119
169
138
1
156
120
99
103
138
132
92
135
6
128
130
126
114
106
126
113
111
10
142
115
121
162
102
86
91
119
7
144
117
123
128
96
135
125
102
5
119
134
116
105
140
134
131
105
1
101
120
78
120
136
109
138
118
5
132
157
84
136
113
110
91
93
7
113
140
116
114
120
128
109
135
3
106
138
84
120
107
142
86
120
5
122
134
87
130
99
123
103
102
4
106
95
110
150
136
78
147
131
2
122
89
96
84
124
120
118
108
2
132
113
125
126
93
130
103
129
7
110
180
135
93
94
129
86
81
4
135
116
129
142
108
114
126
113
7
139
117
167
114
108
106
121
133
1
135
93
102
100
117
126
99
78
2
141
141
97
125
106
100
98
113
1
126
127
101
101
130
140
130
113
10
117
114
85
86
140
91
114
119
1
120
138
141
105
119
115
134
107
7
88
109
97
136
111
144
106
96
5
118
130
85
157
82
151
133
141
7
102
111
138
135
78
114
106
110
6
111
145
91
96
99
122
130
85
3
112
149
91
112
121
121
73
91
4
171
86
127
129
127
139
117
134
8
78
95
127
164
120
99
120
75
4
137
101
94
120
123
156
140
114
3
118
86
114
141
113
116
106
123
10
127
85
115
148
104
98
107
125
3
118
124
98
136
106
107
85
113
5
103
108
126
130
78
73
112
101
8
117
119
125
100
135
133
105
109
2
130
129
114
85
94
112
98
113
5
150
132
103
128
140
141
91
163
4
128
120
99
95
96
121
120
141
3
120
110
123
104
121
100
133
114
4
113
136
120
95
128
118
128
136
1
87
90
144
115
72
122
97
113
8
77
98
86
99
92
100
106
127
7
176
146
107
104
152
104
121
121
1
107
91
125
117
95
136
128
141
6
72
148
111
147
123
130
113
127
2
113
129
97
136
93
107
94
104
3
69
114
146
116
148
108
123
129
2
125
92
114
123
159
141
92
148
9
124
114
73
125
115
150
136
112
4
139
117
144
135
108
108
120
142
4
114
115
84
142
127
109
96
112
9
126
75
134
153
150
113
145
127
6
86
121
105
134
143
121
134
89
3
83
136
99
134
118
113
102
157
5
96
109
127
98
130
113
80
106
7
113
140
122
128
111
130
102
121
5
146
92
121
127
130
136
102
91
2
58
115
135
136
109
129
99
104
4
109
142
135
98
130
140
111
122
6
119
114
101
86
136
164
127
142
1
98
144
115
101
141
100
139
120
9
100
71
94
115
83
125
119
106
6
151
140
106
135
127
111
95
110
2
136
123
132
118
94
110
112
109
9
128
134
134
101
78
123
110
111
0
97
81
108
125
99
128
132
100
5
118
102
112
120
100
81
96
112
4
85
129
122
114
153
108
119
110
6
120
118
136
105
145
120
147
132
9
102
138
135
137
98
120
120
106
4
100
117
119
147
125
107
94
113
3
127
109
129
104
86
139
139
107
10
107
128
155
128
141
124
100
130
4
141
122
104
81
98
80
133
122
7
88
117
130
106
93
103
142
114
1
97
120
77
100
100
119
135
122
7
122
100
87
150
115
117
111
130
9
94
109
107
125
120
107
108
75
4
122
119
141
110
91
116
125
108
1
123
122
114
131
143
109
131
127
1
113
116
128
113
94
136
121
127
4
131
114
123
142
86
121
143
118
3
95
119
85
120
157
114
115
108
4
106
105
122
116
116
139
121
131
10
126
147
119
105
148
130
136
105
0
112
129
120
112
150
111
128
98
10
127
152
120
106
90
139
144
137
10
82
121
136
133
110
114
94
140
5
117
150
106
125
106
122
129
98
8
121
123
102
116
96
123
107
121
6
105
94
136
143
105
114
117
136
9
122
98
136
121
150
100
123
104
9
138
128
142
115
122
116
144
111
3
92
137
113
128
99
110
88
114
5
146
85
101
99
113
93
134
106
9
101
103
141
61
118
99
77
98
9
73
128
75
144
99
123
113
101
8
88
120
105
115
142
107
99
131
5
95
142
102
113
109
115
113
121
9
107
113
123
127
153
129
119
108
6
108
85
116
99
113
115
105
90
4
125
104
122
128
119
98
123
128
3
125
126
107
72
100
114
117
165
8
137
154
78
127
120
116
110
149
5
113
134
117
106
149
160
122
130
1
109
126
115
124
122
177
114
99
9
107
113
102
123
87
160
122
97
5
138
116
129
124
85
129
139
113
8
155
104
149
121
129
112
105
134
5
122
112
86
128
120
156
133
113
8
91
90
145
128
100
127
112
104
1
121
91
121
144
92
85
159
133
9
121
126
144
114
79
149
98
124
7
147
134
112
126
113
112
85
108
3
122
133
100
113
111
113
86
49
2
147
120
113
131
155
137
172
113
4
95
93
99
104
120
114
120
106
9
100
100
122
140
127
94
108
118
0
109
121
108
105
105
113
142
116
6
129
85
96
134
123
79
151
111
4
100
86
118
127
132
100
135
135
3
124
138
105
116
113
128
99
90
6
121
109
119
72
132
142
152
108
10
99
86
78
120
108
125
107
137
9
99
134
95
92
145
103
122
85
8
108
119
134
80
123
126
143
116
6
106
91
120
144
131
106
147
129
0
126
86
112
120
115
123
116
106
4
106
119
96
102
105
158
91
95
9
133
142
108
108
119
142
136
99
0
109
70
99
83
115
111
112
97
8
121
149
128
120
78
112
93
128
5
119
109
126
135
111
137
116
121
8
141
120
140
99
114
115
54
100
0
128
120
114
107
101
87
145
110
5
119
163
92
135
127
120
100
127
1
100
112
134
132
112
143
139
120
5
99
129
83
113
97
99
83
134
6
97
113
134
129
89
126
113
108
7
99
116
115
99
157
127
93
127
7
106
97
126
127
139
120
131
87
6
112
143
132
109
116
150
110
113
1
107
163
101
86
138
131
124
114
4
108
142
93
94
119
122
131
98
4
121
98
161
115
99
107
145
127
5
113
150
101
112
113
139
94
120
6
118
114
141
100
76
131
128
127
9
145
156
93
130
147
104
99
123
4
104
101
72
144
131
111
94
138
6
103
126
108
112
150
107
130
124
2
138
133
100
113
134
129
94
120
2
163
148
92
93
123
86
154
149
5
131
122
143
119
143
142
120
115
1
120
77
129
127
129
138
127
122
2
160
132
134
96
130
121
115
149
1
99
115
101
122
134
121
135
125
9
123
125
141
99
124
158
117
79
7
100
106
129
95
133
101
142
92
8
125
84
107
107
112
79
138
94
10
109
85
128
103
114
109
84
158
2
121
122
102
115
92
159
148
101
8
69
119
114
80
108
120
64
129
4
108
104
107
102
136
130
128
134
6
133
127
111
113
112
66
136
113
5
108
133
115
154
126
170
108
121
8
106
136
106
114
98
109
127
99
0
84
99
138
77
97
90
124
137
3
127
141
142
137
98
143
115
95
9
147
140
121
134
150
132
115
84
8
132
105
145
129
100
67
97
159
0
87
73
145
119
132
155
152
98
7
91
107
116
124
105
130
127
134
6
100
132
81
149
126
89
102
129
1
106
141
120
118
99
92
113
123
5
118
140
101
112
120
99
141
106
4
107
114
132
107
93
112
120
99
4
109
136
113
133
108
131
123
93
0
113
104
141
114
119
100
104
98
1
129
108
98
108
121
72
153
130
1
94
104
149
105
122
125
126
120
6
109
130
141
108
102
115
96
146
4
171
87
98
113
125
121
144
155
7
82
148
89
105
144
117
92
123
6
131
112
141
113
128
109
127
148
2
111
138
90
126
96
134
134
160
10
113
91
71
107
133
120
125
99
6
98
119
126
117
122
124
106
185
7
147
118
114
125
106
140
99
72
10
134
137
98
102
147
148
105
113
10
129
116
136
120
108
127
125
114
1
114
131
82
126
109
145
98
104
6
98
115
71
128
101
112
132
117
10
135
100
126
102
147
120
110
122
5
120
120
138
120
89
137
138
176
7
103
79
127
113
98
121
83
93
3
141
125
106
100
106
92
104
120
3
108
127
136
127
88
144
134
104
6
108
141
130
119
116
123
97
123
6
104
148
115
122
106
82
126
114
5
70
111
123
146
127
143
114
128
7
129
162
116
106
132
113
120
129
3
120
127
141
121
143
118
133
126
8
135
100
133
119
92
128
105
128
7
120
114
127
92
120
121
125
106
1
119
130
107
126
112
118
100
134
3
121
99
114
131
126
82
92
172
3
112
98
144
111
149
114
141
107
7
100
120
97
138
134
110
140
144
9
121
126
163
99
118
109
142
92
1
99
101
92
108
167
118
142
125
9
113
123
113
107
113
103
72
139
9
117
132
128
154
102
138
137
108
3
107
134
147
120
90
93
160
126
5
84
134
120
115
127
114
146
98
9
87
107
121
110
157
135
143
139
3
134
101
140
105
99
120
78
86
10
103
122
114
115
127
120
111
127
7
139
132
114
126
129
130
116
130
2
105
157
131
142
120
116
98
114
9
134
142
141
122
101
117
89
104
8
120
117
101
115
123
128
97
140
8
106
113
118
120
114
93
117
133
8
119
110
100
130
98
120
130
135
7
102
112
154
113
130
142
76
143
8
94
133
116
129
98
148
147
112
5
95
154
135
85
110
164
117
113
9
85
113
135
115
89
108
132
132
1
92
114
85
137
108
95
130
112
4
115
134
112
114
107
115
93
120
2
91
130
131
133
141
135
102
105
3
106
134
144
128
127
105
113
113
4
106
128
120
117
115
98
81
127
5
84
115
114
92
122
140
119
126
9
99
142
66
113
119
110
117
121
9
98
103
128
104
142
91
107
94
1
121
115
108
120
135
119
107
100
6
93
135
119
119
129
149
97
89
1
111
133
96
134
109
97
145
135
1
131
132
155
114
116
112
90
92
7
115
157
125
120
145
122
128
88
10
102
83
106
110
125
109
80
114
8
89
121
92
106
84
121
128
120
2
113
109
153
107
140
151
92
119
9
121
125
93
132
127
113
126
98
2
126
87
74
123
92
120
136
80
2
132
104
117
106
107
119
97
103
7
106
117
161
136
131
115
120
143
0
121
163
86
119
115
115
111
155
4
100
133
116
134
115
136
100
66
6
108
141
119
153
143
119
141
108
8
115
106
73
122
121
112
145
90
5
93
106
140
100
111
138
119
68
6
115
119
127
103
97
127
113
81
3
104
114
98
141
136
145
106
119
3
107
85
86
118
147
103
129
94
9
80
76
120
113
125
122
125
114
9
124
118
105
134
99
122
124
108
6
112
134
116
122
147
85
110
105
6
105
135
109
115
139
91
121
116
9
121
127
140
116
114
96
129
118
5
107
111
120
112
117
91
106
92
2
92
96
134
129
147
118
135
128
7
121
136
105
136
118
99
96
147
8
154
157
133
126
132
92
132
128
5
138
93
125
108
129
115
116
119
6
93
134
115
148
163
127
89
107
5
129
135
130
149
71
116
141
87
5
106
96
119
127
141
156
113
107
8
154
118
99
108
104
106
141
130
2
148
119
128
88
120
135
183
121
4
107
119
98
118
108
141
122
112
8
159
112
101
119
107
124
106
122
2
134
105
127
166
121
129
79
141
2
112
121
108
149
133
127
130
121
7
92
101
120
142
127
140
147
128
7
132
103
128
155
120
101
164
100
8
123
125
113
158
100
149
126
106
4
122
100
113
140
127
86
117
107
8
131
161
99
131
118
128
116
72
8
103
107
113
120
74
141
92
93
3
120
101
122
113
142
124
131
112
1
135
149
93
91
122
141
112
95
9
107
108
125
121
154
84
131
132
8
150
90
85
58
149
145
114
136
1
128
100
135
123
116
149
115
106
8
144
124
127
108
127
127
120
70
7
83
124
114
132
107
130
129
116
0
133
135
141
112
142
134
134
135
8
120
115
137
155
92
94
134
117
9
196
97
92
125
115
118
127
119
2
141
120
118
116
97
136
120
102
2
121
112
128
116
140
106
95
127
6
65
148
135
139
159
121
137
88
9
124
127
114
127
106
110
149
143
10
114
100
138
117
109
111
157
102
2
126
113
124
113
118
156
115
63
4
114
148
110
117
124
149
130
115
10
123
122
140
126
101
134
105
113
5
119
127
107
110
101
84
127
119
4
156
104
134
127
128
132
95
106
2
114
123
101
103
120
135
87
116
2
137
94
140
127
112
107
153
132
9
113
105
122
103
140
145
162
99
4
119
129
141
113
125
113
112
148
8
126
105
121
122
114
127
127
131
2
153
151
98
155
110
121
112
100
3
169
130
115
97
122
83
153
111
1
108
117
96
115
148
122
142
146
8
121
124
119
92
105
114
100
73
7
125
149
105
113
105
107
109
104
5
142
69
114
118
93
127
133
148
5
119
84
122
118
63
101
109
112
10
115
137
148
90
105
149
114
113
5
122
105
108
116
100
135
121
109
2
138
110
148
155
120
138
106
137
0
114
121
125
106
134
112
101
151
6
115
120
93
115
114
142
126
127
8
120
120
101
128
147
106
116
106
1
141
132
113
120
123
119
106
119
2
84
128
141
131
127
99
98
111
5
72
87
99
141
102
114
133
110
3
78
154
110
138
137
152
127
125
6
133
107
89
73
102
130
157
84
6
102
114
113
124
114
153
105
113
4
78
84
123
154
110
91
130
91
0
119
119
150
148
105
130
93
156
9
149
140
122
93
92
146
129
100
7
142
120
142
81
121
71
114
95
9
91
92
86
133
127
100
108
150
8
109
114
144
145
93
93
166
84
0
120
135
129
141
123
87
142
133
5
136
162
110
131
136
129
141
132
9
88
135
117
116
140
128
91
142
7
91
115
107
162
94
127
146
101
9
121
129
105
113
111
137
111
79
1
65
114
134
116
133
99
99
128
8
115
105
109
122
115
149
114
101
3
106
104
153
106
106
117
154
142
0
119
136
127
122
156
120
96
121
4
135
127
88
121
142
106
108
111
3
105
107
86
125
120
79
113
161
3
135
108
118
93
128
128
70
91
6
111
113
93
135
101
117
135
127
8
142
113
142
112
121
123
126
109
7
97
113
90
164
128
121
142
107
10
98
129
126
106
114
106
106
129
0
89
146
107
122
133
142
115
117
5
128
117
136
118
147
96
136
132
1
123
115
124
87
92
115
98
119
2
149
122
120
141
109
117
99
102
2
121
113
142
114
115
105
144
153
8
113
165
115
113
78
128
74
92
3
116
93
95
96
99
106
110
137
2
100
100
102
120
101
129
104
88
9
145
130
127
125
126
113
119
104
3
118
126
79
113
86
54
129
154
8
133
133
122
108
66
92
106
127
2
93
106
112
110
118
85
120
113
7
112
129
122
105
143
113
97
119
0
114
101
100
107
140
106
105
141
3
90
110
86
120
134
133
107
93
4
133
121
134
106
108
156
128
124
8
77
114
124
133
97
121
135
177
4
113
64
103
121
111
84
131
122
5
93
117
137
87
102
112
119
134
9
105
148
100
133
127
105
144
128
3
117
135
107
120
107
116
123
122
8
106
119
111
119
122
106
89
149
8
92
105
114
108
86
123
119
110
9
139
89
99
125
80
105
133
131
8
126
112
81
94
141
149
109
110
5
142
121
113
99
103
101
103
122
4
112
120
124
116
79
122
127
129
7
99
120
106
130
110
118
100
93
4
134
126
128
107
96
60
128
78
0
133
105
152
107
147
73
116
134
6
149
135
111
116
134
110
120
104
8
104
143
101
125
148
157
115
125
3
134
83
108
121
121
91
136
149
4
118
118
109
118
105
133
113
122
7
127
112
119
117
117
77
136
107
2
107
99
120
156
129
112
163
143
5
113
114
111
119
113
131
110
126

