12
5
5
10
2
4
7
9
3
14
5
9
2
4
8
0
3
4
10
1
9
7
6
4
4
2
1
102
107
78
102
131
163
106
107
7
147
126
113
112
144
130
114
125
5
119
143
114
85
152
85
147
141
7
119
156
129
111
148
132
121
127
7
128
113
109
113
101
101
119
110
1
143
114
81
130
137
103
133
120
5
115
142
111
107
99
93
105
102
7
130
123
105
122
107
115
127
113
5
135
80
121
114
113
114
135
115
2
98
85
133
103
87
123
73
106
2
102
150
134
110
76
106
121
155
4
122
114
86
114
119
119
97
155
3
131
66
147
112
123
113
150
147
6
97
126
114
125
89
121
93
117
3
120
93
96
98
98
132
128
109
3
146
138
122
105
142
93
133
109
0
136
128
127
134
120
114
134
114
4
114
105
124
109
112
133
94
114
4
161
120
143
112
115
148
119
138
2
143
121
125
57
148
97
102
148
3
120
112
144
136
142
115
91
86
2
111
94
107
138
107
121
107
132
6
91
95
119
100
101
127
93
138
6
99
140
121
135
111
124
104
125
5
108
116
123
136
116
148
130
107
4
118
116
106
110
134
99
107
120
9
121
115
115
122
94
121
102
122
9
90
91
149
96
112
105
124
106
9
114
130
72
129
88
89
130
112
1
142
92
120
119
107
100
135
133
1
119
131
87
138
140
97
99
120
4
139
102
111
99
115
122
144
105
2
105
78
141
101
126
134
92
82
0
138
158
114
121
123
80
79
120
9
107
87
89
145
135
148
113
95
1
114
113
150
115
133
112
162
125
8
110
122
83
118
126
109
112
108
3
107
127
114
117
104
161
126
133
3
91
87
136
111
128
103
109
128
6
79
105
148
51
90
110
135
120
4
157
94
123
81
107
122
119
120
3
102
103
90
120
121
128
112
85
4
136
92
98
96
114
126
126
86
5
143
158
115
113
80
128
92
115
7
116
126
124
122
114
136
124
107
6
127
97
114
128
125
50
113
110
3
94
146
129
166
150
142
135
120
5
121
126
89
147
112
99
105
116
9
156
92
108
126
112
113
122
137
4
108
119
103
103
82
96
125
113
0
138
111
134
129
98
154
132
114
7
112
127
95
99
122
102
113
98
7
114
132
128
127
98
146
119
131
3
101
119
141
91
113
143
134
128
7
93
120
117
97
124
106
111
126
2
143
75
145
117
117
86
135
106
7
103
100
120
139
147
124
153
154
2
135
100
125
125
162
121
97
141
3
117
107
114
99
112
124
108
65
8
164
112
89
107
86
88
174
154
6
127
120
120
129
105
131
111
99
8
109
115
122
89
137
78
94
149
10
100
127
88
94
149
96
111
124
8
145
65
112
128
98
134
125
121
4
117
135
113
127
119
100
127
100
2
142
100
180
104
130
130
128
126
4
115
136
97
112
113
121
113
96
10
85
137
122
120
107
156
109
104
4
96
140
79
102
121
97
128
93
3
142
121
129
107
116
149
110
120
1
84
126
140
112
144
143
127
126
3
113
121
134
123
111
94
100
117
3
134
141
125
127
129
112
132
127
3
143
156
92
100
108
128
129
157
2
138
122
115
70
91
136
156
87
4
135
128
97
141
114
100
118
112
4
76
130
127
130
104
114
100
141
7
128
114
134
110
142
127
114
108
3
73
126
172
118
108
95
112
115
5
100
106
113
136
169
130
114
148
7
136
133
136
142
98
147
87
113
4
106
105
176
111
134
110
134
117
8
114
122
127
142
85
94
127
114
8
123
87
113
131
121
150
119
158
5
109
121
107
146
114
124
98
125
8
76
118
130
105
162
106
143
137
6
101
126
123
111
163
122
127
109
9
76
156
121
128
126
109
73
153
6
98
103
92
83
108
114
131
149
8
115
118
132
113
143
133
142
61
1
139
114
92
113
115
73
102
142
2
133
120
136
140
127
73
98
119
2
96
140
87
136
136
143
120
143
9
128
134
112
144
107
83
101
115
6
93
131
143
90
100
101
123
110
6
115
96
132
92
125
97
116
112
6
135
131
102
129
128
142
110
134
9
130
126
110
96
113
106
103
84
2
136
100
109
113
128
108
87
122
8
126
144
137
129
128
117
140
132
7
122
114
89
107
114
122
122
80
5
107
105
133
149
114
107
119
107
5
129
106
116
110
102
112
116
101
9
92
96
136
139
110
101
92
139
5
126
121
116
109
121
133
109
147
5
100
129
146
126
129
99
120
145
7
117
108
75
104
121
156
127
123
5
96
100
112
100
113
130
103
121
1
109
89
120
94
128
120
125
108
3
128
98
106
152
140
107
111
97
0
147
141
79
124
141
154
127
129
7
102
100
72
127
158
125
105
81
4
105
115
100
141
130
94
93
128
2
106
144
87
67
120
91
100
145
6
132
117
135
146
100
113
142
129
0
73
110
77
113
123
122
122
116
1
128
117
161
122
144
141
78
141
4
114
121
140
110
135
100
116
115
9
119
98
98
153
97
128
120
100
9
132
116
143
154
148
142
127
106
0
123
128
142
111
130
108
100
111
7
111
129
113
108
130
95
135
132
1
91
109
154
80
85
88
87
148
9
147
100
96
119
99
120
128
133
3
50
124
108
79
146
102
105
99
9
116
127
67
125
118
107
104
127
1
107
110
139
100
107
93
124
140
9
129
114
93
128
100
120
127
116
9
137
121
96
142
112
120
132
105
1
128
102
132
104
94
82
104
83
0
94
116
125
121
100
124
71
113
5
107
103
129
121
124
123
133
110
9
148
126
112
73
100
91
105
87
6
130
148
124
75
95
94
114
147
4
130
126
104
144
86
92
127
126
8
124
104
119
71
124
114
111
130
0
103
65
120
106
89
106
118
78
9
129
113
108
78
146
121
120
124
6
127
94
167
105
123
87
99
113
4
116
146
127
105
150
155
92
108
1
133
106
84
100
141
110
114
128
6
96
155
119
95
126
123
114
99
6
91
142
105
127
84
106
108
154
7
97
135
121
110
126
62
133
119
10
93
91
94
141
109
102
139
107
4
139
100
120
120
128
93
138
149
8
133
113
107
127
120
113
129
127
8
106
118
126
128
149
86
133
129
1
134
92
99
139
101
108
101
99
1
128
107
101
85
99
103
163
117
4
129
98
122
130
115
146
121
164
9
129
128
115
125
85
113
126
123
1
98
97
107
128
100
79
126
131
9
127
133
163
120
82
98
121
142
5
71
113
134
155
98
84
137
142
8
131
127
133
127
115
72
100
145
1
102
105
106
127
124
58
111
94
4
88
156
125
105
86
127
120
128
2
122
142
91
150
138
92
122
143
8
77
99
120
92
133
116
84
142
1
108
124
85
108
109
136
113
92
8
109
118
77
117
162
113
111
112
0
119
128
102
101
75
113
92
155
4
127
125
110
129
119
149
99
127
3
81
91
119
119
84
150
136
134
3
91
128
122
100
100
131
128
104
4
127
86
127
94
109
127
95
108
4
113
84
87
140
101
116
125
92
4
114
140
98
114
118
108
159
140
9
112
135
93
117
99
120
106
127
5
141
91
122
114
126
95
106
100
0
107
96
107
110
100
111
120
108
0
100
92
110
114
130
125
91
121
1
105
136
99
140
124
115
146
117
7
117
137
107
113
100
88
154
120
7
158
129
58
120
150
86
159
120
5
128
107
141
93
154
93
111
103
8
151
109
134
127
118
119
90
141
5
118
109
153
98
124
128
102
113
4
113
112
93
120
132
120
117
74
5
91
127
119
93
107
158
120
117
3
123
82
124
129
108
134
67
101
4
123
127
54
135
112
108
141
113
3
110
149
126
94
112
104
109
98
5
118
127
146
119
101
147
114
121
8
64
114
135
112
119
128
158
107
9
104
81
118
103
93
142
136
123
3
127
119
126
113
90
120
114
149
8
113
100
108
102
126
115
122
148
1
113
130
114
106
102
120
95
102
7
91
126
97
99
114
129
120
111
2
103
106
122
135
138
112
104
123
3
136
86
136
93
110
110
129
100
9
98
134
100
149
105
128
84
120
7
84
72
91
128
104
100
106
129
3
91
124
124
120
128
83
106
129
6
95
134
85
122
144
141
92
155
3
72
117
156
122
149
127
135
70
4
141
112
106
153
134
109
140
99
9
81
129
148
121
139
133
156
102
7
112
121
94
113
105
96
93
120
9
135
163
138
79
99
86
113
72
3
122
89
127
103
156
99
113
83
7
100
155
85
110
99
121
128
115
6
122
85
99
117
92
91
140
126
2
107
162
72
120
98
141
94
113
6
111
107
107
117
108
104
150
137
2
98
135
98
110
115
97
138
133
8
145
106
111
117
130
113
121
122
5
133
104
105
125
100
109
161
119
6
99
140
113
141
92
107
132
122
5
138
99
128
125
100
146
110
115
5
134
115
118
85
88
119
141
141
3
118
147
65
169
115
106
127
153
1
131
125
122
111
131
141
170
87
9
115
117
124
120
114
100
100
137
9
123
111
178
135
120
82
134
118
8
114
143
124
135
125
137
121
137
1
108
112
73
114
121
120
92
140
6
107
98
170
127
116
86
129
152
9
79
140
114
119
85
125
100
118
5
115
136
180
126
125
130
132
133
4
118
107
124
85
78
115
150
137
9
126
152
86
126
105
150
138
98
5
108
93
132
136
111
110
80
120
1
116
156
123
127
101
112
134
95
1
108
140
123
97
108
114
127
133
4
114
117
107
144
102
130
113
110
0
104
99
103
114
135
98
89
103
8
120
75
136
112
123
99
127
114
2
133
105
119
124
100
132
113
140
8
123
121
112
66
114
105
107
134
6
80
110
119
110
114
122
150
92
5
148
147
121
144
120
115
106
96
1
147
121
124
78
100
101
99
153
2
99
129
136
115
133
124
152
110
9
120
151
118
71
126
129
121
108
2
107
147
87
99
139
92
141
120
2
138
113
111
98
91
107
137
108
4
92
127
114
124
134
132
147
145
8
110
100
140
133
110
121
93
104
9
93
128
109
144
107
99
130
111
0
114
97
161
73
119
141
96
85
10
85
133
121
106
110
107
133
111
0
119
120
99
112
106
106
132
141
1
134
156
108
111
105
135
107
145
4
114
106
67
109
90
98
119
109
8
85
160
129
114
101
145
152
94
7
142
156
94
116
102
74
135
126
0
73
111
143
122
97
127
86
99
3
119
135
93
106
123
101
150
142
1
141
79
110
100
120
107
131
95
2
124
128
124
129
113
132
128
109
5
127
102
127
122
107
115
122
158
4
123
128
138
149
105
171
93
142
5
126
79
150
104
115
97
96
107
2
81
139
114
93
129
135
102
119
5
108
109
106
104
130
114
106
130
1
129
105
113
97
106
131
130
119
2
118
96
148
126
142
115
96
94
1
109
120
123
127
119
119
107
129
2
116
99
127
106
151
163
113
94
6
114
122
95
99
142
106
115
115
4
113
107
121
114
162
112
124
113
0
100
106
120
114
118
82
121
104
2
131
113
103
101
68
126
137
115
6
102
132
90
134
123
132
112
136
3
126
141
131
151
99
127
122
136
7
124
75
91
80
72
114
100
140
6
92
141
92
142
141
69
109
127
4
142
101
105
130
114
118
96
100
3
115
150
108
147
110
140
142
86
4
113
66
105
115
135
128
124
140
9
110
83
141
130
105
150
120
106
7
136
122
116
152
112
114
118
107
4
121
140
122
79
128
99
154
137
1
123
92
141
121
128
116
92
107
8
107
99
84
128
98
130
85
117
5
152
149
98
98
106
114
101
126
10
118
106
143
114
175
115
109
116
7
85
112
126
97
112
94
104
133
10
103
117
141
76
92
138
142
89
5
122
131
128
85
121
113
127
144
9
107
95
99
129
89
131
118
134
7
135
120
122
124
115
87
126
98
1
100
106
115
133
148
107
99
167
7
114
111
106
154
120
135
129
100
8
88
107
121
99
115
127
133
133
0
127
121
109
128
149
121
110
116
0
72
110
103
126
136
119
113
141
1
143
99
136
116
101
113
114
97
9
135
105
137
143
96
94
128
85
0
122
171
113
114
117
107
86
98
5
127
128
114
108
107
101
136
87
9
105
148
115
126
113
113
112
102
7
107
97
107
103
128
141
95
84
7
133
93
119
123
102
108
112
139
1
146
142
120
148
122
117
134
145
1
98
128
116
119
129
107
98
152
7
93
108
114
118
94
142
125
123
5
120
115
114
119
125
93
100
113
2
139
103
124
110
92
121
119
121
9
142
67
171
115
106
120
127
136
9
106
177
147
84
122
143
65
131
8
96
127
146
113
108
128
123
91
4
114
153
121
111
128
140
71
123
2
126
123
116
143
113
118
121
128
5
89
138
119
92
85
78
106
103
9
118
142
127
113
100
99
113
112
8
120
122
140
100
114
124
103
116
2
130
99
122
115
136
107
112
109
2
127
96
126
99
127
132
93
148
1
133
91
118
146
101
142
100
85
0
117
149
121
122
120
105
92
128
5
115
115
128
139
100
107
117
111
3
94
129
112
85
124
94
121
142
5
107
105
120
95
141
139
99
137
8
91
157
110
101
103
161
121
126
8
97
98
112
111
113
93
64
132
10
127
126
129
113
109
93
115
134
9
118
138
151
133
125
105
134
107
8
113
92
133
98
110
99
100
122
5
143
117
130
96
127
90
99
148
4
101
107
123
118
134
95
129
138
4
95
148
116
102
127
115
103
100
7
141
132
108
142
119
128
115
118
4
111
114
93
127
120
100
106
129
6
130
175
114
93
96
105
128
139
2
71
138
123
129
96
78
134
134
3
119
133
107
138
85
78
124
141
8
128
101
99
126
109
133
140
100
0
92
85
106
164
77
113
120
132
1
122
101
89
63
103
124
103
98
7
127
106
135
115
83
106
93
99
5
107
85
133
130
94
119
98
92
8
130
108
111
108
133
104
106
121
7
139
156
127
125
113
140
93
144
7
129
100
116
112
121
112
140
134
6
105
94
128
113
124
111
159
119
5
98
113
93
143
146
105
132
137
2
136
130
108
128
135
119
118
99
1
86
127
135
103
150
83
121
106
3
115
69
127
91
114
109
148
136
6
114
96
118
91
116
109
126
135
2
170
95
116
108
134
134
126
116
4
109
134
87
97
106
124
154
92
5
96
108
118
93
125
79
84
89
2
86
125
88
135
134
135
112
106
9
132
135
125
106
82
81
106
134
9
138
131
139
86
105
115
74
125
6
92
132
150
90
77
106
147
161
5
111
107
101
144
86
122
106
107
2
106
113
97
92
125
107
124
107
3
110
110
158
152
113
119
99
109
5
118
129
120
112
126
147
129
128
0
142
116
133
117
105
141
65
150
3
111
123
150
95
135
135
158
131
1
128
113
127
106
80
112
72
98
6
101
121
139
116
122
121
143
129
3
124
106
92
128
136
91
114
113
2
110
133
144
115
92
92
113
93
2
98
134
122
114
161
89
134
102
6
97
99
133
132
110
125
128
129
1
122
138
128
105
128
136
114
114
9
176
81
104
141
119
92
140
107
10
107
131
153
148
128
116
150
80
3
102
120
129
92
100
121
107
119
6
100
148
135
104
135
148
98
127
3
143
117
175
140
106
135
108
142
1
84
106
140
93
101
110
117
113
4
93
132
122
92
121
108
98
115
2
101
125
155
65
151
110
141
128
7
66
113
74
135
93
158
110
90
2
132
111
115
82
101
144
99
129
1
124
119
130
133
97
122
113
93
2
113
135
113
141
128
119
108
135
8
93
136
113
99
114
107
108
78
8
148
126
155
126
118
109
136
141
8
97
135
98
131
96
164
120
117
7
131
132
119
88
103
134
120
113
3
148
79
151
129
129
137
133
141
3
156
122
96
117
136
124
128
107
6
120
82
106
134
108
71
91
125
9
142
161
72
100
108
101
102
107
9
121
91
109
115
115
116
129
117
9
90
115
123
135
122
91
128
114
7
142
121
99
123
100
150
143
102
6
105
126
101
129
117
72
81
122
2
87
110
122
136
113
98
130
113
3
136
117
92
122
101
149
134
101

