12
2
10
9
2
2
1
7
4
10
7
10
4
6
8
10
10
5
9
7
3
2
10
10
8
10
10
140
132
99
114
130
79
68
113
4
92
99
80
109
148
108
119
84
5
156
148
134
126
121
92
140
127
4
142
115
115
100
85
100
156
85
8
117
109
113
71
120
121
132
147
0
114
116
140
136
120
122
117
136
2
112
109
120
129
100
132
118
124
2
106
92
160
118
120
99
80
114
4
117
93
79
121
125
127
156
117
5
85
115
128
142
104
141
134
98
10
82
113
121
111
137
133
90
123
1
112
92
108
80
121
125
107
133
3
126
91
111
99
105
98
92
133
5
112
147
95
142
118
125
76
148
2
104
137
149
112
114
86
131
137
3
106
113
126
121
84
115
119
138
6
88
85
114
98
118
99
115
125
4
134
81
74
100
117
134
122
121
8
121
129
93
99
123
111
110
133
5
139
100
135
107
134
117
130
142
7
131
149
141
130
88
99
107
113
5
133
131
137
98
91
91
120
100
8
106
112
126
95
107
77
65
131
2
105
127
102
101
139
122
144
98
2
93
81
105
102
92
103
114
119
4
134
108
118
101
146
127
94
110
2
111
137
135
106
148
114
101
131
1
128
121
100
156
100
124
120
121
6
93
149
108
111
119
84
134
107
5
121
107
129
131
105
120
92
147
8
84
114
163
80
131
101
129
133
2
77
150
98
151
145
141
82
117
5
107
106
98
95
96
133
133
158
3
120
110
99
108
122
101
123
120
6
107
142
94
85
81
102
141
73
7
119
118
107
126
125
156
100
135
5
93
128
107
92
127
129
87
128
5
121
76
120
102
184
142
134
113
7
115
121
76
124
85
105
112
84
2
110
121
130
100
115
103
114
62
5
106
87
104
127
115
132
95
104
7
85
143
122
93
145
99
109
98
1
100
120
124
169
122
118
82
124
6
99
121
114
129
79
138
134
122
2
118
108
121
134
111
72
106
140
0
123
127
93
111
135
114
137
102
10
156
121
79
107
156
108
115
100
10
142
98
112
107
130
119
94
99
3
99
123
114
114
126
103
91
112
9
122
92
119
118
116
134
89
100
7
135
99
93
89
78
134
155
99
2
114
137
111
86
135
152
136
113
5
149
156
121
91
91
128
119
93
8
105
139
127
112
76
151
114
116
0
122
101
149
84
100
116
105
134
3
151
122
118
124
89
121
122
107
3
117
108
124
106
120
136
114
121
2
117
84
155
121
105
127
102
128
1
58
142
94
85
108
117
117
92
9
130
131
103
132
121
115
80
125
4
99
121
134
134
128
100
104
156
9
133
136
125
130
86
130
86
121
7
120
126
119
98
100
118
61
145
3
124
111
108
105
129
133
94
82
7
129
84
85
123
129
122
129
109
7
104
85
106
120
162
127
129
138
8
92
91
100
89
125
144
160
130
5
128
136
155
93
110
111
104
134
7
67
117
129
151
121
84
107
144
0
114
111
136
89
99
106
120
100
7
93
124
146
120
128
134
149
132
6
130
143
121
144
112
142
105
134
0
113
156
147
136
125
128
105
89
10
127
93
126
127
110
136
101
124
5
100
100
94
100
106
100
152
126
4
128
136
64
112
113
101
147
57
1
107
107
111
162
126
84
112
97
4
148
91
165
107
141
114
113
128
0
138
123
114
143
105
108
133
113
1
109
105
151
150
107
118
138
175
5
141
98
124
116
114
105
121
143
10
151
87
147
107
101
128
122
107
9
135
116
97
81
100
107
106
133
7
139
135
133
113
118
142
97
159
9
119
115
143
104
117
95
116
92
9
77
80
107
85
143
103
139
128
3
134
129
143
119
80
141
104
122
10
104
127
100
138
109
107
100
108
2
85
104
127
139
141
80
136
126
5
146
98
110
114
122
126
122
106
4
100
159
118
102
149
122
110
148
1
125
140
103
121
122
127
127
123
5
100
145
112
131
109
156
110
115
8
105
132
105
107
135
96
106
111
5
108
120
123
139
149
140
72
127
2
121
149
114
132
93
113
149
126
5
134
100
132
109
108
127
114
107
9
135
102
118
125
120
100
74
92
2
97
157
119
115
132
134
149
141
0
116
153
115
127
149
105
113
102
6
120
126
99
72
94
83
132
142
6
132
147
99
106
148
91
154
128
8
143
103
103
122
114
128
109
156
7
91
106
133
135
162
117
113
93
7
141
66
100
115
167
109
93
117
1
158
119
90
154
107
94
135
104
5
64
120
127
137
108
95
108
163
8
96
119
154
100
136
111
52
114
4
135
92
118
90
81
111
88
152
3
121
103
92
133
129
119
139
143
3
92
167
112
129
143
135
133
155
4
111
136
164
142
99
119
120
95
0
105
106
140
130
126
114
114
148
1
79
164
132
123
113
118
108
119
8
111
100
112
119
100
78
122
118
5
123
108
119
131
104
44
141
97
10
113
126
108
77
169
121
122
51
8
100
134
95
106
105
140
122
145
10
107
109
129
79
139
109
166
109
6
116
91
131
143
128
142
164
127
8
78
111
116
121
104
140
115
131
3
124
140
127
127
134
85
112
113
5
120
117
106
135
126
112
56
118
3
78
123
135
115
130
127
81
108
3
101
116
79
117
129
120
123
101
1
104
91
94
141
101
138
110
63
0
117
99
118
125
121
113
122
79
0
80
70
116
146
115
121
120
79
0
92
113
103
125
105
141
164
152
4
107
120
139
106
150
120
108
85
6
100
112
58
112
143
84
123
142
8
89
101
99
134
101
121
142
119
3
134
101
115
150
119
123
141
129
6
147
107
100
93
147
113
75
93
6
142
117
122
105
135
128
114
119
9
128
131
115
113
128
121
140
164
3
126
143
135
141
120
101
153
129
8
104
95
85
111
121
131
122
113
5
105
98
149
127
105
103
117
121
9
118
134
131
86
129
87
121
120
2
130
134
80
149
121
152
97
152
10
147
120
133
144
142
115
151
105
3
134
99
140
95
164
86
102
122
7
126
99
127
155
114
113
70
107
2
112
121
94
113
126
121
138
120
3
152
117
107
163
100
114
142
112
5
120
112
111
109
117
113
128
128
3
115
142
123
127
114
132
148
121
3
119
104
122
99
129
107
132
106
4
92
105
163
124
117
127
135
139
2
133
112
143
122
127
140
121
105
4
125
122
75
135
89
149
133
113
3
95
100
127
113
120
112
127
112
8
133
108
143
125
150
163
147
122
5
94
135
124
112
134
142
112
103
0
155
100
124
122
155
109
120
140
4
134
85
127
154
102
136
141
118
10
104
91
91
121
141
112
149
119
6
119
127
108
134
98
70
152
119
2
100
92
84
88
109
127
99
133
7
79
143
112
113
110
115
122
112
2
110
94
140
104
110
92
127
110
8
105
85
130
98
113
71
135
147
1
94
112
137
98
125
124
100
109
5
86
109
151
74
109
132
132
105
10
114
139
125
155
142
145
87
134
8
133
119
104
100
136
114
119
166
9
106
109
149
122
71
116
121
78
5
76
112
87
121
123
72
75
138
8
108
128
81
78
138
122
118
119
6
115
138
136
105
135
150
133
136
10
169
122
148
158
114
117
134
135
9
144
111
142
101
126
115
121
119
4
115
126
112
112
136
126
129
137
3
94
147
122
114
127
135
103
153
2
118
141
133
101
135
101
95
125
2
104
91
134
93
121
119
103
145
2
82
109
76
119
106
114
115
142
2
142
127
139
99
115
128
108
127
5
140
127
120
143
101
173
111
97
7
134
141
116
126
114
97
103
125
3
134
86
112
88
135
133
157
118
8
127
112
92
114
114
87
72
123
8
122
108
57
136
125
98
101
114
9
104
141
103
101
140
114
133
115
9
106
110
101
98
126
98
134
95
10
130
109
130
122
142
124
91
149
7
110
119
119
112
135
134
139
124
9
120
128
120
141
63
142
131
123
4
128
66
128
83
119
125
109
100
3
138
93
93
105
112
94
99
142
2
110
116
108
113
134
126
106
124
2
123
78
122
126
89
119
137
103
3
136
102
149
121
106
141
126
128
1
102
97
113
106
113
95
117
101
9
125
115
108
117
127
140
115
148
9
102
100
149
115
110
105
139
98
7
129
140
122
142
108
120
140
80
7
137
90
111
131
129
139
114
108
3
102
119
115
120
112
101
143
140
3
140
115
93
147
123
90
134
99
8
106
110
131
111
147
92
85
128
5
116
124
73
93
116
92
101
121
2
109
106
122
109
136
70
100
114
9
137
103
113
77
138
119
144
115
5
114
119
121
100
133
106
140
130
7
144
137
94
138
116
89
135
63
6
127
103
122
122
117
129
120
79
3
127
57
123
139
116
123
127
135
1
100
139
147
100
142
126
100
119
9
120
95
119
106
131
113
121
112
1
124
61
109
94
108
109
82
123
6
107
104
94
126
110
98
125
136
8
114
113
164
135
121
119
120
102
8
133
110
154
109
91
142
113
85
3
134
101
127
112
162
110
106
139
5
146
94
97
106
107
92
118
136
2
134
156
123
102
98
111
73
99
10
121
138
104
92
66
135
98
79
7
93
85
77
78
114
112
128
127
4
143
93
131
93
129
107
118
98
7
113
122
154
132
121
132
132
127
5
97
98
134
83
117
136
127
104
10
113
139
133
137
95
128
104
141
7
143
123
117
106
116
86
86
123
3
115
117
135
110
147
82
71
122
10
134
118
99
80
100
121
134
115
4
120
88
120
145
136
120
113
120
1
82
134
111
113
139
86
110
102
5
92
90
117
77
107
128
112
123
8
98
130
157
136
132
79
120
134
0
114
100
139
103
120
132
155
120
3
121
107
140
139
138
93
98
93
2
107
123
135
89
102
109
112
115
7
122
108
147
114
92
91
148
129
4
113
128
106
144
150
143
83
119
0
96
114
118
115
121
110
139
108
5
132
117
104
106
146
120
110
111
8
126
96
111
100
98
131
127
121
1
128
86
116
144
106
80
85
135
2
90
86
92
98
115
138
99
113
4
108
145
118
101
102
74
138
95
10
101
125
119
155
106
124
110
86
3
120
82
124
135
119
127
142
134
0
99
85
137
90
102
113
137
135
4
112
115
130
149
92
121
118
88
3
112
108
129
121
129
157
89
116
6
95
126
145
122
117
104
93
108
0
140
148
112
144
150
106
136
137
10
146
101
124
124
115
98
120
109
7
81
97
162
142
117
96
113
141
4
120
134
122
106
105
114
157
120
2
123
148
99
121
93
129
77
118
1
152
121
134
99
91
169
143
114
8
133
101
137
109
142
126
112
130
8
134
141
112
113
135
128
131
142
1
155
113
85
99
83
147
117
121
2
97
160
149
72
128
99
134
107
2
112
100
107
112
120
99
116
107
7
111
127
128
121
119
139
115
125
9
123
141
92
127
93
106
134
100
10
113
108
141
139
100
111
124
120
3
116
126
107
112
155
93
113
128
10
92
118
113
121
142
126
115
132
1
99
112
107
83
101
102
166
93
2
165
112
122
143
89
98
128
91
4
135
98
106
117
115
139
129
147
4
122
97
94
86
113
88
113
100
1
99
115
130
87
74
114
104
104
3
96
121
101
102
106
155
101
92
5
86
100
94
112
141
105
121
73
3
96
114
123
126
135
110
107
96
9
86
114
111
100
137
126
91
126
1
105
114
115
114
133
118
134
84
3
107
149
110
95
144
119
122
142
8
85
163
104
113
169
141
104
106
8
121
86
110
143
99
110
97
126
3
127
93
112
164
156
130
135
92
3
130
114
102
120
115
113
152
100
8
120
140
116
121
113
74
115
147
1
109
122
118
92
101
122
100
129
9
100
94
114
130
100
86
120
112
8
136
150
129
146
108
149
143
93
4
134
105
100
120
89
134
126
120
3
116
99
107
107
91
122
80
107
3
123
129
101
95
127
132
138
105
9
103
112
114
142
73
126
138
127
4
110
93
71
116
164
146
147
159
10
58
111
127
124
117
133
101
89
6
155
77
127
113
113
132
129
87
7
79
136
98
107
105
129
138
94
9
124
108
125
124
84
129
134
103
3
107
98
135
129
93
144
105
105
2
123
115
84
140
113
120
89
77
5
138
117
109
104
112
100
93
132
1
107
135
100
109
100
133
127
109
2
143
147
136
98
139
114
112
121
2
153
91
122
98
122
90
140
113
7
122
110
106
142
114
129
152
164
6
97
107
119
135
102
126
123
156
4
168
110
125
112
135
119
136
135
0
127
102
129
152
131
141
116
125
5
128
91
134
98
112
97
92
132
1
121
87
114
155
98
115
120
102
8
106
111
125
81
100
106
119
88
4
91
105
112
100
117
114
92
93
6
71
92
98
68
126
109
135
100
1
129
133
148
116
125
80
134
137
9
85
129
116
99
121
119
115
122
5
114
125
132
146
122
138
125
128
4
106
150
96
118
126
78
116
143
3
126
143
104
129
134
99
116
151
5
128
127
114
121
101
140
142
149
8
77
93
134
130
175
114
133
113
1
122
133
143
134
104
114
114
97
6
101
120
122
105
145
120
142
97
7
133
107
111
114
125
127
91
143
3
87
92
92
113
112
103
120
115
7
127
129
100
155
100
111
110
82
6
105
121
131
86
158
139
134
147
3
117
137
121
152
121
140
96
170
0
143
122
125
124
130
91
150
104
10
93
132
84
106
99
108
138
53
9
134
122
84
144
139
93
119
99
9
119
122
73
122
113
73
124
151
1
151
129
99
83
84
95
122
101
4
99
99
99
126
115
141
80
102
6
120
93
113
113
116
114
126
134
3
139
112
144
143
101
122
136
135
2
146
130
116
86
142
127
90
125
1
132
141
117
116
99
99
128
126
4
114
118
102
127
146
102
120
112
3
76
132
122
112
115
152
123
139
5
135
118
77
132
124
100
86
135
0
113
114
103
121
186
115
100
111
4
115
122
127
112
105
152
128
75
10
128
165
94
106
149
109
107
127
4
156
107
121
96
160
131
104
138
5
95
114
113
118
115
136
114
86
7
121
121
134
109
85
127
125
97
2
101
143
127
132
112
116
112
140
7
106
140
84
110
139
105
92
108
8
97
140
95
94
140
124
107
80
9
122
109
93
94
101
91
127
132
6
107
124
75
106
143
104
121
134
5
136
121
125
116
91
135
118
143
1
118
129
121
113
120
140
70
97
5
107
119
112
132
92
124
154
141
2
141
112
99
125
121
117
65
87
9
138
141
125
128
155
97
120
135
8
143
136
137
141
100
99
107
123
4
142
120
107
149
127
113
144
140
2
128
97
123
117
129
155
144
131
10
84
107
133
119
150
120
132
111
4
139
154
110
121
125
124
122
115
1
119
121
124
126
83
108
127
110
9
122
139
133
80
139
107
134
62
1
101
138
127
107
135
122
105
107
4
97
117
93
153
106
125
118
127
4
164
77
121
137
112
121
111
107
6
105
140
132
139
148
79
128
120
2
118
106
132
89
131
102
87
117
7
108
125
125
106
78
107
104
102
5
87
110
79
139
128
151
132
140
6
114
154
109
122
101
95
95
134
7
129
94
114
141
135
120
103
103
7
122
95
121
92
110
148
108
113
1
95
136
119
127
97
101
123
109
8
177
117
97
128
98
113
144
113
5
112
106
92
107
118
154
119
114
9
156
85
156
116
96
101
98
58
9
92
85
126
96
87
139
129
126
2
109
161
129
124
121
107
71
110
3
102
125
135
96
132
133
99
131
5
99
113
86
93
116
125
109
116
5
99
114
62
116
105
93
127
155
5
109
76
142
96
143
112
126
112
1
120
132
112
111
137
127
107
95
8
133
93
110
105
128
140
120
93
7
100
127
155
133
89
112
157
127
5
88
114
129
83
136
92
100
144
5
102
73
127
109
128
118
111
129
1
114
98
129
99
78
138
101
100
9
99
115
127
111
130
75
117
129
6
113
115
98
120
119
100
134
113
4
102
108
104
124
116
134
141
159
6
96
95
108
127
114
105
107
149
5
111
72
126
105
125
91
115
112
10
101
107
104
121
120
136
135
163
8
93
101
100
136
115
103
103
148

