9
8
9
7
3
2
7
7
4
8
7
0
2
1
6
5
8
5
13
3
8
7
4
0
6
9
5
101
115
112
114
125
113
118
93
6
139
132
104
92
134
134
87
113
0
123
111
106
144
138
112
110
100
8
100
86
95
114
112
122
147
111
5
79
128
131
131
116
155
149
100
7
74
91
128
114
100
128
147
115
9
113
119
84
113
128
149
127
107
6
91
73
102
124
127
140
136
85
9
96
120
107
107
86
135
127
138
2
113
122
122
95
82
102
118
91
2
135
134
130
135
141
142
142
81
2
126
105
103
127
93
138
197
71
9
120
121
119
101
106
78
120
124
8
135
105
76
156
96
117
86
128
9
82
126
98
135
88
106
153
72
7
103
144
114
107
163
91
101
92
3
113
117
132
102
118
118
113
118
9
95
77
148
87
131
105
95
128
6
99
124
135
140
133
100
144
86
5
85
134
111
88
114
156
128
126
4
139
126
112
150
126
134
131
131
6
102
103
95
100
66
126
138
144
7
119
101
102
117
150
164
120
134
3
94
106
105
91
88
124
114
86
1
151
115
100
75
126
122
110
100
6
100
146
114
141
113
129
135
126
5
90
113
148
58
94
147
113
107
1
107
92
135
132
101
107
133
119
8
116
135
119
96
120
137
128
119
6
107
127
98
156
84
105
149
120
1
113
107
93
99
127
127
96
121
4
111
141
155
149
127
113
124
109
8
101
96
119
128
148
137
97
120
2
136
89
115
105
120
106
95
128
4
113
110
92
120
130
154
96
115
7
120
116
148
106
105
93
117
91
8
89
144
125
123
90
133
113
128
8
93
108
99
101
142
132
80
149
1
159
97
99
90
99
106
122
107
2
102
98
114
82
124
135
128
106
4
103
91
117
127
111
121
91
124
9
122
128
113
111
79
150
109
121
10
117
128
148
120
88
110
103
119
9
116
100
120
162
128
92
127
132
1
82
97
132
147
82
104
127
127
4
132
98
150
93
117
120
93
150
4
157
84
135
132
129
108
124
164
7
129
129
101
118
117
117
105
149
2
111
86
106
115
111
134
127
108
7
114
120
129
114
142
113
98
86
9
117
124
119
113
111
115
126
142
5
157
102
114
123
133
70
112
104
4
90
127
145
116
109
115
126
93
7
127
138
97
104
114
115
118
107
8
104
163
89
99
70
124
128
135
5
120
132
87
117
94
79
85
127
7
107
114
120
120
126
103
110
149
6
126
102
98
63
84
114
118
113
8
129
108
149
111
122
160
122
95
2
90
122
136
133
88
116
101
136
7
120
89
95
127
98
106
85
141
4
64
141
127
130
98
111
104
116
7
149
107
119
123
90
117
129
114
1
88
111
99
84
83
142
129
121
5
113
108
118
149
143
97
112
119
3
113
106
100
112
94
73
99
109
2
115
127
86
170
98
139
95
129
2
98
113
95
145
112
106
121
143
9
133
101
109
148
87
120
109
129
2
110
147
122
148
139
131
104
126
2
140
132
135
115
112
112
100
122
4
97
113
114
115
97
91
112
115
3
142
141
134
105
100
114
99
127
3
142
99
116
120
136
140
162
128
7
112
121
104
112
102
150
125
149
6
108
130
126
107
120
64
106
120
7
120
120
106
107
134
130
109
125
2
123
128
133
132
151
115
130
135
4
109
129
119
136
132
146
94
92
5
105
114
119
148
120
135
129
100
4
136
114
121
140
121
124
124
84
1
94
93
128
114
120
109
152
98
4
150
130
85
92
85
84
127
114
1
119
125
118
90
115
144
137
119
1
101
100
86
139
122
113
100
93
2
112
113
106
116
117
147
127
120
9
120
121
88
131
102
106
92
143
2
86
149
74
101
141
98
119
117
9
87
149
155
106
102
150
98
107
0
141
150
99
135
124
113
121
126
1
85
92
108
101
102
121
120
114
5
134
69
149
120
107
111
99
138
1
119
118
115
101
139
76
138
109
3
108
107
89
121
127
111
81
118
2
99
128
164
113
122
112
136
102
10
169
133
106
145
108
109
97
171
8
115
117
84
116
147
94
128
114
7
107
125
114
123
120
139
53
119
10
120
113
128
88
119
137
143
142
0
129
115
104
127
119
132
122
110
5
100
110
115
134
124
97
156
122
3
100
78
118
122
136
127
139
127
7
129
114
96
74
131
151
115
149
5
129
120
87
104
122
89
120
117
7
121
106
109
126
134
99
123
99
6
98
58
134
129
99
89
138
96
5
113
58
164
88
108
153
78
125
10
152
119
96
118
95
127
106
125
7
148
107
100
93
143
109
129
135
4
154
115
144
153
124
112
127
86
10
117
130
113
107
141
126
98
115
6
104
147
127
94
119
137
106
129
3
106
136
108
102
121
115
92
98
1
99
161
129
112
149
137
119
129
0
91
126
93
128
126
120
127
79
5
108
135
125
125
129
128
144
125
10
85
125
108
150
120
124
79
101
9
94
103
110
154
137
140
93
117
8
137
191
129
130
92
86
128
120
5
111
109
101
115
109
118
108
127
8
120
97
141
146
87
127
137
84
10
95
139
106
133
104
92
86
129
3
155
120
78
101
108
129
121
78
2
108
97
84
133
111
125
125
127
8
121
112
112
77
139
126
107
85
8
109
108
128
86
125
92
97
80
6
158
122
140
122
101
71
99
121
2
117
114
93
129
125
137
134
133
7
96
100
118
114
107
125
93
114
5
125
142
113
113
98
98
132
124
5
98
122
127
119
140
128
69
68
4
140
130
99
149
141
114
121
157
7
85
110
125
113
132
122
184
134
4
122
156
107
113
99
123
134
123
10
100
98
131
134
128
129
123
129
3
107
113
129
144
134
109
84
110
2
104
114
113
123
128
100
100
88
7
116
136
99
150
99
112
106
95
8
87
119
148
92
112
103
96
125
6
134
101
122
161
133
139
149
140
7
130
106
154
141
121
70
99
92
9
128
91
125
130
91
137
117
120
4
126
134
124
131
136
71
78
140
10
101
114
119
86
135
164
102
106
6
135
161
140
133
148
136
98
135
4
107
112
99
122
128
113
78
106
6
93
76
141
100
112
112
129
89
10
91
148
106
122
85
134
114
115
7
124
147
156
100
116
165
148
80
6
114
116
114
118
99
109
128
103
6
144
117
140
95
123
148
99
137
5
114
98
136
88
97
100
133
119
4
90
157
112
127
120
80
108
91
4
142
121
128
115
96
109
108
117
5
147
158
130
120
115
105
85
113
3
107
98
103
119
114
101
104
106
3
133
99
126
122
138
97
90
86
1
148
104
121
143
150
115
127
118
5
115
149
94
135
114
146
94
127
5
108
134
121
121
115
97
137
115
4
101
82
101
101
119
133
140
109
3
141
103
93
105
151
121
118
150
1
105
122
90
112
98
135
108
107
8
118
119
107
78
107
115
99
132
3
87
112
126
112
84
97
98
103
4
114
114
131
120
154
142
142
95
5
155
154
113
137
130
116
148
105
7
133
120
99
108
86
88
136
119
7
115
90
142
140
134
113
134
105
7
147
95
153
93
122
140
93
92
8
91
91
148
83
119
91
124
143
8
94
112
114
115
115
136
93
132
7
105
107
85
148
149
123
99
92
1
114
144
78
160
149
110
106
121
0
97
103
100
113
129
149
142
90
2
99
108
113
127
119
114
129
113
10
101
123
114
100
53
116
119
62
5
97
126
106
111
98
68
132
132
9
144
125
126
111
111
132
95
100
4
137
112
135
140
134
83
115
77
1
84
129
132
109
130
116
149
106
7
120
83
100
157
138
101
127
114
7
118
114
91
102
138
121
118
120
9
95
114
133
112
104
95
114
134
4
106
102
155
132
142
98
128
154
2
108
126
134
132
86
148
116
158
5
127
92
115
97
126
87
100
129
2
119
108
118
87
91
119
115
94
2
120
105
67
141
147
96
101
127
7
114
136
119
92
104
106
112
114
0
92
101
141
113
71
127
91
140
4
171
95
142
112
142
133
108
91
2
121
161
98
107
98
133
125
135
9
156
127
102
128
121
138
95
152
0
151
89
85
119
98
122
114
128
10
127
149
93
144
149
122
129
103
4
106
162
106
98
153
106
105
145
8
130
115
93
113
96
91
141
108
3
98
122
143
129
162
113
121
135
1
127
88
99
109
157
132
116
102
1
85
107
74
135
71
147
119
147
8
98
146
99
149
141
131
112
117
0
100
91
107
97
127
139
100
77
4
126
109
129
140
133
125
135
85
2
133
116
131
107
113
95
81
110
2
120
111
128
126
121
107
114
104
2
118
92
113
129
110
135
102
117
10
154
143
141
118
114
120
164
119
3
92
99
99
128
117
121
122
113
4
157
134
107
129
60
113
103
112
3
92
94
118
115
120
122
89
85
3
127
105
135
129
105
153
149
114
5
139
110
144
140
121
128
115
112
3
93
100
106
134
123
163
143
106
5
135
136
142
111
168
113
111
106
3
106
98
100
122
127
137
140
127
3
118
150
64
80
127
85
107
120
6
114
86
136
136
120
142
124
122
2
143
116
128
82
121
127
115
149
4
98
104
137
124
119
105
170
101
4
119
85
116
128
127
163
151
103
9
81
115
96
125
142
135
120
119
8
74
78
63
146
106
63
115
132
7
112
79
112
86
170
108
122
129
7
91
120
127
94
105
114
140
121
7
139
118
100
126
133
121
96
139
4
133
129
164
120
98
90
90
84
6
97
128
141
149
105
79
121
114
5
131
99
122
140
86
99
125
119
6
98
136
106
91
119
109
96
100
9
131
113
143
140
108
94
110
118
10
129
90
85
108
160
157
106
74
4
135
109
129
100
162
96
95
106
8
133
120
141
101
78
156
103
147
3
92
122
105
156
124
103
126
134
5
139
150
95
141
152
107
118
163
7
128
103
84
92
121
100
121
93
5
129
123
132
112
99
121
136
134
8
93
110
132
134
107
106
113
118
2
140
97
117
143
96
127
117
142
9
95
88
129
121
125
83
113
116
0
131
135
69
122
127
136
108
119
4
105
82
132
128
106
111
114
138
8
161
111
127
139
93
90
81
123
6
94
110
123
104
90
141
161
162
1
87
87
146
107
113
121
128
115
9
111
112
134
174
163
148
124
162
8
138
100
93
105
101
85
140
112
8
114
142
134
100
111
142
114
135
8
88
98
155
101
164
143
146
96
3
122
122
91
112
156
75
113
155
4
132
135
162
121
172
95
124
114
3
98
79
114
112
132
113
160
95
9
107
151
143
113
144
94
143
135
6
106
107
117
120
125
97
116
135
7
142
163
112
113
123
105
65
105
5
108
131
105
106
113
93
136
79
6
135
109
98
114
94
140
141
94
9
97
123
94
106
170
163
136
146
2
119
100
104
107
103
125
113
128
8
109
99
121
113
92
128
132
98
8
141
105
127
116
94
104
78
121
6
101
111
97
155
138
92
114
119
2
98
128
141
118
119
95
143
135
2
77
94
80
106
134
123
136
131
2
117
117
126
135
103
129
136
140
4
112
101
101
107
113
134
115
100
5
126
61
127
159
114
129
87
126
5
102
127
112
117
140
102
133
117
4
107
142
120
99
115
126
113
111
2
127
121
115
134
85
117
121
91
4
105
135
147
74
96
99
89
92
7
105
131
117
125
105
87
136
161
7
82
107
128
99
131
99
79
90
8
116
126
121
94
80
94
65
78
8
123
114
117
110
147
116
84
157
5
125
139
124
115
122
106
120
118
1
103
113
97
128
146
105
87
147
1
145
132
122
141
121
119
112
103
6
133
127
98
131
120
112
122
119
4
120
126
154
79
119
76
107
97
7
138
122
146
115
135
87
135
135
2
134
127
131
135
99
123
99
128
4
121
120
119
122
146
113
121
80
1
106
115
86
100
114
120
120
130
3
128
98
136
103
100
97
147
127
2
109
113
133
133
113
133
139
84
1
99
141
132
108
117
131
116
150
5
128
103
87
112
106
115
122
104
4
114
163
132
106
124
92
155
108
9
106
136
131
116
99
92
153
149
5
134
68
91
110
123
92
151
97
8
108
93
113
112
143
113
91
112
8
118
114
107
121
119
98
127
140
0
121
144
125
125
118
104
115
133
8
104
129
139
92
141
142
115
146
9
84
86
100
113
144
100
126
140
8
111
113
106
75
100
121
139
104
3
151
140
74
151
92
113
88
120
9
154
143
93
100
150
142
115
92
9
98
151
128
101
99
119
103
111
7
91
126
127
116
117
106
155
95
6
154
121
149
107
132
136
103
120
7
112
130
134
121
123
133
148
138
6
80
104
104
110
100
106
115
143
8
127
137
143
136
112
105
129
114
2
138
103
87
92
91
135
129
117
4
144
126
152
109
92
108
104
119
1
115
139
87
120
85
95
134
125
8
100
78
105
113
119
130
86
141
3
129
113
145
168
121
105
96
99
6
114
145
133
113
157
98
102
99
6
114
119
119
101
120
74
91
86
6
84
127
135
120
98
142
108
83
0
94
134
100
118
129
103
56
121
6
121
164
96
71
101
95
168
150
8
129
161
99
95
168
105
131
109
8
130
121
128
140
124
119
133
141
1
142
148
123
115
135
126
120
115
0
97
95
129
132
107
118
121
108
3
107
136
98
118
149
101
113
134
7
128
150
78
90
97
121
100
114
3
123
126
110
123
119
154
132
141
3
107
124
100
103
116
112
108
124
6
127
116
132
137
86
133
100
94
4
111
100
97
162
124
113
123
87
6
115
98
153
98
120
102
102
108
2
127
96
136
126
112
120
126
113
1
123
135
108
98
78
153
111
118
5
135
106
107
120
125
125
134
90
3
118
123
95
77
127
143
84
96
8
119
114
135
120
133
137
91
129
9
80
95
105
112
140
106
113
101
3
145
136
136
94
94
160
129
123
1
110
101
150
112
121
137
112
97
5
77
122
159
116
109
77
140
92
4
116
133
110
63
126
129
112
105
0
149
93
136
116
143
109
132
109
8
122
100
119
127
114
148
130
120
4
134
137
113
109
147
122
142
103
7
94
90
114
85
132
113
100
135
8
129
157
92
116
100
86
143
113
3
138
108
99
151
157
104
106
99
8
95
114
122
111
96
137
119
100
4
98
135
115
161
135
152
190
119
2
135
114
93
109
102
127
134
106
4
124
108
126
88
94
114
133
97
9
114
92
161
120
107
153
114
114
0
114
145
100
94
92
99
126
147
4
139
95
127
119
127
89
127
156
1
109
100
150
107
128
142
141
70
0
160
119
140
129
118
112
147
114
5
105
128
109
123
113
142
112
96
8
161
142
97
119
122
149
143
139
3
152
122
115
73
139
127
135
109
1
116
85
159
78
93
101
113
44
4
143
99
116
130
147
110
113
120
7
128
129
101
120
127
92
93
157
3
98
115
122
103
120
132
105
118
4
107
122
127
118
106
87
94
122
9
110
135
86
94
111
142
114
133
6
102
123
109
122
92
150
128
108
6
95
120
154
133
106
121
113
138
9
136
117
97
126
122
170
93
115
9
121
130
95
133
115
127
136
132
3
141
142
150
113
125
98
120
125
0
101
155
140
128
70
157
141
138
7
87
127
154
77
119
117
118
99
4
95
150
126
73
106
142
81
96
1
127
95
138
101
111
133
107
103
9
140
103
129
115
121
85
111
102
5
134
127
81
135
101
106
95
106
8
117
113
134
111
87
107
99
113
10
132
113
133
115
135
94
107
89
8
128
107
119
102
123
99
87
125
3
131
101
147
114
116
108
113
122
4
119
135
98
121
110
120
134
108
8
112
103
100
96
134
100
90
100
4
140
121
107
108
119
148
142
74
7
118
116
129
128
109
97
96
109
2
126
95
93
104
127
115
100
137
10
133
102
118
127
108
147
170
105
0
86
118
121
131
96
116
99
85
3
127
122
93
113
116
122
131
105
8
86
107
121
121
138
148
120
108
3
132
132
122
79
68
115
114
121
3
142
120
132
106
125
101
136
112
6
120
106
117
146
141
103
100
114
8
108
130
118
146
151
113
116
155
8
143
120
134
103
125
93
140
112

