16
3
2
7
8
5
4
6
2
13
0
3
10
4
8
8
1
2
9
10
10
2
6
7
1
9
4
113
115
109
107
109
85
92
107
1
114
108
113
102
126
57
135
116
1
128
80
119
115
119
128
168
97
6
140
107
110
134
106
85
151
110
10
112
115
123
99
142
107
130
120
5
94
116
120
149
139
113
120
126
1
164
119
111
105
131
133
163
130
1
139
105
128
126
86
93
107
128
1
115
136
74
73
125
135
116
90
10
95
142
100
85
84
148
121
129
9
149
94
142
87
149
108
142
133
5
122
129
138
106
130
157
106
121
6
142
106
80
123
86
128
93
92
7
128
107
78
113
96
112
120
125
9
111
109
108
99
116
113
106
148
1
74
156
90
135
129
103
102
126
5
126
150
129
126
113
112
81
136
8
107
115
118
98
137
107
121
138
8
101
141
119
130
80
87
102
89
3
132
122
158
114
87
109
107
121
7
119
92
113
124
100
100
113
168
1
103
92
109
106
91
110
134
68
6
118
96
71
123
119
141
123
146
6
108
149
125
89
167
99
113
119
2
150
85
121
145
106
124
111
87
8
127
128
127
109
139
136
120
93
9
126
93
120
64
98
157
105
126
8
82
135
86
149
138
79
134
122
4
106
96
91
139
132
132
143
129
5
148
108
130
113
98
96
114
120
8
94
88
105
112
122
129
100
79
9
95
150
125
139
106
120
141
109
7
92
99
128
141
135
150
132
123
6
136
174
102
132
99
97
122
80
5
129
135
109
168
146
135
95
114
8
123
99
100
128
140
117
140
90
6
135
90
108
139
125
127
133
133
2
130
123
131
127
131
118
162
119
5
109
113
142
163
99
138
108
150
8
128
132
72
105
79
117
127
109
7
104
144
134
133
128
113
130
125
7
115
132
113
116
126
128
115
120
5
113
99
122
139
120
123
105
136
10
140
99
109
125
92
120
152
108
10
91
148
85
105
149
122
114
125
6
132
107
108
141
109
107
111
126
9
118
117
149
123
125
117
114
154
5
134
115
95
90
127
168
126
110
9
86
102
129
136
93
166
140
106
10
126
148
136
141
87
146
118
110
10
87
95
120
122
117
125
101
114
2
122
127
88
88
123
85
109
101
1
129
106
119
117
141
85
119
106
9
127
129
117
121
101
99
87
113
5
147
134
91
141
95
120
95
140
7
115
112
100
128
121
113
148
91
6
169
106
125
116
122
132
107
103
3
110
118
155
92
117
100
96
72
6
115
81
102
145
87
105
132
130
7
129
104
120
112
134
116
108
128
0
103
127
128
110
101
128
101
100
9
91
136
123
87
135
129
113
112
4
97
136
115
113
116
94
148
87
2
134
124
113
142
118
131
75
114
2
142
135
90
57
104
127
98
134
2
133
132
110
116
102
67
140
143
2
124
126
151
127
118
134
121
110
10
147
104
91
93
108
109
98
122
5
129
133
114
127
119
102
67
106
6
119
127
122
130
120
120
93
134
4
170
108
116
144
118
78
95
105
7
114
102
121
122
99
85
139
145
2
95
144
126
107
118
84
99
146
3
97
100
107
93
136
118
135
96
7
122
113
91
127
92
125
122
98
2
112
119
147
109
155
102
99
100
2
117
99
90
101
84
116
101
131
3
156
88
107
119
131
136
92
129
8
121
148
86
106
112
107
123
126
1
90
109
101
148
148
134
78
102
2
105
110
78
113
126
126
129
147
8
93
104
79
115
122
95
125
101
10
139
131
149
149
100
115
65
102
1
93
121
77
162
120
116
112
100
10
127
110
99
95
106
117
114
79
2
125
157
140
108
108
107
131
106
6
113
108
140
99
121
130
104
73
1
128
138
106
93
126
129
135
100
4
143
135
108
100
128
122
121
152
2
117
120
107
132
100
143
128
85
4
134
135
85
121
86
148
134
122
2
129
108
98
157
116
127
110
115
2
114
136
115
115
100
135
121
141
4
98
100
114
118
108
119
157
139
3
109
103
120
148
127
129
104
89
9
87
102
111
126
96
134
135
120
6
124
160
162
97
141
157
133
134
0
145
152
134
109
94
105
110
115
4
121
98
86
117
128
102
110
58
1
113
104
132
110
126
118
114
135
9
135
121
143
123
114
127
108
95
3
94
93
122
113
81
105
93
142
8
153
137
132
146
69
145
123
102
3
114
115
111
115
113
129
128
85
8
79
134
113
91
115
150
114
149
4
137
90
112
79
91
114
110
133
5
128
126
112
121
102
114
124
117
6
79
89
131
130
115
106
113
114
3
100
78
125
99
117
76
116
77
9
123
129
92
137
100
101
107
121
5
156
128
134
116
126
146
111
101
4
99
78
104
126
99
135
100
120
6
106
136
98
119
142
107
120
113
1
138
134
135
89
142
94
109
159
6
108
111
122
115
122
101
131
105
5
94
125
121
112
124
103
84
178
3
87
75
118
86
103
121
136
94
2
89
141
115
112
138
117
133
141
3
148
131
118
97
106
107
140
100
2
115
149
108
135
85
143
113
127
8
94
122
108
106
135
122
138
150
6
136
126
84
114
120
96
126
119
8
132
97
120
105
120
120
131
141
5
92
101
127
119
148
148
103
129
8
121
123
127
127
148
110
121
131
4
110
116
118
114
154
121
111
139
9
107
140
113
130
145
129
128
127
7
79
134
145
75
95
95
77
99
7
89
143
114
114
108
102
101
81
2
122
113
110
107
128
127
97
102
4
77
156
98
116
83
89
110
98
4
122
131
97
99
128
102
126
108
4
106
113
71
127
140
102
82
146
7
126
127
106
114
150
123
147
90
3
115
120
101
126
71
144
99
114
9
104
109
104
131
122
71
96
118
9
125
118
163
121
122
93
149
137
7
125
120
115
125
111
107
109
120
1
144
116
95
132
147
124
99
129
5
150
71
92
118
121
120
135
155
10
138
111
115
118
109
131
111
107
0
128
114
147
93
121
94
123
88
2
133
131
115
114
86
82
127
116
9
135
130
107
136
112
130
129
103
0
114
106
141
111
105
107
116
126
4
115
125
124
104
111
133
153
106
7
101
85
91
112
100
78
117
104
7
87
141
133
87
107
95
113
127
7
120
121
120
121
133
110
113
150
0
121
156
131
103
93
141
100
119
5
113
87
74
112
120
128
166
116
10
106
134
128
114
127
106
98
122
3
101
85
155
134
118
67
122
78
3
112
122
114
133
108
101
99
135
4
57
129
126
144
134
84
112
110
7
125
85
107
130
131
141
137
127
6
64
128
148
120
93
99
105
113
2
130
99
141
110
163
120
110
123
7
119
134
97
129
139
103
117
113
8
119
136
94
128
100
106
121
122
7
139
147
177
86
107
122
89
79
6
112
113
119
112
149
115
140
70
6
148
114
118
98
110
144
108
91
3
93
162
95
127
77
107
129
140
3
149
123
119
115
109
134
121
120
8
99
98
105
106
137
74
145
78
1
82
123
127
112
117
92
112
87
5
134
122
124
122
98
116
116
126
0
146
122
122
153
110
100
169
127
7
121
157
162
115
106
85
143
91
3
123
104
87
100
113
160
140
86
5
126
114
105
98
107
117
121
138
8
145
105
112
117
99
119
115
121
5
141
124
136
105
114
105
115
131
9
136
88
143
150
120
104
131
101
1
155
119
108
113
142
86
131
115
8
131
90
129
124
107
140
106
113
9
133
114
131
124
119
106
102
141
5
108
135
111
77
100
95
121
152
6
114
129
112
124
127
122
112
136
3
113
108
107
106
94
99
79
139
3
120
142
86
113
108
157
129
142
6
99
104
125
139
96
108
126
178
3
110
92
144
137
86
74
140
131
7
108
108
100
102
116
161
137
99
8
100
121
152
120
128
132
108
115
5
121
134
114
141
77
102
118
138
5
126
121
106
85
142
123
111
99
8
137
77
124
134
99
135
115
111
2
115
125
93
132
113
92
135
129
1
94
115
121
138
99
86
152
99
4
102
144
90
99
148
135
87
124
6
119
138
144
137
109
137
88
123
5
115
111
170
119
128
128
120
111
5
121
122
137
86
98
137
91
133
2
106
115
129
120
126
113
108
135
5
148
135
142
105
128
161
155
112
8
103
78
80
107
119
114
100
93
5
127
117
127
92
136
99
73
143
0
88
134
108
121
112
101
120
78
4
100
106
79
149
87
111
113
97
2
131
127
83
100
132
120
107
99
3
114
110
109
88
92
120
108
130
6
108
108
91
96
108
127
128
158
7
128
147
122
139
127
116
95
84
7
94
161
149
95
90
127
129
109
9
132
118
118
132
100
128
141
136
9
108
105
118
124
94
119
118
134
4
112
56
105
173
107
120
133
148
6
138
127
128
113
82
135
125
99
10
109
80
99
123
111
127
102
115
9
102
149
149
135
132
132
119
92
6
120
65
114
127
119
114
113
78
6
121
79
143
135
110
136
111
119
3
95
84
88
125
122
109
90
123
1
122
129
93
115
103
151
136
161
6
107
113
154
108
114
124
129
163
7
121
91
97
106
96
115
128
142
3
98
112
155
115
112
113
97
135
9
107
131
111
125
128
105
112
139
7
125
100
111
95
75
128
121
126
6
93
100
125
101
106
108
131
166
1
133
157
127
130
85
97
93
114
5
114
119
129
118
151
113
95
88
8
134
104
113
115
132
124
109
113
8
120
129
89
132
114
133
87
121
7
127
135
113
150
106
78
133
98
7
120
99
79
122
168
130
106
112
2
126
92
101
135
149
124
72
112
1
128
137
128
123
117
141
99
128
3
138
67
142
114
123
78
113
113
1
163
94
118
149
114
86
138
82
3
106
143
141
93
118
140
115
113
7
102
79
112
124
94
105
89
108
7
113
87
134
87
122
114
114
129
6
140
98
111
129
149
143
79
109
2
124
106
118
112
135
127
113
123
1
107
96
124
107
104
87
134
135
10
140
100
101
148
150
106
120
136
7
127
90
128
134
98
131
91
143
2
118
158
129
88
129
82
104
89
1
154
108
120
122
133
97
133
104
8
113
105
121
113
131
127
111
137
2
116
94
114
153
127
100
86
122
0
163
96
118
101
87
126
106
143
2
79
80
117
97
89
113
107
129
6
117
108
134
95
114
87
121
148
5
150
134
134
112
83
140
107
95
1
92
119
123
80
106
106
114
132
7
99
168
115
111
114
149
87
91
8
137
126
112
118
122
139
121
134
6
125
64
147
119
105
108
128
122
7
141
108
120
130
106
135
144
77
0
90
116
113
121
113
119
138
113
1
70
110
113
135
119
134
105
121
2
109
128
84
114
119
114
130
89
6
112
96
119
133
125
60
98
117
9
121
161
112
86
150
96
171
128
10
97
132
126
118
92
108
87
120
4
135
97
118
97
88
127
123
108
7
121
124
124
131
133
124
93
114
0
107
99
121
141
120
96
157
106
2
120
96
108
84
92
148
137
129
3
108
137
127
88
116
137
121
104
5
104
127
113
111
103
121
129
119
2
142
124
114
106
107
93
135
102
1
141
88
122
93
128
93
116
127
1
115
86
86
134
143
119
106
150
1
114
106
107
121
146
91
95
112
6
120
149
120
107
132
127
145
101
4
115
128
111
129
129
78
77
72
8
121
141
72
109
100
118
151
94
4
151
78
107
101
133
122
107
78
4
112
107
126
133
155
99
148
124
6
125
131
115
135
123
113
125
117
2
155
132
162
101
101
72
99
123
6
118
143
102
169
112
105
126
94
0
117
87
100
102
122
99
120
127
9
162
99
132
119
115
135
98
102
10
116
101
98
115
155
121
128
114
9
131
114
78
141
154
109
127
133
2
111
112
127
142
135
120
129
100
5
89
128
142
121
118
129
112
143
7
74
73
153
132
123
106
157
142
7
104
92
113
101
117
108
118
120
2
113
134
156
131
120
74
144
117
5
119
119
140
131
113
115
92
105
7
108
125
109
98
114
109
102
129
10
114
101
118
153
116
120
121
118
6
122
85
86
104
97
144
86
100
2
137
109
104
141
130
137
126
118
8
134
150
99
128
115
105
102
92
0
106
127
115
127
93
90
86
96
6
99
117
127
136
79
140
101
111
5
106
115
121
133
98
128
141
114
7
120
132
132
140
91
136
120
93
6
119
132
138
122
130
99
133
115
5
78
105
123
147
86
78
136
71
3
129
139
99
125
141
126
147
122
6
161
146
135
120
123
113
141
85
10
165
93
147
91
137
118
91
99
3
106
132
92
87
120
136
109
98
2
135
113
118
115
113
148
114
81
0
81
120
106
109
135
117
112
120
1
93
153
141
105
89
159
147
132
9
106
111
103
119
112
103
134
121
10
128
128
116
100
116
134
163
104
6
106
91
141
114
103
93
94
143
10
135
93
120
121
94
136
139
101
9
126
156
93
92
102
97
127
112
3
119
111
107
81
123
125
91
113
6
105
112
135
98
134
127
120
134
6
133
130
114
138
150
85
151
128
8
98
105
115
113
111
130
90
113
7
130
148
129
107
118
87
87
117
4
92
87
116
77
78
152
105
136
5
126
141
110
100
98
108
148
105
4
123
138
127
106
107
134
126
134
5
147
114
115
141
92
119
83
154
6
99
121
101
116
91
117
149
149
10
109
115
121
107
125
96
134
105
3
91
92
106
147
92
93
94
120
7
106
132
136
127
127
139
114
113
9
126
129
59
134
149
157
125
101
9
171
152
127
118
123
127
87
112
1
108
145
116
114
93
104
133
107
9
118
113
149
150
136
129
105
126
2
116
114
121
141
130
99
136
136
10
100
120
105
142
143
142
64
137
0
105
127
117
95
135
98
78
92
10
121
105
161
77
118
91
99
128
9
96
114
136
85
84
134
132
135
6
98
105
143
82
125
106
116
79
6
119
106
100
103
124
128
77
115
2
99
133
135
125
107
127
117
92
9
104
71
106
124
91
93
94
98
5
120
107
133
141
165
119
132
107
2
64
116
106
92
87
117
118
107
2
122
114
112
113
108
94
100
115
6
103
138
115
108
129
121
128
131
2
103
115
112
111
97
120
134
126
9
156
140
88
115
100
128
115
131
6
142
119
86
102
126
110
91
102
6
114
135
125
118
128
94
133
113
7
109
99
132
127
128
100
89
120
7
107
113
125
128
110
114
84
112
8
160
96
116
141
141
127
133
115
2
112
134
133
133
149
124
86
114
3
117
98
140
90
169
92
120
92
4
133
122
108
108
89
106
143
114
4
109
102
140
108
144
141
128
104
7
103
103
120
125
144
113
133
81
1
134
104
150
98
55
156
114
108
8
114
159
100
125
115
148
98
127
6
86
122
105
110
134
86
94
115
5
110
140
106
90
128
114
128
99
1
115
97
122
130
142
98
135
113
2
117
115
128
128
138
106
122
93
7
79
141
115
148
99
120
121
44
7
84
119
142
131
160
110
140
107
8
104
121
123
137
95
131
149
122
2
77
100
142
107
124
151
89
89
3
142
100
133
104
140
100
116
102
3
134
101
121
85
124
134
114
65
3
139
154
152
105
105
137
132
85
0
113
121
160
111
109
132
142
125
5
138
74
141
80
96
155
128
104
0
123
107
92
144
125
86
109
117
10
139
171
150
113
122
131
96
119
2
114
100
153
121
98
128
99
105
5
116
117
103
121
135
146
122
121
9
96
115
98
117
113
134
117
131
3
128
120
154
113
149
101
100
104
6
120
101
101
126
107
95
138
119
2
107
161
142
126
137
95
115
135
7
80
99
118
138
112
107
116
107
8
103
117
99
122
113
130
121
132
9
133
117
121
100
162
113
135
99
2
101
127
143
113
99
123
117
121
3
106
105
107
103
131
113
121
94
3
92
116
100
130
91
121
136
136
7
81
135
135
107
100
160
120
124
3
120
122
106
127
127
91
136
104
9
125
80
103
107
102
132
92
92
5
88
107
103
140
107
132
137
109
1
146
108
101
127
142
109
112
113
5
131
122
135
95
116
99
106
103
9
120
94
114
68
127
114
115
93
4
141
81
106
98
122
114
122
109
7
131
128
139
100
112
91
102
107

