16
5
5
8
10
2
7
5
8
7
6
1
9
8
6
5
3
8
12
10
3
7
8
7
3
2
4
58
95
98
154
123
132
87
113
3
112
107
131
112
109
130
105
113
2
111
93
99
78
138
134
128
110
5
128
92
128
124
71
96
127
108
6
148
119
122
132
105
138
143
129
10
168
127
124
113
136
123
129
84
4
142
135
75
108
111
125
112
125
6
78
133
106
122
91
112
137
82
2
135
113
113
100
107
147
128
119
4
151
132
112
91
134
122
108
120
7
98
135
129
94
121
98
109
114
1
148
124
109
94
116
126
112
94
4
87
121
122
116
128
103
125
121
9
135
130
114
124
84
94
92
87
6
108
105
107
139
115
94
119
130
7
120
102
148
98
118
97
118
118
4
120
104
108
143
86
105
122
119
2
96
108
116
96
92
80
153
92
3
143
121
131
118
112
103
109
126
4
128
149
115
124
152
77
117
124
2
138
102
120
111
102
99
134
112
9
117
141
128
89
117
132
136
107
5
107
116
93
133
112
87
133
146
5
140
87
110
98
129
102
85
112
8
101
125
119
78
92
99
93
130
6
120
100
142
121
144
126
89
174
9
135
68
121
113
108
133
149
114
2
142
81
120
109
103
127
120
113
3
156
104
145
92
136
140
152
135
1
121
107
89
107
91
129
160
110
5
104
100
147
103
145
163
134
85
0
113
117
85
96
93
94
156
94
3
116
103
108
133
128
112
77
132
2
159
149
112
109
133
92
167
136
6
139
120
125
137
108
123
121
134
0
126
143
92
95
71
120
94
128
4
147
139
120
99
113
122
145
99
1
139
113
97
114
134
134
121
139
9
98
113
117
139
152
130
106
106
4
125
126
106
100
96
135
124
141
9
114
140
133
142
122
141
171
106
8
99
117
91
99
78
92
99
91
10
78
111
127
103
94
140
107
99
6
155
149
91
153
133
77
100
148
10
108
120
85
99
107
113
143
107
8
115
77
89
111
138
92
98
126
5
131
98
133
111
87
99
106
92
3
149
148
84
101
126
119
127
90
6
137
164
104
128
98
120
127
114
10
120
133
134
114
94
131
139
130
2
100
89
172
96
96
100
72
100
9
92
149
110
128
93
100
122
106
4
140
113
112
106
111
141
124
115
3
144
129
102
109
128
113
101
99
7
107
113
142
94
134
126
79
122
4
114
136
123
114
97
119
105
86
2
105
100
163
142
124
128
105
105
6
142
153
87
119
111
107
99
137
2
108
131
88
128
130
108
105
122
5
117
121
148
163
133
118
100
115
8
149
104
120
133
124
88
113
107
1
108
116
170
151
122
114
123
100
9
106
133
111
126
120
142
104
98
7
121
99
125
107
126
171
81
117
2
97
137
90
98
116
61
103
127
8
148
105
120
92
141
108
135
84
2
140
107
140
113
138
112
131
109
10
112
106
93
116
93
115
148
98
8
65
101
98
128
121
127
133
108
1
108
106
114
147
114
128
163
118
9
105
94
100
106
112
82
106
152
3
125
121
109
104
111
147
133
144
4
148
114
79
121
110
150
138
128
3
109
124
130
79
157
149
134
115
6
153
99
104
124
65
175
117
116
9
138
136
106
109
139
91
119
150
2
96
112
134
117
99
106
107
129
5
118
143
104
119
107
106
119
119
1
111
109
115
116
140
149
127
112
9
112
140
153
133
144
121
112
91
8
121
106
70
112
107
113
99
115
8
129
102
107
108
146
124
96
115
0
134
127
106
157
127
143
114
92
4
111
113
116
108
122
135
126
142
1
142
116
108
104
140
109
110
103
6
102
124
85
91
115
134
124
93
9
155
108
87
135
114
128
126
124
6
111
165
148
112
107
99
132
118
1
156
122
131
110
94
144
125
122
3
89
98
134
94
115
106
123
142
9
127
150
126
108
131
149
114
112
0
104
125
133
130
102
143
93
105
3
98
128
90
128
121
115
117
111
1
122
133
116
107
149
157
99
132
2
83
109
123
105
93
64
115
127
3
115
128
131
113
126
99
110
120
2
134
83
155
103
107
130
129
148
8
136
123
108
103
111
148
119
94
1
121
126
115
117
88
99
137
121
6
115
100
118
80
59
109
86
143
3
149
112
114
125
138
132
147
118
2
113
65
106
141
128
118
137
118
6
115
107
107
109
87
128
136
168
4
163
113
106
133
105
110
129
152
9
63
127
100
96
128
72
146
129
0
127
108
151
126
135
114
79
121
1
114
145
144
148
133
146
139
122
8
93
116
113
107
149
116
100
87
5
147
134
106
136
134
129
114
127
4
107
100
107
141
160
109
136
59
6
141
148
107
101
128
70
93
122
1
95
137
94
93
132
122
109
106
4
128
119
112
109
155
114
83
122
9
121
151
140
147
97
129
108
122
3
140
119
129
80
108
157
114
100
3
155
122
91
98
96
109
86
122
9
154
90
136
97
129
93
156
85
10
93
129
104
113
84
119
133
89
10
129
79
134
134
161
116
131
115
7
134
127
134
147
128
93
92
134
4
108
141
92
125
92
141
106
81
6
101
130
127
99
112
134
115
122
6
91
108
127
141
101
150
117
105
2
136
106
115
112
107
127
129
90
8
122
146
106
138
133
108
155
142
2
107
103
128
118
120
95
114
79
9
87
112
112
118
112
86
147
107
9
91
133
86
106
138
132
92
110
3
128
133
141
158
106
148
113
137
3
114
120
121
76
143
93
117
114
3
113
108
108
132
118
112
130
135
5
129
150
113
126
136
143
149
139
8
130
153
130
94
145
122
128
108
2
147
111
118
114
141
114
122
146
7
89
95
139
92
142
118
114
156
6
94
126
115
136
128
117
122
147
3
160
117
104
114
105
141
99
125
4
129
127
115
142
134
139
126
103
8
128
106
112
117
131
97
88
141
10
139
130
108
114
78
115
143
127
1
106
125
100
109
73
119
135
124
3
114
116
115
114
78
68
116
75
8
132
80
82
117
127
86
133
129
6
127
115
107
119
122
126
105
80
3
106
149
134
122
104
92
100
140
2
117
151
117
117
90
106
126
120
3
113
116
99
101
106
106
94
109
0
85
116
88
134
95
135
113
95
9
154
115
132
115
160
107
96
135
5
118
126
86
159
114
70
127
113
8
149
122
93
136
97
109
100
119
10
141
111
92
130
121
120
114
112
3
98
91
143
153
152
107
98
128
6
115
89
134
116
111
96
84
148
8
92
166
105
153
137
107
136
97
4
139
109
102
109
144
106
113
129
5
81
124
110
99
104
139
102
122
9
150
136
155
107
81
167
110
103
10
100
127
112
121
128
111
101
123
8
99
147
134
102
138
119
99
137
4
106
88
99
135
108
116
160
148
6
96
88
135
123
99
126
117
126
3
136
107
122
75
114
138
121
106
1
111
177
125
96
106
142
57
127
5
127
120
95
127
120
134
99
142
1
136
114
125
136
100
99
77
141
6
104
107
114
88
131
105
112
81
1
132
170
83
105
88
120
122
142
8
141
162
120
92
105
111
114
104
9
127
119
135
134
147
110
87
93
1
117
99
120
120
132
157
108
105
9
128
111
99
112
125
140
84
115
7
100
115
116
145
122
71
128
111
9
130
122
133
118
77
137
145
143
6
99
141
79
111
134
85
88
94
4
139
116
114
109
122
152
85
121
3
107
127
126
142
136
75
122
133
7
115
127
93
123
140
106
87
119
5
80
108
89
98
100
105
132
118
5
107
139
92
103
86
100
85
109
2
117
130
97
128
110
121
135
111
10
93
112
97
123
167
111
116
141
6
92
136
128
131
161
134
102
91
2
113
121
99
135
117
129
93
128
9
139
65
80
123
85
146
135
100
8
134
138
78
102
134
136
122
96
10
116
103
124
113
152
83
122
114
3
113
114
101
106
122
130
72
111
9
121
99
108
135
88
99
93
109
9
121
129
128
114
105
78
119
126
7
77
98
130
110
144
107
88
138
2
135
150
109
108
131
120
117
94
6
141
103
114
142
116
99
128
128
0
135
68
115
125
113
87
116
111
4
133
128
131
114
98
156
116
88
1
115
115
76
93
127
136
109
105
8
137
139
95
138
113
121
116
118
3
116
130
109
128
150
143
140
121
4
92
114
150
91
116
134
125
130
10
104
148
93
125
112
110
120
79
7
111
99
156
125
97
109
134
126
6
144
137
97
119
119
88
105
107
9
134
122
112
127
118
122
121
129
7
168
110
121
100
72
93
102
103
3
134
116
140
115
118
160
149
129
9
138
139
122
147
121
128
108
100
3
129
102
108
107
124
113
75
137
5
121
142
107
115
132
91
130
112
6
101
107
134
129
121
149
156
128
9
105
137
119
88
125
107
113
124
7
104
114
116
136
107
111
120
134
1
129
107
107
142
124
141
86
128
7
77
68
108
114
121
127
101
140
8
89
116
162
112
137
80
161
126
2
133
108
133
164
107
159
136
96
2
104
106
125
100
93
101
86
96
9
108
127
142
120
118
112
135
149
9
98
84
102
115
142
78
99
100
6
100
93
107
123
130
91
149
111
2
121
80
93
91
108
109
136
119
6
74
148
163
134
86
103
115
114
10
120
99
149
120
131
132
71
148
6
76
99
102
109
146
96
101
122
4
140
106
78
127
141
99
105
115
9
84
72
118
142
100
146
140
78
5
121
102
115
159
100
126
103
133
1
93
126
121
116
90
92
114
93
10
135
129
139
143
114
112
137
138
9
107
97
145
74
124
124
132
126
5
148
100
121
129
121
136
114
126
3
143
134
94
135
124
120
78
59
10
131
125
141
102
141
120
119
116
9
99
106
124
122
133
131
131
100
4
111
112
116
157
114
71
149
119
4
98
99
105
154
121
135
100
100
8
114
121
130
101
140
99
128
128
7
123
125
86
134
77
107
89
119
0
110
86
131
106
112
110
100
107
2
142
128
92
81
73
82
105
148
8
105
77
89
94
105
98
126
105
5
121
123
82
101
126
106
101
127
9
113
144
90
149
119
111
114
106
5
101
135
120
130
129
123
100
92
8
92
141
115
123
115
115
128
120
4
127
114
130
130
121
140
127
110
8
94
127
127
104
114
115
101
124
2
117
122
93
140
131
111
93
148
0
93
142
148
115
112
116
99
93
6
120
118
114
139
101
101
111
147
0
129
135
133
128
103
120
134
125
4
79
120
93
97
122
138
138
122
8
92
100
125
99
128
134
129
129
2
101
128
135
95
83
89
98
114
4
86
112
133
149
122
129
114
105
3
127
126
132
112
113
103
122
113
10
93
133
167
122
156
122
126
145
2
88
112
103
143
119
116
133
146
1
109
114
120
141
87
128
121
113
6
111
149
140
93
113
162
101
128
6
145
132
106
128
107
124
102
91
8
91
100
162
156
111
124
138
94
9
139
130
107
118
109
99
141
98
6
135
107
124
100
121
71
99
77
8
135
135
110
157
107
115
135
149
10
119
110
155
107
133
114
113
115
1
119
135
128
94
97
89
98
100
1
72
85
93
114
115
134
121
147
3
139
104
162
114
108
130
107
128
0
99
110
103
129
107
88
94
149
0
79
86
129
148
117
132
119
136
6
96
81
113
131
138
130
112
79
1
137
120
146
162
115
176
116
93
9
128
121
114
107
140
122
113
127
9
134
101
109
120
100
72
149
136
3
123
126
132
101
131
85
111
133
3
103
128
140
124
141
155
142
115
4
129
122
113
144
111
118
139
120
1
91
134
119
96
104
113
68
103
9
129
119
124
112
120
108
110
119
0
128
142
123
116
92
92
91
128
1
129
127
102
146
106
107
99
142
3
93
141
104
113
99
147
105
80
7
133
83
100
143
88
96
107
86
0
120
99
140
100
149
91
103
114
3
121
129
141
104
149
111
106
128
8
118
147
124
156
133
77
118
113
1
126
154
120
69
100
130
127
122
1
121
121
126
93
142
116
99
122
5
111
137
104
78
99
115
114
141
7
105
108
126
139
123
142
113
95
7
108
149
107
132
112
158
102
121
1
111
104
156
86
103
114
100
115
8
81
127
150
108
147
134
137
134
1
82
104
98
126
107
117
141
141
3
115
139
128
127
112
155
93
108
7
93
100
121
115
106
92
78
112
1
106
104
99
112
114
136
134
144
7
121
92
104
134
107
113
161
121
7
99
93
113
107
142
99
106
129
0
105
79
113
114
101
131
149
102
7
126
122
86
126
148
122
116
106
7
116
93
129
104
106
93
118
102
10
133
135
94
113
70
124
115
99
5
96
124
141
127
116
106
116
107
1
65
94
126
132
99
87
105
101
8
121
133
134
124
106
131
94
113
3
124
86
100
142
118
106
119
132
9
93
107
116
143
142
95
93
100
1
135
106
147
127
99
113
100
121
6
113
132
113
131
107
112
128
115
8
68
164
156
98
107
93
91
125
5
127
114
113
115
170
118
108
132
2
106
141
135
143
92
100
152
95
9
121
128
103
135
112
112
151
98
9
109
85
141
100
113
136
56
127
9
119
86
114
109
143
108
94
114
8
123
129
124
131
98
54
98
108
7
138
100
87
132
151
95
140
123
2
73
129
120
79
148
124
139
170
3
105
86
131
45
133
93
149
120
4
104
131
133
112
86
122
126
109
1
120
100
156
152
86
104
86
160
7
143
100
116
127
128
99
106
150
6
99
125
119
135
126
110
86
107
8
115
105
101
114
116
101
105
91
10
93
92
100
100
155
121
99
153
8
172
120
128
128
123
115
121
142
1
109
120
135
127
105
107
119
101
8
119
114
134
92
98
95
126
129
9
117
136
112
112
108
107
80
148
1
114
90
94
106
86
119
94
128
8
105
87
103
134
119
81
120
134
10
70
140
146
105
114
132
130
106
9
138
111
123
97
145
133
84
129
10
90
119
114
142
127
112
114
121
3
102
101
160
148
115
109
120
80
9
134
76
124
100
124
125
121
135
6
126
126
106
110
117
92
141
99
9
142
138
140
91
119
139
114
135
2
124
74
118
87
129
113
135
129
1
129
102
117
109
142
118
118
99
4
127
121
93
117
140
189
133
78
1
130
110
123
121
156
108
127
127
7
79
121
86
162
127
131
109
114
9
136
154
159
114
149
145
91
77
5
80
121
109
110
117
114
88
90
3
120
136
85
143
114
95
106
108
4
122
121
169
81
117
126
68
103
1
129
129
115
112
119
97
114
137
6
140
164
135
75
123
134
119
94
6
130
128
82
134
163
126
108
135
6
129
111
96
109
142
100
148
106
10
95
74
121
122
141
155
106
100
6
119
107
71
129
132
87
85
148
1
122
100
120
107
121
149
151
134
7
104
107
94
107
117
97
121
98
3
122
105
126
124
111
132
105
118
7
73
113
98
101
103
99
112
113
6
100
125
116
136
114
87
92
147
5
127
118
92
120
136
120
120
98
6
124
65
107
118
95
126
134
122
10
101
118
112
134
90
98
114
164
5
93
111
116
106
114
140
135
96
2
110
124
121
96
117
111
97
114
8
133
114
107
100
116
123
118
129
0
125
117
115
169
106
142
120
83
2
112
136
129
118
113
103
136
63
10
90
92
87
122
129
92
118
93
10
119
110
112
113
107
122
114
134
2
98
113
136
114
106
148
126
99
8
134
109
122
135
107
117
110
118
3
101
115
108
102
145
99
146
136
2
114
110
114
124
127
112
88
106
9
132
117
104
109
107
128
143
119
6
92
99
135
99
104
132
90
124
4
134
117
127
84
119
132
122
139
4
115
94
109
141
135
126
131
143
4
112
122
85
140
148
96
105
121
3
110
161
90
112
107
115
130
154
5
114
120
101
143
134
155
115
140
0
120
128
117
122
127
128
115
132
2
135
120
109
107
86
82
128
148
3
68
102
129
122
124
165
135
99
0
98
127
107
112
102
92
136
115
0
115
106
95
120
114
103
93
109
2
138
88
78
143
126
130
105
100
9
137
98
116
142
116
133
103
134
10
121
114
90
119
102
126
106
118
4
140
95
121
123
82
166
92
105
0
139
95
112
139
117
131
100
137

