15
4
0
6
8
9
7
7
6
13
4
5
5
9
10
4
3
7
7
8
9
3
6
0
2
9
6
89
136
70
135
92
133
137
123
3
100
117
159
100
121
154
130
155
10
110
99
99
99
125
115
118
110
5
123
78
127
142
121
124
97
119
5
131
147
128
127
95
106
89
93
4
129
128
108
99
145
116
76
140
6
107
105
153
98
138
121
106
115
6
99
97
124
92
114
136
83
128
9
124
134
135
115
103
110
147
83
9
109
120
124
127
156
125
144
100
6
74
117
128
127
107
118
151
150
4
137
115
110
119
133
99
141
76
2
136
100
119
107
78
101
104
144
2
107
123
133
98
121
108
109
140
7
100
139
132
118
147
95
123
126
6
152
108
109
105
128
106
121
147
5
158
105
84
99
83
123
117
124
10
162
141
119
132
92
79
110
94
7
120
108
114
137
102
121
127
95
7
92
142
98
108
136
107
122
123
3
111
93
143
147
86
89
127
130
0
106
126
118
107
140
100
134
136
6
154
131
98
115
150
157
142
170
0
131
100
104
149
120
149
132
107
5
127
100
115
119
134
115
104
100
1
143
101
142
114
99
108
144
136
1
144
115
112
118
114
126
122
83
9
106
124
87
109
93
102
137
77
0
124
146
105
118
118
117
114
95
5
156
126
118
122
136
155
125
99
9
140
126
109
124
133
105
121
142
0
112
129
138
148
77
77
104
133
0
96
94
84
130
140
109
135
113
3
128
107
120
130
94
93
77
113
5
102
123
123
136
119
108
107
91
0
149
135
122
113
120
108
123
107
1
131
137
112
161
144
121
94
140
0
87
132
81
85
80
118
110
127
0
117
102
114
125
160
115
129
142
10
114
121
108
126
89
93
150
92
2
127
128
89
126
136
156
98
101
1
129
95
119
127
148
81
134
93
8
161
143
135
131
118
134
141
125
1
109
120
140
127
85
87
131
91
0
135
123
115
121
101
125
124
114
4
112
142
141
94
95
120
138
114
7
119
88
128
108
150
172
129
107
7
135
112
87
113
129
129
87
128
4
136
120
138
122
113
92
113
118
6
113
113
114
104
114
127
108
121
6
119
105
91
129
99
122
119
138
3
129
86
144
138
113
123
111
105
6
99
133
125
132
121
71
125
93
2
127
120
139
131
94
103
101
117
9
143
124
128
122
136
128
116
132
7
129
117
152
99
95
66
176
137
8
134
152
142
76
87
125
121
127
1
88
111
107
98
155
128
100
135
2
155
144
128
103
109
118
105
143
5
99
147
122
119
164
111
150
120
8
121
100
113
122
112
135
67
138
8
145
129
128
134
131
137
107
119
2
113
121
109
135
105
99
89
105
6
120
148
141
107
97
70
146
107
7
136
65
126
141
87
87
157
149
9
113
135
135
101
119
104
113
117
6
95
79
110
150
114
110
93
92
5
91
136
155
82
127
92
71
87
10
120
108
112
121
114
119
93
133
8
105
101
124
68
114
138
133
111
1
142
142
124
136
97
135
84
98
9
84
89
135
126
126
127
128
154
2
142
94
121
116
118
94
93
104
1
108
125
97
123
146
84
114
135
7
119
122
141
138
129
113
107
92
1
98
143
100
114
78
93
125
94
5
127
108
139
117
177
122
103
93
8
141
128
127
128
91
92
138
174
8
93
116
130
93
107
107
126
79
4
102
113
157
99
100
115
85
125
0
113
109
124
117
82
111
101
100
1
130
130
108
109
127
106
114
119
2
150
77
91
127
112
112
97
132
1
100
120
105
134
108
143
126
123
7
111
117
94
169
65
109
154
99
2
101
137
95
118
105
107
135
131
7
116
135
103
129
99
152
128
124
8
98
98
106
126
76
121
120
130
2
94
127
120
150
120
123
140
92
4
130
125
122
124
129
134
125
137
9
99
99
139
92
112
128
101
98
6
121
109
104
142
92
162
107
87
8
97
128
109
127
128
115
102
71
6
135
91
100
109
142
113
143
107
6
86
93
149
109
136
124
115
106
5
115
113
127
120
114
110
104
82
1
99
74
116
105
128
57
120
180
3
102
86
112
113
122
91
154
129
5
117
124
96
143
106
88
94
153
7
84
113
113
132
86
141
144
109
2
119
119
126
123
147
117
114
101
3
110
106
145
129
121
116
163
86
1
120
140
92
133
103
103
130
133
8
112
112
86
125
92
130
133
110
5
137
134
127
140
152
112
94
98
4
157
85
82
114
129
99
103
114
1
138
151
169
88
129
163
123
125
8
93
100
114
96
128
110
149
119
7
83
167
111
128
122
97
100
141
5
93
100
142
127
117
130
133
92
6
99
96
125
133
113
121
91
120
5
154
98
131
122
142
93
137
134
0
121
127
140
115
91
100
142
119
4
138
127
155
88
130
129
134
105
9
122
128
151
96
128
121
128
84
2
121
107
138
122
79
127
98
96
4
95
146
149
107
126
105
115
91
3
107
102
92
92
138
128
128
128
10
100
126
127
100
151
122
133
136
2
120
171
97
135
99
90
108
117
3
118
92
87
109
161
127
88
98
6
121
101
109
128
111
134
122
87
0
129
142
101
126
102
129
113
127
1
153
120
133
140
114
117
127
98
5
111
118
121
93
146
118
100
121
3
93
82
143
152
140
130
144
117
0
111
139
136
93
128
120
109
115
10
80
113
84
105
119
153
99
173
0
91
106
107
153
90
127
125
129
6
114
147
107
148
111
126
107
115
8
133
128
119
119
114
156
112
114
10
129
127
95
123
101
132
104
154
5
88
136
150
152
113
113
122
111
4
85
99
112
140
79
92
102
103
5
133
112
135
93
105
139
138
107
1
154
95
92
99
109
105
84
105
7
123
134
68
108
135
108
78
122
9
137
119
112
74
131
91
84
115
7
121
115
121
133
100
146
132
121
6
122
168
135
135
113
133
96
120
4
101
93
110
140
144
114
125
95
4
100
95
134
127
101
92
109
79
1
121
102
123
90
141
136
92
104
3
94
119
116
105
141
94
114
129
0
124
80
152
90
115
107
97
121
9
104
127
108
141
136
89
91
113
6
106
135
162
108
89
134
115
99
10
117
91
142
122
108
113
101
96
0
136
129
108
126
93
105
100
86
4
95
112
112
120
101
77
128
85
4
116
149
122
148
100
113
133
92
9
106
96
92
140
136
148
112
105
2
106
95
122
113
101
129
108
114
0
170
120
94
95
105
114
124
100
9
159
97
105
128
109
94
133
120
1
122
119
120
106
148
91
129
119
7
115
94
163
93
123
126
116
132
7
134
140
115
115
108
86
126
94
2
134
128
132
93
120
93
143
128
9
136
142
121
103
95
93
102
110
1
86
109
110
134
121
121
140
92
3
127
128
115
115
113
99
122
106
6
132
111
100
114
120
111
118
120
6
124
147
76
114
109
102
124
121
4
74
112
142
95
95
78
101
113
5
106
107
121
149
98
118
127
100
4
91
102
92
107
92
112
115
100
9
97
79
93
83
120
116
109
137
5
89
123
113
99
122
93
100
123
6
112
144
144
150
120
138
127
129
6
72
122
79
114
103
102
116
162
6
98
92
86
131
136
131
142
120
9
121
148
104
106
86
104
126
99
10
95
114
154
124
125
110
91
138
7
98
120
129
127
121
121
119
111
3
98
113
91
126
97
114
97
96
9
94
127
128
128
162
130
128
107
9
97
149
122
114
105
111
111
122
10
79
149
89
123
117
147
100
150
5
99
122
107
125
128
159
157
119
6
129
121
113
71
93
86
121
134
5
114
91
134
150
76
107
119
93
7
131
106
96
116
120
67
135
134
7
102
100
149
125
107
134
119
107
1
138
145
126
106
139
106
113
108
1
116
101
110
121
107
103
107
119
3
143
121
121
87
106
100
130
121
4
99
141
134
94
148
112
105
108
3
155
123
130
128
113
141
117
107
2
120
144
80
99
93
143
110
98
8
126
119
102
93
112
102
104
140
3
86
117
111
120
108
129
142
89
6
131
115
124
85
103
85
141
67
1
108
134
99
124
115
120
142
108
6
129
114
140
127
124
121
93
127
0
99
147
97
114
105
153
118
113
6
169
116
102
141
120
98
130
121
4
150
107
97
101
93
114
124
146
5
147
141
84
114
111
121
121
124
2
137
113
85
120
110
81
113
107
9
106
139
136
115
82
127
115
117
5
149
140
102
131
119
138
115
126
9
105
102
94
92
148
111
100
117
8
121
119
88
152
112
114
100
148
3
119
103
115
116
141
98
125
149
8
125
113
130
104
113
115
99
129
8
89
131
140
132
91
127
112
126
4
106
121
95
121
106
99
120
120
5
131
132
114
108
110
100
168
100
8
150
112
84
78
94
139
129
121
9
119
92
119
71
96
140
108
131
4
129
134
111
118
96
122
115
118
7
121
140
113
148
108
99
137
125
6
77
128
164
136
153
96
132
132
10
114
127
111
133
129
144
123
112
2
167
92
138
92
150
124
124
107
0
106
135
102
88
131
101
110
129
9
122
143
128
96
146
134
150
130
1
150
108
101
125
151
66
127
126
10
107
115
105
130
125
123
151
128
7
108
155
113
122
125
112
92
115
6
126
81
119
99
101
144
99
130
6
164
86
150
107
85
124
105
109
8
121
130
126
119
86
141
154
69
6
106
123
121
134
168
120
135
118
7
139
109
141
98
100
132
128
122
5
125
111
102
127
143
113
143
102
8
157
104
118
132
133
184
122
128
6
114
127
139
85
136
115
112
107
6
124
127
113
87
134
108
141
139
5
112
106
154
118
138
109
144
127
8
118
109
103
141
138
128
133
141
4
97
135
103
139
94
108
155
146
3
134
122
141
100
136
117
131
131
5
119
129
111
131
114
111
119
146
4
100
91
122
139
123
126
138
129
2
141
159
107
120
150
140
114
134
7
104
101
72
111
119
107
108
132
8
156
79
107
122
128
119
135
99
0
114
135
133
113
142
100
113
96
9
96
113
112
125
149
95
144
147
10
92
96
98
113
108
103
134
136
6
98
114
120
117
106
126
157
123
5
88
101
108
77
97
101
86
152
6
131
139
108
103
82
122
157
76
7
110
142
97
123
120
140
65
120
1
126
139
127
142
142
93
101
104
2
109
134
105
107
155
162
114
98
3
105
112
101
127
118
107
108
124
8
125
112
118
124
101
92
114
153
3
135
108
110
149
135
113
99
128
2
108
100
136
107
95
109
77
93
9
101
105
127
119
94
129
100
122
8
142
119
136
119
105
120
115
148
7
128
134
109
141
94
136
130
74
9
108
141
134
105
87
121
107
140
7
121
107
121
95
102
134
133
97
1
126
112
146
126
111
156
122
132
6
138
87
102
112
99
124
121
113
9
106
147
98
107
103
133
132
107
9
91
136
105
126
116
137
58
95
0
113
102
100
128
87
103
148
113
3
160
114
96
63
140
87
124
105
0
146
133
122
113
114
122
117
95
3
106
152
107
152
157
163
94
143
5
69
97
105
119
121
125
123
77
6
106
80
112
92
123
101
128
124
5
137
121
101
114
127
130
154
111
1
123
142
94
126
95
101
114
102
4
100
120
173
138
146
130
113
90
3
107
128
120
132
118
106
133
112
6
134
150
123
109
126
128
129
139
2
81
139
93
93
107
129
112
79
8
105
88
109
148
98
106
122
134
6
109
83
113
122
106
81
109
119
6
121
103
123
111
122
148
91
72
5
119
146
95
114
135
113
112
119
1
85
86
115
154
85
104
99
99
7
98
85
102
126
121
83
119
137
5
116
126
115
117
133
125
104
143
4
122
131
125
108
99
71
104
100
4
85
92
118
99
130
150
128
92
0
106
124
109
116
97
106
68
128
9
127
139
120
94
90
72
122
124
0
123
93
101
78
88
128
123
101
9
131
114
127
117
117
122
122
120
5
119
140
125
127
120
125
142
135
9
127
113
101
158
139
128
142
118
4
116
108
104
127
132
72
114
144
9
84
127
120
133
110
142
135
121
2
138
137
157
115
128
135
139
129
4
106
150
99
102
137
134
115
126
7
115
113
147
126
117
90
108
95
5
73
122
88
58
129
143
139
86
3
103
141
92
101
142
152
82
93
1
113
134
125
142
81
111
136
125
10
126
114
111
102
155
98
106
122
10
112
86
127
130
103
106
119
123
9
93
139
120
98
104
111
50
133
0
93
136
133
114
135
116
87
147
1
93
92
119
120
110
107
152
95
7
142
114
127
118
145
93
111
108
4
142
118
86
134
114
82
70
129
5
131
117
81
126
127
134
121
106
3
134
140
101
126
86
108
123
92
9
128
114
124
142
107
98
120
116
5
147
119
98
108
110
112
124
90
2
105
126
143
128
149
112
71
153
4
120
135
100
143
95
119
114
108
7
102
112
104
99
120
131
118
96
5
146
118
119
137
150
86
149
107
0
135
131
68
92
90
99
106
113
0
105
108
118
103
86
106
129
113
5
130
84
125
104
107
112
126
127
7
101
106
136
125
100
127
111
94
6
146
81
89
118
106
120
99
111
2
142
135
103
103
92
107
87
88
8
119
78
101
86
102
102
147
106
9
106
128
107
113
122
99
112
93
7
136
133
147
88
121
86
106
144
7
105
119
114
136
142
119
106
106
0
100
93
87
87
143
100
112
83
2
112
106
112
114
129
116
143
82
4
123
56
119
150
129
126
127
123
0
126
135
129
119
58
84
111
80
5
124
121
111
110
147
127
121
117
3
118
106
103
123
120
106
113
110
9
120
118
142
136
99
93
151
155
2
139
116
135
122
92
106
126
134
6
133
139
123
107
99
105
111
122
3
130
120
99
121
143
112
110
124
1
119
94
130
158
131
112
147
106
2
141
83
148
97
139
129
133
119
5
137
123
120
133
107
87
88
126
5
135
114
122
113
99
140
149
114
10
114
125
121
136
116
99
89
86
3
141
139
111
142
102
134
125
91
4
122
152
122
115
120
146
127
126
2
80
112
118
126
116
88
145
99
9
117
92
99
114
130
97
155
98
2
116
119
134
106
140
103
134
137
2
85
137
140
112
98
75
132
132
7
143
120
122
149
139
142
125
100
5
93
163
119
126
159
147
127
108
5
119
148
169
142
109
138
125
127
4
118
108
113
106
102
96
108
122
7
155
124
122
135
131
98
129
154
7
113
135
101
127
136
103
119
92
5
125
109
132
145
153
119
113
91
3
85
101
112
120
112
146
114
100
8
110
110
105
119
96
140
106
133
9
96
102
112
113
103
85
114
142
5
147
107
107
132
128
81
133
134
2
102
128
126
120
133
109
131
140
7
142
133
125
124
144
111
110
115
1
122
112
121
116
156
124
131
93
9
144
78
127
101
70
134
132
80
1
69
107
91
111
122
85
127
128
4
97
135
152
107
109
98
113
92
6
91
123
121
115
116
121
101
106
7
139
154
119
100
133
112
106
127
2
127
105
119
148
155
134
94
134
8
120
114
124
110
80
107
72
109
6
73
149
113
96
142
107
121
107
2
134
121
127
142
106
144
153
150
6
86
129
147
126
117
119
159
145
7
99
114
125
120
115
98
127
83
5
142
119
135
134
128
107
122
138
4
124
113
93
115
114
85
106
120
4
115
124
112
125
175
105
153
114
5
128
102
127
128
139
115
122
137
8
122
101
150
105
128
122
133
117
5
123
108
110
163
131
113
122
68
7
125
132
125
116
156
107
125
127
9
121
151
155
114
88
107
133
104
9
143
122
134
146
131
118
92
122
9
107
121
120
94
71
171
107
86
0
99
148
99
122
103
114
92
122
8
115
132
123
139
115
126
107
77
2
108
106
105
112
95
134
132
121
3
128
134
101
108
149
150
101
119
5
147
119
140
100
80
102
133
148
2
95
108
142
146
114
128
127
117
10
133
107
71
108
73
91
131
80
10
117
117
121
157
123
87
145
140
4
126
128
141
144
114
115
123
114
1
136
88
103
118
86
144
134
113
0
99
112
113
146
113
122
106
94
1
121
114
113
112
112
99
134
108
2
134
93
106
113
87
149
140
116

