17
9
7
8
7
1
8
1
6
11
8
3
0
10
9
0
1
1
8
3
2
6
8
6
2
7
1
119
132
111
108
147
164
114
145
4
101
135
97
137
107
100
110
113
7
104
113
103
117
85
161
113
136
2
123
113
101
122
120
140
143
161
2
116
92
68
119
87
122
164
135
8
113
127
79
105
120
128
107
80
9
129
120
142
128
93
162
99
106
7
142
124
82
84
100
133
119
118
10
98
128
111
113
112
115
126
105
5
85
123
107
98
128
85
112
141
7
120
183
116
91
110
127
112
134
9
126
115
127
100
98
124
106
119
5
106
141
136
109
105
120
128
125
3
99
130
113
76
93
117
99
153
8
123
102
78
133
97
114
94
79
6
110
112
120
119
148
109
105
129
0
92
113
120
122
94
77
81
153
1
115
148
112
134
108
128
101
113
5
144
102
133
113
134
123
127
129
4
81
139
129
122
106
96
112
135
1
119
123
108
148
146
141
89
123
9
85
151
112
113
113
105
83
145
1
120
169
126
130
156
119
129
64
9
114
84
121
144
124
78
148
115
4
126
133
115
155
114
100
184
135
2
131
73
128
127
109
63
108
113
2
84
114
108
134
140
117
111
119
7
147
115
78
127
119
149
104
148
5
122
121
120
86
128
108
134
150
9
128
124
120
116
135
120
120
98
7
129
151
156
99
92
107
145
135
4
154
143
129
136
144
109
127
92
6
126
107
112
109
133
117
162
133
1
108
86
134
104
102
90
102
136
4
115
112
142
130
96
117
121
142
5
120
156
133
158
127
120
144
110
9
113
115
135
110
85
117
97
103
9
141
113
129
98
108
104
135
106
3
121
92
102
100
119
149
121
136
8
123
109
124
121
142
117
73
99
9
82
115
124
126
109
106
101
79
10
99
83
122
141
71
141
121
123
7
111
105
114
95
118
113
137
119
1
133
120
115
106
113
134
141
65
5
115
147
116
111
121
112
78
124
0
112
79
144
132
139
93
158
117
7
95
118
109
135
106
106
120
114
7
110
93
100
86
94
99
145
126
5
82
107
124
163
140
93
99
104
6
129
98
132
124
135
122
120
94
10
137
113
85
110
119
152
125
104
3
102
104
144
113
127
73
141
106
2
124
135
127
113
115
86
95
98
1
137
112
138
139
99
123
79
105
4
150
137
133
123
121
135
82
152
4
92
128
167
107
126
113
134
108
5
110
129
106
144
138
128
145
164
5
82
102
106
105
98
129
119
120
5
92
132
111
108
120
64
120
84
10
155
111
106
137
127
140
160
106
0
161
83
113
123
101
113
133
119
6
113
86
132
117
92
93
127
108
7
113
77
135
112
91
122
128
109
6
146
125
129
139
121
101
103
122
3
95
69
120
117
138
115
115
131
5
149
146
110
111
124
112
107
84
2
109
135
91
127
64
111
118
120
0
106
134
121
98
139
118
114
120
1
129
126
106
100
136
131
147
129
9
91
139
133
130
152
90
139
107
4
169
122
118
93
133
128
119
152
6
90
91
122
100
108
134
115
116
6
109
120
106
141
128
109
94
71
5
87
94
128
114
113
133
125
155
8
147
101
130
89
123
104
150
105
6
111
113
108
125
89
157
105
144
3
130
128
112
139
101
123
115
172
9
114
132
119
114
121
115
135
120
9
95
112
142
135
133
123
131
98
3
120
107
87
109
81
129
95
134
7
88
128
141
96
100
150
95
57
3
137
123
123
142
140
106
90
154
4
126
128
109
119
128
110
140
106
2
112
127
124
120
93
145
105
102
7
125
94
122
113
93
128
139
93
5
149
98
108
145
106
138
115
154
6
134
113
121
104
102
109
105
87
1
143
120
130
95
116
115
153
134
1
85
138
72
106
99
86
75
104
8
101
148
115
93
94
105
129
137
5
111
111
106
100
92
124
102
123
6
112
136
124
148
113
124
101
127
8
122
122
120
134
128
119
131
107
8
127
139
85
95
102
77
98
92
8
121
136
90
111
106
100
115
143
8
108
129
110
136
127
110
134
147
3
85
151
90
122
112
132
140
94
4
105
114
121
128
119
113
106
155
2
92
119
164
110
120
151
135
120
5
99
92
138
134
127
105
81
121
6
138
133
106
141
98
124
85
120
4
119
157
105
114
108
82
132
92
5
70
106
123
148
134
134
93
123
10
115
107
128
121
108
113
114
121
6
125
156
110
78
111
123
106
129
2
136
112
121
80
135
148
134
120
0
114
103
94
135
135
149
105
73
7
114
120
121
101
125
121
131
142
4
111
104
135
90
103
83
63
120
2
116
117
120
117
100
141
94
137
3
127
140
117
105
100
101
128
106
10
119
123
124
143
69
114
134
119
5
112
94
101
121
108
112
106
118
9
136
122
108
150
99
129
118
83
3
133
147
108
93
157
110
132
100
3
94
101
124
114
112
123
138
121
4
123
147
90
113
176
109
90
120
5
86
95
135
163
120
168
108
104
6
114
101
135
92
80
121
106
109
3
121
91
122
126
88
111
105
109
2
98
105
122
128
106
71
116
121
9
122
96
128
127
83
120
120
126
6
123
108
96
135
105
86
154
107
7
129
139
93
136
113
134
156
106
2
133
111
91
144
84
108
73
85
2
155
121
128
152
155
131
128
134
6
80
120
113
109
124
132
123
99
8
121
98
128
125
120
152
134
80
1
91
133
99
135
100
88
117
95
1
143
106
127
91
99
93
118
98
2
70
111
139
123
108
95
138
102
5
128
101
161
115
113
114
126
135
10
124
107
147
115
130
119
108
120
9
108
112
115
115
114
99
99
122
9
100
130
113
127
143
123
115
128
6
113
135
114
139
87
115
143
122
10
119
64
141
85
126
135
133
117
9
102
81
113
132
103
162
98
112
3
113
105
141
116
141
113
120
136
3
128
130
105
97
82
145
139
86
4
100
113
124
137
121
99
115
98
4
144
107
94
129
113
149
70
142
1
115
117
151
96
120
113
124
88
6
91
101
118
164
94
135
101
113
0
104
99
106
119
133
112
127
82
3
117
140
102
114
106
99
105
124
5
148
126
132
135
120
118
143
113
6
90
94
120
141
85
121
110
99
8
120
123
105
106
124
107
100
144
9
98
144
113
128
166
106
127
161
5
128
84
126
114
120
129
147
131
8
93
135
146
97
99
86
122
121
0
143
95
117
121
133
129
89
128
9
85
134
118
122
96
115
109
113
9
116
132
142
163
85
139
117
103
7
133
107
124
99
142
157
103
137
3
126
73
123
114
146
127
99
87
7
141
107
140
86
104
149
128
136
0
120
85
109
124
119
127
98
139
3
121
99
110
107
139
101
130
157
9
106
106
106
129
113
106
80
121
5
121
114
113
78
104
121
143
147
1
133
140
130
91
116
71
94
121
3
99
102
113
122
170
115
107
134
7
120
59
134
138
88
121
131
113
10
103
106
112
105
97
148
87
115
4
131
109
115
117
95
70
107
114
2
121
99
99
141
130
134
111
98
4
99
112
114
127
106
146
124
133
5
127
106
106
115
128
135
107
96
9
134
96
126
136
123
134
139
121
5
94
113
111
119
121
143
138
122
2
98
82
92
143
103
91
108
113
7
130
111
106
113
135
106
134
94
6
98
160
128
127
106
144
149
118
10
99
137
86
108
129
91
103
116
5
139
136
108
133
122
161
115
86
4
118
121
147
82
108
121
146
141
1
101
87
123
118
149
120
120
135
5
106
123
124
93
149
112
114
126
2
131
115
99
118
116
114
103
107
1
115
119
130
94
113
127
101
121
6
114
123
149
154
114
100
123
119
1
97
135
85
117
116
107
102
121
10
146
108
133
133
126
119
120
87
9
127
94
113
145
95
163
117
110
6
130
113
119
92
124
148
127
120
8
130
108
113
108
120
124
91
154
0
171
139
78
104
116
133
133
96
8
128
142
116
98
92
102
115
102
10
95
142
93
129
116
127
115
81
3
107
103
94
160
112
106
144
88
3
112
136
143
101
132
108
131
123
7
143
106
125
92
108
141
102
121
7
93
119
131
142
134
81
130
114
8
106
106
125
157
119
134
128
156
0
136
101
95
104
113
104
107
114
6
136
96
110
121
102
91
74
109
8
130
134
130
97
115
120
148
123
9
100
108
99
125
107
95
102
149
7
121
105
68
86
106
135
85
109
4
118
106
105
158
100
93
110
95
5
108
136
119
105
127
104
127
157
6
123
77
106
111
135
153
135
106
3
135
98
148
119
113
132
131
81
8
139
88
85
129
139
92
102
108
7
107
117
102
117
137
94
100
117
6
124
137
114
133
134
140
88
118
3
112
148
127
134
112
127
119
94
3
104
122
92
113
106
147
124
119
1
147
95
112
120
106
141
108
129
2
129
125
128
131
108
79
108
87
9
106
94
83
123
109
113
114
143
4
108
114
127
134
95
105
82
138
5
134
90
122
93
107
132
142
114
3
108
141
106
122
108
109
110
110
5
101
134
113
108
127
111
125
109
5
137
92
127
129
75
124
103
96
7
128
114
127
108
119
119
133
93
10
141
93
111
115
144
117
121
125
6
156
133
112
120
126
128
93
128
7
133
99
107
100
75
135
123
129
9
120
120
117
113
115
137
115
113
2
101
104
121
109
123
135
124
73
2
101
164
113
71
112
161
136
126
5
94
147
122
128
100
120
150
118
10
102
76
126
89
106
102
91
139
10
125
119
89
126
142
135
115
84
6
98
99
142
62
144
141
117
87
8
146
123
90
113
147
116
77
95
5
147
135
128
163
140
104
121
99
1
77
134
133
139
126
129
123
114
4
121
116
106
109
138
107
78
128
2
91
98
125
126
125
93
104
107
6
102
103
163
120
86
120
115
161
4
119
128
99
95
96
118
92
94
9
104
83
109
109
109
126
133
127
2
135
85
147
99
106
88
122
122
3
126
89
122
121
126
117
133
90
3
121
122
125
79
95
93
112
123
6
129
118
119
140
116
87
119
100
1
92
95
140
122
103
92
145
98
9
135
92
107
107
103
145
124
125
4
120
120
115
165
125
120
142
120
10
119
140
171
103
98
147
99
109
8
132
125
135
101
94
128
85
121
7
113
103
120
138
126
118
123
114
7
106
175
113
125
126
141
153
91
8
131
132
127
118
143
142
119
120
2
122
150
146
141
96
125
138
120
3
142
127
80
119
107
127
156
128
1
109
132
108
85
150
123
107
126
7
125
117
121
100
130
107
114
102
1
144
143
144
100
101
114
122
98
10
134
119
87
147
137
114
140
118
2
105
66
116
136
101
128
101
112
9
101
91
124
129
129
98
101
115
0
140
122
81
150
141
106
83
126
7
134
115
120
148
141
137
113
91
6
137
96
73
129
141
102
146
94
8
106
89
118
99
113
120
92
85
3
126
84
123
111
136
134
93
92
7
120
141
118
92
109
112
82
167
9
114
88
106
127
127
126
120
123
8
124
148
122
128
137
128
82
92
8
127
71
112
79
69
100
113
100
8
127
94
148
142
141
121
87
113
5
101
142
135
93
115
78
141
120
3
121
135
132
163
147
131
103
100
2
103
112
87
128
137
87
140
98
5
87
88
121
84
138
113
150
131
9
101
115
113
151
127
105
132
133
8
155
120
152
78
99
146
85
106
9
128
125
126
142
87
98
119
122
3
135
135
135
154
103
141
88
153
1
143
125
136
156
100
105
141
116
6
99
106
119
128
106
103
109
115
6
141
100
120
134
108
128
120
110
3
156
104
141
142
118
119
70
130
9
86
79
107
81
142
111
70
124
4
96
113
125
131
108
124
147
149
2
87
113
114
128
128
72
126
108
1
134
138
102
112
129
142
149
114
6
111
135
148
100
105
133
95
127
9
111
138
97
107
139
96
113
105
2
144
124
110
122
135
134
114
123
4
149
92
119
108
134
93
78
152
5
92
145
105
113
95
115
90
136
8
129
151
117
114
153
122
97
106
9
115
82
110
120
96
108
96
108
5
128
148
122
114
114
143
122
152
4
102
137
82
162
132
124
82
101
0
98
98
101
124
130
124
120
102
4
125
136
92
144
85
170
133
122
5
99
86
145
98
134
106
113
136
5
97
137
124
130
114
113
107
114
1
126
127
108
130
84
100
128
107
2
114
94
155
136
122
120
124
100
8
102
122
127
121
128
114
114
148
9
120
117
142
126
124
116
111
136
5
126
144
124
129
148
104
114
147
3
133
143
96
85
139
85
127
96
7
88
135
107
141
133
99
121
119
5
127
127
99
101
85
113
109
101
6
99
141
129
127
149
162
114
139
0
133
106
128
107
115
115
127
141
3
136
122
115
93
90
158
135
98
4
125
101
114
96
129
100
128
126
1
92
103
151
71
143
122
116
106
3
116
113
84
92
123
95
120
106
5
107
127
100
132
134
157
85
99
7
121
85
113
143
113
131
109
97
1
81
127
107
98
108
132
94
191
1
129
113
114
126
86
109
143
107
0
148
85
118
125
138
108
114
124
4
122
149
142
92
78
106
108
170
2
141
134
96
135
118
113
152
120
10
124
149
106
106
84
139
141
107
1
103
134
113
113
132
114
108
84
1
147
111
114
132
111
98
88
126
5
121
102
92
102
119
101
104
108
10
114
115
117
126
135
107
134
113
3
108
100
116
134
118
91
96
116
5
150
124
99
108
72
103
100
101
5
113
112
106
105
119
102
133
131
3
111
99
93
78
135
97
132
130
1
125
104
135
100
111
113
141
131
6
109
109
99
134
107
113
124
126
0
143
123
114
75
122
101
110
134
1
127
128
98
115
132
108
94
110
5
131
116
130
128
105
115
134
132
6
71
135
108
112
119
78
86
99
3
120
160
106
98
104
134
116
140
2
128
140
101
99
111
85
138
121
4
85
110
127
100
114
128
84
104
1
149
99
131
133
117
156
136
98
2
120
133
121
112
107
136
128
121
1
120
128
112
109
117
121
100
122
0
142
101
123
119
127
107
124
133
2
124
90
112
95
122
75
118
151
3
128
126
118
95
107
147
116
127
5
108
108
100
121
122
105
151
115
7
126
106
106
113
72
127
111
120
6
130
133
105
93
130
115
133
129
5
116
115
107
112
120
119
79
128
3
145
105
134
98
152
116
111
143
4
127
108
112
127
107
127
136
109
3
141
80
113
112
156
115
114
133
8
108
133
112
106
115
122
82
127
6
89
122
105
143
99
141
135
112
3
113
122
98
106
119
125
99
130
4
81
131
106
135
167
121
104
124
6
132
110
110
108
124
72
130
115
5
119
95
137
133
125
150
105
156
5
99
131
109
128
131
128
99
123
1
104
87
114
133
125
120
100
101
1
92
97
137
106
106
85
108
154
4
100
140
113
132
121
133
107
123
7
108
132
118
138
125
89
103
107
3
115
126
113
129
126
143
146
128
9
118
133
132
91
108
122
104
141
7
89
143
98
127
152
105
108
130
7
119
90
128
142
110
112
103
89
9
87
129
110
108
148
104
112
143
2
96
173
76
107
119
134
106
135
9
132
108
117
136
113
117
82
127
6
107
133
117
181
86
124
98
92
3
126
108
129
138
110
106
126
106
9
141
118
140
165
126
136
124
112
2
123
132
121
86
108
108
89
87
0
120
113
100
129
105
99
123
78
0
126
168
155
131
150
131
151
107
8
122
85
125
115
126
113
155
121
9
126
120
134
110
115
106
74
105
2
111
109
142
77
126
139
107
97
1
101
121
103
115
120
84
85
107
0
138
162
135
139
113
104
111
150
6
100
79
105
98
122
148
109
127
8
82
115
112
105
129
143
135
142
1
133
81
132
124
95
106
98
125
7
114
123
120
122
116
125
128
171
6
131
115
125
74
164
120
101
85
7
115
110
136
106
133
113
92
133
10
89
126
99
133
132
127
125
64
9
97
171
93
143
118
110
132
74
3
103
149
139
135
85
86
112
131
6
128
110
109
99
123
132
127
99
4
62
122
171
148
107
101
155
94
6
141
99
106
117
122
123
121
113
8
130
110
110
98
125
127
128
98

