10
5
7
6
4
1
2
6
5
11
10
5
5
4
0
7
4
1
14
2
1
4
3
7
8
9
6
71
172
128
123
138
142
131
95
0
109
113
151
144
108
121
91
114
9
124
123
103
112
118
113
81
132
7
101
163
168
129
121
114
130
135
5
125
88
80
93
123
110
141
110
8
131
72
105
102
72
124
109
96
2
107
145
96
113
94
136
122
137
7
127
132
163
142
97
92
123
133
8
74
131
115
74
128
122
127
114
4
145
92
171
130
99
102
121
120
2
131
122
85
135
105
158
119
123
5
126
84
120
102
113
122
104
80
1
100
131
115
94
133
129
103
101
10
123
148
103
122
133
115
110
166
9
121
144
107
102
153
108
87
121
6
106
115
97
113
141
115
93
102
6
129
106
63
106
82
79
120
167
3
113
104
73
93
122
121
129
98
4
113
93
158
121
110
76
137
92
4
131
149
72
94
128
119
113
98
6
126
107
127
136
71
127
108
78
7
131
124
117
136
130
148
122
122
5
127
134
146
88
106
110
114
114
3
100
120
124
101
113
121
121
120
5
100
131
141
110
125
84
115
109
9
104
128
149
91
130
76
91
93
9
128
98
105
94
109
149
128
109
7
118
111
116
112
128
133
127
85
3
118
103
121
138
123
153
91
79
3
97
97
133
79
142
128
148
104
7
149
114
136
170
137
118
122
137
2
134
94
85
100
107
90
135
97
5
95
133
69
131
92
101
109
125
8
88
115
115
68
84
127
100
96
2
126
98
135
143
113
99
68
142
5
132
119
139
78
133
107
72
99
1
95
100
87
107
106
115
97
145
9
133
138
116
137
113
134
105
104
5
87
126
99
122
142
132
102
100
6
110
117
100
63
122
76
128
117
6
143
127
130
100
111
111
102
156
8
101
118
118
96
78
156
113
100
9
93
86
101
127
103
90
147
126
0
105
144
78
111
103
160
113
126
9
127
84
127
127
100
141
134
118
9
106
133
78
114
116
140
123
116
3
127
86
135
109
134
157
140
105
10
107
118
107
127
118
133
134
113
5
141
102
96
92
101
120
151
149
5
105
101
121
126
122
122
105
100
1
152
95
131
143
115
128
112
114
8
148
123
98
110
118
114
92
72
3
128
148
100
129
91
105
74
72
5
112
134
100
154
121
101
120
136
1
148
131
151
98
104
121
114
107
7
135
79
79
80
91
126
72
121
1
133
150
136
98
77
142
86
103
3
114
110
108
141
107
134
109
86
3
103
150
106
106
121
93
113
141
3
86
116
125
99
126
127
137
146
4
119
120
134
147
99
85
108
98
0
105
127
110
156
149
127
94
102
4
119
111
136
129
127
142
115
142
4
128
113
91
113
116
155
115
140
9
129
130
100
132
141
119
82
108
5
112
116
98
79
121
105
125
120
1
114
120
128
106
107
142
112
109
7
118
121
109
85
118
95
115
105
9
93
128
63
80
99
133
106
121
2
135
100
101
131
99
135
137
97
4
92
140
93
134
116
127
98
135
7
110
114
149
121
101
106
98
108
3
136
107
134
150
133
130
160
101
5
122
101
152
117
95
146
108
131
5
133
76
134
135
91
122
124
122
9
115
105
132
80
85
93
86
119
6
92
106
130
139
107
122
127
112
4
109
113
112
94
130
107
130
121
9
107
73
122
154
121
126
121
127
4
71
98
118
98
134
97
106
118
4
104
98
109
87
137
141
103
146
4
86
90
170
114
122
86
148
148
8
153
133
103
104
136
122
135
142
6
144
96
78
120
126
106
107
110
8
149
132
73
134
134
127
112
108
3
128
133
112
123
108
134
146
100
2
140
100
99
101
125
99
92
91
3
119
154
93
118
119
133
133
128
7
136
88
120
154
131
114
112
141
7
115
142
91
128
143
142
112
100
5
122
94
120
120
123
105
127
95
6
112
115
141
135
111
125
107
91
6
99
134
93
124
121
88
139
156
7
139
135
110
128
107
139
134
118
0
126
135
136
121
133
168
114
133
2
99
143
112
110
136
90
106
136
5
140
93
133
111
106
107
108
144
1
85
150
91
121
105
141
90
139
4
115
125
122
115
149
100
122
108
2
117
86
102
122
64
106
129
87
4
115
80
96
114
133
114
80
93
7
112
164
113
109
109
78
166
149
10
127
130
168
118
96
94
141
115
10
113
78
88
119
128
95
147
123
8
143
122
122
108
148
122
75
121
7
133
133
128
114
116
126
99
106
10
122
129
75
115
107
114
103
105
5
128
119
70
108
147
98
108
115
1
106
104
121
150
129
118
153
122
8
101
127
100
115
136
107
121
83
6
58
93
125
104
73
127
131
112
3
141
142
137
147
89
116
92
156
3
106
141
147
78
125
121
95
113
0
167
93
105
103
146
106
101
101
2
78
110
114
120
100
114
92
114
5
106
107
126
112
115
114
102
121
5
105
100
106
118
116
133
108
106
5
146
106
121
119
151
157
106
110
4
122
89
129
100
116
122
125
85
3
109
129
130
130
122
148
113
160
4
85
95
115
69
131
122
119
162
2
106
112
141
139
101
122
133
123
6
115
124
139
120
116
113
124
96
1
145
143
152
113
110
112
88
109
3
127
89
120
125
113
100
127
113
2
91
119
136
119
117
118
117
112
0
139
119
149
111
100
133
127
114
1
113
112
143
129
115
106
101
107
10
128
127
111
103
89
105
112
110
6
127
114
127
127
136
162
112
112
7
141
140
72
109
104
98
134
97
10
142
136
100
114
119
161
106
92
8
135
106
108
148
107
121
89
158
3
155
107
139
103
107
94
123
107
3
92
106
117
138
115
135
97
105
7
106
123
103
93
123
85
154
100
8
132
96
114
115
94
114
121
90
8
97
114
105
94
128
117
93
107
4
81
96
134
91
141
112
149
121
9
115
156
78
133
140
154
102
89
1
120
103
100
128
135
120
104
112
1
109
117
112
142
92
125
98
140
1
142
100
122
140
130
107
135
72
5
105
108
120
121
115
107
133
102
10
108
118
134
94
73
117
101
88
3
141
104
125
120
97
113
107
155
5
135
135
104
120
78
142
114
107
9
111
100
126
87
113
111
114
88
6
110
121
108
91
126
140
106
149
2
107
129
122
114
120
137
144
112
1
144
101
102
142
115
119
114
98
7
143
134
115
131
106
150
88
121
1
140
132
148
126
98
117
109
102
6
94
89
112
126
101
106
141
146
10
115
140
132
97
119
117
132
136
2
113
167
109
127
108
129
121
94
6
107
135
138
183
125
121
115
128
10
122
128
161
151
109
77
100
106
9
143
89
148
92
129
136
131
149
5
128
142
122
86
84
114
118
108
4
82
129
142
138
98
150
98
128
10
82
112
115
137
83
114
85
89
7
84
113
98
98
148
109
120
91
1
72
109
123
110
112
102
121
106
1
105
121
131
143
145
125
75
145
8
146
109
140
133
113
122
113
115
4
134
71
113
131
120
140
148
108
6
85
115
91
127
150
110
163
125
3
92
122
151
128
125
107
82
134
8
144
102
99
107
113
114
136
132
4
141
143
127
100
121
154
135
121
8
110
132
121
101
130
107
146
121
4
129
103
150
127
130
57
120
127
3
114
115
109
120
141
134
134
109
1
113
130
110
139
108
119
104
127
0
107
135
121
93
128
149
105
100
5
134
79
113
77
144
141
80
101
9
136
122
115
115
86
122
109
106
3
106
110
128
136
72
119
115
136
4
129
128
117
110
115
140
100
110
7
126
164
103
122
111
105
88
113
5
130
107
127
99
127
134
151
86
6
129
158
128
117
134
85
102
96
3
110
99
120
121
112
123
122
119
10
100
128
94
68
91
96
105
99
9
106
148
122
123
118
117
127
132
9
132
127
121
89
121
127
115
95
9
160
87
113
107
110
85
98
102
2
119
120
142
81
127
93
87
128
9
91
137
113
114
122
138
124
149
5
108
122
106
92
142
78
99
147
1
137
126
103
134
128
128
120
123
1
87
138
134
111
130
94
89
118
6
121
118
113
117
102
96
116
117
10
134
108
129
127
109
163
122
154
6
125
125
126
119
115
122
145
102
1
124
99
100
105
122
106
127
116
7
115
98
129
147
101
128
133
155
6
149
147
127
92
126
97
119
129
9
86
105
114
154
124
108
107
122
2
94
132
134
96
114
156
132
134
0
128
100
128
102
135
98
108
77
0
143
134
105
127
122
97
151
152
5
113
122
125
121
94
65
126
120
1
128
128
112
106
93
93
85
72
4
120
144
122
115
93
135
114
105
6
150
143
103
163
128
114
132
157
9
141
89
127
141
149
119
116
105
9
133
100
92
105
87
139
113
140
8
98
135
113
121
70
98
133
169
6
128
116
91
100
115
139
119
133
5
135
129
131
119
100
145
99
99
4
143
106
127
120
117
131
92
150
8
87
118
127
99
122
119
163
113
8
94
132
108
106
89
142
105
126
7
95
131
103
72
141
112
142
136
3
117
142
108
96
133
113
149
121
4
134
116
112
109
119
84
79
128
5
65
134
108
108
103
113
127
109
3
94
127
93
151
110
111
93
128
8
93
106
121
111
129
153
123
124
0
115
78
97
107
114
131
87
114
7
121
120
110
117
114
105
150
123
0
109
119
154
132
115
108
123
120
3
126
96
101
105
125
106
134
79
0
129
135
85
105
128
156
154
112
2
122
119
112
126
103
109
150
93
2
144
116
96
98
93
116
114
92
1
126
128
121
137
94
106
114
133
3
101
131
136
136
92
143
121
114
6
121
91
131
109
134
146
113
51
9
107
127
114
168
117
117
141
118
2
121
134
87
108
136
170
133
118
8
105
100
98
140
103
108
120
86
4
108
123
98
138
116
107
103
105
2
135
114
104
106
150
122
106
100
3
94
115
86
89
127
115
128
113
3
110
127
149
134
119
119
115
105
2
117
147
129
122
143
102
112
122
1
142
101
122
128
78
132
131
106
9
113
106
123
135
113
111
121
107
8
115
159
135
106
109
88
122
127
4
111
106
71
128
103
149
129
134
1
129
100
109
121
154
137
113
133
2
119
154
121
142
128
94
140
134
7
137
107
121
102
116
127
118
86
10
93
118
126
149
86
102
120
128
10
93
86
114
129
106
103
117
92
2
92
134
140
153
121
92
99
98
2
135
93
104
113
105
129
130
121
1
105
87
130
105
132
134
122
90
6
102
144
102
110
116
107
135
124
8
113
100
82
109
142
127
106
127
8
151
107
105
110
106
132
146
113
4
127
114
114
107
111
109
112
133
0
119
110
108
114
72
119
146
108
9
79
126
130
101
107
129
115
78
3
120
105
91
125
106
126
126
126
1
110
105
150
103
117
128
120
127
1
97
121
124
127
118
111
102
92
9
162
129
95
86
105
142
87
110
7
105
117
90
132
127
130
122
112
3
56
137
98
108
83
110
108
105
1
129
128
75
107
99
100
134
84
2
146
157
107
157
121
104
159
106
9
112
108
136
142
112
85
115
122
5
133
113
106
140
101
163
57
127
8
125
142
79
87
120
157
152
115
5
109
103
145
83
95
129
106
81
7
149
113
131
124
88
105
100
94
3
78
92
122
154
117
118
111
100
0
140
141
107
114
125
131
115
109
0
136
103
109
127
133
143
125
98
7
89
99
95
113
94
120
151
87
1
114
155
110
93
117
120
97
118
1
133
135
102
124
174
107
141
123
2
99
103
79
155
127
157
150
126
6
79
127
114
147
89
118
125
127
2
106
128
149
165
112
91
107
100
5
135
120
125
107
135
121
137
102
7
92
93
64
85
136
133
119
93
1
129
121
130
72
102
88
138
82
8
121
76
129
123
113
94
135
103
0
93
107
127
116
147
127
117
103
3
107
84
134
112
109
107
127
99
1
92
105
113
143
101
129
101
148
5
111
139
140
112
120
101
79
101
1
104
144
120
121
109
136
101
100
3
129
98
100
70
145
107
97
131
8
100
117
100
79
135
102
139
89
4
128
100
134
145
87
121
134
120
8
134
122
132
93
102
131
138
113
2
97
136
109
132
127
135
135
130
0
130
121
125
100
125
102
133
100
0
107
109
123
160
138
99
141
129
1
131
104
123
142
120
125
100
126
5
144
122
149
112
110
108
112
123
1
133
89
79
115
96
74
112
91
1
117
112
99
86
135
121
104
128
6
123
113
111
97
133
77
113
120
8
126
129
112
134
101
79
134
102
9
106
122
100
86
114
132
99
106
7
98
148
106
120
107
122
88
117
3
93
138
135
106
96
125
107
114
3
109
100
135
109
122
115
156
105
1
81
80
133
119
94
105
120
135
7
156
115
104
111
119
77
135
139
8
97
108
102
118
135
64
107
108
2
99
107
115
102
156
142
116
93
3
69
144
113
106
112
104
118
120
6
164
118
94
112
119
109
120
127
4
136
100
97
136
148
135
121
118
7
126
128
112
106
104
73
119
124
3
125
74
113
93
127
143
113
129
2
143
136
127
122
108
104
130
150
3
117
92
120
108
147
88
124
79
9
108
105
121
114
73
96
122
118
2
129
90
129
148
100
94
117
78
9
99
138
125
129
86
110
116
146
2
132
127
85
122
92
107
113
132
1
85
121
115
118
143
126
135
107
4
147
119
126
91
134
106
98
150
0
75
115
134
142
128
113
119
129
6
149
105
101
130
119
105
132
137
3
146
124
110
80
140
124
87
108
6
136
113
89
69
107
110
101
110
6
127
122
107
94
105
121
128
137
2
126
139
156
100
81
115
118
92
9
137
133
118
125
162
113
90
88
10
134
170
116
126
125
119
105
114
7
118
109
114
92
103
131
134
123
8
149
84
129
164
131
91
136
130
1
115
112
105
94
141
157
120
80
9
128
97
96
134
166
120
118
106
2
117
127
84
142
120
94
119
115
4
97
125
157
122
126
126
109
126
2
111
162
100
83
82
76
130
139
5
140
122
111
148
123
128
87
107
1
96
129
104
105
141
126
157
120
9
123
109
128
96
141
93
103
142
2
120
114
101
94
93
120
112
105
3
109
128
164
88
145
105
103
114
3
138
147
101
127
158
110
100
132
1
107
157
104
150
128
111
114
137
2
94
118
123
147
129
122
107
108
3
124
82
124
124
114
123
87
131
3
127
141
93
127
146
142
104
117
2
107
129
128
80
114
114
140
134
7
145
64
102
109
143
89
115
122
1
95
119
116
124
128
138
59
135
8
114
120
143
99
136
130
141
101
10
120
141
176
76
141
147
46
114
4
86
102
109
127
122
119
122
136
7
90
93
90
142
101
108
110
127
5
102
98
109
170
95
116
78
106
10
101
86
85
140
115
159
124
113
8
125
121
148
143
75
98
110
124
1
131
126
99
108
113
98
106
106
7
129
145
102
106
89
120
120
135
7
103
115
114
87
115
121
119
114
8
114
163
135
126
158
93
134
110
0
127
136
141
93
135
132
94
163
10
80
94
98
87
155
116
124
144
9
130
120
149
141
128
127
113
78
2
135
86
149
121
154
122
128
111
3
112
99
107
78
108
99
127
133
1
119
163
111
84
135
147
133
106
7
134
119
106
113
114
109
144
92
10
125
120
136
128
121
98
132
115
4
143
140
104
140
134
122
112
119
7
106
117
125
80
92
138
120
106
8
122
107
120
121
84
155
128
110
4
78
59
125
112
113
146
151
93
4
129
88
125
137
93
118
129
107
1
137
59
116
107
106
120
108
139
3
106
135
87
127
66
134
90
124
3
151
158
121
105
86
143
96
126
8
95
91
121
96
120
102
99
107
9
153
141
116
114
121
110
77
127
3
117
155
144
85
91
106
115
106
8
125
142
90
141
102
157
91
107
9
99
114
91
86
115
97
107
92
9
113
131
143
121
141
154
109
126
1
97
140
116
120
123
120
108
114
6
121
133
132
102
134
106
119
128
1
108
94
128
148
110
121
111
119
1
148
129
132
140
104
125
116
140
0
107
94
118
122
122
106
115
101
1
123
99
82
145
105
133
98
107
0
149
127
131
139
100
119
115
136

