16
9
8
2
1
7
9
9
5
8
6
2
5
1
8
1
8
1
16
2
9
2
1
1
0
3
4
121
135
97
103
143
102
124
93
8
101
137
120
119
121
129
107
96
2
134
85
96
100
128
119
90
80
3
100
118
135
78
122
106
142
82
2
92
112
114
105
139
131
119
108
1
129
141
108
96
108
127
141
114
1
129
127
113
86
124
83
129
103
3
124
158
86
101
132
93
119
100
3
119
126
95
86
120
90
152
88
7
102
101
127
127
142
132
129
116
10
143
70
93
164
113
130
109
111
6
107
125
120
121
107
142
126
114
0
85
134
118
64
77
113
129
120
5
131
107
126
106
142
83
116
130
8
151
125
110
127
121
103
130
52
6
148
105
103
115
119
135
101
113
0
106
106
110
111
154
129
99
150
1
113
108
88
147
134
123
98
87
3
119
101
85
122
128
108
90
135
4
95
163
108
115
116
120
148
122
10
85
115
122
94
99
133
114
115
3
144
136
101
147
120
125
107
106
2
129
124
129
101
101
110
128
115
0
114
71
119
134
121
131
122
99
6
120
79
103
146
98
112
107
106
1
154
122
90
92
109
135
102
115
7
106
131
127
137
112
129
135
86
5
129
135
100
142
114
141
75
115
6
126
120
126
99
95
109
132
90
7
133
90
97
112
155
113
122
120
6
142
141
105
121
135
89
94
133
2
116
93
139
132
134
86
111
141
1
89
147
129
100
132
106
148
127
6
128
100
122
101
100
150
170
95
3
144
120
128
112
108
98
127
129
3
107
100
121
94
88
132
121
141
1
108
98
141
86
128
127
119
134
6
126
123
106
134
141
92
135
104
2
141
110
154
143
112
81
140
107
6
100
114
131
142
113
142
102
124
1
95
136
152
85
113
92
126
111
7
106
121
149
105
125
73
115
100
1
123
141
121
112
120
120
110
116
4
90
112
142
112
133
108
151
106
8
115
134
131
114
176
139
134
84
9
121
108
150
102
132
114
119
154
3
135
97
112
108
131
85
133
93
10
163
149
117
128
114
136
139
139
6
139
91
119
108
121
133
145
129
3
112
77
96
146
110
98
90
119
10
93
133
133
123
125
120
156
116
9
134
128
112
152
134
94
101
103
3
123
102
151
133
98
88
101
113
9
71
77
143
127
119
99
92
117
0
122
133
111
98
92
91
107
118
4
136
124
114
113
128
132
106
103
9
114
123
112
113
150
109
95
85
8
94
117
88
118
105
127
151
141
6
143
103
109
145
103
132
111
127
9
61
101
98
103
144
110
81
149
0
128
104
148
125
85
50
99
134
4
83
136
146
120
159
95
71
131
8
93
133
120
116
115
119
107
127
2
99
122
112
116
143
121
127
113
4
100
84
105
143
125
86
147
89
6
117
127
113
137
141
111
126
141
1
121
112
113
128
79
123
171
115
5
99
116
81
106
118
106
99
91
8
102
92
116
99
87
150
128
102
2
84
133
126
107
134
83
121
114
4
155
101
85
118
113
138
112
89
4
131
144
96
114
99
120
110
155
1
135
70
118
100
119
115
120
114
9
155
129
122
136
115
125
128
114
7
137
134
92
129
122
112
100
83
7
124
113
107
114
111
135
159
114
3
132
121
136
95
84
117
135
126
10
114
111
84
141
140
121
117
129
4
143
135
95
86
98
133
113
112
7
100
98
107
141
118
91
105
93
6
121
123
108
105
153
135
122
113
3
126
87
102
159
80
104
142
131
0
84
132
88
91
68
105
103
133
2
150
128
119
120
149
118
140
145
5
134
102
143
94
132
123
100
133
2
66
112
105
105
140
110
105
127
10
105
148
121
136
114
74
113
127
2
57
96
159
119
130
144
113
101
7
105
130
120
105
142
151
92
121
7
142
93
120
124
136
139
112
98
9
90
94
118
99
108
139
122
116
5
131
92
121
110
151
130
91
153
6
100
102
100
114
142
103
87
146
2
126
126
141
87
109
110
103
128
5
140
106
106
84
131
96
135
102
5
125
119
121
93
105
113
121
135
10
166
106
154
61
115
130
91
101
5
125
107
99
110
94
98
92
117
4
117
78
77
156
122
127
108
130
6
98
108
101
114
137
138
67
147
6
94
120
108
89
103
119
82
102
7
103
121
121
117
141
104
125
131
1
148
142
128
106
141
132
128
133
1
142
131
143
83
106
106
117
88
6
122
144
119
122
120
135
143
99
9
117
142
114
112
92
71
91
96
8
114
114
120
94
148
112
124
115
1
70
132
168
85
93
133
122
114
7
112
103
130
98
128
167
121
96
4
94
95
134
128
122
115
92
108
6
107
121
104
143
98
116
128
113
6
98
133
100
109
80
109
156
71
5
102
132
126
109
114
141
103
94
6
148
103
149
105
122
134
127
107
8
95
128
97
155
122
115
93
93
6
121
101
120
134
139
137
136
118
7
119
94
141
97
113
146
81
99
2
134
113
123
84
153
110
124
147
5
131
93
97
142
134
100
128
142
0
139
141
108
90
134
108
75
138
4
100
150
163
142
135
124
110
150
3
108
140
99
94
102
139
122
114
1
91
138
87
90
125
99
101
139
6
149
96
135
148
107
107
128
117
4
127
117
148
99
104
115
141
119
4
140
142
97
105
127
104
109
125
9
82
142
130
56
98
99
131
159
2
126
128
107
151
105
117
117
113
4
124
144
124
84
128
173
98
141
6
117
122
94
105
87
120
80
92
8
82
128
90
129
102
127
106
142
9
120
64
109
107
143
131
120
128
10
103
135
105
112
95
106
153
67
8
114
86
111
127
150
108
149
90
6
95
107
106
113
152
93
118
156
5
73
93
162
114
85
74
135
113
2
139
128
103
115
143
108
113
116
9
103
110
138
94
111
126
142
92
8
120
123
120
128
101
149
93
129
9
127
114
105
141
123
122
100
108
10
98
90
94
134
121
99
86
81
1
100
141
100
115
129
101
151
120
3
107
129
89
99
100
112
130
131
6
121
117
91
138
106
109
119
118
6
109
120
112
114
118
96
110
114
2
116
125
135
113
121
122
136
128
2
117
86
120
130
135
125
109
126
2
88
127
100
126
86
146
121
106
0
99
98
120
133
104
106
167
128
8
102
141
94
88
112
153
128
132
5
107
112
129
146
127
146
114
132
7
118
166
119
120
98
120
130
143
4
109
112
85
139
141
93
86
107
9
132
183
101
105
147
94
98
100
3
86
114
123
121
114
124
150
86
1
149
92
126
101
119
115
130
86
7
139
123
142
71
88
107
97
142
0
129
105
98
105
112
132
141
100
10
143
92
112
110
127
147
99
92
3
114
105
121
111
141
126
133
135
1
112
119
115
123
126
105
122
125
1
114
121
146
128
140
111
118
93
1
128
134
159
123
98
91
127
98
7
123
127
98
112
113
101
135
127
2
133
128
100
117
127
113
143
105
4
88
87
108
145
153
83
97
110
6
142
107
138
105
113
98
137
78
8
121
104
141
103
96
87
84
115
5
119
106
119
121
107
131
78
87
7
148
98
94
122
112
135
85
105
10
101
175
165
101
98
86
112
100
4
80
131
140
104
109
92
127
100
1
117
134
87
87
99
92
161
80
3
145
111
127
125
102
122
113
134
7
105
123
122
177
92
109
100
134
8
116
99
108
86
162
134
148
124
10
135
109
108
107
106
105
160
134
8
127
120
102
100
140
115
133
126
4
169
86
149
111
87
107
133
121
10
119
83
138
95
163
141
119
104
5
101
84
104
110
121
139
99
131
3
161
111
90
132
134
90
135
122
2
121
115
127
131
146
110
113
124
0
84
107
121
114
68
111
121
125
9
133
113
129
129
141
99
119
126
9
101
92
103
120
106
141
96
121
10
93
86
87
106
87
148
142
49
4
148
100
135
91
106
136
78
90
6
103
126
131
92
132
148
146
128
3
136
136
120
106
101
128
119
135
8
108
122
104
129
105
123
114
128
2
94
146
135
145
78
101
149
93
0
93
129
115
87
164
121
106
91
6
107
137
125
124
129
114
94
93
4
119
121
139
124
138
120
123
82
1
141
106
136
127
106
138
106
147
5
140
128
131
93
114
68
106
98
6
113
115
79
106
132
128
141
115
2
134
119
103
127
123
127
103
107
10
114
101
98
142
93
126
139
184
0
125
133
133
100
111
113
111
125
1
148
134
130
119
111
100
117
123
9
164
132
98
122
141
118
84
100
4
87
109
102
120
85
143
147
146
3
132
106
110
141
100
107
103
115
5
142
102
119
103
112
85
108
85
3
115
104
127
111
147
121
87
89
2
109
99
129
119
120
139
137
101
4
113
126
128
127
136
116
128
89
1
120
72
108
128
101
87
135
134
9
143
113
121
82
112
151
149
140
8
101
114
136
129
141
113
131
134
5
121
121
148
125
116
129
75
155
2
79
145
123
133
85
133
72
141
8
119
144
148
122
114
121
160
78
2
95
100
98
83
118
112
163
120
1
112
148
117
115
128
135
140
111
4
118
113
139
135
124
98
163
140
8
105
126
133
156
121
110
112
100
4
103
117
163
91
115
112
125
135
3
142
147
114
134
138
135
93
123
9
101
66
135
86
78
149
102
119
9
121
116
140
136
94
120
117
129
1
115
112
99
114
96
142
127
124
6
115
139
125
121
72
133
116
106
5
123
141
126
129
119
105
127
150
10
71
135
85
135
111
132
134
96
10
109
111
121
153
97
127
138
103
9
120
117
138
162
156
103
101
169
4
108
98
114
138
127
98
134
121
9
127
114
78
116
97
150
133
94
2
80
96
103
100
95
100
127
135
2
111
109
124
109
70
124
94
114
9
98
98
100
100
106
89
104
139
6
111
135
124
145
110
129
107
120
0
125
93
125
154
122
101
97
119
4
92
54
138
127
131
121
135
96
0
124
88
76
114
88
95
84
133
7
98
91
98
113
112
122
132
111
2
131
120
119
101
136
127
93
86
4
114
106
139
102
114
78
128
189
2
136
107
109
104
95
133
107
117
8
105
121
131
146
127
103
104
119
2
106
147
97
108
129
103
111
113
9
150
114
99
119
124
123
123
113
0
114
133
104
88
71
89
117
140
5
148
79
100
100
136
122
93
112
8
87
134
114
109
100
162
137
112
6
94
135
129
112
153
126
93
92
4
127
142
146
114
127
87
80
102
9
114
120
139
117
107
90
87
129
9
139
105
118
112
119
108
120
131
2
120
97
121
114
105
113
94
119
1
108
113
99
140
94
72
104
98
4
131
106
98
112
115
97
97
77
8
106
107
128
110
77
107
129
130
9
127
122
92
143
78
131
125
131
4
107
104
156
98
149
170
141
106
6
123
127
142
112
98
79
120
98
9
127
139
93
115
101
101
94
111
5
118
116
120
115
148
127
109
115
9
71
88
148
134
130
152
164
103
3
122
114
121
80
111
131
118
132
8
141
93
127
130
93
133
119
133
8
107
129
131
68
81
147
100
111
2
106
118
106
97
117
106
136
119
7
165
78
140
101
87
136
134
140
8
134
95
104
118
149
128
90
114
1
111
106
121
127
134
109
113
122
1
95
110
125
101
113
98
127
128
1
106
90
112
132
127
124
127
131
10
109
129
106
107
137
135
153
112
7
129
121
119
121
162
134
163
115
4
93
106
128
129
112
169
138
156
6
104
92
126
115
100
116
98
85
9
130
118
101
93
92
107
128
120
2
121
103
101
126
122
120
112
83
3
92
113
122
104
126
156
127
150
4
122
112
127
128
106
138
114
113
5
162
128
129
113
120
139
127
129
9
71
130
134
105
134
101
113
136
3
133
122
99
110
94
141
98
118
0
120
121
129
93
120
98
149
103
10
94
113
118
135
133
138
106
152
9
143
128
91
93
137
142
97
127
4
122
138
126
131
109
138
98
126
9
98
115
107
120
121
130
101
93
5
109
128
87
148
102
138
115
136
3
150
135
120
136
94
122
113
136
0
142
114
111
127
127
109
92
114
5
146
113
158
107
101
95
109
115
5
85
113
129
131
128
134
130
97
6
143
97
113
124
123
128
110
105
0
140
142
122
146
112
133
107
103
4
128
136
130
126
119
123
120
102
6
121
161
107
105
113
119
114
134
8
92
82
120
112
90
127
114
133
2
105
115
101
134
132
84
75
124
4
119
87
148
170
120
173
155
126
7
100
93
126
183
100
115
160
124
9
120
122
148
144
101
111
71
78
5
129
108
118
133
118
139
126
96
10
141
117
111
157
136
119
113
123
5
108
116
162
116
107
136
131
121
6
122
106
125
121
112
114
155
102
2
69
152
112
102
128
135
103
129
4
124
122
101
128
157
140
133
141
7
141
143
107
121
116
127
126
96
7
102
131
104
114
137
120
120
79
4
113
78
136
147
140
127
124
98
8
163
99
128
86
154
110
110
147
1
122
120
104
126
129
104
138
149
1
142
109
99
132
100
104
129
89
2
130
129
84
119
120
99
120
118
1
141
116
105
111
127
116
92
93
7
162
128
90
105
115
91
113
89
3
108
88
95
96
73
122
129
133
3
132
124
112
121
123
127
121
101
8
105
125
139
140
139
137
132
87
2
191
128
133
121
99
114
123
96
2
126
70
140
107
124
121
133
132
9
124
134
100
101
93
114
116
148
2
108
103
127
155
96
101
81
127
8
134
80
132
99
110
85
141
147
3
134
163
106
149
140
104
120
95
6
79
118
106
149
120
113
107
128
5
126
103
134
109
119
114
88
145
6
122
98
79
109
86
134
112
120
8
114
108
112
86
126
138
116
109
6
113
105
100
135
97
120
93
138
7
112
99
116
105
135
121
117
141
9
130
148
108
131
114
142
100
141
7
119
132
119
176
96
113
157
112
1
120
99
137
139
172
86
106
127
1
105
85
152
164
114
144
124
137
2
126
122
104
135
105
149
158
107
6
129
127
128
124
138
142
94
136
10
143
74
93
110
124
100
107
131
10
135
135
139
117
127
139
101
103
8
93
106
138
132
120
120
132
121
9
143
77
91
98
120
113
169
124
2
89
129
121
135
106
110
133
133
5
149
107
86
114
147
147
128
107
7
122
49
120
146
113
106
94
115
9
129
100
113
120
108
126
135
135
8
113
129
121
107
114
125
107
93
0
133
99
119
71
113
143
105
131
9
107
113
113
119
105
122
106
141
8
144
114
114
129
125
100
106
106
5
123
130
68
110
107
74
102
130
0
116
123
85
93
119
96
98
105
5
153
99
152
95
119
139
92
105
2
92
121
111
120
111
128
121
110
5
108
124
114
127
103
143
116
91
0
90
160
113
135
97
116
129
126
10
125
108
110
99
100
113
114
123
2
106
133
95
86
137
140
134
114
4
141
142
113
109
99
121
93
112
6
130
150
121
88
98
113
113
119
6
128
119
87
106
91
109
114
104
9
157
113
102
99
108
131
112
134
8
127
129
115
133
123
129
106
135
4
152
102
111
107
121
152
104
120
5
119
97
84
110
122
113
111
117
10
121
100
142
93
114
126
126
110
6
103
120
119
85
102
87
87
103
7
106
101
97
121
94
115
131
143
1
123
128
129
109
135
132
140
118
9
103
129
94
111
71
104
125
122
5
82
101
91
136
96
135
111
120
2
127
112
100
89
99
120
160
99
8
100
96
138
86
163
113
106
114
9
85
90
127
114
115
137
161
103
2
135
86
119
124
78
113
82
143
3
114
146
156
156
122
98
113
125
2
145
138
114
128
122
136
156
94
3
141
109
107
85
169
141
115
79
9
121
101
82
105
116
113
94
118
2
121
105
87
56
125
120
152
118
4
150
120
124
128
134
128
173
121
3
114
156
127
102
122
121
114
115
0
107
122
104
145
108
128
111
126
9
112
127
113
101
121
123
101
107
1
57
125
122
114
98
125
115
120
2
64
122
114
97
123
106
121
134
5
127
136
130
118
118
177
137
121
3
106
139
150
84
171
124
107
147
3
142
121
100
127
133
94
99
127
6
113
103
139
136
120
135
138
97
5
107
135
148
87
170
128
107
151

