13
10
7
7
10
5
3
6
2
8
8
5
7
8
7
7
3
7
11
7
8
4
3
4
2
5
7
140
135
136
137
99
119
86
125
6
129
148
101
101
140
102
82
136
2
143
114
149
115
145
159
128
99
5
120
71
141
160
110
96
109
103
5
124
123
107
73
101
100
135
92
4
142
112
115
143
137
128
114
135
7
125
119
112
121
140
128
99
113
9
100
107
146
111
144
123
95
142
1
121
114
91
142
129
136
121
135
3
91
114
108
100
114
115
134
143
6
133
108
142
100
105
121
112
101
10
136
147
98
134
106
165
77
132
1
94
114
80
116
108
157
63
84
1
120
114
127
116
134
128
103
104
7
106
116
79
133
89
135
135
162
2
142
107
146
125
114
142
96
125
1
117
91
133
118
93
126
103
101
7
94
112
91
148
110
141
121
100
10
143
73
98
131
139
128
138
119
10
118
153
133
102
136
114
143
109
3
105
113
118
113
149
114
122
134
1
130
77
118
105
91
112
122
141
0
122
160
128
126
128
137
128
120
3
136
140
108
94
159
128
111
143
9
135
142
131
135
92
163
107
87
9
121
101
142
141
130
129
98
141
4
98
142
79
141
134
136
133
101
2
116
145
127
140
113
139
135
98
2
113
111
127
103
127
86
147
80
2
122
143
107
89
116
112
75
142
2
133
89
108
80
128
122
159
105
2
120
117
103
123
104
122
121
117
6
148
120
92
92
128
111
134
125
5
87
135
101
126
111
112
131
118
1
90
135
136
121
148
157
158
106
3
86
145
124
128
111
94
121
126
2
94
111
70
112
88
146
145
141
2
125
102
166
126
110
120
108
114
0
142
119
100
106
85
117
121
114
8
126
134
125
129
100
104
129
107
4
107
165
106
106
119
102
115
136
5
132
120
120
136
110
94
99
131
8
94
86
114
135
77
120
136
102
2
119
122
115
100
123
113
116
120
5
145
100
71
89
143
141
113
94
1
149
148
138
120
127
125
148
134
8
95
82
147
131
80
114
111
117
5
145
132
88
147
107
124
121
121
7
109
137
150
162
118
124
134
116
6
113
110
152
98
125
122
126
130
1
100
99
121
128
122
114
88
153
1
144
113
92
121
129
79
122
126
5
135
151
127
145
113
115
89
140
10
144
93
117
117
106
92
85
98
7
114
141
89
84
114
111
101
101
4
141
116
115
107
131
110
139
84
10
100
92
118
135
128
127
111
105
7
88
116
113
130
120
56
108
150
2
134
103
103
97
151
103
104
141
8
140
123
147
121
100
126
143
127
8
122
114
134
121
101
98
119
101
8
137
129
106
128
112
123
113
120
0
114
107
128
77
109
122
128
104
7
145
125
139
147
92
148
134
106
3
160
131
108
100
113
116
141
133
7
147
112
133
99
106
143
114
106
5
122
92
150
109
128
120
154
121
9
125
135
152
106
124
93
113
99
9
116
133
85
133
94
128
135
146
0
92
80
92
115
113
120
108
117
3
115
84
129
131
128
149
134
113
1
142
82
111
114
146
131
92
156
8
114
108
155
103
154
125
110
134
4
127
101
72
125
95
115
133
99
8
109
106
89
135
103
136
88
136
6
92
161
122
127
98
142
79
134
1
154
113
153
116
146
155
100
108
1
127
112
94
105
128
113
86
119
8
128
120
106
140
85
113
127
106
6
70
131
133
130
137
89
132
133
4
85
102
139
129
126
146
126
106
9
121
118
99
92
148
119
137
115
4
112
80
120
98
115
125
113
143
3
115
101
98
90
162
130
127
112
1
132
133
164
98
129
108
122
98
5
160
95
141
95
94
105
99
134
5
116
154
147
113
123
97
127
85
4
115
134
141
126
108
101
121
84
2
107
115
119
130
183
102
108
126
1
125
128
99
126
103
104
85
107
8
82
133
92
111
127
103
100
111
2
120
113
107
114
102
114
132
91
3
156
84
145
115
120
157
93
145
9
119
92
98
112
127
107
128
136
9
122
82
91
129
87
58
99
129
5
107
101
127
90
109
137
130
96
3
122
94
118
81
123
95
111
135
4
77
98
147
129
112
65
107
105
7
125
89
140
108
78
128
94
106
5
127
101
133
114
121
111
105
128
1
115
114
147
108
115
121
102
106
6
163
115
97
87
113
155
134
87
1
85
129
148
110
76
135
89
124
6
104
114
136
99
128
111
102
134
3
87
118
127
131
135
110
142
103
2
119
104
90
147
131
112
126
103
2
114
114
128
92
99
107
161
78
10
88
140
111
106
100
117
139
113
3
113
106
85
101
136
114
93
121
3
120
148
150
84
136
99
120
142
3
116
163
109
155
114
118
69
126
1
107
116
141
128
92
106
90
120
8
102
119
147
108
124
101
94
92
0
110
113
110
144
107
129
108
84
1
105
121
129
130
107
151
82
120
6
88
113
89
115
143
84
135
107
8
90
120
114
131
125
122
121
108
6
75
129
135
155
119
95
131
126
2
106
142
84
80
114
117
151
108
7
122
142
94
123
105
100
127
103
8
93
70
120
101
85
134
94
85
1
117
85
111
139
114
109
90
106
9
94
107
145
156
89
92
116
113
4
134
94
115
88
119
135
121
88
1
111
132
129
117
99
98
122
104
2
138
103
89
121
123
120
119
83
1
84
112
130
107
122
128
141
118
4
130
127
120
109
105
134
101
100
2
164
142
119
95
137
134
98
102
10
118
119
103
113
106
115
72
106
2
149
166
136
128
84
115
115
126
3
135
107
107
135
152
114
111
173
9
134
145
121
133
98
94
108
122
4
102
94
122
113
95
105
141
100
2
113
111
129
118
108
119
117
120
0
101
142
141
140
119
123
116
109
8
87
91
108
140
126
106
96
126
7
135
135
122
135
134
135
150
115
3
117
167
114
94
86
141
111
94
9
135
118
148
102
134
114
121
93
8
147
141
136
159
102
110
151
80
5
138
164
135
149
82
123
56
122
4
119
107
88
88
121
133
105
160
9
124
101
121
152
117
119
91
128
3
64
85
127
143
124
106
141
96
1
94
135
109
102
84
115
143
106
5
138
110
137
127
116
128
132
189
6
113
99
79
106
95
140
132
100
9
125
136
86
143
110
88
123
103
2
118
105
129
104
107
159
131
104
10
125
120
83
94
126
99
121
109
8
107
116
136
159
140
114
87
131
4
118
109
119
122
108
117
95
156
4
113
111
127
110
126
99
118
85
8
122
162
122
158
169
123
102
143
8
95
123
124
103
96
122
116
107
7
117
161
148
128
109
122
141
102
4
117
121
115
133
111
141
132
104
0
125
120
90
90
127
94
78
135
7
155
106
129
58
106
94
102
80
8
115
114
79
101
113
113
107
93
2
121
138
142
120
122
127
106
87
3
142
101
122
107
121
114
125
120
0
128
121
115
127
119
98
113
137
8
111
99
139
77
101
144
112
78
4
124
142
107
134
109
113
105
100
2
140
115
149
106
140
118
90
144
1
75
94
142
129
67
121
123
110
5
106
143
112
131
149
162
90
127
9
118
136
97
87
94
107
113
99
4
125
118
121
107
106
148
148
164
4
125
108
135
113
96
127
118
120
9
112
101
100
141
104
149
144
107
4
115
136
120
101
115
113
151
108
8
77
129
142
100
86
113
117
93
3
115
149
94
121
120
109
91
105
1
99
84
120
111
155
100
127
119
6
91
124
111
127
106
142
66
93
1
122
142
113
141
126
106
139
141
9
137
120
134
127
113
86
106
139
2
134
112
87
149
121
153
122
133
1
131
122
132
124
95
96
149
119
6
130
102
132
134
113
115
123
92
5
109
145
123
103
105
109
114
107
1
149
89
119
114
114
121
116
144
6
64
124
99
100
134
106
112
146
6
132
119
121
105
158
115
94
114
7
134
71
94
87
119
124
107
141
6
88
113
98
142
119
131
99
127
5
135
106
120
100
119
106
119
127
3
120
112
125
85
119
95
121
115
3
118
138
109
72
119
101
125
123
9
119
93
101
100
83
139
110
93
0
110
96
112
99
82
113
93
129
0
100
110
108
109
145
132
97
159
2
109
84
163
147
122
126
109
128
5
156
163
113
115
93
100
121
114
6
116
91
101
87
128
145
113
136
1
162
83
143
104
118
85
126
147
4
112
127
99
108
121
86
151
111
6
107
130
113
154
65
109
129
128
3
134
92
113
110
105
129
137
113
2
113
124
132
100
103
114
109
123
3
135
135
112
150
126
136
101
170
9
110
128
114
110
84
136
78
112
1
71
122
92
118
91
101
107
88
7
87
135
81
102
127
80
170
100
9
102
122
135
99
123
142
106
120
3
111
73
106
116
100
111
134
131
8
135
112
139
121
136
99
114
90
8
101
120
123
133
99
81
128
123
3
126
105
161
124
68
121
89
144
9
126
139
143
113
151
113
88
129
0
113
121
124
107
98
121
89
96
10
151
112
132
95
94
141
117
128
7
109
85
113
80
137
99
115
106
8
121
101
114
101
144
122
113
122
8
127
92
114
164
94
100
141
100
9
134
116
85
114
133
90
128
104
5
143
106
102
140
71
142
117
121
9
133
82
140
99
159
133
149
154
3
120
142
119
113
113
112
140
137
8
108
76
137
100
127
154
126
154
3
118
136
127
144
101
121
115
143
9
92
121
125
114
130
116
118
118
0
121
83
128
101
138
129
150
84
4
120
115
85
120
90
144
122
135
10
141
106
124
94
124
113
108
162
6
110
142
131
73
131
124
133
119
4
116
141
104
148
123
106
124
136
9
120
115
117
118
112
94
112
147
5
105
159
86
134
108
120
121
147
4
105
123
118
107
91
152
134
100
2
136
141
132
107
115
136
146
118
1
144
118
124
121
147
107
145
134
2
108
141
121
81
123
118
114
139
8
95
135
122
121
134
121
114
111
3
140
106
108
120
100
115
136
71
7
104
97
117
95
119
155
148
89
7
118
115
97
121
112
114
136
155
7
120
141
71
92
98
144
100
114
6
122
113
109
152
61
88
134
135
9
117
113
129
107
120
99
93
85
10
101
120
116
92
106
125
145
139
7
106
108
93
92
141
120
126
106
5
121
149
171
88
116
94
98
128
9
142
111
139
82
89
121
111
131
3
78
119
88
153
126
107
93
119
0
113
148
119
80
167
135
110
105
10
123
122
148
130
94
105
105
112
6
70
125
137
102
102
111
125
111
7
142
115
140
121
117
91
115
93
7
111
87
160
98
122
126
117
130
5
136
120
141
142
147
95
111
135
9
122
148
107
119
120
130
108
102
5
101
122
133
126
156
113
109
121
1
128
119
102
145
133
113
135
109
1
141
141
143
148
119
118
132
110
1
125
105
153
105
105
147
126
105
3
65
133
128
113
107
118
113
115
9
120
116
130
114
115
122
148
117
7
146
106
99
126
118
141
111
87
3
126
133
120
114
105
107
136
134
3
111
153
131
124
148
128
128
81
3
86
80
140
98
97
94
119
128
8
99
101
92
120
133
99
109
128
5
145
129
143
104
113
98
116
129
4
123
134
115
109
144
108
159
120
4
120
131
140
142
114
65
131
104
6
87
95
104
122
92
87
114
145
8
173
120
117
143
95
130
109
121
4
117
124
135
114
142
135
118
159
3
97
131
125
113
141
91
78
122
6
116
111
128
135
75
114
116
132
6
115
110
99
115
120
93
100
95
2
127
77
98
120
119
82
88
89
8
115
142
129
81
126
129
126
114
9
109
100
119
113
135
105
97
112
2
114
107
121
127
123
78
121
128
0
126
101
139
77
114
101
129
120
2
97
136
126
90
142
93
113
133
6
136
131
132
105
130
123
114
82
8
109
150
127
117
111
127
145
135
9
122
105
119
99
69
105
119
132
0
129
94
86
107
120
110
106
107
7
128
78
109
107
112
135
99
131
7
78
131
131
112
117
109
107
154
3
108
109
100
111
113
98
94
124
7
103
118
136
69
121
107
135
113
4
114
140
147
114
149
108
123
120
9
140
87
134
104
150
111
146
77
0
126
119
92
169
121
101
136
107
2
120
127
163
120
115
121
113
117
2
153
99
120
111
76
127
120
107
4
119
135
125
86
85
112
131
106
10
114
92
107
78
124
128
122
136
6
137
91
100
113
96
101
142
121
10
93
101
128
124
127
116
115
144
2
145
127
102
121
104
156
119
100
4
108
110
120
107
95
89
105
128
2
115
111
145
79
146
102
122
99
2
110
109
107
107
129
119
131
105
5
127
127
92
127
86
107
148
121
4
108
96
93
109
93
108
123
115
0
107
99
149
96
96
147
114
143
4
156
129
130
121
139
142
130
105
7
145
103
137
108
125
82
107
142
6
119
146
103
145
112
101
111
121
2
98
105
157
113
157
122
99
94
10
119
128
99
99
86
146
92
106
4
78
120
128
154
149
141
121
105
6
140
111
123
99
77
132
123
118
9
106
145
133
128
84
141
94
134
8
123
127
101
135
112
75
107
115
4
77
131
78
70
106
110
107
110
1
122
108
109
113
128
110
100
119
10
104
114
131
134
143
120
99
122
5
120
119
78
104
87
118
95
80
10
95
86
50
140
123
114
93
93
9
123
93
91
120
120
123
121
131
3
113
128
100
156
145
107
110
148
7
135
91
90
110
126
141
107
133
10
126
141
115
119
131
98
159
120
7
148
70
114
121
119
116
129
114
5
141
108
119
94
93
101
140
149
9
86
96
110
108
144
127
112
136
5
125
91
65
117
166
107
106
96
4
114
122
118
123
112
113
101
128
1
126
122
113
116
124
138
110
91
5
121
92
89
109
95
104
118
109
8
128
108
123
110
150
148
118
138
1
130
107
113
125
112
118
127
104
2
100
98
135
89
120
142
105
146
5
116
110
134
78
135
129
116
133
8
154
91
106
140
79
110
106
119
2
129
126
141
103
137
117
70
108
6
133
120
119
93
161
100
100
97
10
121
134
105
93
100
111
78
100
1
92
112
97
123
127
120
121
119
4
134
107
126
110
94
128
103
105
2
92
95
121
121
111
101
134
138
0
120
115
144
106
107
125
125
100
4
105
150
101
93
129
71
89
117
1
149
100
136
133
110
107
102
141
1
155
80
124
110
132
148
96
135
3
107
114
113
99
109
98
114
121
1
108
105
150
140
128
161
107
152
4
114
132
125
143
126
101
133
127
9
118
87
134
105
119
92
134
119
7
137
128
94
138
80
144
100
114
3
89
78
125
118
84
93
78
95
9
110
81
122
106
152
90
106
108
2
134
114
141
133
120
132
123
93
5
107
112
125
124
131
99
85
106
3
119
146
82
124
81
110
116
132
6
82
114
77
156
97
119
106
117
10
128
96
106
106
141
114
134
107
6
127
119
105
100
121
113
101
136
2
120
105
87
113
122
99
98
118
5
121
156
95
110
119
101
104
141
10
105
108
84
154
133
148
128
122
8
122
104
114
105
130
99
157
148
0
97
104
110
124
106
139
103
120
1
86
145
91
142
122
147
120
132
8
115
112
145
103
93
112
134
142
6
107
119
122
148
120
79
122
104
0
126
137
114
129
100
83
115
101
7
127
85
118
148
108
107
88
127
0
127
102
114
119
131
60
100
115
5
109
112
112
111
99
143
139
105
5
117
136
96
91
126
115
81
119
8
90
108
87
132
129
116
135
111
6
127
57
157
112
99
122
120
140
6
107
106
123
127
139
129
148
121
3
133
110
92
116
84
142
128
125
7
135
99
129
115
107
94
148
142
8
43
131
111
105
121
135
100
118
1
92
100
126
114
114
113
92
130
9
121
103
113
148
73
140
133
116
7
133
113
142
135
120
100
123
122
5
98
86
121
98
108
115
133
107
2
95
158
124
128
127
118
134
120
9
148
125
72
110
155
120
117
101
9
81
134
98
100
93
107
111
135
7
112
138
135
128
145
125
130
136
3
113
132
170
93
155
140
177
106
7
159
105
114
100
139
94
142
83
4
105
133
126
101
98
143
135
143
5
103
120
104
90
140
130
100
93
8
156
104
114
104
139
86
149
86

