7
9
5
3
3
4
8
8
5
16
7
0
1
3
5
2
10
9
14
7
5
1
8
3
4
2
3
108
106
113
103
86
97
121
113
2
145
139
115
87
139
106
111
73
1
84
106
98
112
96
138
85
118
8
105
156
149
142
79
119
116
114
9
98
121
130
101
116
71
147
152
3
99
100
143
143
103
109
121
109
6
104
133
119
114
102
128
77
94
9
83
161
125
100
92
130
152
87
2
99
114
159
121
133
115
107
96
10
99
90
139
128
127
139
112
101
2
103
107
107
127
103
141
106
100
10
89
134
132
105
112
85
138
116
4
142
105
120
130
142
116
101
131
0
153
113
147
135
105
142
128
134
2
121
106
122
133
95
119
148
77
7
101
86
132
123
100
113
80
117
2
111
100
105
171
151
120
141
114
4
109
60
78
104
101
154
155
106
7
94
100
108
112
169
113
60
152
1
120
136
102
101
93
152
133
94
8
93
98
108
143
134
150
114
113
1
177
113
101
126
133
108
117
119
3
167
90
128
122
140
113
122
111
4
114
108
125
124
134
100
67
130
5
103
97
102
108
106
94
127
115
5
99
99
103
121
131
119
104
142
9
121
106
127
131
142
115
150
107
5
151
124
104
126
126
133
131
125
5
148
122
100
114
107
113
126
134
1
76
155
120
106
119
143
123
107
1
104
102
114
105
157
121
67
84
1
143
111
132
109
142
117
122
125
1
98
101
122
133
89
93
133
115
3
110
105
152
120
148
139
89
129
3
121
125
113
143
69
109
119
108
3
112
103
127
146
123
115
122
115
9
95
110
130
123
114
114
93
134
4
114
111
116
137
114
122
105
113
1
119
101
139
148
133
123
120
115
4
119
115
134
114
121
117
93
90
8
128
107
150
92
129
127
153
99
7
122
121
95
125
126
138
95
125
9
115
107
141
141
147
123
93
173
4
101
139
116
127
102
128
126
108
0
94
133
124
125
112
169
107
94
6
115
89
142
111
120
126
104
122
4
107
79
120
130
135
135
155
95
8
125
120
108
111
121
146
94
141
3
143
100
106
147
94
91
86
68
9
108
119
87
141
136
121
106
122
7
108
89
116
105
100
114
124
152
1
159
117
120
114
91
83
131
152
7
116
89
83
100
81
113
121
137
0
113
101
142
104
139
121
118
113
8
119
97
89
108
114
114
120
93
6
129
105
133
137
125
112
149
81
4
162
143
68
113
150
124
99
135
4
106
97
136
66
122
140
115
105
2
104
127
119
123
121
122
121
78
6
111
121
97
148
109
103
159
107
0
113
87
99
168
75
105
104
114
5
97
95
132
131
117
106
134
118
9
150
112
120
116
106
133
108
148
7
100
152
99
106
98
133
124
112
4
131
93
135
94
114
112
101
167
7
76
120
136
112
96
82
91
100
4
115
98
107
93
132
125
119
133
7
136
141
157
119
133
106
109
111
7
95
107
141
104
155
124
120
153
9
96
135
149
93
110
103
104
109
5
106
66
108
79
128
129
114
101
1
112
113
127
87
120
99
108
127
2
139
99
139
90
79
136
79
139
10
120
126
136
99
120
118
111
87
10
143
54
96
105
114
101
135
114
6
98
104
118
92
120
133
124
134
9
132
84
110
101
108
134
85
113
8
148
135
82
108
122
66
133
129
6
125
125
97
113
124
105
112
87
10
110
154
131
120
119
156
88
107
2
121
114
118
117
104
138
119
128
10
123
125
142
136
113
111
126
86
6
99
136
137
113
121
105
130
115
3
128
99
96
107
129
99
119
167
2
85
142
84
103
97
94
87
96
2
65
116
120
127
121
113
118
84
8
135
136
93
134
136
106
109
149
2
132
120
124
143
127
103
115
90
3
119
127
102
98
126
136
138
116
5
83
79
122
92
126
101
118
123
2
105
110
113
121
137
114
120
92
0
103
151
95
124
92
121
128
122
9
127
106
115
122
137
122
136
106
6
92
93
118
131
94
142
84
120
9
80
142
114
105
133
161
123
114
7
126
126
114
115
171
109
113
110
4
142
131
104
123
169
98
101
124
6
83
115
131
100
99
104
98
134
8
115
169
147
105
127
116
127
124
2
122
143
120
100
117
116
128
118
1
121
123
84
108
120
118
99
132
4
139
122
121
118
148
113
135
104
3
135
133
100
99
108
125
135
126
2
115
155
127
110
84
89
145
117
5
114
109
147
136
115
127
114
125
1
113
97
121
107
95
116
83
108
3
93
135
142
127
116
116
115
130
6
113
147
150
155
132
145
93
148
6
143
99
113
129
143
110
149
106
1
111
89
140
148
86
127
145
131
10
120
115
108
106
100
102
132
105
2
151
125
104
101
101
124
114
120
6
116
98
105
134
128
147
100
106
9
128
119
105
101
148
128
115
112
3
117
105
135
102
126
109
113
112
7
129
114
105
113
101
129
128
154
5
132
129
177
65
108
140
136
107
8
126
146
91
129
164
128
74
120
10
170
85
106
127
102
111
103
89
5
158
110
102
114
100
126
91
132
5
120
140
125
141
105
120
117
114
6
63
91
130
127
125
138
115
104
1
108
134
127
137
105
73
134
105
1
129
144
100
90
143
92
79
104
10
84
143
113
87
113
121
85
114
3
120
134
107
87
141
113
104
121
2
124
122
134
108
121
74
102
86
8
151
107
133
128
121
107
115
99
3
97
100
112
111
85
140
149
143
7
123
80
128
122
138
125
124
85
8
112
123
79
106
149
113
117
135
2
124
148
135
91
121
99
141
168
3
155
115
120
92
84
138
102
144
6
105
117
115
133
106
108
98
121
6
108
145
127
120
111
58
108
104
5
109
104
119
127
126
112
101
139
8
105
123
122
112
92
148
106
110
7
115
130
95
136
130
107
136
133
4
77
150
126
141
92
121
105
105
8
79
121
93
147
146
121
121
143
3
121
116
109
129
120
105
139
94
4
107
145
127
92
128
120
87
135
3
134
95
118
102
106
85
120
122
4
134
146
115
133
89
114
85
93
3
130
86
95
122
110
145
151
143
9
113
132
107
92
85
86
120
117
1
110
104
81
113
121
143
115
128
8
73
102
111
137
91
125
124
120
2
102
102
118
113
100
129
85
110
6
108
107
114
83
113
99
107
128
4
126
127
125
107
121
101
93
152
3
121
115
107
120
109
119
107
135
3
120
141
127
113
149
130
145
129
3
117
104
136
99
126
95
127
107
8
107
132
114
121
119
74
92
92
9
100
100
126
137
100
107
135
141
3
92
135
116
86
135
102
121
82
7
130
121
121
111
81
80
121
109
7
149
98
103
137
113
137
140
128
7
94
113
149
124
134
106
102
115
6
89
99
115
112
92
116
106
122
5
129
121
117
127
133
93
107
129
9
161
117
121
123
144
121
158
74
4
129
129
135
88
150
120
136
130
8
115
93
93
117
122
67
131
112
1
107
99
127
120
104
97
107
103
6
136
132
119
133
141
134
120
102
6
122
113
106
107
122
83
120
99
1
107
110
124
122
102
93
107
105
6
86
109
135
107
141
99
146
120
7
111
108
82
118
124
86
125
112
0
128
107
120
99
100
104
128
151
4
133
92
125
162
97
116
133
131
1
85
96
108
96
134
124
151
122
6
119
114
105
105
108
120
94
153
7
105
108
121
104
124
107
81
92
2
126
146
90
113
109
98
113
138
7
115
117
119
133
83
128
126
123
4
114
120
121
98
79
142
118
74
6
99
114
123
126
97
96
71
177
9
127
117
87
107
88
84
113
141
1
147
93
163
139
147
88
99
102
3
132
124
149
114
102
132
92
98
1
94
113
119
129
149
97
97
133
10
140
143
84
121
104
112
99
95
7
103
126
148
125
106
125
124
92
2
112
129
107
138
139
108
93
145
10
144
96
134
135
105
134
115
136
2
93
124
140
133
95
143
115
95
1
141
116
99
136
73
123
105
110
4
88
132
126
134
114
137
131
126
5
126
99
116
117
94
101
111
114
2
91
122
141
167
111
107
95
135
9
127
93
117
130
92
125
120
115
7
141
138
80
92
86
143
94
106
1
91
105
93
112
141
141
106
76
3
95
112
128
117
127
115
113
133
9
94
149
126
104
124
113
126
107
6
168
101
141
110
138
112
105
131
6
110
138
121
127
138
112
121
142
8
78
144
127
70
100
134
92
124
1
128
104
123
137
119
92
114
128
5
101
130
121
125
109
111
99
114
2
114
107
75
78
102
120
93
117
10
95
124
137
126
131
122
113
105
3
123
105
120
121
155
110
86
143
7
137
113
124
95
114
128
126
121
4
106
138
135
122
128
142
138
118
1
115
109
141
121
140
112
140
113
3
143
121
93
149
95
137
116
105
5
78
114
124
136
117
141
117
118
4
143
120
127
140
107
138
103
155
0
101
106
123
83
111
111
101
95
2
97
99
115
154
133
137
122
163
2
140
113
129
112
128
92
108
90
5
127
94
126
114
77
100
124
109
5
152
116
87
131
119
94
122
112
4
104
81
115
116
101
114
106
98
9
119
120
86
123
115
111
108
122
3
155
118
133
134
122
94
107
154
4
156
142
121
146
149
108
142
131
0
100
107
114
119
107
117
107
91
1
103
131
133
115
105
127
127
119
9
139
94
95
105
106
101
97
85
2
115
98
121
94
143
118
99
134
5
118
78
112
126
114
100
113
175
4
110
101
84
114
105
99
109
149
5
131
114
118
98
97
132
147
98
10
164
99
124
149
115
126
143
100
5
92
135
106
141
97
126
132
86
0
94
105
143
105
94
126
101
100
8
100
112
135
120
108
103
95
111
2
102
127
128
110
96
98
94
145
2
147
119
131
163
120
100
171
170
6
120
105
102
121
116
121
149
103
5
122
109
105
146
141
107
140
93
4
115
86
108
92
130
111
107
140
1
130
138
107
120
136
108
134
133
2
116
84
110
142
103
139
121
136
5
104
141
81
125
117
105
107
113
3
118
115
113
138
100
91
98
103
4
96
121
162
121
89
83
122
123
1
105
120
105
135
107
109
113
93
8
100
128
117
106
102
120
127
156
6
104
160
122
73
94
123
107
118
6
128
136
134
110
108
131
128
116
4
151
141
139
137
138
121
107
113
2
149
140
123
136
94
113
107
84
2
96
128
156
107
114
120
135
135
6
137
67
115
133
117
128
85
133
1
100
120
122
128
138
76
109
140
3
77
115
136
124
103
126
104
85
6
143
99
128
124
150
128
111
112
10
129
113
112
124
121
155
137
115
3
129
141
104
140
94
142
132
118
4
148
139
119
85
106
125
154
161
0
113
131
93
133
127
128
139
65
2
159
150
125
112
128
128
135
126
2
134
92
137
96
138
113
136
143
6
113
95
92
140
100
79
107
105
6
110
157
134
126
96
106
112
93
2
97
100
86
107
104
104
106
102
8
97
120
93
132
107
142
112
136
1
159
93
100
130
103
98
125
142
4
106
119
97
94
112
86
106
131
5
139
107
128
148
79
65
85
139
0
126
114
111
109
138
114
158
95
9
118
154
121
99
99
129
146
139
9
103
123
102
92
128
109
133
135
3
101
114
136
113
125
115
88
78
4
96
129
85
120
107
109
158
130
4
100
124
108
92
109
149
105
104
4
130
137
136
122
115
122
127
105
5
86
107
122
134
78
138
127
118
8
112
133
102
113
113
130
150
102
9
109
133
138
126
119
100
115
106
4
113
131
125
94
110
84
135
117
2
106
112
99
107
123
114
112
145
9
142
115
142
133
147
104
71
121
1
116
104
124
107
121
144
98
96
8
128
108
90
120
119
123
71
155
5
112
84
116
130
124
121
106
121
10
146
128
110
157
99
165
114
136
5
115
117
132
119
101
143
121
112
8
90
95
106
120
98
109
142
139
3
78
120
114
91
85
96
114
117
5
134
132
125
118
78
127
129
128
3
126
108
106
92
102
119
140
126
2
126
90
131
109
103
120
126
99
9
138
97
87
135
122
80
115
126
5
100
145
104
99
121
108
97
142
7
121
92
99
91
100
100
103
152
2
108
114
100
72
132
105
101
126
10
122
148
137
130
106
113
103
114
7
105
122
91
107
153
106
113
122
4
99
120
114
109
134
142
101
125
7
148
124
111
108
124
120
96
105
5
104
142
86
84
125
117
85
90
4
106
108
116
127
110
108
119
97
9
136
92
134
81
122
97
121
123
1
128
139
114
156
101
86
148
107
9
113
101
98
128
102
130
112
119
6
126
119
88
136
132
111
110
126
7
112
114
139
114
106
94
110
146
1
114
99
100
123
120
117
114
133
7
79
82
106
93
123
106
130
98
9
121
91
126
123
101
132
131
122
1
121
151
99
114
109
133
153
130
3
82
121
153
114
158
143
126
143
7
108
123
112
107
119
108
103
141
9
137
127
113
157
171
106
132
127
4
120
86
98
91
118
131
99
108
9
143
106
147
151
103
128
140
129
4
65
119
146
113
128
136
84
139
1
111
92
148
95
136
114
107
108
3
148
109
127
97
82
121
128
127
9
92
129
110
142
124
121
135
120
4
120
111
107
96
103
143
133
128
3
99
153
93
99
86
161
92
99
4
75
125
111
110
137
100
141
143
5
146
108
111
145
116
112
128
121
2
135
122
129
92
120
90
113
82
5
112
130
150
105
98
128
70
123
4
116
115
81
159
96
155
124
75
2
112
116
122
81
145
93
94
121
2
121
114
106
117
135
96
140
114
5
91
128
148
112
145
133
84
97
6
126
96
126
118
147
122
75
112
7
120
133
114
105
140
86
92
162
6
107
104
127
111
117
119
162
85
8
137
144
176
86
105
133
122
138
6
119
136
115
138
114
98
107
114
2
113
97
86
126
101
93
102
90
2
83
98
121
100
99
127
113
128
7
91
135
128
69
127
126
134
114
9
119
148
127
117
144
108
123
113
5
127
143
112
109
121
146
98
107
7
126
86
135
125
113
87
128
131
0
113
127
96
97
112
115
70
135
3
128
93
118
115
83
107
132
99
4
132
166
155
100
113
103
143
74
6
107
94
93
107
153
118
122
119
10
136
111
92
116
163
121
107
149
4
108
106
130
151
132
103
124
109
4
97
93
120
148
118
135
131
131
8
117
115
80
139
125
93
115
103
2
96
91
122
126
113
101
129
114
2
100
119
94
105
154
127
145
81
5
115
135
116
107
148
97
107
124
9
142
78
100
104
84
104
150
107
1
142
114
119
111
89
113
113
63
1
117
101
127
92
133
120
128
108
9
153
127
119
128
105
113
92
62
6
145
143
114
107
134
136
109
93
7
120
87
134
167
134
123
100
130
1
97
111
102
129
149
135
142
108
0
85
84
140
133
142
122
125
130
4
147
99
142
100
122
91
123
97
9
130
123
77
92
88
123
132
105
6
113
95
126
129
74
119
150
100
5
141
119
110
113
121
105
113
119
5
132
148
128
135
132
85
124
138
9
120
99
117
121
142
146
132
100
4
124
95
74
129
148
107
162
83
6
122
121
88
99
159
143
129
140
0
131
95
130
137
122
121
107
114
9
90
112
106
99
77
151
99
114
6
94
97
97
115
101
104
127
122
9
114
99
64
134
185
128
82
119
2
100
116
97
113
122
155
129
131
4
96
94
128
122
103
105
84
117
4
94
130
117
80
114
128
77
96
3
105
133
161
126
131
136
115
99
6
140
148
112
128
89
123
120
75
10
165
127
108
108
121
99
129
118
1
64
134
136
114
112
93
107
99
7
143
119
119
112
79
140
122
103
6
116
123
140
101
148
115
121
103
6
116
128
136
80
129
138
107
118
6
92
106
142
122
94
103
110
107
6
136
97
132
132
120
119
107
102
5
112
128
128
82
127
122
134
103
2
136
107
135
112
120
115
119
113
5
112
135
92
87
87
74
102
116
3
128
122
128
135
110
106
107
150
5
102
127
112
93
107
140
81
150
1
95
99
131
63
101
106
146
137
8
153
100
129
111
100
132
156
145
2
106
132
120
92
113
138
82
147
3
99
103
136
63
95
105
144
138

