14
7
4
10
6
7
5
5
10
12
2
1
8
5
2
6
7
10
13
2
5
9
9
9
8
2
4
135
127
118
101
102
64
126
120
2
116
138
139
153
132
89
133
123
1
104
106
124
109
73
126
118
129
8
98
128
113
112
135
150
120
114
3
123
58
126
115
86
84
113
121
4
132
120
110
141
137
119
127
125
2
108
121
69
82
127
97
114
108
4
122
101
73
129
113
128
90
137
6
106
129
116
106
131
98
120
162
9
96
77
114
98
100
97
93
95
9
123
113
124
129
93
121
150
112
5
102
134
98
88
139
86
131
123
4
114
79
120
110
106
143
88
98
3
112
61
82
84
129
87
106
128
10
125
89
101
96
156
113
128
86
4
97
109
107
126
170
120
114
152
3
92
101
111
80
128
105
105
113
5
124
148
119
87
94
109
100
121
4
158
122
100
116
114
94
141
124
3
140
114
110
87
128
165
114
124
2
92
98
112
85
65
115
111
120
3
107
140
134
96
81
116
134
146
9
141
121
100
101
111
108
105
143
6
121
114
77
143
85
131
121
94
3
108
99
121
114
144
113
127
127
2
135
107
127
128
75
132
93
102
5
83
106
106
150
143
113
148
125
4
96
102
105
125
110
114
93
116
3
129
123
106
99
111
86
148
126
8
110
155
128
115
156
144
119
82
2
120
115
102
129
123
156
116
101
6
148
92
99
124
127
108
125
133
6
112
140
115
107
103
138
97
125
1
127
100
98
126
135
104
120
129
1
155
133
129
131
137
110
87
120
1
104
110
130
117
129
130
114
143
3
119
92
140
138
119
136
97
109
7
75
114
136
85
98
121
144
115
3
112
74
135
77
87
127
86
115
6
125
124
94
126
114
99
110
85
2
122
134
90
127
105
104
129
95
8
131
125
108
132
139
108
146
162
6
108
109
115
106
107
135
115
135
6
144
139
133
118
113
127
134
129
8
114
75
115
121
120
142
66
126
8
86
134
138
144
111
128
98
155
10
153
121
143
149
118
120
148
122
6
80
112
137
76
94
142
110
107
8
131
149
133
120
119
142
99
107
7
106
96
112
121
140
107
112
86
3
79
130
150
120
88
97
162
135
7
155
135
115
139
136
89
121
114
2
132
100
94
152
117
86
140
134
2
113
133
145
94
141
100
132
107
1
115
112
133
107
155
116
98
126
9
135
111
85
106
120
74
134
128
4
105
115
114
112
142
85
121
112
2
83
113
104
100
139
94
112
132
4
141
100
93
130
101
138
86
158
7
106
122
76
127
78
85
115
122
2
157
109
119
145
123
114
135
83
1
125
142
85
136
135
93
115
140
6
109
82
111
90
102
108
104
108
3
134
80
129
102
163
127
126
138
1
85
104
115
162
110
150
114
156
9
122
160
100
122
155
86
113
112
8
113
121
121
105
94
100
120
116
0
127
122
110
120
99
116
78
131
9
114
99
115
120
120
87
116
100
2
101
113
85
159
134
106
122
106
4
155
134
140
107
111
114
111
120
3
95
123
92
135
117
156
104
105
4
147
133
90
109
111
178
97
115
9
106
140
92
101
122
140
140
128
1
134
115
112
153
127
128
129
121
5
110
144
117
128
107
138
137
149
1
100
123
86
88
122
115
116
127
5
133
94
149
146
113
134
126
107
3
142
97
111
148
119
124
131
109
8
113
142
127
131
120
104
131
114
9
127
133
130
141
156
102
82
131
3
145
145
99
127
120
126
135
125
10
163
135
140
124
105
101
163
128
6
149
108
117
127
108
105
107
125
3
93
78
94
123
114
148
105
103
2
94
105
138
108
102
92
118
101
9
122
129
139
108
102
126
112
86
4
105
131
59
119
135
107
98
121
7
121
111
106
84
118
140
134
98
10
154
95
175
170
124
105
105
112
2
102
156
152
106
109
100
111
124
6
93
108
135
148
96
129
107
109
7
85
91
123
126
133
152
115
162
5
116
124
139
150
128
93
123
129
0
99
115
108
134
112
79
107
113
3
124
114
132
122
98
147
115
127
1
105
88
142
112
133
123
134
91
8
104
127
131
103
137
134
108
94
8
124
157
125
131
140
93
128
113
8
83
100
78
129
142
116
100
149
4
128
148
120
109
76
84
104
99
9
110
122
128
98
101
100
136
106
6
93
123
102
123
122
108
117
90
2
132
100
139
111
95
112
148
139
5
94
127
130
142
142
100
142
120
8
113
121
134
129
86
140
136
101
6
135
163
115
151
62
122
87
153
2
106
86
144
157
143
123
90
127
4
78
145
95
113
106
128
142
87
4
116
125
121
64
141
109
141
107
4
116
104
145
126
108
113
102
136
10
136
125
130
106
133
142
114
86
8
113
92
127
107
107
155
123
143
7
169
126
135
122
127
113
121
112
4
100
131
123
158
119
161
108
101
2
113
106
124
134
124
116
131
155
3
105
140
126
85
116
150
159
104
9
107
116
99
104
125
100
91
131
0
109
110
93
90
111
150
114
121
9
72
113
76
116
146
107
84
136
8
121
100
78
112
147
141
74
149
5
118
133
100
116
168
134
140
118
2
109
162
119
109
102
109
96
101
6
104
127
121
115
137
80
104
117
5
107
114
147
113
136
133
143
133
6
108
135
94
99
157
114
133
144
8
129
79
134
114
123
126
86
95
7
170
114
84
130
136
101
109
111
10
100
109
101
101
113
132
116
112
7
109
94
87
124
122
79
116
132
3
120
127
129
107
128
78
113
109
9
127
108
120
89
120
118
82
96
5
106
96
101
99
124
128
110
106
2
136
108
122
63
113
151
85
98
0
156
122
107
97
116
100
141
127
1
140
146
121
111
133
96
111
108
7
123
106
121
125
133
98
115
115
5
93
104
95
130
106
81
112
134
2
120
136
129
111
110
129
114
120
5
119
107
113
125
116
77
107
80
0
122
106
160
102
124
146
133
123
1
119
101
99
114
72
105
123
133
1
128
98
122
121
121
115
84
123
7
139
97
113
121
114
102
120
90
1
135
132
135
112
121
109
140
84
9
93
117
119
127
105
127
113
121
9
128
141
134
99
122
119
118
125
4
84
81
142
77
115
153
80
80
6
147
114
89
117
124
129
111
119
7
142
143
150
99
90
107
101
153
5
121
132
134
110
121
70
94
86
4
117
135
121
114
141
93
84
104
9
120
106
84
128
109
139
111
129
4
142
112
93
105
121
135
154
142
0
116
163
108
115
127
106
128
108
0
114
96
97
117
100
113
124
155
7
92
131
131
100
149
131
107
119
9
99
130
143
77
107
116
113
146
3
136
142
124
106
121
143
123
108
6
129
145
120
137
122
152
132
136
4
117
127
111
111
121
110
111
97
4
147
123
88
119
96
113
120
90
7
158
105
92
99
130
116
111
136
8
85
140
99
100
107
149
113
113
8
107
125
154
140
139
128
125
108
6
93
100
111
105
124
172
78
108
7
134
97
155
153
73
141
142
84
3
91
143
85
133
112
147
114
110
4
140
91
134
84
109
122
112
134
3
115
119
53
122
115
109
108
112
2
126
157
115
122
93
93
97
122
1
135
100
94
127
133
93
171
151
7
125
112
147
136
89
103
87
105
2
110
99
121
146
73
121
115
102
10
106
86
117
150
116
108
135
115
3
142
74
120
91
107
86
115
129
8
118
84
106
120
106
119
115
93
6
140
107
139
167
126
132
126
107
9
124
126
140
83
124
79
110
132
5
113
116
104
100
143
127
96
93
7
163
120
119
126
156
128
141
136
9
114
97
109
123
132
121
100
87
1
122
135
114
117
113
128
98
112
1
121
99
149
143
135
100
139
129
5
135
80
100
87
135
121
93
95
7
130
116
120
126
91
130
128
110
8
144
112
94
72
134
75
116
135
9
114
110
122
133
120
141
149
100
7
142
149
107
120
125
102
124
133
3
142
109
128
121
108
103
59
88
7
100
92
103
134
125
137
101
131
7
126
112
85
108
122
116
100
114
8
130
128
108
99
99
128
82
112
6
145
106
129
100
121
113
125
110
9
106
111
106
136
108
120
119
106
6
101
111
107
128
73
127
130
122
0
121
124
128
116
95
118
144
141
2
111
103
119
138
96
106
127
107
7
125
127
106
108
108
127
121
127
1
81
118
114
111
124
88
69
107
5
149
134
130
116
129
116
119
160
2
99
95
92
135
86
88
116
112
10
133
100
136
109
139
109
151
122
2
122
117
100
138
108
136
93
113
5
85
118
98
134
130
105
136
114
1
108
123
113
133
122
121
162
114
0
112
138
135
78
140
114
114
117
10
135
110
99
154
119
109
125
146
9
91
90
116
106
110
118
98
91
6
151
101
57
133
128
105
121
108
1
129
149
142
111
129
108
86
115
9
113
140
151
100
124
99
129
86
7
102
133
135
106
107
100
122
153
3
136
72
129
85
102
70
107
137
10
106
126
142
84
111
140
134
147
3
135
104
78
120
125
101
71
141
3
135
123
113
127
156
103
108
108
6
123
112
108
99
130
130
99
93
3
137
117
107
138
135
142
98
119
1
114
107
118
107
141
142
113
127
5
74
119
91
89
85
180
116
129
2
66
106
134
117
100
150
104
111
3
127
106
144
114
112
114
119
89
3
120
142
105
114
99
105
112
99
0
121
120
113
130
118
127
98
119
2
125
105
81
100
78
109
119
115
1
124
113
125
92
133
120
108
136
8
95
133
128
99
105
124
139
116
3
108
96
114
146
108
116
130
99
4
115
106
143
99
137
114
125
109
2
141
121
94
139
88
153
98
120
5
112
119
140
98
157
122
123
94
3
72
119
144
126
141
128
90
141
8
94
134
135
127
149
153
128
102
5
132
128
127
128
115
146
122
78
9
128
107
150
151
113
130
147
136
9
121
99
104
112
134
128
112
120
6
92
126
163
105
121
141
129
124
6
137
115
120
111
114
151
149
93
5
126
141
125
103
128
131
131
92
7
99
90
115
150
81
121
124
113
2
101
137
147
115
130
141
126
78
8
123
149
90
108
118
117
92
105
6
93
88
105
120
99
114
123
126
4
114
108
114
115
120
107
82
114
2
93
135
153
102
128
136
68
122
4
121
74
113
122
124
85
113
115
6
133
105
120
127
132
79
143
100
9
117
127
149
123
131
59
119
98
8
137
142
129
107
151
111
170
135
5
82
112
105
104
108
112
124
92
4
136
105
96
112
115
94
99
124
3
122
112
134
112
124
121
150
130
5
119
112
83
100
107
125
158
86
4
114
99
132
108
123
113
94
118
6
113
155
108
135
123
151
112
135
7
165
127
83
151
110
109
148
108
9
78
87
131
132
132
113
119
71
2
117
101
117
104
129
118
120
98
7
93
117
94
93
142
90
114
97
5
136
119
155
134
120
74
87
151
6
114
121
113
153
113
122
97
113
8
116
132
117
111
99
114
131
128
10
144
144
103
119
119
133
48
148
2
99
123
138
90
120
153
79
114
6
154
102
113
85
113
123
108
141
6
118
129
106
113
155
128
107
153
3
97
113
108
100
153
149
136
120
9
154
156
109
117
143
72
162
114
2
128
121
91
94
131
118
124
117
5
102
156
143
90
98
94
93
77
3
96
122
110
117
94
84
130
104
3
145
134
122
78
122
122
110
114
7
133
121
93
138
107
97
89
124
4
113
121
120
134
124
128
129
108
5
120
122
77
94
113
111
101
113
2
141
95
124
84
111
114
144
146
8
114
128
105
103
104
109
118
106
6
144
116
110
59
157
128
88
114
8
89
106
143
103
107
122
127
104
3
124
124
114
140
116
107
134
115
9
160
103
140
125
140
112
110
99
7
128
146
120
111
111
94
115
121
3
104
128
108
124
122
93
84
115
3
130
99
87
134
118
116
134
100
7
119
110
149
95
125
128
115
111
3
119
112
125
124
140
154
107
103
4
121
112
127
114
140
107
123
112
8
75
120
139
102
128
69
93
95
3
140
100
126
78
111
106
134
88
4
97
127
116
112
128
102
149
114
3
135
119
111
130
110
126
125
128
7
126
112
130
142
101
146
162
92
9
118
128
137
128
144
90
117
114
8
114
126
114
86
128
94
131
128
6
95
114
167
134
125
73
115
128
2
116
83
129
84
131
120
169
112
3
139
100
102
113
88
125
126
97
8
134
88
94
156
101
72
121
136
7
138
137
111
152
127
113
112
122
4
101
132
112
144
133
120
163
122
4
107
128
112
145
153
121
121
140
0
112
94
93
143
108
149
104
102
6
145
128
111
119
131
125
140
100
8
113
114
90
140
120
114
136
108
2
93
104
116
145
127
105
100
111
2
108
95
147
88
144
90
156
122
8
100
92
134
148
146
139
121
86
1
127
121
142
114
152
136
93
127
5
125
131
114
111
129
133
122
85
2
135
134
79
143
133
112
112
134
5
124
110
127
111
126
98
96
99
5
123
107
109
128
118
105
145
137
4
127
85
106
144
112
129
129
85
5
126
76
106
150
90
92
130
119
2
114
142
70
91
109
89
114
121
7
85
157
126
67
108
134
143
127
4
134
116
112
150
105
128
107
120
3
117
95
133
130
145
134
132
141
9
74
52
143
135
118
135
145
145
9
107
117
115
85
106
107
141
132
1
141
143
156
125
92
117
123
87
5
132
141
95
121
99
121
124
81
8
100
105
121
115
135
125
102
104
4
91
132
128
114
119
99
96
106
3
100
116
114
134
127
118
123
99
6
111
141
131
121
112
113
110
181
9
85
126
138
143
140
88
115
128
5
117
75
94
128
103
100
111
77
10
147
90
128
110
113
113
88
99
6
89
105
95
136
132
107
121
134
3
105
158
149
126
129
110
121
85
8
142
120
129
130
121
82
120
105
7
115
142
103
142
96
114
110
123
6
128
103
115
123
113
134
98
101
8
102
93
106
77
161
106
152
99
2
94
119
128
119
121
61
105
114
9
98
104
95
128
126
112
129
105
9
140
93
100
95
114
112
160
116
0
115
91
128
136
100
106
142
127
8
122
135
78
155
115
128
102
125
1
141
102
118
138
109
116
143
106
5
99
99
156
90
108
129
108
144
2
124
98
114
141
120
142
95
137
2
144
129
136
135
111
131
107
113
7
114
104
110
119
145
88
98
112
3
104
72
113
128
128
157
123
128
2
99
175
89
87
150
84
104
147
8
122
92
143
141
110
127
112
125
7
135
103
83
136
114
93
132
69
5
128
108
110
142
135
124
122
92
9
99
133
98
142
86
150
107
92
6
133
107
153
119
113
120
105
140
5
163
117
107
80
119
111
109
125
0
95
122
118
135
132
147
100
139
1
154
113
114
95
136
108
119
86
8
77
122
136
74
117
129
71
127
9
141
114
95
157
145
106
154
114
6
105
119
142
96
127
114
149
96
6
131
151
104
105
109
124
138
110
10
82
112
151
101
122
131
112
125
5
79
100
84
111
102
129
92
128
8
103
126
119
80
126
141
79
129
6
131
107
135
107
86
137
100
133
3
120
117
119
141
104
140
128
130
8
116
100
118
153
113
132
141
113
2
119
128
109
136
119
142
83
84
10
155
133
119
113
47
135
118
118
9
97
111
133
133
141
95
66
125
4
99
97
97
148
130
111
99
105
3
113
95
131
133
127
110
136
79
1
141
114
120
106
107
127
126
114
6
133
81
111
106
129
119
113
102
7
122
77
114
127
141
153
106
104
3
120
135
120
111
111
87
127
122
9
124
110
100
106
72
105
128
123
3
143
99
148
121
151
130
105
122
6
127
131
136
106
62
131
151
123
3
117
108
174
102
113
136
119
139
3
99
122
107
142
118
105
130
126
6
121
135
128
121
145
110
126
100
9
155
119
149
114
103
130
155
142
3
121
97
121
141
131
115
73
101
3
113
120
102
117
107
150
136
135
9
85
92
109
64
149
90
114
122
7
112
141
73
109
112
110
124
139
3
136
111
84
94
127
126
128
170
7
142
136
125
96
83
107
93
98
3
120
85
128
107
100
127
128
156
5
135
106
82
90
133
123
126
175

