8
1
6
1
3
4
9
2
3
11
7
2
8
3
2
1
5
3
11
9
3
8
2
9
1
7
6
106
113
108
125
83
138
135
121
4
127
139
133
129
136
95
101
95
10
104
99
117
121
177
89
112
84
5
121
113
103
132
143
126
126
98
3
130
138
83
87
129
159
106
141
5
97
128
129
141
90
140
95
119
1
119
123
119
95
140
120
147
101
4
120
112
117
115
101
128
114
127
0
101
122
138
139
125
100
138
122
6
119
131
93
100
127
134
77
121
3
105
105
85
88
118
133
154
113
1
113
99
128
104
127
110
135
114
6
139
123
85
125
116
127
102
79
3
77
92
113
139
118
105
127
95
7
84
94
114
131
134
112
143
99
7
176
156
100
122
128
111
121
131
1
112
118
107
94
139
100
121
119
7
123
84
140
102
136
101
122
146
3
119
85
119
128
173
112
136
125
6
126
158
98
113
119
126
81
134
0
136
99
88
98
84
106
130
143
7
111
142
97
112
98
100
127
115
3
123
113
139
142
119
120
122
99
2
99
132
77
121
82
129
109
157
9
101
88
99
85
122
134
108
122
4
128
77
68
127
102
102
176
124
4
118
136
96
127
125
115
101
154
8
100
73
125
124
114
120
116
141
4
91
129
130
153
129
96
141
143
7
117
135
115
89
169
123
126
114
2
114
92
102
141
64
75
161
127
7
149
130
122
107
125
76
113
112
6
85
119
101
135
128
114
131
78
5
169
109
118
107
128
91
133
89
9
134
127
99
134
156
116
91
112
8
138
141
114
95
96
101
134
80
9
130
107
115
121
142
112
88
78
1
107
129
140
137
114
102
65
97
7
141
126
122
118
99
120
142
112
8
104
126
112
95
95
128
98
134
7
139
106
126
125
108
106
104
114
6
97
117
134
126
72
133
160
105
2
115
113
133
131
135
81
128
126
5
176
72
132
149
86
97
91
130
8
135
99
111
100
128
114
115
113
4
158
155
119
107
98
125
113
105
1
140
156
96
120
129
106
146
164
7
142
103
106
109
141
120
119
108
2
127
99
126
101
127
107
77
123
3
121
112
115
139
86
85
144
78
8
140
139
127
85
96
130
80
112
7
99
89
113
105
104
108
121
136
3
119
143
107
121
138
138
134
88
4
96
119
108
127
103
142
135
104
4
107
115
101
128
122
135
112
99
4
136
120
101
157
146
112
120
97
7
104
101
118
120
133
114
88
146
7
127
78
118
148
107
119
104
121
6
88
136
107
148
85
115
111
68
1
89
131
139
84
143
127
162
104
3
106
100
150
133
141
136
104
119
7
123
106
158
120
142
125
128
104
4
128
107
127
139
135
97
154
91
3
135
107
144
77
93
110
115
163
9
116
134
107
157
99
133
116
105
0
121
78
158
126
152
92
68
121
1
120
94
137
92
128
130
77
129
10
131
100
150
132
123
79
78
117
10
106
132
98
96
107
118
90
114
8
131
73
133
99
124
136
150
97
3
119
113
110
92
100
79
108
47
4
123
106
114
100
94
136
116
159
5
131
135
121
101
106
97
117
130
4
103
123
125
140
122
93
113
114
1
85
114
118
112
159
144
93
120
3
127
129
107
85
140
115
106
123
1
135
148
103
129
140
161
109
120
4
85
114
154
142
108
97
104
106
0
148
93
142
80
116
113
108
103
9
79
107
119
124
162
132
105
146
1
137
95
127
124
131
109
114
139
7
106
134
119
126
111
72
114
147
8
122
106
100
93
133
135
127
155
6
95
121
123
116
135
118
108
111
1
128
119
84
136
134
100
87
86
10
105
153
122
121
129
126
141
150
6
104
108
67
101
106
134
124
110
4
104
116
118
127
122
144
121
81
1
107
79
67
114
142
164
99
136
8
112
105
89
151
89
108
128
91
9
114
125
125
129
113
117
123
127
4
108
114
134
154
157
74
105
126
5
126
114
119
83
112
81
103
136
4
116
140
110
122
129
142
149
77
6
61
107
123
106
110
140
67
104
8
128
94
128
108
149
135
113
133
7
150
131
130
117
114
121
107
101
9
148
123
160
131
103
131
109
107
3
107
108
114
124
103
145
129
133
1
108
91
155
107
97
100
108
135
0
133
124
87
104
96
113
113
116
2
104
132
134
157
132
131
121
121
5
108
114
140
124
137
100
85
78
0
139
76
135
100
128
122
136
129
4
109
112
78
124
96
135
111
122
7
91
93
113
146
111
127
118
133
6
93
109
105
143
100
98
101
118
1
110
149
102
110
121
135
57
115
1
82
135
135
124
131
139
114
92
8
86
119
120
124
118
142
103
125
2
137
101
116
130
85
142
142
79
9
127
130
133
143
119
146
138
101
6
135
141
85
119
118
118
98
63
2
114
97
124
73
129
112
98
113
3
133
106
100
141
112
117
105
143
6
123
145
143
122
154
115
120
109
2
78
135
105
96
142
142
108
75
0
78
66
150
150
99
112
103
103
8
98
106
121
77
129
139
106
96
7
126
114
181
105
146
93
96
109
6
101
102
112
126
138
119
70
107
3
105
112
111
106
124
84
76
121
9
88
119
136
137
115
123
94
93
3
137
86
108
80
128
118
115
118
5
124
112
132
100
94
92
135
114
10
103
101
103
140
54
115
106
127
2
84
128
177
122
71
88
126
122
5
110
145
95
107
90
124
136
122
2
85
131
119
113
112
114
52
106
8
121
121
133
127
129
126
120
133
5
117
159
135
139
103
122
88
113
5
129
129
128
100
163
131
140
136
5
102
105
149
95
133
135
126
114
5
153
170
89
114
131
126
107
121
6
117
85
130
143
138
152
112
87
3
121
108
120
132
108
56
82
95
8
153
136
133
110
126
116
94
102
3
109
105
100
108
120
131
119
161
10
107
102
94
124
89
105
133
82
7
114
119
113
124
140
140
98
119
9
95
139
101
57
101
90
109
112
0
128
128
157
87
112
107
113
129
6
98
133
90
114
115
121
100
136
7
99
148
104
94
137
120
145
74
4
138
98
93
90
135
113
124
139
7
135
131
144
103
135
112
101
119
2
116
93
149
106
112
173
123
92
9
156
114
136
116
101
90
127
101
9
92
93
135
111
109
105
134
133
5
135
92
142
92
107
156
123
128
9
124
99
115
78
152
141
65
107
3
103
92
124
138
141
108
118
91
6
128
140
127
121
123
149
108
106
1
155
120
112
134
139
145
89
91
1
91
133
119
131
108
114
110
133
4
178
134
128
120
148
85
127
101
8
79
124
113
115
107
137
113
104
5
122
110
116
101
93
106
116
106
4
115
90
127
136
112
141
117
169
9
82
129
171
120
143
107
136
96
6
121
85
130
106
113
119
117
110
3
67
113
147
127
119
128
121
130
4
100
128
132
91
150
132
140
86
9
138
83
128
137
112
135
133
154
3
96
92
112
121
140
133
121
122
4
119
97
94
113
106
126
99
107
6
114
99
115
114
111
138
124
141
8
101
138
120
156
88
106
95
137
0
73
118
140
107
106
157
138
102
1
127
142
122
125
101
106
132
85
2
107
122
84
100
149
93
134
136
2
143
119
129
105
131
131
135
92
6
128
128
119
163
120
84
96
147
7
134
97
124
157
131
165
124
136
2
119
156
99
108
129
137
114
112
3
109
106
116
121
133
123
118
108
3
95
99
162
120
106
128
92
114
3
143
113
110
130
114
113
99
101
5
136
171
121
121
119
92
124
128
9
86
95
150
127
116
77
115
147
9
167
113
127
99
94
131
128
131
4
132
135
95
107
119
122
107
117
8
103
78
96
78
135
121
142
126
0
99
146
100
141
140
93
90
79
3
108
120
125
120
71
140
120
129
2
135
156
95
136
110
128
108
119
4
106
111
117
127
120
122
93
108
5
142
117
107
116
121
142
154
107
5
107
99
73
79
113
141
114
139
6
94
133
86
123
91
93
136
143
1
134
106
113
110
104
139
121
87
7
102
120
138
141
121
127
82
127
6
105
145
142
97
120
95
85
173
0
121
123
121
113
139
98
152
116
1
121
125
100
104
155
101
145
106
10
122
133
119
135
141
126
134
124
9
125
135
106
88
157
85
120
113
0
76
129
127
110
166
112
130
127
8
106
125
127
105
139
92
151
106
9
144
135
154
133
97
99
114
91
9
97
112
133
116
134
107
114
113
7
135
80
91
108
120
75
111
127
3
102
126
157
121
88
93
115
110
4
119
103
118
88
94
113
112
127
9
131
133
132
80
95
129
100
94
5
156
148
107
106
112
144
102
111
1
119
124
120
74
114
117
94
112
2
86
121
116
119
107
137
86
100
7
136
97
106
101
84
138
113
142
9
134
142
81
111
144
70
106
85
0
97
107
109
120
81
75
99
143
6
128
109
134
135
143
131
125
122
9
134
65
115
113
112
99
133
110
7
122
171
133
118
113
91
121
128
3
127
104
140
119
106
132
128
124
5
127
107
116
127
115
170
147
124
3
132
114
120
109
124
125
140
120
7
128
114
99
134
109
126
108
128
1
129
77
105
92
166
155
127
113
7
116
125
110
98
97
121
139
117
4
85
100
105
155
141
141
127
92
4
84
150
102
109
142
97
133
119
4
121
95
121
100
109
101
85
91
7
113
91
132
80
70
107
111
154
3
149
133
92
150
113
115
128
121
3
123
141
72
131
105
148
127
106
1
99
88
125
131
130
106
91
127
3
106
125
146
99
142
143
114
122
9
127
89
122
149
128
123
128
117
3
128
120
123
97
99
138
125
120
5
116
168
141
137
105
85
136
86
8
135
113
131
104
131
119
118
149
1
78
110
151
103
126
119
162
148
2
132
140
108
86
127
121
126
135
2
97
131
117
125
105
116
123
134
3
93
137
99
121
163
135
117
121
2
121
147
119
100
155
166
130
133
3
85
84
135
100
133
123
129
110
6
128
79
137
120
142
100
74
95
9
120
98
156
110
120
116
85
92
8
96
116
123
110
129
127
135
123
6
91
101
116
149
115
102
140
166
3
142
111
120
135
106
119
83
148
7
149
132
143
96
128
115
115
107
4
113
99
121
106
129
77
112
93
2
104
128
124
111
127
121
122
126
8
105
95
85
131
96
122
94
95
6
121
115
98
132
94
99
99
112
5
113
109
130
100
127
132
140
112
0
127
128
126
99
140
117
89
127
10
142
153
119
92
142
99
128
131
8
129
99
114
71
114
127
120
149
5
129
114
130
122
114
107
103
102
1
123
115
108
128
100
103
115
130
10
81
71
84
85
131
111
84
129
1
104
152
126
90
93
101
116
129
9
99
117
141
167
154
82
80
110
0
144
92
135
109
109
140
150
114
6
99
119
111
129
169
106
117
106
0
187
127
129
119
119
106
143
128
1
103
139
107
135
125
142
114
127
0
118
130
154
138
127
101
107
98
5
104
107
128
90
132
106
88
129
4
121
106
120
107
130
127
109
128
7
101
125
104
138
76
120
77
87
8
96
151
121
130
131
136
129
111
5
85
111
120
91
114
114
117
123
3
137
121
88
115
86
141
114
163
10
133
130
142
126
121
121
135
116
4
142
108
117
94
102
122
92
92
0
132
107
126
100
91
142
94
148
8
114
141
107
153
152
126
98
115
10
84
139
129
121
62
131
119
119
6
123
122
107
115
132
107
122
107
7
112
92
146
119
137
120
134
113
0
128
114
103
108
155
153
65
143
7
101
160
120
74
133
128
102
97
5
87
92
92
118
121
126
72
88
7
133
85
120
138
123
109
103
107
3
135
124
143
107
129
91
126
141
5
102
159
140
90
129
121
112
83
1
144
126
121
146
110
102
100
148
5
96
121
112
120
112
102
84
129
10
148
119
151
157
93
103
136
108
0
143
124
107
85
107
122
109
135
8
135
111
138
142
114
140
126
96
5
112
116
114
138
123
81
136
112
5
83
127
134
99
140
108
121
145
2
106
136
120
76
132
116
106
127
7
128
63
119
133
106
128
99
117
8
134
165
107
100
118
135
120
142
8
132
138
117
147
131
99
139
136
8
107
162
113
133
104
98
126
142
4
107
85
106
100
121
157
117
133
7
105
122
121
127
154
93
133
136
10
118
141
108
108
108
134
99
107
2
138
142
121
119
127
107
107
120
9
92
103
117
114
141
138
101
92
5
115
105
101
123
127
102
106
117
2
112
101
60
91
128
112
108
89
4
86
118
112
130
120
84
106
134
5
118
119
150
140
141
117
160
133
7
102
84
119
81
93
101
85
106
9
121
154
134
120
121
111
79
102
9
93
141
86
121
106
88
110
96
4
120
97
120
97
108
119
142
104
5
139
119
136
143
114
100
141
107
3
114
136
99
120
96
110
127
135
3
163
96
138
127
130
115
106
92
4
77
111
171
129
102
129
105
122
6
83
104
105
72
116
114
120
102
9
155
123
88
85
84
112
126
131
1
85
80
93
84
117
168
160
124
8
106
142
128
136
151
115
106
111
1
93
113
117
143
126
105
99
127
5
108
129
81
149
82
117
132
84
3
139
141
67
100
119
85
136
155
5
119
104
120
98
154
112
127
123
3
106
111
134
119
116
108
150
97
9
100
86
110
126
106
113
92
155
10
113
127
140
128
147
127
135
94
9
99
118
135
140
110
111
120
123
10
115
112
132
107
121
154
103
127
9
121
134
128
93
139
107
134
137
7
121
118
147
121
106
104
140
142
2
137
155
152
132
129
93
154
128
1
108
105
136
112
118
129
120
152
9
130
94
107
149
114
148
138
108
7
72
107
116
70
129
112
116
164
3
80
141
90
117
110
121
121
145
6
119
91
140
113
123
137
125
150
10
109
129
121
76
123
122
86
127
8
152
123
107
132
128
127
85
110
2
147
113
100
125
133
127
127
94
8
93
109
80
127
131
139
162
109
6
126
135
97
109
124
140
150
147
3
120
122
114
110
114
145
98
120
5
112
135
152
105
136
125
110
106
7
121
157
84
91
138
90
135
123
7
92
91
149
129
119
152
100
120
5
120
128
92
112
147
128
128
99
10
124
109
116
141
106
133
115
140
3
126
129
89
106
115
169
119
150
8
91
133
92
100
133
154
124
96
2
98
137
120
156
112
127
77
153
2
87
78
134
116
112
163
92
154
6
94
137
84
127
148
107
129
154
10
94
133
132
79
111
131
139
86
8
92
156
118
105
115
129
122
108
3
113
152
127
129
102
124
127
80
8
125
121
106
93
77
130
119
94
1
147
123
119
98
116
92
135
114
3
106
117
119
152
113
111
127
130
10
144
81
122
101
106
129
108
128
1
83
142
120
128
95
124
111
119
7
84
114
99
97
112
114
111
128
7
90
75
107
130
105
102
101
131
10
135
100
108
87
138
114
115
103
4
91
115
83
99
131
139
133
121
6
100
115
113
150
119
80
118
123
7
129
106
86
112
145
105
131
109
9
122
126
113
127
112
130
104
118
9
120
86
101
136
118
128
136
93
5
130
106
123
101
161
114
96
149
3
134
119
103
126
124
148
88
148
3
124
113
98
143
81
101
86
121
9
137
128
101
117
96
135
114
154
9
93
146
93
89
151
130
122
126
7
116
157
109
117
100
106
115
101
9
111
138
81
92
156
104
113
134
10
85
98
113
125
123
105
151
133
0
89
93
118
140
128
87
147
124
8
138
99
177
91
95
120
134
143
6
117
144
100
121
99
109
137
91
2
87
128
126
128
100
122
114
141
10
132
107
86
114
133
135
89
141
7
91
111
138
115
105
109
106
100
3
142
108
106
133
120
136
93
142
2
133
96
86
147
93
120
100
92
8
138
114
105
139
143
104
123
123
5
97
115
141
101
102
127
134
106
5
130
107
121
145
122
113
131
139
7
117
114
150
121
120
112
102
93
10
102
105
120
93
97
89
130
120
7
154
77
122
100
130
109
89
84
4
114
88
116
122
107
123
122
150
5
110
116
116
99
138
112
109
92
5
96
112
112
56
124
132
145
146
1
83
122
107
99
139
113
119
105
2
112
114
112
106
139
112
110
98

