16
8
6
9
3
8
3
0
9
10
5
1
8
3
3
6
6
5
8
7
3
0
7
9
4
2
1
119
162
108
120
143
142
112
107
9
109
120
121
115
120
87
113
133
5
129
120
106
120
85
99
112
101
8
122
148
92
141
120
106
115
98
2
145
118
140
87
155
148
95
93
1
129
136
120
108
150
117
92
104
2
162
119
84
142
120
145
72
143
0
93
109
129
118
98
143
87
94
9
126
115
126
127
131
119
128
102
8
100
121
92
139
85
148
90
79
6
110
97
141
115
129
120
141
70
6
133
115
143
104
143
117
120
131
4
108
115
87
106
113
123
134
141
0
113
131
88
142
155
100
168
107
1
108
117
137
108
127
91
117
122
5
101
140
149
112
113
119
134
108
7
123
98
144
98
131
97
134
139
0
94
122
131
90
136
133
115
121
1
119
92
129
115
112
151
113
125
4
102
123
98
136
127
122
119
141
3
92
98
52
126
107
111
94
142
6
143
111
131
56
134
100
127
123
8
135
122
98
105
113
91
108
108
5
98
109
105
114
92
113
108
139
7
134
104
124
104
147
127
111
136
7
113
141
115
95
152
122
94
136
8
113
106
57
131
103
124
99
135
0
142
87
161
151
118
140
122
131
4
157
120
142
127
115
150
106
115
2
103
111
117
85
119
118
104
127
6
86
136
127
102
126
146
92
118
5
75
110
125
116
110
87
120
141
0
121
95
107
95
116
141
126
130
3
123
81
85
102
127
121
115
86
2
117
147
132
134
112
84
89
119
4
108
106
129
130
93
113
111
91
1
144
99
127
120
152
111
147
154
8
117
115
101
73
99
153
98
128
8
128
114
123
100
114
78
112
81
0
101
117
92
95
122
147
150
137
9
102
82
134
142
85
126
132
133
7
124
144
105
112
141
158
95
121
3
91
92
116
129
77
114
106
144
9
122
135
126
115
110
128
135
114
9
124
113
117
96
122
120
130
116
9
141
127
128
113
101
100
121
86
6
139
123
132
109
113
103
92
109
3
136
106
104
128
104
86
127
120
4
127
110
121
124
107
135
125
135
5
95
78
126
88
134
124
84
118
5
119
127
105
111
132
119
139
113
4
142
116
136
106
98
100
134
91
3
124
127
103
90
114
157
92
124
2
119
44
99
124
124
148
104
148
3
129
83
93
116
114
108
105
125
5
112
134
115
126
114
140
125
138
4
113
141
126
126
92
155
113
120
9
95
127
148
101
106
115
99
151
5
126
142
64
107
86
131
125
134
5
148
104
136
126
85
111
118
128
10
116
106
68
121
100
94
114
112
1
130
147
145
159
132
73
105
86
6
118
107
129
112
126
107
142
129
2
91
157
115
59
115
128
125
117
5
130
119
128
148
137
116
140
114
1
102
157
143
107
148
134
128
107
1
132
143
123
96
133
131
119
96
8
105
90
92
134
99
123
154
93
8
121
132
108
135
150
130
127
135
6
142
98
89
153
123
129
113
119
4
134
126
132
119
154
79
109
141
4
108
123
119
111
116
134
105
134
9
107
101
149
106
93
122
112
113
6
136
94
128
79
86
129
132
135
5
151
115
169
127
132
95
135
138
7
150
92
131
161
128
100
79
80
3
114
77
95
147
120
89
150
95
9
119
130
112
77
143
126
106
93
8
91
125
92
118
119
129
148
139
3
90
127
105
94
79
113
115
73
2
106
91
136
102
114
121
114
121
8
118
153
117
140
141
115
128
125
0
121
132
124
154
143
74
108
119
7
129
131
117
144
120
98
128
142
6
115
120
104
133
151
134
119
141
9
105
127
125
139
143
127
112
141
8
118
166
138
129
127
121
131
135
1
100
99
102
74
92
113
95
112
5
103
64
118
106
95
100
122
87
9
128
114
102
144
119
120
114
94
6
133
106
128
86
129
111
77
93
4
106
94
142
144
96
137
91
127
1
93
119
98
114
97
134
102
106
4
107
109
100
112
119
105
136
109
8
118
85
98
161
138
133
120
116
4
134
103
115
120
141
120
95
119
9
117
105
77
138
105
171
105
126
0
100
97
136
128
118
155
134
116
3
120
99
121
134
130
142
134
99
7
125
105
120
119
107
105
127
141
10
148
153
129
113
89
129
128
127
2
110
89
104
159
116
120
122
119
4
128
154
129
107
85
113
92
112
1
108
126
115
114
117
117
128
105
9
112
116
148
115
136
85
76
156
3
169
104
65
107
114
95
174
96
8
107
99
98
108
111
114
91
152
8
107
77
103
92
143
109
112
97
4
101
110
134
106
120
112
128
126
8
77
136
124
78
107
90
108
113
7
102
119
139
91
107
97
108
131
7
169
138
120
141
120
112
106
89
6
135
114
108
115
114
65
124
121
3
93
84
104
114
126
163
106
95
9
99
91
104
155
90
121
126
114
6
142
127
126
99
154
132
117
158
0
125
120
138
114
122
156
102
117
6
141
113
122
108
128
134
109
127
5
120
106
111
91
146
154
128
122
2
89
119
74
134
119
126
122
106
7
134
127
135
115
128
97
156
117
3
125
128
105
123
94
141
142
133
9
93
79
112
118
128
137
118
82
2
100
112
107
122
119
109
94
134
9
101
91
84
147
143
120
113
139
5
173
147
113
121
126
144
73
93
1
127
115
141
134
119
108
134
141
10
146
110
99
155
119
115
122
145
9
127
163
105
121
72
113
58
125
1
122
121
122
143
130
143
91
134
7
106
84
106
116
94
128
127
99
3
136
93
112
109
157
161
120
96
10
172
116
145
100
90
119
126
145
7
108
101
104
129
142
112
91
106
1
125
130
81
95
121
130
171
115
7
120
130
100
143
104
111
114
140
10
112
126
147
115
117
124
112
135
2
121
100
145
121
114
170
95
106
0
114
99
114
99
131
120
124
130
9
131
129
100
120
104
120
119
101
0
125
124
127
125
113
103
97
142
7
158
120
92
127
149
107
146
114
0
115
108
115
115
123
136
112
121
6
108
128
158
129
103
114
77
121
4
92
134
133
169
107
120
123
100
6
105
133
114
114
128
138
111
101
5
138
71
140
138
124
91
119
123
8
135
183
94
109
70
107
104
108
1
94
98
135
145
123
86
95
123
6
106
107
140
143
74
106
141
100
1
119
106
94
131
109
133
174
134
5
114
87
111
134
127
111
120
142
1
126
81
105
121
117
122
115
95
5
113
156
133
107
84
74
124
111
5
80
105
101
140
99
104
101
122
1
123
120
115
141
120
66
121
149
4
95
92
152
128
99
119
93
79
8
115
141
125
117
154
122
121
148
7
135
106
124
139
129
98
113
131
8
106
116
106
132
89
139
134
110
9
119
120
117
98
142
130
129
111
7
148
154
100
146
150
121
128
135
5
125
133
132
140
133
134
125
97
5
98
116
107
107
116
126
137
128
5
120
106
91
122
121
111
130
119
3
128
123
79
112
115
100
135
136
1
119
89
104
98
82
136
131
111
5
139
104
77
92
128
81
100
119
0
140
149
113
135
144
126
128
133
8
113
105
113
115
151
128
92
111
4
114
114
129
129
124
113
90
109
6
143
128
112
131
129
130
90
85
5
92
135
139
109
103
84
165
100
2
124
101
119
133
99
122
148
117
4
134
106
113
148
84
122
77
98
4
107
103
79
122
84
122
96
147
6
132
109
126
160
127
121
128
148
0
134
163
117
112
165
117
111
138
5
124
163
142
113
81
80
90
112
7
105
130
126
134
135
109
132
135
4
74
100
130
120
100
133
114
107
7
125
116
125
99
101
98
113
133
2
115
114
108
90
127
110
58
116
7
105
136
126
106
120
129
105
116
3
114
120
139
95
104
100
98
118
3
122
104
113
130
142
114
102
110
2
120
111
120
135
182
108
121
99
0
92
129
121
151
108
126
135
141
2
139
80
93
106
85
126
106
107
10
132
106
136
148
103
120
120
126
2
112
148
119
129
128
118
93
115
1
120
105
111
122
153
155
119
72
6
94
104
92
96
107
87
102
126
5
126
96
78
151
126
102
136
108
1
134
119
94
119
114
92
115
95
8
139
98
106
108
163
96
120
135
8
141
137
95
97
134
108
129
121
5
136
116
127
114
114
97
94
135
8
101
158
105
127
102
104
111
102
10
112
134
154
118
85
121
140
114
3
122
141
125
120
141
136
95
126
1
114
108
141
103
100
98
92
112
8
137
115
117
92
106
77
103
108
5
97
140
94
120
135
84
106
114
8
107
93
127
98
137
123
106
126
10
87
118
84
110
115
120
95
77
7
157
103
91
111
92
133
135
123
7
119
102
126
121
94
124
127
108
3
119
169
121
121
178
85
128
95
3
152
101
105
123
92
104
140
157
1
91
94
96
122
102
113
124
125
2
128
156
116
106
134
142
142
112
2
96
148
106
117
139
105
116
107
1
144
129
113
118
148
98
142
124
4
119
71
110
102
128
142
119
90
8
102
123
93
124
100
87
124
110
1
105
140
148
114
108
115
120
85
7
128
121
78
154
136
123
140
122
4
114
103
170
127
123
95
121
113
6
121
93
92
117
106
100
142
94
10
68
90
128
93
150
86
94
119
4
116
118
116
149
143
128
128
128
6
103
127
119
112
93
127
131
92
3
121
79
121
136
99
148
124
127
8
111
107
120
139
109
90
144
75
3
128
93
137
128
126
121
124
126
8
68
158
107
115
141
90
94
93
9
98
108
139
146
96
104
140
88
1
120
154
124
153
126
135
122
128
1
121
121
104
92
126
122
132
106
1
84
98
127
108
122
135
123
122
8
122
101
120
107
127
93
121
70
5
74
125
116
129
119
117
140
86
6
114
102
108
128
86
110
112
100
8
139
118
147
146
108
147
142
133
5
99
132
124
92
113
136
115
117
1
141
102
122
159
142
97
122
107
2
143
108
163
101
107
134
113
109
4
107
119
123
113
124
118
125
105
5
155
126
92
107
72
138
85
149
3
117
100
148
95
113
134
120
168
7
147
105
142
127
133
134
127
115
10
149
121
127
128
71
112
115
77
10
150
121
93
106
138
131
128
107
4
144
128
112
136
106
114
78
130
3
122
84
98
115
76
134
109
134
7
86
107
150
110
113
124
128
109
1
135
127
93
87
141
110
127
142
1
124
114
79
105
105
116
119
107
4
142
153
88
145
125
96
93
133
4
118
144
121
139
111
136
98
116
7
159
101
122
92
91
118
134
117
3
71
124
142
133
109
113
109
118
2
103
141
88
103
112
99
120
103
1
105
135
114
122
96
100
106
152
6
128
130
116
121
121
142
128
89
9
133
100
130
140
156
141
102
128
3
127
85
100
88
143
114
113
105
9
101
120
113
49
138
107
120
141
2
128
128
101
127
141
70
117
122
1
107
127
112
106
72
142
105
87
4
107
114
108
108
126
140
88
87
8
136
109
140
136
94
79
117
86
6
121
136
119
120
149
93
149
111
6
119
127
111
72
115
78
94
92
6
99
98
111
121
97
88
137
121
5
139
89
121
119
107
156
115
107
3
127
121
113
112
108
94
119
126
4
92
131
118
105
129
135
126
96
3
100
106
139
113
165
98
85
149
6
126
141
93
110
133
137
133
126
1
102
117
106
113
99
162
142
140
2
77
110
136
144
114
129
118
124
0
117
127
120
101
116
133
134
113
3
118
129
147
144
124
113
125
156
2
151
127
115
147
93
148
152
134
7
124
92
134
135
154
113
131
135
0
136
105
86
130
102
120
113
126
4
134
142
142
114
115
128
88
127
1
115
98
122
132
130
133
132
104
2
122
72
120
116
111
127
126
103
7
107
110
114
157
141
129
128
104
1
98
111
107
82
71
116
161
115
3
112
99
144
125
125
116
103
113
3
148
137
113
123
103
121
98
106
5
98
135
102
113
124
160
87
112
0
147
120
136
117
135
130
136
127
1
127
113
121
134
108
115
100
128
9
116
112
139
138
154
133
104
127
4
135
168
108
127
126
132
80
108
1
117
108
119
122
101
106
83
122
6
139
128
132
105
99
117
158
108
5
81
123
147
121
85
100
115
128
1
100
98
113
89
122
88
104
125
4
101
141
127
129
126
108
112
111
3
119
82
144
91
162
145
106
115
7
143
127
132
113
130
141
122
102
3
141
129
134
126
121
136
112
120
9
122
93
118
106
129
124
112
111
4
109
129
135
92
120
156
99
127
10
115
113
127
136
100
129
121
105
5
93
121
114
149
104
131
92
97
7
117
105
133
119
111
112
102
106
8
113
100
134
115
78
105
146
120
9
142
85
125
113
129
115
120
123
6
119
110
118
114
114
133
134
129
0
105
134
122
158
104
107
144
136
0
128
120
150
107
103
110
108
137
9
129
95
91
112
129
88
98
79
0
136
116
115
112
104
123
124
89
6
89
129
112
122
120
120
99
114
4
91
110
138
80
127
102
145
156
5
127
170
138
98
73
121
128
99
2
149
141
98
137
108
130
101
115
5
106
128
138
121
128
133
147
133
7
104
96
141
141
118
94
114
108
5
71
135
83
146
107
116
117
116
4
68
151
119
104
103
126
99
86
7
135
89
107
106
107
108
113
122
3
116
65
96
92
129
120
98
116
3
86
174
140
135
112
135
135
105
1
105
108
126
134
113
112
122
141
5
128
150
122
117
138
119
127
121
7
148
127
141
142
114
132
119
156
5
118
115
135
156
105
117
102
156
7
150
100
141
135
120
155
115
107
10
122
141
146
108
102
94
94
136
1
93
143
110
92
108
152
96
100
5
146
124
112
82
88
145
103
91
8
124
92
109
134
104
84
114
125
0
122
114
71
89
137
109
117
112
6
163
106
117
114
134
122
119
98
7
96
102
94
103
121
137
105
111
8
100
136
100
94
142
105
122
107
3
110
79
121
87
159
116
109
135
5
93
83
138
134
87
127
111
110
1
131
176
134
127
122
95
142
76
4
127
147
121
114
107
114
115
102
7
130
150
90
106
121
128
121
123
2
84
114
107
149
130
152
141
121
2
111
125
136
128
86
135
125
107
6
105
104
133
137
123
123
143
89
4
138
83
87
69
164
116
116
157
4
138
114
134
113
55
132
137
121
6
121
101
119
133
134
83
163
113
8
122
121
98
151
136
110
135
93
9
105
103
111
110
124
107
116
131
8
142
104
93
138
99
120
115
105
4
102
126
149
121
169
135
96
84
5
140
108
113
121
93
93
103
82
2
133
144
105
107
115
171
130
114
8
126
142
162
109
105
91
137
116
2
110
107
79
140
129
112
125
73
2
141
125
115
114
110
105
139
133
5
109
76
133
91
107
116
152
106
7
140
96
113
121
95
94
143
90
0
116
96
107
144
154
147
68
141
7
108
125
138
135
114
114
57
98
4
161
123
109
137
127
130
126
122
2
94
101
101
125
113
97
150
105
7
109
113
86
128
112
123
124
138
2
108
116
120
163
122
114
121
170
0
125
119
115
148
83
116
107
129
4
96
79
163
121
73
108
156
145
8
134
115
129
140
107
107
132
90
6
100
99
143
99
118
125
113
110
7
119
135
138
141
107
140
127
134
10
129
92
128
108
140
128
154
150
4
89
117
125
111
128
120
128
112
4
98
140
98
125
107
98
109
106
3
81
133
125
129
92
101
134
106
5
98
121
92
103
115
85
127
107
2
100
156
120
99
144
118
113
106
9
115
154
127
141
124
121
92
153
4
91
78
113
144
120
156
118
103
7
127
85
150
149
87
107
154
142
2
109
100
119
92
135
127
101
150
1
144
131
120
124
121
127
143
137
9
149
112
107
86
126
155
71
98
7
140
93
122
122
106
127
142
121
7
164
162
99
119
121
93
114
133
7
121
117
107
142
142
106
128
119
6
131
144
107
112
98
105
135
119
6
129
105
117
102
87
130
125
93
4
123
111
99
128
109
77
146
162
2
108
128
134
115
90
115
148
121
1
114
148
99
125
156
131
116
79
9
108
98
107
66
145
134
104
109
4
125
98
120
143
123
93
135
130
5
108
142
101
120
151
130
119
71

