7
5
7
5
3
3
7
2
2
8
7
2
4
4
4
2
6
8
10
7
4
2
8
7
4
8
1
107
127
109
130
133
135
151
91
8
145
114
107
125
128
120
170
142
5
107
113
121
148
93
141
115
136
7
83
122
113
95
94
121
152
123
7
160
97
108
155
112
85
116
112
5
70
121
125
82
106
117
108
117
0
99
105
129
103
119
108
119
100
4
131
113
127
115
127
111
105
120
2
106
77
136
107
126
112
107
121
3
128
90
114
132
143
156
123
89
5
114
103
121
141
110
136
155
106
2
113
99
74
121
128
120
115
158
1
121
108
121
105
118
109
143
100
7
125
124
141
80
131
123
133
121
0
137
120
106
134
91
147
136
92
8
150
143
95
135
120
139
99
108
10
97
87
94
107
119
143
89
110
6
131
159
120
132
147
126
134
115
3
50
119
133
186
103
127
99
113
6
86
151
107
154
144
156
137
110
6
115
112
120
98
112
130
108
112
3
122
109
139
114
128
86
112
71
0
170
109
142
104
109
127
105
108
6
120
146
131
90
95
143
89
100
8
106
133
122
98
122
83
123
97
4
87
112
155
91
77
103
127
113
5
134
102
105
147
97
139
168
108
3
118
109
112
114
143
105
105
141
1
115
126
74
115
94
85
111
156
5
85
135
94
114
99
118
133
131
1
147
91
138
102
128
139
107
112
5
80
142
97
114
122
109
117
108
1
103
126
129
116
126
118
104
132
5
114
98
91
116
131
114
148
145
9
115
109
148
109
108
88
75
126
10
119
124
127
137
95
115
142
126
3
125
116
103
103
113
117
100
120
0
147
113
140
103
129
148
77
143
1
123
95
105
108
141
119
151
100
3
110
115
82
148
137
115
165
122
7
92
107
110
100
113
63
84
160
8
133
129
131
130
106
108
112
119
4
128
70
126
115
125
129
100
106
1
106
106
99
106
103
87
91
78
9
87
142
106
114
143
113
94
107
2
120
95
86
122
133
108
121
113
3
93
112
85
100
137
155
120
134
6
100
100
129
132
98
132
117
114
5
102
95
128
136
128
135
133
76
4
143
150
127
118
114
98
93
92
6
106
135
92
134
121
105
120
140
10
95
124
124
100
99
71
131
100
9
116
98
135
84
91
113
106
92
5
142
128
120
92
135
101
77
122
7
85
107
121
100
120
121
127
117
9
142
99
89
120
120
118
111
124
1
120
143
65
130
103
104
86
117
3
102
99
111
104
113
128
146
145
3
109
110
121
113
121
116
113
95
7
133
125
135
117
131
80
152
103
10
133
133
108
143
121
164
79
120
2
76
129
109
113
120
115
122
103
3
113
134
93
141
129
120
103
106
0
117
95
120
156
133
148
149
79
4
126
148
156
133
110
113
106
135
3
84
148
130
141
100
147
113
109
1
104
134
101
156
102
141
115
113
5
98
77
105
101
110
144
101
131
2
118
119
106
108
86
128
72
135
9
150
85
102
119
86
137
98
128
2
113
106
96
128
117
143
156
113
7
105
91
107
89
68
92
86
175
1
120
113
94
116
149
121
107
129
7
105
140
115
92
111
150
111
106
3
103
99
101
120
113
119
86
119
6
153
154
106
122
87
116
144
132
0
83
127
83
103
117
131
100
144
2
130
122
88
135
101
141
120
170
2
123
124
110
99
78
144
122
94
2
129
117
117
105
118
108
106
140
2
74
127
114
116
159
111
110
143
10
133
126
54
112
161
96
132
117
2
117
143
149
99
106
92
113
136
8
101
115
140
144
123
95
94
133
8
95
128
79
79
155
157
105
129
6
107
135
131
106
111
141
121
103
9
119
85
120
128
106
136
141
98
9
140
150
119
128
131
94
155
121
10
145
135
99
113
126
143
123
115
9
95
123
129
99
105
124
80
113
0
115
113
127
143
120
127
87
134
10
112
115
134
103
99
109
103
86
1
115
120
133
120
128
112
129
77
4
96
101
135
120
150
122
134
149
5
99
106
117
78
90
70
106
115
9
114
107
153
139
128
145
120
171
0
95
113
63
121
166
136
129
120
0
128
119
85
114
121
106
82
150
3
86
122
89
128
107
108
141
130
9
96
118
99
125
112
111
156
136
10
91
119
86
95
126
133
119
78
3
110
113
126
149
134
114
94
125
9
97
103
101
115
125
118
108
108
4
99
125
101
130
106
94
106
108
3
113
85
134
120
153
113
89
103
6
100
114
115
129
156
82
141
161
6
106
133
109
99
107
109
108
91
8
143
105
156
122
85
99
115
130
8
121
109
149
98
142
141
106
94
8
112
108
135
131
87
128
110
127
8
127
105
104
102
144
135
78
66
5
135
139
114
104
160
114
135
126
7
109
121
110
86
104
124
119
145
10
112
143
125
107
84
141
155
118
9
79
100
133
119
117
74
143
117
10
121
134
154
94
106
141
129
63
1
139
122
86
151
147
92
148
114
3
88
146
120
129
114
125
138
100
9
136
113
109
100
136
104
106
94
1
87
120
121
84
91
117
130
68
3
138
131
142
77
122
132
96
128
9
133
121
143
127
105
106
112
108
8
113
119
141
102
139
112
136
114
8
105
112
129
72
120
79
132
126
8
127
156
128
113
120
148
134
106
0
98
128
126
105
135
151
108
140
6
86
128
124
107
134
92
109
122
2
87
139
121
151
124
146
72
128
5
107
122
127
124
93
162
112
104
6
120
145
89
86
85
94
128
104
9
107
77
91
134
83
121
86
130
8
112
129
98
148
113
102
149
90
5
65
127
108
87
111
127
89
97
6
144
128
144
123
114
99
91
172
2
135
111
92
88
115
106
100
87
9
121
115
121
89
150
127
120
153
9
137
121
110
107
108
125
139
118
9
100
122
138
133
114
102
118
112
8
135
122
114
171
108
109
117
120
8
79
132
152
128
111
112
94
128
1
140
101
89
138
136
118
139
114
1
153
164
112
103
152
103
111
114
9
115
136
143
112
95
114
118
122
9
144
132
120
107
121
111
121
121
5
119
119
137
149
71
127
148
143
8
120
140
92
170
113
141
126
139
0
139
116
91
135
91
114
129
99
3
136
121
108
107
119
106
121
152
10
134
109
77
87
114
123
120
155
2
124
116
135
114
95
92
114
115
1
93
107
108
127
109
100
124
88
7
125
142
126
118
113
140
138
142
9
127
127
99
129
109
119
93
113
1
135
120
128
126
127
100
103
131
8
118
112
124
129
130
141
119
71
3
100
100
169
106
127
106
135
93
6
116
113
85
99
114
137
110
81
5
113
106
124
99
122
78
97
125
9
84
127
110
164
131
72
99
113
4
148
99
110
86
120
146
137
142
2
106
137
106
111
93
96
74
120
7
97
128
83
146
112
110
158
131
3
111
126
142
142
133
81
127
117
6
99
85
122
128
119
106
116
73
5
117
147
113
92
94
95
93
137
1
82
132
136
98
129
101
163
107
0
98
148
120
104
144
104
132
93
6
125
133
124
137
100
111
105
106
2
111
126
121
85
102
91
127
108
3
116
168
136
104
109
141
119
143
9
154
131
102
156
114
122
141
99
1
114
124
99
122
66
121
116
149
9
124
122
93
100
146
99
95
140
2
107
103
116
109
130
109
93
121
5
103
121
140
113
79
129
135
99
1
113
90
147
69
113
109
99
85
7
98
82
91
89
113
122
115
146
4
86
99
132
114
113
129
121
145
7
130
106
71
121
107
99
141
116
5
125
108
145
107
112
139
111
128
4
96
99
107
117
100
99
92
161
8
149
111
132
105
99
113
86
91
4
114
121
141
113
84
131
118
121
6
133
98
106
148
108
128
111
100
8
93
119
126
120
116
137
113
86
4
97
137
130
126
140
141
151
92
9
98
92
72
130
100
122
126
111
8
124
118
86
119
125
135
104
115
2
117
149
131
106
137
93
117
126
2
146
104
95
114
128
99
87
139
7
120
88
137
120
119
114
101
122
2
123
68
129
112
112
115
155
106
2
127
107
109
157
117
106
136
114
1
84
153
119
85
134
144
101
104
4
111
104
87
104
82
144
113
134
1
106
111
125
113
135
132
104
114
5
138
114
120
149
93
109
93
111
6
120
105
114
124
101
118
78
107
3
120
135
115
105
125
131
113
121
8
135
107
81
111
111
143
104
135
4
141
126
100
129
178
101
109
115
7
118
119
128
128
105
121
140
93
3
108
133
90
84
124
111
141
98
2
122
148
91
120
86
99
120
127
0
136
102
106
130
143
105
78
123
7
116
123
113
107
144
93
96
120
7
94
139
115
146
129
82
105
59
1
120
95
135
150
120
126
113
114
9
127
144
148
116
112
140
89
127
7
99
93
101
122
156
120
113
118
7
119
109
107
107
141
137
142
116
10
119
89
77
96
121
120
90
116
9
134
119
129
71
100
127
118
130
3
170
113
164
134
113
120
122
132
1
114
119
127
110
100
148
100
92
6
105
154
105
98
111
81
96
114
6
87
84
96
112
126
112
163
142
9
135
123
120
93
165
127
127
135
7
127
138
135
107
118
107
104
124
1
107
128
156
121
122
127
126
124
2
85
142
98
106
114
117
107
160
0
135
95
126
123
112
87
96
103
9
102
129
130
114
114
113
122
101
2
120
88
159
80
96
116
107
142
7
126
124
112
114
124
69
108
135
1
151
102
134
113
123
114
91
81
10
86
100
115
105
108
96
86
107
3
129
109
118
119
95
101
79
125
6
123
126
60
156
126
99
117
126
1
112
138
135
107
120
86
86
106
2
86
138
103
85
132
135
113
101
2
135
105
153
132
86
100
145
113
0
134
84
120
142
91
117
139
105
5
152
119
113
109
141
142
135
80
6
114
132
130
126
113
90
111
94
3
130
146
127
105
106
92
129
119
9
92
121
113
155
88
104
139
95
0
104
130
120
123
101
148
137
147
5
165
76
111
93
134
91
99
113
9
90
109
159
95
121
137
149
114
4
106
125
134
101
115
105
130
122
7
78
132
125
128
99
119
122
109
3
101
106
133
109
116
130
93
79
6
88
83
120
86
105
121
136
125
4
134
121
115
95
83
121
125
146
6
138
114
136
133
118
146
121
113
8
130
93
134
120
148
103
140
90
8
127
102
118
93
152
119
107
143
2
70
132
108
108
108
120
121
137
9
150
120
128
106
123
136
148
102
8
120
136
140
111
141
114
118
162
8
142
140
101
128
110
134
115
120
6
150
79
145
162
131
106
103
116
8
103
95
122
121
123
132
95
145
1
112
107
105
99
86
129
120
121
3
124
108
120
128
99
158
129
103
8
150
149
163
123
78
85
93
118
0
129
101
122
108
127
142
105
143
3
85
105
111
119
104
121
122
120
7
102
117
136
104
128
110
129
94
6
101
107
122
128
129
121
128
128
7
163
104
129
81
106
86
135
114
5
108
134
109
99
106
103
78
114
8
132
86
91
117
109
121
92
135
1
98
101
141
114
128
107
155
99
5
98
133
104
129
64
121
126
116
8
88
111
129
98
131
117
110
136
4
144
140
137
105
101
100
140
115
7
107
135
126
111
165
120
160
119
2
123
106
124
146
78
126
106
150
7
105
113
70
115
134
92
114
99
1
89
137
122
124
123
108
82
123
10
98
144
112
107
119
126
111
99
10
113
103
91
127
84
102
83
97
8
114
99
102
86
125
135
105
134
9
136
80
106
108
107
112
87
119
1
94
111
94
139
115
120
137
102
10
146
106
114
129
105
107
101
101
6
132
162
114
136
128
133
80
85
6
141
128
122
93
119
136
109
123
5
112
126
139
117
81
134
93
154
2
112
106
126
94
108
124
135
119
0
129
121
134
125
127
105
95
121
3
107
121
93
101
110
154
141
122
5
105
100
106
118
133
141
89
117
6
89
160
113
86
125
101
104
122
7
94
106
104
132
84
111
121
131
10
129
79
108
89
117
97
120
142
7
80
135
117
148
119
144
110
150
4
120
141
109
96
129
141
109
88
0
123
93
134
122
103
128
165
127
10
85
88
119
130
106
101
114
76
7
123
103
113
115
155
110
151
193
3
156
93
114
100
162
150
107
138
5
124
92
117
97
107
61
141
120
1
107
115
132
133
141
98
137
106
5
113
157
141
136
122
71
115
93
8
114
123
91
112
85
86
104
112
5
138
169
85
148
105
101
94
134
9
136
94
63
90
120
128
120
121
0
131
154
105
158
133
128
103
97
7
64
113
102
95
108
163
151
116
3
122
125
93
124
99
83
91
119
0
100
105
103
117
131
136
81
112
2
115
126
99
127
132
99
110
113
4
101
130
75
84
132
116
95
105
1
162
127
108
140
127
154
123
147
3
142
106
93
134
133
88
97
109
2
105
120
85
127
115
105
115
192
7
122
128
108
129
133
155
95
117
8
122
140
100
113
138
82
131
127
4
112
103
99
100
119
86
120
126
4
125
106
149
128
91
88
121
86
8
114
98
119
101
127
135
112
141
0
127
115
107
143
42
108
109
107
8
126
115
106
111
120
103
139
135
1
128
138
105
105
116
116
133
126
4
114
104
133
113
98
141
119
91
2
100
128
101
90
100
120
92
163
5
148
106
147
99
106
136
118
65
3
108
110
116
139
131
101
129
99
3
105
133
129
86
110
145
114
137
8
112
100
134
108
123
155
134
140
0
107
101
123
106
88
98
112
119
5
113
135
79
142
158
81
132
113
3
99
134
121
117
151
127
154
142
10
101
118
121
157
139
100
123
134
3
107
73
105
120
114
153
97
147
6
106
79
97
104
142
108
136
115
6
91
91
127
108
100
116
149
80
2
118
126
119
111
107
137
125
80
4
141
112
134
99
86
106
141
102
1
127
114
78
135
110
122
145
107
8
116
131
106
135
105
79
150
159
10
148
127
137
72
105
150
139
154
6
134
98
127
155
111
135
88
76
8
98
130
102
127
132
144
151
126
2
110
147
140
125
148
127
143
104
10
122
116
157
132
137
133
122
107
9
107
105
121
90
100
97
94
99
4
86
132
126
138
143
90
126
92
10
157
87
60
98
105
116
117
107
9
120
137
144
117
161
128
96
122
3
137
106
158
104
95
93
95
108
10
117
105
135
89
96
127
106
120
2
122
134
86
119
116
141
140
131
10
114
116
130
103
100
109
128
141
9
100
130
140
106
106
107
126
98
7
117
122
183
149
122
144
91
131
6
148
113
100
119
136
149
135
80
10
127
116
92
115
89
84
138
107
6
134
117
125
115
135
149
133
121
1
142
112
121
86
114
91
134
138
8
110
139
113
129
131
91
119
134
10
119
134
134
171
121
105
104
96
6
120
98
127
117
122
113
108
107
5
131
64
128
103
126
120
120
147
9
97
107
119
115
148
101
114
154
3
162
92
113
114
100
122
122
134
0
120
104
108
100
78
84
105
86
1
67
132
114
93
105
81
107
57
9
144
129
120
131
129
115
122
136
0
127
121
122
123
135
149
121
119
10
114
114
102
127
121
143
128
103
1
99
90
142
134
99
104
106
107
6
135
114
115
104
138
100
137
81
1
123
117
113
114
107
81
115
111
7
123
96
122
90
93
114
105
102
9
129
135
86
110
127
99
133
105
8
163
141
132
124
80
120
115
126
4
116
99
141
118
77
128
135
60
8
104
105
122
120
104
143
88
108
9
120
141
79
91
141
91
134
146
6
113
106
124
92
105
143
106
162
4
149
136
89
122
146
115
127
128
4
133
136
114
125
113
115
120
134
6
125
102
128
119
106
98
143
124
2
112
123
78
89
79
91
131
117
10
123
109
92
100
188
113
76
131
7
120
134
82
99
160
132
95
137
5
106
108
87
77
125
136
135
160
5
109
150
141
142
128
118
105
133
4
85
92
109
107
117
126
115
112
1
84
133
116
86
91
108
115
121
2
158
148
101
131
116
105
131
102
9
91
84
105
125
85
107
98
113
7
98
119
97
141
106
127
114
91
5
86
99
140
113
107
128
101
155
2
108
128
100
127
110
110
138
106
9
98
126
95
141
98
120
113
93

