10
2
7
3
10
1
10
0
4
10
6
0
3
7
7
9
8
4
9
5
0
8
8
8
7
7
1
96
119
152
107
82
94
107
132
5
108
96
85
124
72
71
119
133
2
115
156
114
131
132
133
140
127
1
90
121
124
120
122
148
96
143
1
122
129
93
103
121
92
114
83
0
125
115
128
157
127
100
129
99
2
137
137
108
140
120
107
140
137
9
112
141
108
121
113
134
63
111
2
89
115
123
128
123
154
164
117
1
105
121
129
99
139
78
139
101
3
99
138
131
96
110
129
98
159
1
130
125
92
127
142
138
120
121
6
81
121
85
105
134
135
114
139
6
130
102
129
131
99
150
156
115
0
128
105
131
128
126
95
106
98
10
109
71
106
120
127
110
141
119
5
87
79
136
139
112
100
141
111
5
84
155
100
130
133
134
106
122
5
105
107
134
113
116
130
106
148
0
141
120
128
114
114
100
163
141
10
121
110
140
100
90
122
126
94
8
107
136
163
87
88
101
106
86
5
130
135
108
74
139
156
113
106
8
133
111
99
113
123
92
125
106
6
141
121
131
110
97
104
128
110
6
115
104
125
124
95
106
142
65
6
118
95
106
122
127
135
87
106
3
88
84
114
99
141
113
135
110
2
104
110
119
137
112
107
120
107
6
143
108
106
135
121
129
112
110
0
100
128
130
106
95
104
106
132
7
157
134
126
132
108
111
120
108
3
130
104
115
118
106
90
131
98
4
110
113
85
97
78
109
85
137
1
120
159
127
115
131
93
117
140
2
119
132
85
133
128
100
98
83
8
126
120
100
87
150
119
108
152
4
130
113
108
129
146
126
139
59
5
108
112
134
120
130
113
130
112
2
113
134
101
100
81
105
122
112
1
98
158
130
75
137
107
116
106
3
126
87
140
114
101
127
135
120
6
121
134
92
126
135
126
88
115
5
121
143
109
134
66
111
102
120
3
119
88
122
93
114
155
102
102
8
120
104
98
96
99
99
145
96
4
135
85
107
136
141
141
114
97
5
111
121
127
119
122
116
90
103
6
107
120
165
135
81
109
138
105
5
109
83
107
130
106
114
90
127
1
134
108
126
116
112
133
134
105
3
111
116
122
113
110
127
128
114
3
110
99
126
91
123
91
128
123
7
111
86
112
135
114
128
120
90
6
141
146
112
112
135
136
128
97
8
111
128
132
101
135
121
107
127
6
101
91
156
109
119
137
114
113
0
126
98
82
169
85
107
121
149
5
93
140
105
132
95
107
137
139
5
98
140
100
104
128
118
89
118
3
142
130
88
116
147
121
94
161
3
115
142
89
142
147
102
141
136
5
113
72
132
112
114
111
140
104
8
128
133
119
89
125
116
123
111
0
131
126
128
93
114
107
109
122
6
92
121
140
170
117
109
110
162
8
128
114
98
122
93
100
121
118
0
111
126
138
118
122
81
115
123
6
111
127
105
106
89
134
142
149
8
106
100
87
124
142
142
133
131
7
108
116
98
130
106
99
123
138
8
133
87
102
104
103
114
139
112
2
98
103
127
103
86
141
111
119
2
123
113
128
84
163
122
110
154
5
144
112
110
142
125
100
107
130
8
123
119
104
121
101
89
99
144
1
85
142
116
111
99
140
99
111
5
156
130
147
112
75
98
122
115
9
88
164
117
155
133
128
104
131
6
129
97
134
103
91
141
122
119
0
102
89
102
98
130
125
100
105
10
99
107
86
108
136
116
139
99
5
128
142
112
110
127
135
87
140
4
100
93
131
68
116
86
119
125
6
97
137
93
128
106
135
101
120
1
116
117
93
99
74
134
136
114
9
139
145
105
121
119
150
138
113
8
119
91
163
138
108
104
152
136
8
113
106
114
148
114
114
122
122
8
121
100
94
109
113
123
59
154
2
142
80
135
133
143
124
144
139
1
119
124
103
99
109
112
138
83
1
129
123
134
113
111
86
114
102
5
96
108
163
106
100
121
114
138
4
95
148
85
113
106
105
131
151
7
150
114
107
124
89
123
139
100
6
116
141
105
123
113
109
146
132
10
117
113
120
103
127
113
106
132
10
104
87
92
101
95
161
162
132
3
108
136
142
154
105
77
126
107
9
110
104
120
127
122
118
79
134
8
128
113
141
140
98
138
113
112
5
106
119
119
120
121
148
131
114
1
85
117
160
99
101
119
172
126
3
126
133
152
124
105
87
113
117
6
110
100
108
120
108
127
101
139
7
164
122
113
108
80
126
85
132
4
100
110
115
140
92
148
134
113
4
112
124
101
128
120
135
115
100
3
125
129
110
127
98
125
101
140
7
142
75
149
128
99
120
142
130
1
72
113
124
141
106
127
100
106
3
154
135
132
115
87
106
105
124
1
121
118
144
135
99
124
102
58
3
95
126
99
94
129
123
123
145
7
144
110
81
80
142
109
100
108
6
109
158
120
93
110
107
95
117
5
127
106
99
105
108
123
98
139
10
109
126
100
127
112
120
113
130
2
143
80
135
128
96
134
102
134
4
127
120
74
134
156
113
119
99
10
115
108
135
142
93
105
87
142
7
107
82
92
66
134
106
115
100
7
129
106
78
83
121
135
120
91
3
122
149
128
115
120
86
119
85
10
135
115
126
147
113
101
117
159
7
98
101
116
107
91
136
95
108
1
91
150
98
113
114
143
148
134
2
90
92
120
91
106
102
120
117
7
96
92
96
108
62
101
133
112
8
114
127
98
112
120
153
92
122
1
128
112
132
122
138
94
105
121
0
80
110
93
108
100
104
122
124
2
118
120
134
120
111
120
128
141
0
92
116
120
129
93
102
128
117
3
92
121
100
115
125
105
122
100
8
97
154
120
156
116
126
136
96
6
106
148
127
154
170
109
115
99
3
141
88
127
108
121
118
110
142
8
120
113
138
141
108
82
99
105
2
148
138
97
100
105
128
131
114
9
121
118
135
123
101
106
117
94
5
99
128
133
168
105
128
86
100
4
133
128
121
114
106
121
119
115
6
145
119
103
106
108
122
137
108
5
118
94
126
146
102
107
87
140
5
129
145
92
127
133
163
128
98
2
141
122
119
120
92
95
100
96
8
128
84
97
117
106
114
132
129
4
145
142
99
107
109
105
129
128
7
135
124
134
104
123
120
114
120
9
122
127
97
87
115
88
134
116
2
142
112
111
86
136
129
126
109
2
116
129
139
101
125
123
122
139
10
127
122
142
135
120
112
122
114
1
162
122
114
137
124
105
141
149
9
102
135
113
125
135
121
98
125
7
88
128
170
91
100
99
113
113
9
102
97
119
113
107
147
118
128
4
120
112
132
85
131
57
94
163
6
150
99
99
97
97
135
140
115
6
112
145
101
129
121
106
100
114
5
150
112
100
143
109
106
92
128
3
124
128
112
118
124
83
94
92
2
119
134
112
120
96
101
119
130
3
126
129
137
96
92
119
100
115
8
130
123
161
128
143
78
143
126
3
112
131
141
132
90
93
148
101
2
112
121
115
95
95
85
135
105
8
66
103
93
120
121
121
128
101
4
97
80
113
119
122
112
123
140
10
125
100
146
141
104
93
115
90
7
144
106
102
120
120
98
120
125
1
101
96
90
140
107
131
122
99
6
102
130
111
122
134
118
107
114
4
155
119
132
132
100
94
132
141
6
121
129
104
140
130
112
155
115
9
130
101
98
84
135
141
93
90
6
121
119
126
84
106
91
102
119
6
101
164
105
116
63
99
139
114
3
152
103
150
103
113
121
148
134
2
86
108
106
141
93
95
81
71
1
149
123
98
117
148
92
135
133
5
91
109
141
81
107
86
129
151
1
102
127
119
118
125
94
113
86
10
110
143
92
126
102
120
144
116
3
110
111
114
127
98
96
148
136
0
114
128
147
100
126
93
118
146
6
103
113
141
128
85
106
101
111
9
140
122
127
127
119
101
107
107
7
130
131
91
127
133
101
129
91
9
141
135
100
111
128
87
117
122
1
114
106
112
128
128
127
112
88
5
93
86
137
86
135
105
125
98
7
95
109
112
114
127
100
117
144
1
115
122
115
116
114
134
123
81
5
118
138
137
107
96
106
126
124
8
126
121
94
122
122
107
121
114
10
138
119
86
111
77
131
97
141
6
90
112
93
118
121
121
125
98
9
122
101
106
136
84
94
115
100
9
106
80
116
108
105
83
106
115
5
126
111
98
128
88
119
84
125
6
112
101
114
129
134
113
124
126
4
113
154
102
118
138
136
164
119
5
144
108
150
116
113
123
125
124
6
99
78
130
134
148
158
132
123
7
106
99
92
109
126
105
105
144
4
114
114
85
135
141
109
129
106
4
87
121
133
113
100
114
108
126
8
106
107
87
141
137
99
140
120
3
93
136
134
116
134
104
110
96
1
106
97
87
155
106
113
138
106
2
148
120
84
81
97
98
85
116
8
130
122
107
108
128
100
127
98
6
134
150
106
134
129
106
134
115
3
95
102
100
114
122
139
128
121
1
101
112
105
122
139
110
96
126
8
74
135
107
105
109
143
155
122
2
134
141
98
122
129
112
95
101
3
162
92
113
141
105
120
60
117
5
130
129
97
112
92
113
105
128
4
117
133
85
156
79
137
144
127
4
118
111
164
129
99
127
111
101
6
158
111
93
113
118
142
175
134
5
115
138
147
127
65
114
98
145
2
142
128
95
118
122
151
121
105
1
131
143
141
101
88
135
111
113
8
105
129
125
112
128
120
81
85
9
152
120
124
156
138
134
128
118
6
182
124
119
106
156
119
115
119
3
84
148
132
128
72
128
127
106
7
108
97
112
113
130
101
77
136
7
128
106
125
126
135
120
124
156
6
149
81
105
138
113
132
98
107
3
92
112
128
129
110
91
122
121
10
122
113
144
74
109
135
96
92
4
134
102
95
95
86
140
139
112
0
154
78
133
126
103
114
123
128
2
98
93
98
119
112
124
135
115
2
134
87
72
83
136
80
82
103
6
129
143
94
114
161
113
97
66
0
93
114
155
155
121
105
126
95
6
99
109
92
106
104
141
155
113
3
117
141
115
105
115
85
114
92
5
122
150
85
120
111
125
115
124
5
117
136
133
119
144
113
114
107
1
81
142
141
135
97
144
127
118
6
125
110
108
174
106
119
152
108
4
151
155
114
86
117
147
155
122
4
127
149
121
108
68
132
137
113
5
115
101
140
113
84
107
108
115
5
112
120
136
77
109
158
169
117
4
85
101
85
92
116
106
92
113
6
98
106
114
115
91
139
72
117
8
80
135
120
100
131
124
94
111
7
109
125
85
99
90
143
119
119
7
160
108
141
137
113
131
134
96
0
118
96
120
148
108
107
161
103
2
119
127
110
156
115
88
135
93
3
119
112
143
100
96
133
113
132
4
97
141
92
119
93
117
85
111
7
116
123
114
148
68
135
121
120
2
105
147
144
95
109
136
148
112
6
160
111
120
106
105
128
119
144
8
85
128
135
154
99
120
121
112
7
119
113
112
79
119
114
134
108
9
123
99
130
107
101
129
72
135
8
83
107
127
132
111
145
99
168
8
125
106
89
140
115
149
120
118
9
106
99
95
111
78
87
127
116
3
106
129
129
121
91
123
81
113
5
133
120
121
116
85
136
134
108
7
132
153
87
93
128
136
86
90
2
92
142
135
128
148
90
110
98
2
86
131
103
102
121
127
99
113
9
149
133
123
132
114
137
129
117
0
125
86
92
96
86
119
104
71
4
118
119
94
152
127
100
102
135
4
114
128
137
113
134
114
100
141
10
104
94
127
87
118
132
86
97
3
127
144
112
79
114
63
110
140
8
107
105
110
135
127
141
128
128
3
144
143
108
113
113
112
86
126
1
114
105
112
132
145
129
105
128
10
137
139
121
99
124
130
120
99
2
94
121
134
115
97
127
132
121
9
128
93
105
100
94
121
108
117
1
127
92
100
143
101
119
135
95
5
112
115
146
148
120
122
81
105
1
113
134
131
120
125
98
130
129
4
119
78
101
96
101
161
104
136
7
128
113
150
94
107
105
127
114
7
114
114
106
136
129
120
138
128
7
129
93
117
127
164
159
139
129
0
114
116
111
79
106
105
139
107
9
109
139
134
110
121
128
127
143
7
155
142
120
105
117
148
103
111
10
105
138
149
67
119
110
97
120
6
113
102
134
84
134
134
119
121
1
112
96
112
138
113
124
102
141
2
106
161
110
153
94
99
137
100
5
136
118
124
68
137
118
133
112
4
155
111
83
98
91
144
110
129
5
99
114
101
126
138
91
135
130
1
135
166
99
116
142
78
154
127
6
113
147
109
127
134
114
132
128
5
114
77
142
132
106
136
112
120
10
118
100
122
115
127
94
128
159
5
100
127
122
93
136
125
113
114
1
105
136
121
91
135
101
129
121
9
126
124
107
119
110
94
119
128
2
148
123
108
99
121
108
94
141
3
115
123
146
101
155
138
145
124
2
151
105
117
160
103
113
75
114
3
98
108
100
136
113
143
140
111
3
84
118
107
133
117
94
126
126
10
133
72
142
96
96
107
128
101
6
156
109
108
150
129
99
143
116
1
129
113
85
116
111
113
157
114
7
115
106
94
117
105
121
130
121
7
129
147
106
116
121
121
106
118
8
131
107
92
144
115
123
131
90
0
142
131
137
119
134
120
120
153
7
101
135
119
142
84
138
107
120
9
112
100
115
130
123
134
102
143
0
135
146
93
121
125
136
100
125
8
91
71
114
98
87
128
121
120
10
141
148
135
111
106
98
120
164
6
113
163
112
105
107
137
115
146
0
119
119
67
114
135
77
97
92
0
120
71
116
136
113
79
117
120
1
89
136
154
100
142
136
129
117
5
130
141
92
136
122
126
113
114
10
106
125
136
103
112
103
110
128
0
122
104
149
106
106
127
117
98
10
134
78
73
128
128
135
107
125
9
119
123
120
81
103
81
141
134
6
87
135
98
107
94
115
125
112
4
161
126
107
135
100
113
121
99
1
101
111
144
94
111
105
113
88
8
148
133
144
114
106
137
112
89
9
128
117
85
105
81
109
137
162
0
78
114
78
143
126
112
114
128
3
127
124
141
147
129
124
153
99
5
99
142
112
106
119
107
111
114
6
107
85
128
137
129
138
123
107
2
142
120
144
117
77
117
132
115
0
123
142
99
116
107
135
135
132
10
120
114
147
90
142
147
156
132
5
107
110
112
107
128
152
146
98
8
105
123
106
93
110
116
129
106
4
85
120
129
108
80
125
78
134
2
147
107
157
104
126
130
66
141
9
102
127
119
143
123
144
93
93
0
113
160
101
100
94
137
131
105
10
141
169
94
126
84
128
107
106
10
93
110
159
127
133
96
136
124
8
132
98
92
128
114
106
79
95
5
130
138
131
97
125
89
125
113
1
109
118
104
106
94
148
134
133
9
90
121
126
98
121
168
87
128
7
92
119
118
141
149
125
79
82
3
127
107
126
93
120
136
120
133
4
146
100
115
149
103
100
136
103
9
149
94
99
126
91
126
108
124
10
134
142
142
121
120
123
110
122
5
94
119
120
149
127
149
111
100
10
96
149
114
108
133
156
99
162
9
112
108
139
109
106
120
130
115
3
125
103
92
140
112
139
139
127
8
111
132
113
84
145
112
162
130
8
95
161
111
82
113
130
119
114
9
147
109
137
122
128
97
127
119
1
86
73
128
115
89
89
132
118
9
140
124
100
100
99
111
123
75
8
115
152
107
129
118
88
128
90
7
148
116
99
120
117
145
120
97
3
97
143
98
128
99
107
134
102
2
87
120
105
108
111
103
142
107
5
94
130
130
116
133
141
127
102
7
128
119
107
163
106
144
143
141
7
127
115
94
155
121
127
115
143
8
109
129
128
119
105
118
119
109
8
154
157
128
86
122
138
127
117
6
134
132
91
132
109
162
114
116
2
113
107
140
141
95
109
119
78
5
110
120
108
97
168
109
118
112
3
106
141
156
113
123
122
137
100
7
113
115
138
147
101
110
129
76

