12
9
4
3
4
5
6
9
0
14
7
2
7
2
10
7
8
2
16
4
1
5
8
8
5
6
4
123
127
106
133
103
119
150
126
3
129
106
120
118
96
101
114
128
5
124
102
116
108
100
120
150
93
8
130
103
100
103
129
114
118
95
3
103
99
130
78
129
118
135
132
9
146
112
167
114
140
114
79
138
8
126
121
108
107
116
104
85
121
10
139
158
69
106
86
110
115
106
4
125
136
85
93
64
124
85
136
8
100
126
154
147
105
98
78
90
4
132
121
78
123
103
120
138
92
7
98
116
147
83
102
146
117
121
7
111
74
86
111
99
119
125
144
0
111
112
104
166
138
108
114
78
8
91
118
110
108
120
134
106
128
7
79
141
141
120
126
119
107
112
1
107
148
112
107
78
119
107
118
7
133
134
141
135
107
130
146
134
0
109
135
130
155
143
106
92
129
7
139
136
115
112
115
94
100
132
2
137
102
149
103
101
109
127
154
10
104
145
149
99
118
120
115
128
7
120
45
82
151
124
121
113
120
3
111
92
112
102
87
113
127
142
1
94
117
99
120
78
127
129
102
6
95
117
107
131
115
107
132
126
6
134
118
114
138
127
124
128
112
7
105
85
156
98
150
136
100
122
1
106
104
70
89
155
101
94
114
2
152
152
116
122
88
126
97
138
2
108
115
86
122
119
93
95
154
7
133
143
133
109
134
78
93
108
5
154
134
86
120
93
125
136
145
10
122
89
115
125
132
106
103
128
9
116
140
114
126
109
142
109
121
2
130
100
87
129
142
142
114
102
6
90
129
125
99
130
95
128
109
2
133
98
100
127
106
89
113
125
5
97
141
130
160
127
142
120
115
5
127
88
135
102
105
114
135
90
5
109
102
127
126
106
156
131
121
4
88
150
133
111
155
99
118
135
2
95
101
147
98
113
117
90
118
8
120
142
97
108
141
117
129
128
1
114
106
99
110
126
121
112
152
7
114
127
136
99
115
99
142
121
6
120
116
105
102
149
108
106
94
8
99
120
102
113
115
88
145
150
3
115
122
107
127
106
90
116
126
3
100
89
130
117
164
106
153
95
6
119
101
98
148
81
133
112
141
1
122
118
128
56
129
108
115
142
9
134
122
109
122
115
102
105
115
3
80
123
149
140
152
121
122
77
3
110
112
92
80
116
127
105
130
9
166
105
94
65
96
122
105
120
6
91
100
125
153
97
170
134
170
9
152
105
113
120
93
148
104
120
2
118
148
99
110
98
97
141
102
2
129
110
131
113
113
125
150
158
10
120
162
118
108
111
132
57
114
8
120
136
104
133
113
79
111
129
3
134
152
48
108
133
132
134
124
0
128
114
141
115
113
123
98
153
5
104
94
145
135
116
112
116
116
7
130
98
134
163
101
119
118
119
1
126
138
129
95
134
126
112
130
6
141
122
112
114
113
139
93
165
10
112
115
77
102
164
113
91
100
6
92
100
114
114
115
136
99
118
7
93
105
129
130
161
71
136
134
10
98
87
77
128
162
98
114
91
8
99
107
119
92
142
114
138
133
2
113
85
94
156
98
120
122
131
7
128
90
107
123
156
91
85
152
2
119
156
150
112
97
148
110
93
6
93
127
106
108
95
92
128
105
5
112
157
112
137
93
112
95
145
9
115
113
154
81
144
107
113
76
3
99
102
131
106
120
93
134
107
1
110
154
92
98
133
99
125
142
3
88
114
141
117
120
142
114
106
3
113
113
107
109
135
147
125
112
1
120
139
107
103
134
101
96
87
4
127
133
116
131
63
109
111
126
5
133
153
142
93
150
131
100
101
4
119
112
98
80
126
122
107
122
3
156
125
134
140
142
105
169
106
3
163
96
152
89
121
106
117
119
9
148
99
123
132
106
124
124
106
10
148
129
154
134
105
178
149
132
2
138
87
125
98
148
99
96
92
4
124
119
101
127
95
112
96
125
4
104
141
111
110
143
125
127
124
4
128
122
137
107
113
87
101
121
8
120
111
124
80
69
114
107
117
10
105
107
142
121
107
117
101
118
8
118
107
111
141
116
98
89
114
9
84
86
119
119
93
135
115
135
3
143
113
119
66
130
101
106
130
8
137
133
95
101
107
128
105
95
2
127
89
110
114
140
107
131
114
10
128
78
104
100
117
136
93
92
1
126
115
115
109
90
134
103
114
1
114
113
126
124
91
99
148
109
4
129
109
112
142
120
143
154
122
6
121
88
103
134
129
108
132
108
2
85
111
124
123
130
100
117
122
4
122
189
119
129
91
99
134
72
3
119
120
69
161
119
111
127
77
3
79
116
162
92
128
120
114
141
5
133
148
129
127
141
114
122
100
2
107
114
123
108
100
157
135
142
3
142
128
127
103
141
123
113
115
1
105
87
117
134
105
120
114
135
3
134
112
122
100
86
112
127
100
1
86
126
113
126
100
118
107
140
4
110
103
125
156
61
155
71
135
6
87
142
103
113
84
127
79
162
9
119
95
131
91
115
121
127
128
4
91
145
112
118
131
121
113
105
0
99
109
79
85
119
131
79
109
5
155
156
82
158
125
99
134
114
6
101
115
156
131
69
94
113
92
7
117
141
111
110
105
59
120
143
5
100
93
117
84
119
139
142
136
1
84
147
120
101
142
157
118
89
3
110
132
134
138
156
92
114
80
7
123
163
134
138
127
127
112
113
0
106
141
120
123
115
104
130
121
2
106
107
92
101
106
96
137
134
0
168
136
119
80
114
108
135
117
4
128
118
86
112
154
123
169
155
2
131
140
116
127
119
98
87
82
9
147
92
128
164
122
127
122
88
3
134
121
136
117
121
147
110
124
6
121
107
158
72
91
142
98
99
5
100
137
115
93
146
99
152
150
6
111
118
129
148
141
115
141
114
7
134
106
101
115
97
139
116
110
3
123
113
102
134
116
121
127
121
4
106
126
107
83
135
119
110
124
6
126
127
93
114
103
124
118
116
1
133
93
107
107
82
120
112
96
3
128
120
110
120
133
132
138
126
8
108
136
118
114
122
135
135
101
8
147
95
120
91
79
120
100
111
6
94
114
127
135
136
89
112
142
7
129
106
86
127
157
87
125
88
2
107
144
108
108
160
119
161
77
6
139
155
111
100
116
99
143
169
2
136
93
99
118
155
126
149
135
5
109
129
103
116
123
126
114
111
8
85
131
160
111
91
87
136
139
6
133
138
100
141
110
126
117
96
0
139
113
127
93
114
157
143
126
4
112
100
87
92
113
104
97
104
2
71
106
111
105
101
134
126
83
5
135
78
115
138
100
105
118
129
9
112
90
153
136
127
116
113
114
5
119
110
106
89
113
143
100
116
8
138
91
119
100
107
148
91
111
6
127
114
156
162
139
123
117
129
5
149
122
122
93
117
75
135
135
8
122
153
120
140
140
112
101
113
6
108
140
95
113
108
114
110
155
6
133
115
136
134
99
114
121
99
7
124
128
120
122
98
83
113
132
3
103
142
123
113
112
115
88
106
5
173
118
111
118
122
128
100
109
2
132
82
120
109
94
65
135
117
6
102
145
114
114
104
112
134
119
9
82
123
91
133
127
100
134
121
3
113
93
108
78
150
124
166
111
1
129
108
159
136
104
106
113
114
9
136
105
147
134
128
154
79
132
2
98
139
99
126
106
103
127
98
6
100
106
111
103
129
135
101
124
6
96
106
113
126
121
142
106
113
8
80
143
90
120
139
74
144
114
10
128
85
126
119
116
110
115
146
7
127
109
112
139
132
125
96
111
1
89
114
121
126
146
100
122
118
9
85
114
92
146
145
93
109
156
8
89
105
83
115
107
133
99
96
7
133
145
139
137
123
90
124
82
3
122
121
122
121
148
113
141
107
2
127
93
138
99
150
93
117
104
7
141
106
91
115
136
134
63
115
10
79
115
107
100
133
113
165
80
2
119
99
99
119
123
130
122
97
4
78
114
120
88
113
150
93
120
6
92
72
119
100
96
122
157
120
4
101
152
147
176
119
106
118
134
9
113
78
135
140
146
128
123
107
6
149
114
121
126
106
111
118
120
1
103
114
101
124
109
112
93
98
2
112
90
89
113
93
128
83
135
3
122
92
136
84
134
140
120
140
1
107
116
98
128
152
107
133
129
9
117
124
102
122
118
121
92
111
3
124
142
128
131
127
141
112
148
1
128
93
120
82
97
135
130
119
2
121
162
141
141
101
124
87
100
5
149
110
95
141
100
129
103
125
0
114
86
109
90
149
112
138
148
0
103
121
74
155
123
134
123
101
10
101
76
150
89
143
89
85
132
9
135
101
128
137
155
135
165
121
7
144
122
159
94
106
105
124
141
2
145
106
100
85
93
107
122
120
0
127
100
125
126
132
117
107
119
1
114
119
140
97
102
142
86
131
2
127
128
94
135
119
107
124
105
4
117
135
156
128
134
127
98
86
1
128
111
101
80
91
123
152
106
4
131
117
132
121
113
99
148
91
5
128
115
107
103
105
121
99
135
3
107
102
103
92
103
126
98
87
9
127
122
114
120
99
105
115
131
8
128
111
136
105
122
122
85
115
8
89
112
129
127
107
120
135
96
0
119
107
141
77
152
130
125
99
2
111
93
135
98
108
74
109
123
10
104
107
152
119
99
93
110
96
3
103
133
107
119
130
127
138
116
5
99
121
133
99
88
94
124
79
9
96
102
90
116
112
100
106
109
8
110
92
117
115
133
93
112
92
10
113
115
155
117
115
102
94
85
6
126
128
129
124
91
116
124
112
1
141
124
145
116
133
159
136
92
2
122
85
132
129
128
103
97
98
9
133
94
101
109
115
100
142
86
8
145
100
88
117
130
101
124
95
8
115
139
100
121
122
154
128
121
9
87
132
158
119
116
133
156
117
9
149
60
117
131
120
90
110
106
9
117
58
127
112
115
122
99
109
9
132
137
133
161
99
144
116
118
6
94
97
108
99
107
98
103
121
0
133
135
118
157
149
129
129
163
6
101
113
137
92
97
93
95
117
7
119
115
134
128
134
135
127
108
5
129
142
133
139
113
73
116
140
7
107
127
110
107
147
127
103
122
9
107
102
161
99
121
114
147
149
2
101
118
125
134
118
121
130
78
0
154
104
119
131
91
84
92
113
0
142
121
80
122
119
94
143
140
4
127
109
133
126
92
102
113
116
0
135
122
126
93
120
150
98
77
5
164
147
127
124
129
115
90
113
5
101
111
91
89
128
131
141
114
2
83
127
86
117
86
90
128
120
1
106
111
109
103
101
127
128
100
3
97
66
123
117
81
91
113
123
5
117
128
121
111
120
127
120
115
3
143
148
127
142
88
103
86
100
10
119
113
114
107
111
129
130
122
8
119
76
159
108
126
115
114
100
9
107
106
118
104
122
134
118
127
4
111
115
146
105
143
142
114
137
8
100
107
127
105
99
73
94
100
5
126
133
127
128
120
108
110
135
3
136
142
133
137
142
130
82
128
8
161
109
121
86
113
135
100
72
7
105
52
99
114
106
98
82
112
4
119
125
125
121
110
113
121
131
7
157
113
125
103
120
122
131
100
10
134
109
85
110
106
84
109
113
5
120
135
105
146
90
108
113
110
1
71
107
127
110
83
136
119
141
5
120
121
112
134
101
81
100
107
10
107
107
86
135
151
114
92
112
3
133
89
102
114
125
142
104
108
6
149
111
114
105
133
125
129
124
8
112
139
108
126
98
80
104
101
6
120
157
129
120
91
88
110
116
9
140
148
106
135
114
122
99
143
9
142
119
119
137
58
81
114
144
6
115
135
119
85
114
108
67
115
1
81
114
108
105
120
100
127
136
1
107
86
146
120
103
167
142
163
5
110
122
111
141
86
142
191
142
8
114
113
91
112
122
87
78
139
7
169
129
98
89
107
127
117
107
3
112
123
107
120
176
139
91
84
1
113
173
140
129
136
141
100
129
3
129
94
121
147
155
120
103
94
2
129
154
127
131
108
126
100
133
9
95
126
101
98
130
116
136
102
3
146
120
116
106
150
146
144
105
5
127
81
102
132
99
110
122
114
8
148
82
110
142
157
150
107
105
10
89
104
60
132
110
120
122
106
1
152
79
104
128
125
116
93
132
1
96
103
123
107
110
153
100
90
1
80
137
131
120
120
122
98
146
2
134
81
101
122
96
102
120
127
1
72
150
93
115
83
142
94
107
1
130
137
111
120
120
86
82
132
5
114
129
115
106
134
107
71
145
8
104
131
122
97
98
95
128
121
1
88
92
101
147
112
111
92
133
4
120
143
99
94
129
121
100
92
0
125
117
88
127
109
87
105
87
4
119
157
123
115
126
106
104
122
2
131
164
93
77
119
135
132
124
3
113
114
149
122
120
148
131
119
7
124
103
100
141
120
115
126
114
10
115
108
153
94
112
126
117
113
5
88
123
122
94
102
154
120
152
2
117
146
128
125
97
133
108
104
10
123
150
142
138
122
99
116
141
0
134
154
123
149
157
85
149
90
0
115
122
128
126
112
136
117
148
9
134
121
140
109
77
100
72
116
3
119
115
117
116
109
101
101
127
6
100
118
121
84
113
147
120
92
1
150
109
118
135
100
134
111
100
4
127
114
129
141
118
69
176
104
8
69
128
142
119
120
92
111
129
2
86
125
114
125
129
87
88
116
0
120
112
113
136
132
136
121
92
7
101
138
94
113
115
87
116
124
8
133
102
135
88
157
94
127
147
5
109
110
119
135
136
120
131
113
0
140
110
137
140
100
133
133
108
10
114
109
142
114
153
107
160
123
8
147
101
90
123
142
100
135
114
5
146
133
128
126
108
119
157
101
4
92
172
109
99
130
160
92
118
8
100
149
108
100
102
102
126
128
2
112
102
124
100
115
106
133
106
9
93
136
100
99
161
117
112
129
4
117
126
121
132
108
124
100
107
8
115
100
99
106
110
129
100
128
3
120
100
102
107
132
113
127
83
7
93
145
134
152
129
105
127
118
8
68
150
104
100
126
106
120
112
3
162
108
100
130
100
118
105
114
1
99
119
135
115
96
100
147
129
8
119
98
135
112
94
133
99
113
4
115
120
121
133
108
133
134
121
1
109
132
136
123
95
92
129
158
5
113
84
147
123
73
164
95
125
8
105
105
121
140
147
107
89
119
8
132
127
135
141
121
111
103
113
5
114
103
99
99
90
133
99
106
7
134
102
85
114
120
132
97
133
8
99
88
74
101
99
114
100
113
10
105
96
92
114
126
127
154
103
5
147
164
142
114
119
92
92
145
3
141
73
118
141
121
108
156
118
8
124
149
133
141
170
105
78
163
0
155
88
78
107
122
106
87
104
7
115
84
135
134
81
93
141
146
6
109
135
93
124
117
141
141
114
7
135
134
78
127
101
127
162
105
1
122
120
138
129
126
141
128
130
7
83
105
83
111
137
115
147
106
4
79
123
98
136
82
101
108
124
10
105
140
109
176
125
142
106
120
10
94
108
121
129
138
157
142
114
9
77
103
90
89
79
96
118
134
8
140
98
114
133
118
133
90
91
4
98
113
105
145
78
121
126
84
2
126
113
103
153
127
126
127
118
9
122
94
90
80
115
106
107
156
6
102
105
105
111
67
120
101
99
8
114
159
127
119
103
97
106
127
9
121
131
149
120
126
142
110
120
10
94
114
94
83
111
136
120
113
8
108
132
132
148
139
126
101
146
6
146
143
98
127
110
109
87
93
3
91
140
139
92
111
107
143
131
10
85
140
135
91
115
127
115
122
6
115
106
121
115
99
75
100
111
5
116
118
140
107
93
118
99
75
10
94
104
116
98
105
143
130
135
7
112
102
108
131
114
121
121
86
5
104
113
87
118
99
155
143
133
7
144
125
112
108
132
107
101
128
2
123
107
127
122
89
126
81
129
2
84
136
135
114
101
90
112
115
10
129
121
109
132
109
128
115
124
4
111
124
106
121
136
122
120
104
1
137
113
122
95
121
141
70
107
8
128
121
108
135
112
128
112
122

