12
5
5
2
9
2
8
9
9
16
1
7
1
0
0
3
8
4
13
1
6
9
1
4
1
3
6
79
136
85
71
87
102
100
105
6
115
100
119
143
124
105
127
107
9
149
136
127
106
131
109
139
110
4
69
144
134
121
121
147
127
91
2
130
123
129
128
114
131
102
100
4
119
79
127
127
135
137
114
103
1
115
115
126
157
143
120
143
114
10
94
105
117
139
113
104
119
140
10
133
103
101
141
115
136
140
102
6
112
120
101
122
113
85
116
122
6
135
90
127
121
96
132
98
130
2
135
105
141
114
123
106
106
116
1
134
73
139
126
131
115
123
141
7
137
143
89
140
143
120
133
136
9
139
114
120
120
163
99
133
114
6
116
97
131
121
136
79
120
100
7
149
113
131
99
93
177
135
107
4
137
139
154
137
118
105
122
127
0
142
120
121
114
90
94
133
113
1
114
131
153
101
116
113
107
104
6
126
132
104
115
157
111
126
107
0
132
99
135
108
92
150
125
120
3
154
129
126
113
141
69
150
110
5
109
91
128
84
114
94
115
139
3
112
131
125
118
128
107
114
137
2
113
113
105
114
118
102
123
114
7
139
128
135
109
112
128
132
121
4
101
140
119
96
107
89
110
126
2
122
114
143
114
106
94
119
98
8
121
111
119
122
105
86
123
111
4
120
117
84
127
141
136
119
72
8
130
105
133
120
85
99
113
103
1
111
91
156
111
126
123
89
106
10
82
130
127
122
111
132
95
132
9
110
118
77
135
143
124
121
109
7
93
92
120
142
120
141
104
141
10
100
150
121
111
136
119
155
112
5
86
106
138
130
137
148
111
142
4
135
113
106
92
134
99
101
93
8
86
136
113
84
85
103
143
107
6
92
89
120
99
134
86
121
129
7
101
148
138
110
152
150
122
117
6
115
149
98
133
106
160
149
141
0
110
141
108
106
121
151
105
112
7
86
142
130
123
124
139
126
79
4
93
128
98
138
134
107
86
88
8
133
128
115
71
122
107
91
121
10
113
125
102
142
97
162
152
122
10
111
140
134
134
128
114
120
100
3
141
112
111
135
93
134
113
139
6
135
121
131
120
100
107
163
151
7
109
118
124
126
111
116
132
142
10
121
126
85
113
124
99
115
128
0
105
109
63
121
111
98
143
152
2
105
91
141
125
78
147
129
121
10
111
144
112
77
76
137
105
80
9
171
113
97
126
147
80
83
94
6
102
145
114
118
145
124
118
128
8
120
136
120
92
89
120
124
107
9
88
113
129
157
116
128
132
134
2
111
119
115
131
95
114
103
125
6
149
98
89
113
121
141
127
108
2
142
147
120
126
120
138
103
111
8
122
106
137
101
130
131
142
143
9
110
98
127
106
93
106
101
113
1
127
107
125
118
103
82
111
110
1
114
135
136
135
107
94
103
120
8
110
101
99
117
137
92
128
101
8
131
137
120
120
105
130
76
170
0
159
112
118
111
147
107
162
108
6
116
112
107
112
120
135
132
121
3
85
104
107
105
149
118
137
129
4
105
147
99
115
98
127
132
104
6
102
110
133
114
142
107
163
108
3
89
149
112
100
117
110
119
135
5
114
108
92
99
90
116
112
115
9
110
146
156
133
107
101
154
148
4
122
135
146
147
99
140
109
106
9
121
113
108
100
132
107
107
104
4
120
98
109
84
133
143
113
139
1
138
115
142
120
99
133
136
133
4
141
95
114
139
100
112
101
93
8
115
118
118
119
105
145
99
154
8
140
122
133
142
140
142
100
123
5
59
120
109
114
88
94
141
111
8
108
123
120
127
117
145
123
117
8
105
91
146
135
115
121
94
127
9
128
107
134
127
115
106
142
102
2
129
108
121
141
113
138
79
92
2
132
122
136
93
131
106
98
115
4
108
105
156
131
149
96
118
114
0
112
92
139
92
103
111
143
78
6
133
131
140
96
106
92
130
141
9
132
102
151
129
110
144
140
117
8
160
114
101
127
134
104
128
80
2
106
131
114
120
156
139
83
123
8
143
148
93
120
140
108
122
100
8
103
116
122
110
120
136
80
113
9
96
126
110
101
106
121
128
107
2
134
103
163
149
106
112
124
75
8
128
116
128
138
134
109
91
124
6
106
89
115
122
107
115
114
92
9
123
162
106
131
157
107
121
120
8
105
134
140
127
128
93
125
103
9
114
126
121
112
133
92
92
104
9
101
162
81
112
121
92
133
115
5
136
131
106
101
123
83
93
129
2
128
121
159
88
122
135
121
139
9
135
98
110
128
114
103
90
119
9
89
128
92
133
101
115
100
138
7
145
128
157
117
108
84
99
124
4
121
128
84
113
135
136
138
147
2
104
121
112
140
134
131
93
106
8
87
128
120
112
103
120
156
138
5
122
108
121
101
136
155
139
126
6
113
118
93
109
112
127
114
142
6
99
126
130
116
104
101
117
110
3
136
107
118
91
76
111
113
79
4
114
120
130
121
135
124
129
151
5
120
154
86
57
153
123
79
142
10
119
94
94
127
152
142
113
164
1
140
107
96
106
115
147
137
155
1
118
113
140
100
119
120
126
164
4
140
125
84
129
98
138
94
141
2
126
133
110
127
118
135
142
105
9
119
93
121
127
112
168
160
150
7
152
121
106
115
108
119
79
122
9
100
104
123
143
142
126
113
85
6
121
106
120
78
111
137
125
142
8
113
108
124
111
106
116
111
113
3
88
148
101
89
118
127
95
81
5
71
127
84
93
93
115
128
104
4
108
114
121
154
101
99
99
136
9
143
135
99
110
120
90
106
161
8
168
149
126
121
99
124
88
120
9
134
113
121
141
134
86
118
122
10
111
127
101
107
107
108
132
94
2
106
110
106
141
164
77
140
154
4
75
107
117
147
125
149
86
128
2
98
129
114
111
70
120
135
133
9
122
103
151
121
100
163
113
112
7
123
101
130
127
96
120
144
106
6
89
105
113
119
131
113
148
93
1
87
85
143
108
136
92
139
157
9
80
134
149
123
131
96
130
105
5
127
164
149
130
147
128
100
110
7
97
139
88
141
90
113
112
91
7
115
117
124
94
132
119
132
157
7
91
122
145
113
106
136
86
141
8
142
93
109
133
120
138
105
100
6
114
109
128
119
100
91
96
126
4
128
81
113
131
120
111
104
115
4
93
110
148
123
132
100
124
108
4
114
91
94
135
134
121
150
110
0
161
83
121
158
123
99
112
79
6
140
144
105
85
127
135
107
117
5
140
144
114
107
103
102
124
97
6
122
92
124
118
162
109
119
100
0
101
128
80
100
79
123
101
138
7
143
113
113
135
119
114
107
113
2
153
120
112
159
129
106
73
125
10
114
95
100
112
140
127
114
114
6
97
114
126
116
117
135
135
122
8
137
100
121
117
127
156
78
113
7
93
102
157
120
101
85
105
62
5
116
79
147
130
148
130
136
103
9
114
89
139
134
141
127
95
131
5
105
86
112
120
144
146
115
103
8
114
135
92
152
119
115
114
98
1
131
130
128
147
119
100
107
131
3
78
106
114
92
139
120
112
128
5
111
107
118
86
117
106
120
99
3
106
155
156
127
104
120
127
121
7
126
93
107
98
106
106
111
127
2
138
99
94
133
112
148
50
128
8
134
138
99
128
159
78
102
126
3
106
146
107
140
126
95
130
125
4
116
133
106
87
131
114
133
127
3
101
110
128
107
143
100
114
143
4
81
82
135
119
113
127
117
144
0
92
141
131
136
112
105
110
124
1
99
93
108
114
116
120
100
145
5
120
105
151
115
102
84
69
100
9
63
90
114
123
96
110
116
106
2
131
105
122
87
120
103
103
115
7
54
141
122
106
104
114
115
117
4
128
154
127
156
105
117
145
93
4
100
110
116
121
114
106
100
106
6
91
87
104
122
127
122
133
111
1
141
115
106
117
127
124
114
113
7
97
92
108
106
92
110
90
109
2
121
110
117
82
131
102
123
131
4
163
115
122
131
106
118
130
130
5
127
125
86
121
137
117
106
116
9
129
143
150
103
131
92
127
114
5
101
121
133
127
135
119
114
144
9
169
110
122
114
109
167
94
121
4
120
89
78
101
86
91
127
134
2
128
135
130
109
96
114
90
135
5
99
150
115
104
107
128
135
78
8
117
129
120
150
88
92
99
92
0
147
125
93
137
121
127
130
113
6
104
103
122
95
159
105
147
99
4
119
94
106
157
69
108
122
111
5
121
123
145
120
127
127
94
145
5
95
124
113
113
93
134
77
131
2
113
109
100
149
128
122
121
109
6
93
116
90
126
123
149
142
107
6
99
115
99
117
111
106
157
99
5
107
142
99
100
152
131
94
127
9
149
128
142
119
126
80
120
112
5
162
72
107
128
161
140
121
119
6
124
144
117
122
112
124
132
130
8
120
136
141
147
107
116
129
120
3
86
152
71
123
114
80
146
112
7
104
107
103
106
121
134
70
127
1
120
96
126
107
115
135
145
143
2
127
108
130
96
134
104
112
153
3
117
131
110
118
81
116
115
127
7
145
98
121
129
113
128
113
105
7
143
108
74
98
133
113
122
131
3
124
132
128
156
109
93
84
114
6
160
97
150
124
118
162
133
100
1
113
142
120
100
94
140
125
118
1
147
72
99
123
128
154
128
120
9
93
97
150
121
112
116
79
122
9
143
107
146
150
97
106
121
148
9
109
119
88
112
83
120
100
134
6
100
149
126
67
91
129
123
124
0
119
78
126
121
128
170
101
114
5
114
126
98
87
127
113
120
120
4
119
88
148
126
94
137
120
129
6
107
99
94
101
92
122
92
105
1
120
98
118
108
94
118
92
117
2
97
153
99
61
101
100
128
132
10
132
113
73
99
114
120
93
113
4
127
107
128
90
122
91
118
150
1
118
94
99
128
108
122
117
95
7
103
145
125
102
133
120
107
135
5
111
118
86
85
125
109
111
117
5
128
90
93
127
120
101
112
146
1
96
91
116
122
108
104
141
147
2
77
121
122
139
121
98
134
87
0
90
108
84
101
106
113
96
101
6
85
149
98
92
134
94
91
111
9
151
127
93
106
102
120
93
96
4
124
114
123
142
114
117
111
133
5
147
117
112
116
120
132
150
139
3
127
121
134
99
108
103
129
121
9
91
127
102
115
129
118
126
141
3
128
111
135
136
125
108
94
105
8
101
112
117
145
116
99
113
116
10
100
92
106
150
169
139
111
105
9
118
98
137
132
69
101
78
104
1
134
106
124
122
123
85
104
109
6
118
145
155
133
128
125
100
129
5
126
111
154
88
117
117
100
111
0
94
145
92
130
79
121
121
107
0
120
101
93
134
149
107
121
100
1
117
105
154
114
128
105
123
112
1
115
103
107
170
117
109
133
139
2
118
135
91
84
109
98
72
129
7
120
143
117
95
98
114
107
86
2
87
91
116
156
133
117
106
115
10
103
88
94
98
114
119
121
95
6
136
121
114
95
88
143
101
98
0
113
129
107
107
120
157
126
99
9
139
132
120
147
85
135
148
110
9
159
109
117
107
128
130
126
104
7
142
113
101
122
123
122
98
151
3
136
104
88
88
78
126
93
129
2
155
106
146
131
93
102
95
161
9
137
115
112
92
98
112
130
152
6
122
98
106
147
122
102
115
125
7
107
155
93
123
100
157
106
109
4
120
148
112
126
80
121
95
129
6
103
126
142
90
86
129
127
99
6
143
107
120
113
139
110
122
85
9
123
111
79
104
127
113
108
103
2
124
110
128
71
119
134
136
65
9
108
119
120
114
114
106
101
129
1
100
107
86
105
112
134
127
143
4
128
120
123
121
119
107
103
145
9
128
118
119
104
114
131
103
136
7
134
121
129
142
96
110
108
65
1
122
112
91
104
106
141
131
120
1
149
124
111
118
86
85
106
133
6
156
86
107
129
84
107
93
97
3
103
134
148
156
110
122
90
122
9
123
99
103
100
92
107
132
79
6
149
145
148
126
108
79
114
174
5
143
133
90
93
161
106
100
106
5
104
138
100
129
147
121
112
103
9
128
112
129
133
118
100
122
107
9
109
135
106
98
94
123
145
114
3
137
99
144
73
135
100
93
125
7
122
111
137
126
137
119
105
154
2
108
120
143
140
126
158
128
121
4
99
108
94
100
159
150
91
118
1
125
115
128
127
100
127
122
108
5
137
100
113
118
103
142
161
104
5
119
135
129
127
113
127
140
89
2
141
92
116
72
120
129
126
101
9
126
104
120
107
126
106
109
105
7
142
115
135
150
155
100
99
128
4
101
154
135
122
77
106
121
113
9
114
121
98
152
121
82
117
107
10
111
133
119
121
165
116
133
106
5
98
91
119
143
164
127
100
106
5
139
115
75
77
130
143
107
115
4
142
138
142
94
119
105
156
122
0
140
132
108
120
125
92
147
110
1
113
101
79
107
134
129
133
111
9
118
87
69
108
150
122
100
109
0
106
129
115
136
83
114
115
105
4
122
138
120
144
122
118
138
138
7
111
100
124
106
128
134
123
96
9
99
120
143
105
99
81
101
107
7
135
112
104
122
145
108
114
127
10
124
98
107
104
140
99
99
85
7
99
108
110
81
114
132
103
123
3
108
133
112
123
129
92
145
126
3
131
131
136
86
112
154
107
142
2
81
105
101
119
105
105
107
118
10
135
104
97
89
103
122
106
122
5
92
123
86
125
129
79
121
104
10
110
120
66
127
114
93
84
130
3
109
107
148
100
109
126
108
120
2
98
126
111
129
130
133
106
110
4
147
107
125
147
86
142
142
96
1
119
113
106
134
135
118
113
151
3
93
81
125
149
92
115
122
84
2
108
77
92
101
92
111
116
86
10
139
110
104
142
107
72
123
148
6
73
104
128
139
114
145
111
100
8
96
120
107
151
73
142
140
156
7
84
103
111
87
155
156
84
133
9
108
141
114
108
109
101
147
103
1
146
123
69
117
119
99
136
101
1
138
134
113
123
71
135
113
111
6
93
130
140
142
116
114
134
102
8
92
136
126
148
134
121
128
133
8
127
88
96
87
135
99
125
97
5
135
93
137
116
138
124
97
106
9
132
154
120
126
122
122
115
122
5
136
148
96
127
102
87
110
118
0
100
105
107
131
50
100
124
119
9
145
153
119
114
135
99
133
127
7
150
116
100
127
154
143
119
71
5
135
128
73
135
121
115
96
151
4
137
108
121
112
100
139
143
115
4
103
129
157
102
144
162
99
92
4
93
121
127
93
159
89
116
97
3
127
142
149
115
124
92
123
122
5
152
113
148
88
136
146
86
144
5
133
133
94
99
134
116
121
113
2
120
126
105
141
113
79
96
140
0
114
135
106
134
151
91
101
106
5
133
107
98
122
148
122
96
153
8
114
81
87
143
180
130
131
106
4
90
126
136
127
110
132
126
177
9
150
169
171
94
91
87
92
128
4
133
101
104
93
139
141
101
128
3
119
74
143
154
120
139
98
148
8
128
122
86
98
108
156
72
134
7
147
124
135
92
106
100
128
102
8
96
103
120
120
126
126
111
131
8
133
87
117
119
142
110
124
128
10
106
109
115
105
116
125
123
108
6
85
126
118
91
136
135
100
127
8
114
99
121
80
98
113
131
100
1
123
113
143
83
99
123
103
114
5
116
128
70
138
76
130
106
96
4
113
127
151
135
121
105
140
107
8
106
121
144
94
78
131
147
127
1
128
137
119
87
131
112
104
117
1
120
124
99
112
100
125
140
148
8
87
110
139
126
114
130
98
115
5
134
143
129
135
112
121
93
123
9
99
126
85
114
140
80
110
84
4
145
114
93
133
100
119
113
88
9
127
144
94
133
123
110
141
112
6
101
127
109
92
125
91
135
135
4
108
83
156
136
118
133
101
86
3
119
108
129
121
109
123
119
78
10
115
109
130
134
172
143
102
131
2
98
114
140
135
99
111
161
156
5
123
144
118
117
87
109
164
120
9
115
114
127
138
176
140
102
132
1
99
111
133
130
100
106
160
147

