7
5
7
8
1
6
7
7
1
7
1
9
5
2
2
6
7
4
10
4
9
7
3
0
8
2
5
122
119
118
149
132
125
117
127
6
148
157
90
122
95
129
136
111
5
101
133
124
140
120
131
101
129
6
133
84
116
133
114
127
108
140
3
113
128
77
136
131
95
109
135
9
126
100
130
98
147
147
148
108
3
104
107
149
112
142
104
107
134
2
132
88
126
127
133
109
100
97
3
98
79
100
145
106
121
136
132
8
141
109
129
101
119
114
115
167
1
123
111
107
134
85
137
109
150
9
128
161
134
111
93
134
129
121
3
114
82
106
128
143
123
105
73
1
80
121
142
105
95
101
99
91
3
88
113
135
150
99
125
115
145
1
104
126
84
88
109
93
126
89
5
65
95
131
109
78
120
141
118
10
106
94
119
140
153
128
130
139
6
124
108
127
100
136
124
125
69
5
93
116
103
115
111
117
88
150
6
120
133
123
121
149
92
121
114
4
128
149
140
120
118
124
117
88
1
120
135
100
126
141
122
99
126
4
99
149
115
131
135
117
120
110
2
132
86
113
119
101
120
107
120
4
130
134
137
115
102
126
115
116
4
128
137
108
146
147
121
101
109
6
138
133
122
98
112
126
100
132
2
143
103
128
114
128
134
83
138
9
124
72
101
69
85
87
121
118
9
119
107
142
77
127
136
111
131
2
127
112
123
104
104
105
127
126
3
127
112
115
116
110
113
133
107
6
134
153
121
140
108
150
135
109
9
140
118
132
106
126
115
124
130
7
128
105
126
91
119
109
121
124
5
123
76
120
101
141
132
130
126
4
103
95
123
100
148
112
110
128
4
119
133
123
103
114
142
136
101
1
121
142
123
168
114
110
107
94
8
132
120
83
108
112
102
142
125
3
128
105
129
143
149
140
130
81
5
84
115
121
105
126
145
102
128
1
107
125
117
121
160
101
104
96
3
126
119
99
135
104
79
148
146
6
145
85
99
115
111
107
100
153
1
161
129
101
117
122
122
94
113
4
120
140
125
104
124
106
92
118
3
113
110
125
102
127
122
100
113
8
155
112
134
96
105
128
122
78
4
76
96
126
108
108
149
142
100
4
127
106
138
130
119
79
119
141
6
88
112
111
112
140
136
105
121
10
94
140
150
120
106
111
100
136
5
86
89
116
106
123
106
164
106
9
86
101
141
107
112
88
113
148
1
115
113
93
128
101
114
150
144
6
95
132
104
83
101
105
130
122
5
121
87
94
126
112
108
98
149
8
116
147
161
113
129
64
122
115
4
124
115
110
120
121
74
119
91
2
113
125
124
110
113
92
92
169
1
122
92
119
99
119
105
114
120
2
97
84
150
152
107
120
146
79
4
129
120
99
129
124
126
106
128
7
135
67
125
96
127
121
108
110
8
132
127
126
121
147
168
130
81
6
115
142
119
117
85
121
85
113
5
154
84
108
146
72
156
101
117
5
119
90
120
114
108
142
82
128
5
95
102
120
140
115
128
95
84
3
101
93
134
143
92
112
102
116
10
132
128
123
117
157
118
133
99
2
135
84
128
134
142
151
108
132
7
124
121
121
115
50
135
108
99
6
147
115
117
111
132
85
97
114
3
128
147
123
109
87
108
157
128
5
161
128
112
100
139
101
95
72
2
133
99
137
111
106
124
159
128
4
134
155
107
116
100
112
128
117
8
110
159
122
117
130
88
125
119
10
126
113
93
110
106
144
106
158
9
98
107
133
119
138
116
120
93
2
100
99
162
104
108
127
120
106
1
157
94
136
122
157
136
87
133
3
111
120
150
99
123
83
165
116
5
84
113
97
102
149
126
94
135
9
99
87
121
104
129
112
101
91
10
149
121
141
83
131
144
99
117
10
121
142
124
119
127
136
109
116
9
102
134
165
132
125
71
159
126
5
131
122
102
102
157
105
137
167
5
88
119
104
134
128
120
86
113
6
127
132
94
106
137
127
124
99
0
69
124
98
83
98
101
91
107
4
114
154
148
114
99
106
147
111
8
134
111
83
101
140
97
121
113
0
119
149
120
116
148
152
101
112
10
122
128
103
108
133
130
152
101
1
84
102
119
142
149
102
126
115
4
108
131
134
123
101
132
124
142
8
125
114
120
157
142
140
113
135
5
146
132
131
183
115
100
152
129
5
113
121
119
115
104
102
113
120
8
155
100
123
126
121
88
99
124
7
111
145
122
120
87
112
173
107
6
119
107
82
131
121
106
122
111
5
134
120
114
154
104
124
118
135
4
136
114
121
135
88
125
141
101
10
120
135
135
146
82
140
120
117
4
143
93
126
127
134
106
98
104
6
121
87
84
110
135
136
114
108
0
133
123
126
156
100
122
133
106
2
121
128
122
117
152
122
122
128
5
120
81
142
83
124
115
87
107
8
99
112
100
99
112
127
113
107
8
80
117
135
102
106
112
106
98
1
116
119
140
121
121
113
83
142
0
105
97
119
170
124
92
133
151
6
130
125
123
103
116
95
114
148
7
103
105
142
113
112
140
86
124
7
84
91
119
126
143
120
122
137
10
84
121
129
91
107
149
116
123
9
113
126
119
98
118
99
107
136
9
105
139
114
104
97
112
121
125
6
104
101
95
121
108
130
115
144
6
98
83
95
132
119
120
101
98
8
114
168
88
118
103
120
98
122
1
107
124
128
93
110
107
163
135
1
115
110
75
113
108
119
115
105
9
133
120
100
93
112
118
87
91
8
113
96
113
90
110
95
96
106
0
153
121
96
119
97
87
116
115
7
106
140
80
119
102
120
111
107
6
93
119
128
106
126
122
142
93
6
114
118
146
92
143
128
131
165
10
121
105
167
151
121
151
144
95
1
115
137
88
113
67
148
134
107
9
84
142
101
109
135
121
120
95
6
110
114
121
121
121
92
83
120
8
115
135
112
132
92
136
102
134
8
128
121
134
133
110
97
115
103
6
123
107
151
129
118
130
120
106
5
134
115
110
107
112
142
97
147
2
103
113
123
93
134
146
141
126
7
104
110
87
139
106
114
82
132
3
106
103
95
125
134
115
114
124
3
131
113
114
122
106
127
101
148
5
89
124
113
93
142
143
141
130
5
105
101
120
111
114
115
118
190
3
91
113
140
135
107
108
114
130
1
123
74
106
133
100
121
130
154
9
115
100
120
108
130
136
99
152
7
91
92
120
152
118
98
134
99
5
133
148
128
106
136
94
108
100
5
161
138
149
117
149
113
149
101
1
151
107
115
87
150
105
94
110
1
125
108
110
78
140
117
127
90
8
94
132
112
115
125
110
137
133
3
120
155
133
78
118
77
88
99
1
149
126
111
129
165
99
125
126
6
121
122
101
115
106
125
113
120
1
118
103
99
119
103
116
100
101
9
113
106
106
115
136
121
136
122
0
163
113
140
107
99
133
106
116
7
95
132
105
117
116
140
128
147
3
144
104
117
119
128
97
90
163
5
98
127
121
109
101
107
138
99
3
112
127
71
157
157
114
104
77
4
93
131
120
120
122
115
110
108
1
111
135
113
146
120
142
128
124
7
132
100
125
141
93
99
119
83
8
128
140
126
122
149
146
113
141
1
136
101
93
129
117
138
138
113
9
116
118
77
114
106
99
134
96
1
96
120
121
105
109
115
149
155
2
112
116
157
77
115
152
128
134
3
101
148
136
65
135
105
99
92
9
133
144
99
98
107
121
113
104
10
138
127
98
141
109
124
126
122
2
116
148
107
81
157
51
156
122
2
100
133
106
107
136
126
136
116
3
112
85
113
146
140
125
89
127
8
115
142
128
106
136
108
99
92
5
148
127
88
86
145
96
126
81
6
114
126
120
93
120
101
103
94
2
137
101
133
113
115
127
107
108
9
145
119
120
121
134
120
128
135
3
121
99
121
113
135
118
117
110
9
118
128
140
140
122
94
135
94
5
127
141
121
104
143
176
142
99
1
105
129
121
146
138
113
146
95
8
116
116
106
104
116
149
143
152
6
129
122
140
132
123
135
119
153
2
129
107
132
111
128
102
121
121
8
92
126
129
107
115
79
127
93
6
131
104
157
122
142
88
146
64
3
134
119
137
99
125
79
160
123
3
129
115
86
107
85
105
119
90
1
105
148
142
89
107
110
88
141
4
129
127
135
106
108
131
114
138
7
129
134
99
112
147
140
113
100
5
128
100
126
112
158
127
130
163
5
105
137
91
125
132
140
109
133
8
126
140
106
119
74
128
135
137
7
114
152
111
108
114
112
132
99
3
82
129
134
121
119
114
131
107
7
124
98
154
155
113
136
114
136
4
84
135
150
114
156
119
121
142
1
120
106
84
146
111
96
107
104
5
105
134
108
126
95
133
100
77
0
113
161
84
142
128
122
107
106
2
80
132
146
126
119
71
156
149
4
81
125
121
128
105
124
137
127
7
101
138
93
95
101
94
121
99
7
114
114
105
105
115
92
108
128
1
139
111
97
105
131
100
115
107
3
123
119
107
109
125
102
91
136
9
118
95
159
147
180
108
128
64
8
83
152
114
103
95
128
120
145
4
98
99
127
126
116
121
75
136
9
131
119
113
156
130
135
96
117
2
97
114
101
158
148
140
104
94
0
126
113
99
117
140
87
125
110
6
108
92
108
120
120
101
112
93
5
145
125
128
94
108
111
113
134
2
133
131
110
97
111
86
114
117
2
120
130
152
117
127
135
157
143
7
100
133
123
110
106
117
81
106
5
93
120
93
101
109
90
123
121
9
106
125
120
142
113
128
134
92
6
88
85
83
100
109
110
112
88
2
65
143
134
154
101
95
133
120
2
110
126
121
99
137
147
120
119
8
134
124
145
113
130
122
136
106
6
111
92
151
156
81
141
121
100
2
91
138
107
130
147
148
130
156
2
119
101
104
134
135
109
99
141
5
103
90
101
111
108
137
121
134
2
105
131
150
106
134
123
118
141
5
117
140
81
137
126
86
107
127
8
89
118
108
89
130
81
129
115
1
105
93
153
89
134
98
99
141
4
136
116
132
117
138
118
85
121
2
113
139
144
142
134
103
134
147
5
98
121
56
144
86
124
154
108
6
120
121
116
124
121
93
100
142
8
98
120
95
126
108
118
109
106
2
107
106
117
145
156
131
124
108
9
119
122
123
132
106
110
165
96
8
117
99
170
123
95
93
91
122
9
102
88
119
137
91
97
133
114
6
108
76
140
135
117
141
107
106
6
123
126
149
128
85
92
149
137
4
95
107
170
133
114
122
107
113
6
133
124
101
137
142
142
100
83
7
112
99
120
113
160
144
102
86
7
106
107
91
113
105
118
97
129
3
128
105
137
116
125
126
130
139
8
100
127
100
88
100
113
123
107
6
123
91
139
121
147
137
122
93
6
101
98
135
135
144
150
66
74
2
125
112
101
113
109
114
142
120
8
115
149
112
103
169
94
91
112
9
119
108
106
142
104
106
93
127
4
93
134
101
103
79
122
119
83
5
96
126
115
106
92
92
122
124
0
177
105
89
141
141
129
121
112
8
162
92
119
120
114
104
124
124
9
134
112
105
132
115
98
113
129
8
93
122
140
146
107
93
128
138
8
120
104
100
108
97
126
113
125
9
71
128
113
93
106
141
128
93
4
110
78
84
139
77
114
142
94
1
170
80
157
101
116
123
100
99
6
121
120
98
153
101
132
110
104
10
112
110
73
140
119
88
109
140
8
131
105
102
132
102
138
135
124
4
148
142
100
106
129
93
142
108
9
128
142
100
139
138
155
103
139
1
103
120
99
86
59
119
101
154
1
100
136
137
79
124
98
128
129
6
89
134
107
86
142
105
133
113
8
106
98
88
111
100
125
117
160
7
95
136
138
103
148
158
140
126
9
79
134
129
100
106
52
106
131
8
126
143
107
115
121
114
117
150
6
141
95
128
125
127
109
98
152
1
107
118
107
108
140
106
110
115
8
117
137
113
94
114
140
112
128
3
85
107
145
90
139
99
108
133
3
107
188
108
134
100
141
119
102
1
62
138
147
106
125
114
139
114
1
132
85
115
121
97
105
151
122
3
135
118
116
104
124
144
135
119
7
108
93
162
92
128
120
114
112
8
107
112
108
95
107
123
116
127
5
120
93
109
139
113
121
113
102
9
64
135
122
133
141
120
92
112
7
140
120
153
129
141
125
127
144
4
122
105
100
74
132
85
106
131
3
88
133
123
114
137
115
133
134
8
108
142
131
136
160
95
117
156
4
120
114
134
108
146
90
109
108
2
137
114
133
124
137
113
105
97
9
121
110
121
116
128
113
114
124
4
119
139
86
126
123
129
138
92
4
134
127
135
130
128
121
148
114
10
99
145
113
120
122
78
78
136
4
113
126
121
115
119
129
148
100
1
128
114
104
94
108
128
120
134
1
106
110
125
105
99
106
82
94
9
107
110
99
112
101
116
86
148
7
78
86
128
120
122
84
85
94
7
136
87
107
107
118
92
143
84
6
116
133
121
123
118
143
106
101
7
92
106
86
114
135
120
108
121
7
128
125
161
154
143
119
150
106
0
118
92
134
114
116
92
72
120
1
122
92
120
142
102
81
100
107
7
84
149
65
123
125
142
160
118
5
136
128
131
104
127
99
135
152
8
108
134
141
139
154
134
109
133
8
113
113
127
114
100
87
114
126
7
175
112
100
131
115
122
98
126
2
140
97
76
126
150
113
148
107
2
111
125
83
129
125
135
99
87
7
130
83
133
98
147
109
101
116
1
147
94
118
122
120
114
143
147
2
120
137
134
116
104
105
89
106
5
140
134
144
128
108
97
133
100
8
150
100
98
99
97
98
142
123
7
94
122
119
129
131
113
115
103
1
117
126
92
103
140
86
117
118
10
106
115
107
106
119
108
104
120
0
108
106
126
99
110
100
75
116
7
110
106
124
134
135
141
123
135
10
133
118
149
130
107
118
86
108
9
117
116
116
116
92
91
128
132
7
97
148
127
73
116
99
119
118
5
154
155
84
111
143
121
117
107
9
127
143
145
101
120
140
128
107
3
60
110
135
115
85
107
135
135
7
129
156
105
121
92
115
108
121
6
91
85
121
168
127
113
141
121
2
103
106
94
98
101
108
122
121
3
106
107
121
154
121
129
114
128
10
83
113
113
107
95
120
97
106
1
134
80
99
99
97
70
98
135
5
84
131
107
101
85
159
94
107
1
157
86
102
145
86
155
160
79
4
126
84
120
106
123
125
113
122
5
101
136
106
108
112
156
89
102
6
144
115
125
136
143
106
128
121
1
120
124
109
119
92
93
106
85
9
140
92
107
116
115
89
133
114
7
117
103
122
141
139
108
108
101
2
122
124
116
99
107
111
119
143
0
92
109
131
101
121
119
129
99
6
128
123
117
108
118
107
93
106
2
106
164
129
117
86
122
121
134
7
90
121
110
140
134
132
111
136
3
150
126
92
113
130
142
143
134
2
123
134
106
136
86
92
152
105
8
116
147
85
156
126
95
127
113
9
136
122
129
128
128
114
128
114
1
114
119
92
90
124
163
154
142
4
112
104
125
90
118
98
157
80
3
113
105
113
109
139
114
128
91
6
122
130
134
114
130
135
120
80
8
129
117
110
131
94
122
148
138
9
128
134
132
119
128
132
80
132
4
140
178
84
101
95
142
130
105
9
97
95
89
99
120
173
118
87
5
124
137
116
128
149
133
106
107
2
127
130
134
126
120
138
89
115
6
151
130
127
98
130
149
122
153
10
126
130
124
86
144
107
120
127
3
110
112
122
100
156
120
80
103
4
106
104
111
99
145
97
101
78
10
95
69
124
107
90
128
113
124
2
151
100
123
129
107
131
108
91
2
74
141
141
100
139
99
133
112
1
111
120
116
126
92
107
141
92
7
104
93
125
109
107
140
150
104
8
99
126
128
127
99
132
115
115
7
118
114
127
125
81
139
117
109
8
121
104
109
103
110
148
181
92
7
105
96
122
115
105
106
126
134
6
114
115
131
120
85
138
115
110

