14
7
5
8
9
9
10
7
7
8
8
3
6
10
7
10
5
3
11
1
3
10
1
7
6
2
6
135
126
101
104
128
119
100
127
9
88
100
120
100
142
142
84
169
6
143
118
99
122
98
113
86
101
4
124
136
108
114
119
120
100
135
6
142
84
98
121
137
131
119
129
3
103
87
79
142
149
121
106
100
9
140
113
127
91
113
117
107
105
7
125
110
139
112
95
107
106
130
1
94
135
125
116
113
114
135
101
7
121
106
113
155
79
95
85
108
3
104
120
148
163
114
105
107
95
7
122
95
138
113
94
126
104
133
2
121
133
108
92
153
102
112
108
5
114
117
119
108
99
92
109
128
3
140
102
87
120
122
127
123
91
10
119
140
97
129
105
115
103
113
1
101
98
147
112
154
95
77
101
8
111
91
121
109
124
105
106
91
9
102
123
116
144
139
87
137
71
5
118
123
144
96
122
133
120
134
1
149
115
84
112
125
95
111
139
2
93
91
108
120
99
124
147
116
7
101
88
70
135
100
136
89
84
2
142
142
122
118
97
147
102
125
3
107
100
120
124
131
117
113
141
8
132
128
106
129
107
140
118
116
6
127
119
113
121
82
126
114
150
5
135
81
103
123
113
125
121
89
3
108
101
120
119
106
123
105
84
1
92
127
121
135
99
119
105
142
7
129
139
101
120
114
123
119
113
1
140
100
81
137
119
127
108
115
1
86
149
118
123
120
96
122
120
8
70
109
117
140
79
122
127
68
5
114
133
81
142
161
104
138
98
1
120
151
110
148
143
139
120
116
8
114
113
127
106
109
101
114
122
10
113
110
113
124
127
116
118
106
6
132
94
95
142
113
96
152
119
0
116
120
112
149
99
114
139
130
3
105
109
115
105
146
127
88
123
2
107
87
121
126
86
121
96
125
2
130
173
103
153
101
128
127
93
10
138
78
109
132
148
128
96
115
2
121
118
78
105
76
95
84
128
1
77
98
134
129
117
126
125
86
1
114
124
143
104
134
101
148
105
8
126
104
105
133
124
89
101
136
4
106
130
110
155
135
144
88
136
6
140
103
143
138
133
113
122
121
0
126
135
123
57
152
110
122
104
9
111
130
143
125
101
99
82
126
3
143
106
80
91
81
113
166
106
9
112
113
140
125
120
155
105
128
8
117
133
109
108
117
123
142
138
2
109
134
160
175
135
149
100
112
5
101
134
152
110
113
101
122
113
6
126
131
88
123
107
129
141
104
6
117
64
162
139
86
136
131
120
3
92
116
121
143
143
127
107
114
5
123
63
104
131
113
88
92
125
0
99
93
122
110
115
127
125
134
1
117
118
122
114
97
133
149
135
0
125
120
130
157
114
113
139
141
6
125
112
80
99
131
132
138
124
2
119
120
130
115
78
134
128
107
4
79
114
113
85
113
87
131
99
1
136
94
125
125
120
133
113
120
4
144
143
143
159
100
83
113
118
1
127
92
143
104
118
129
129
125
1
94
107
100
156
96
99
103
114
5
129
101
118
137
98
114
114
108
5
146
150
116
124
129
135
127
115
1
101
89
89
83
127
140
106
121
2
97
151
147
101
108
142
109
112
10
109
95
92
114
92
143
78
137
7
119
140
122
138
116
114
91
120
4
146
102
149
99
104
109
113
98
7
152
153
109
128
127
100
91
86
8
116
115
94
78
122
155
116
105
1
99
148
122
129
155
106
113
119
6
142
126
105
79
116
114
115
118
4
120
91
134
126
127
171
147
107
7
112
129
141
142
122
102
121
93
3
117
110
94
114
127
57
96
107
0
134
102
101
105
121
133
143
112
9
120
115
77
112
104
113
107
110
3
92
151
109
78
107
109
115
95
2
122
74
84
156
115
131
127
90
6
124
121
139
109
87
128
103
126
6
106
115
83
129
84
105
136
135
0
141
108
130
163
89
130
121
87
9
115
170
106
88
115
88
140
128
3
106
129
106
105
114
129
129
112
7
127
145
84
127
120
90
154
121
10
135
127
131
115
157
165
131
133
9
137
136
137
100
165
153
87
137
7
155
101
85
126
135
115
139
101
3
73
111
134
135
105
105
123
131
3
107
70
143
135
131
94
135
126
7
101
144
151
141
129
133
98
124
2
100
129
126
70
139
127
121
140
6
113
116
123
95
117
111
128
99
1
125
128
105
106
113
84
93
141
4
108
136
147
117
89
118
125
114
1
114
113
124
128
134
101
108
154
1
86
114
147
142
127
138
116
143
4
101
121
122
142
120
99
134
120
3
100
136
113
122
149
128
86
109
5
140
155
121
112
147
116
122
107
4
117
142
137
129
133
135
96
129
9
111
122
130
101
141
128
119
121
2
99
94
127
128
140
125
150
85
3
136
132
142
113
112
119
83
131
6
112
110
125
107
124
94
134
114
7
126
106
129
137
115
85
112
148
8
136
143
64
107
117
136
109
147
8
151
107
124
85
138
113
81
143
1
98
152
121
92
156
133
121
107
7
117
113
141
122
113
100
95
102
3
107
115
136
121
114
120
118
130
7
84
147
106
103
103
101
108
105
7
112
166
126
115
121
128
106
80
9
143
121
103
136
92
121
99
132
1
141
107
98
106
120
89
105
150
4
122
99
107
69
129
128
135
97
5
124
133
123
98
79
135
153
110
2
113
117
121
72
148
113
140
109
6
117
91
82
175
149
86
136
119
5
110
148
77
121
105
142
118
110
1
84
106
109
130
129
114
121
84
7
138
147
124
141
134
103
119
76
1
132
129
148
103
120
86
120
140
7
138
127
117
85
134
127
93
134
3
101
92
122
129
63
122
113
129
9
95
112
95
85
141
115
100
91
3
114
113
142
108
144
106
76
93
1
159
108
108
87
114
127
120
111
8
128
64
133
122
107
120
117
121
3
137
127
99
154
107
134
97
147
9
134
130
105
141
120
75
109
92
5
118
93
108
178
133
128
127
78
6
170
146
92
112
138
91
136
105
8
103
128
106
102
89
95
104
121
2
165
128
115
123
90
143
113
141
8
94
132
99
148
97
140
118
129
5
143
85
83
128
113
135
135
105
8
110
83
133
147
119
127
137
120
5
143
155
130
128
112
87
84
113
5
116
114
128
80
144
99
131
119
6
123
127
79
86
101
100
93
123
10
150
93
127
100
138
109
127
126
5
127
116
107
113
116
141
81
122
4
89
99
120
89
99
99
127
119
10
149
115
94
86
121
85
142
134
3
140
99
113
114
115
109
103
155
3
135
102
70
124
128
109
131
100
10
163
87
123
92
115
70
113
149
3
121
81
131
77
123
86
76
115
7
133
116
163
107
103
123
78
99
0
98
144
134
94
112
121
97
169
2
110
136
132
104
113
111
115
101
2
109
131
141
89
104
109
156
154
8
107
123
92
114
129
121
123
121
7
111
115
129
98
122
133
93
80
5
139
94
127
80
90
152
112
127
7
102
157
147
122
124
139
113
71
2
93
113
106
115
111
87
96
122
8
134
156
138
64
107
156
85
78
6
113
83
106
110
84
138
128
84
7
107
104
108
121
100
93
108
115
7
120
92
99
104
98
117
94
93
9
112
104
131
98
88
93
122
126
0
133
127
121
127
130
123
116
119
3
100
88
93
136
170
89
107
143
4
120
141
137
92
106
141
105
157
6
150
72
96
142
101
108
161
113
0
105
119
87
135
126
129
131
105
3
93
119
115
97
135
135
101
122
7
150
99
123
134
114
91
116
129
8
107
126
98
73
85
130
106
139
8
142
125
109
96
145
148
110
116
1
113
87
151
141
130
103
115
99
4
106
120
118
110
132
94
120
122
1
120
79
127
133
130
71
88
88
9
109
80
156
119
150
111
92
180
7
126
100
100
156
141
113
130
119
9
144
126
104
125
105
106
135
118
1
116
135
105
101
128
135
115
119
7
129
114
114
136
111
100
89
101
10
123
124
100
155
120
102
99
114
8
99
86
112
113
113
86
102
107
2
135
170
164
105
105
100
97
107
5
127
113
127
133
115
147
153
120
6
156
82
104
114
129
87
119
115
3
119
136
75
105
124
131
115
114
7
99
120
99
99
163
124
111
132
3
122
150
73
125
115
98
132
111
5
88
92
106
86
103
143
123
99
7
107
88
111
112
139
148
94
147
3
145
157
112
105
134
147
94
139
7
111
162
101
115
82
65
85
114
9
99
117
84
83
81
114
100
67
8
109
130
97
116
106
133
113
111
5
102
139
145
158
124
126
143
121
8
106
121
77
103
112
121
108
120
1
112
89
123
119
106
120
98
130
6
133
138
133
115
99
91
132
109
1
114
99
93
127
99
134
166
114
6
113
131
107
125
109
134
152
85
7
131
126
123
106
113
90
79
115
9
141
134
75
130
111
131
92
121
4
86
95
99
143
140
112
90
122
4
125
116
112
100
108
96
100
99
8
72
122
118
150
136
128
119
104
2
121
122
86
146
118
111
108
93
9
131
105
98
101
102
115
103
84
8
122
108
85
106
98
134
148
113
8
103
86
96
131
136
136
112
124
6
101
83
114
92
132
113
136
99
9
112
143
140
112
153
103
115
148
1
129
157
152
134
103
116
135
110
3
94
152
161
101
89
119
126
119
8
104
117
124
117
92
165
132
97
4
108
120
156
114
107
134
106
133
2
110
164
112
120
110
138
137
118
9
122
103
135
102
102
100
86
108
3
101
84
89
89
108
114
133
113
3
112
118
146
93
99
132
118
87
9
129
107
114
105
101
93
93
80
4
109
135
113
116
115
105
123
113
7
120
115
114
106
110
158
128
114
3
74
149
113
57
109
117
111
85
2
99
94
109
99
122
105
76
146
1
139
128
121
100
125
114
92
150
6
156
116
148
114
154
114
125
160
3
123
143
135
132
120
79
109
88
6
122
126
131
106
105
107
147
123
9
107
149
114
150
111
104
128
115
7
98
106
126
101
97
116
162
118
0
104
113
137
116
128
120
107
116
9
141
89
127
133
93
176
127
128
1
89
100
89
123
149
128
121
115
5
85
105
142
122
123
148
116
141
6
204
152
143
106
169
137
89
132
3
112
132
95
109
126
78
152
119
5
119
114
114
106
107
125
120
104
9
106
101
129
144
122
135
149
155
9
110
96
120
102
141
105
154
128
10
107
113
111
128
149
121
99
139
10
134
152
126
119
107
132
127
100
1
142
122
135
134
112
122
143
84
4
137
141
127
112
120
120
85
135
1
123
100
83
143
121
91
165
77
0
79
165
88
127
142
136
79
126
1
122
85
104
70
92
136
121
100
5
119
150
141
106
115
149
107
161
10
107
119
120
98
131
136
144
163
9
121
101
128
119
64
120
121
119
3
104
117
120
122
107
125
118
101
2
90
113
115
119
119
163
130
88
8
96
122
118
143
127
127
136
95
0
119
99
120
117
102
135
135
123
1
121
89
100
112
99
91
161
130
2
134
114
129
79
115
113
132
120
5
95
163
86
129
98
92
143
112
9
130
114
119
121
140
119
129
101
7
106
128
75
141
105
88
99
143
5
148
126
142
97
109
114
117
67
4
143
109
108
92
119
119
117
93
2
132
148
120
86
139
107
119
134
7
140
129
136
107
122
136
45
141
9
149
122
85
116
105
106
103
154
9
100
129
96
107
99
115
99
135
9
119
110
121
121
101
90
84
118
2
127
115
89
125
109
89
90
140
10
115
105
116
93
116
128
137
98
5
147
92
141
110
109
135
108
107
9
108
103
140
109
125
131
117
118
2
130
112
112
127
105
138
154
105
6
164
101
141
140
106
109
103
127
0
136
92
139
111
115
139
128
125
6
120
131
120
156
140
135
113
97
3
163
123
121
127
134
80
107
129
5
113
142
108
122
107
129
97
169
1
109
131
128
91
114
101
105
125
7
82
153
108
131
97
85
132
125
2
135
123
115
125
106
100
156
120
2
107
113
120
145
118
130
122
92
3
114
112
112
112
108
138
162
116
10
121
119
134
155
127
125
114
133
10
134
143
83
126
94
105
126
126
6
94
116
103
91
149
116
111
112
8
137
128
116
114
122
128
108
118
7
100
113
111
87
121
117
115
82
6
148
115
134
133
64
104
120
120
4
133
88
114
98
85
133
92
128
5
113
93
116
128
115
129
104
107
1
122
127
136
151
99
110
70
122
9
124
76
128
148
173
127
130
114
1
127
149
104
145
122
91
137
133
6
118
128
129
101
91
122
99
95
5
145
80
87
140
132
106
151
142
10
174
131
106
111
114
128
156
109
6
100
110
106
155
117
85
160
103
3
105
136
87
113
106
126
154
129
3
95
114
124
106
101
108
97
117
8
82
84
159
114
98
113
110
122
7
121
130
128
128
139
99
100
112
1
126
128
120
118
96
106
135
145
10
134
79
127
96
90
125
113
99
3
125
149
126
81
111
99
98
110
8
139
138
124
139
105
139
104
88
2
92
92
141
130
115
161
86
85
9
101
90
147
121
92
99
124
102
3
128
109
99
133
162
149
113
97
10
120
141
135
106
98
128
118
114
7
129
120
131
135
160
145
129
134
7
120
103
111
101
135
124
105
142
3
133
84
157
119
96
81
115
114
0
120
127
172
105
144
105
117
94
8
155
115
113
127
114
105
99
98
6
108
111
105
136
88
152
117
82
1
99
121
145
82
152
102
116
135
8
129
124
142
133
121
71
128
170
6
110
89
97
119
171
89
120
121
5
128
122
110
141
147
159
121
153
5
91
122
134
76
118
137
122
106
10
137
129
90
113
111
120
133
148
1
126
122
102
113
105
131
118
100
2
114
119
102
149
169
134
112
119
2
107
124
121
125
120
137
128
125
7
118
100
99
106
98
91
135
141
3
134
137
113
115
116
107
134
127
5
125
126
116
143
77
122
134
119
9
106
99
119
111
101
127
121
107
9
166
110
92
113
119
91
138
99
3
98
109
111
124
119
104
131
123
7
107
110
111
127
133
159
119
107
6
133
80
93
86
128
106
117
119
3
160
85
99
93
114
148
142
151
7
122
104
114
112
106
121
121
108
8
134
115
108
143
127
140
140
118
9
128
95
89
140
113
154
121
114
9
148
99
93
98
141
108
130
137
5
100
108
67
162
123
130
121
116
9
77
96
77
126
110
97
126
111
3
135
100
130
72
124
109
130
132
1
125
154
72
149
120
120
75
117
4
95
115
128
127
127
140
136
134
4
106
145
74
77
121
101
128
150
1
116
91
127
132
107
157
130
111
1
97
98
121
113
105
142
120
139
3
128
149
115
116
157
120
114
126
4
114
87
122
112
90
100
99
137
7
113
98
113
110
86
133
114
104
8
87
146
127
156
119
135
111
128
3
107
122
133
111
92
143
114
159
7
120
105
148
99
128
149
103
107
4
129
148
150
106
129
159
127
127
3
149
115
138
106
129
93
119
113
5
109
110
142
106
114
120
133
108
2
95
94
114
53
117
143
136
103
1
107
118
115
109
113
141
121
128
8
84
90
140
121
112
109
95
135
9
122
127
149
142
89
92
98
128
2
95
115
134
122
75
116
106
105
8
115
109
122
75
116
104
123
153
5
112
100
107
103
110
119
117
121
3
95
108
98
93
154
120
110
112
3
119
134
100
129
84
111
96
119
1
99
129
87
146
101
119
122
112
2
131
115
82
113
148
94
99
147
6
147
127
113
107
108
126
128
121
6
91
121
117
147
108
133
115
123
8
122
107
109
115
136
103
123
127
2
95
102
117
115
100
106
103
116
7
127
71
133
84
147
150
126
152
3
172
130
122
121
121
100
146
103
7
149
102
119
136
103
127
132
79
8
84
128
127
106
131
139
131
105
5
133
94
96
121
100
145
126
96
5
142
93
147
128
120
136
77
119
2
107
121
116
148
96
125
140
145
9
133
124
108
80
114
106
106
78
5
93
154
113
85
107
88
111
83
7
140
99
105
94
142
107
122
123
2
128
113
102
116
113
125
107
105
1
141
106
101
110
121
115
118
158
2
137
102
108
92
149
107
122
126

