14
9
1
0
5
2
8
6
2
12
4
1
3
8
9
9
6
2
16
7
4
10
0
8
6
1
9
148
127
128
134
128
114
109
105
1
133
103
99
128
92
101
135
138
7
122
121
98
113
86
122
128
129
3
100
119
112
114
128
124
108
102
4
122
135
106
111
106
110
127
112
1
102
132
126
128
116
115
127
124
4
109
111
150
92
127
120
119
148
10
111
128
123
135
114
134
150
118
2
111
118
129
116
106
141
120
134
1
106
106
98
137
100
85
106
110
9
111
142
154
114
135
98
92
108
7
118
115
107
107
113
135
120
106
1
124
128
87
134
121
77
113
141
2
141
113
113
134
134
113
86
141
6
101
143
128
145
121
121
134
104
9
85
92
111
120
122
111
130
115
5
145
112
121
136
158
106
114
129
1
125
91
113
109
99
121
76
111
5
127
136
107
134
117
86
138
102
3
118
106
136
129
132
129
112
111
8
90
126
98
142
84
106
129
148
1
134
173
128
132
126
101
123
117
3
121
113
125
111
129
150
122
150
6
134
122
106
118
112
135
113
120
1
108
141
127
126
113
113
128
114
2
134
125
135
135
113
154
77
143
3
102
105
130
118
122
114
99
96
5
108
80
105
118
123
128
118
98
5
93
117
112
123
91
106
118
123
3
97
143
103
135
85
140
114
128
3
134
127
126
140
106
94
162
122
1
142
99
113
89
131
127
111
100
10
125
138
138
148
105
134
81
135
10
102
87
83
135
106
93
98
120
10
127
128
115
123
125
114
105
128
1
110
99
113
141
110
85
60
89
9
142
100
115
128
134
122
110
112
5
135
142
120
141
86
134
115
98
2
154
99
111
92
159
148
98
117
3
139
128
101
92
111
102
130
107
8
111
131
113
117
121
143
106
127
2
117
118
128
138
91
115
122
104
7
145
70
101
122
97
141
91
78
5
108
148
110
144
153
146
87
127
6
112
122
124
129
123
128
98
132
1
135
152
71
123
106
115
124
97
6
125
128
99
83
134
101
91
98
3
171
139
109
115
94
131
82
113
5
120
116
141
91
102
106
107
99
4
121
137
106
116
117
120
106
113
1
141
89
94
118
119
154
121
107
2
119
127
95
133
135
116
128
154
1
150
126
139
129
107
132
98
105
10
121
105
140
106
91
124
126
140
3
117
141
105
113
113
119
140
123
2
95
130
99
124
125
145
93
113
9
133
93
136
86
133
107
113
95
10
113
115
120
94
117
105
116
114
6
86
106
102
112
96
128
133
159
2
174
70
118
130
142
126
99
109
4
105
87
133
129
100
133
137
142
5
115
94
94
92
123
148
140
84
8
80
152
133
108
135
127
128
111
2
141
92
135
120
115
111
114
134
6
127
138
126
184
127
119
84
116
4
105
155
115
103
99
125
86
81
1
134
135
120
128
126
132
164
98
10
140
100
129
122
107
123
122
124
9
101
142
121
134
104
106
113
110
8
135
113
136
148
113
134
87
114
2
92
106
110
107
123
92
96
140
5
137
136
97
116
106
128
134
80
8
137
132
121
104
138
131
88
159
10
111
94
116
116
135
124
140
131
3
127
79
122
145
127
95
142
135
6
106
172
138
135
115
123
135
121
9
143
129
133
142
110
119
132
105
2
106
155
115
116
135
93
124
129
8
119
85
89
128
141
114
110
114
1
122
105
121
131
132
106
106
112
3
88
128
151
170
82
134
116
112
9
100
118
89
116
136
117
107
95
1
99
160
139
126
102
108
86
135
10
144
91
127
167
133
120
114
129
2
137
131
116
136
122
158
123
123
4
74
150
92
93
86
84
105
102
1
102
101
112
129
117
120
122
113
0
127
94
101
125
116
136
142
132
3
120
154
125
105
123
132
86
119
7
87
112
128
95
145
126
98
120
2
84
139
92
121
137
122
143
124
8
139
115
115
125
100
80
140
150
1
142
100
122
98
92
119
108
116
6
141
128
107
94
100
113
118
157
3
144
104
126
104
151
96
79
116
2
138
102
88
149
85
78
111
91
9
131
123
129
108
114
106
153
119
2
96
106
134
92
100
108
139
133
8
92
90
128
100
105
126
101
162
1
80
141
147
110
147
135
93
130
5
120
133
123
128
99
93
87
115
3
84
156
132
156
79
135
122
113
4
119
111
122
86
130
92
114
128
10
101
112
105
119
121
119
105
95
3
99
127
87
98
94
109
138
109
0
99
65
72
121
142
128
94
135
9
124
84
127
128
127
91
122
92
8
126
122
112
94
95
115
96
127
1
116
97
100
128
82
147
150
106
4
113
150
123
120
148
151
112
92
1
99
122
160
103
133
113
114
93
2
136
90
114
127
78
114
116
132
4
113
111
99
78
136
160
101
110
7
133
80
108
110
106
106
116
135
9
129
75
105
124
60
141
104
128
3
129
122
108
122
106
104
108
137
5
99
121
97
120
114
122
111
97
6
99
100
110
178
94
149
121
91
7
124
151
99
137
107
129
73
121
6
135
148
100
112
115
100
126
86
8
114
106
112
138
131
130
152
99
4
105
94
113
116
128
119
107
133
10
112
121
138
150
64
99
100
72
8
125
91
96
129
103
108
137
101
4
134
111
143
113
107
125
132
107
7
125
114
141
131
112
127
110
134
3
71
120
103
148
86
91
126
128
6
104
96
118
122
87
106
108
106
2
157
80
133
126
139
129
107
111
1
114
122
128
109
157
98
94
128
3
120
133
127
101
119
106
127
120
6
134
121
141
124
116
114
149
107
5
106
135
110
127
107
132
105
106
8
80
134
123
122
121
95
101
126
2
128
135
111
108
91
158
106
108
3
136
115
98
118
106
114
109
110
7
128
142
148
130
110
115
114
103
9
91
137
85
120
123
141
120
127
7
139
91
128
66
78
101
125
99
10
131
93
92
85
133
122
130
109
9
93
84
114
99
92
122
105
137
2
84
111
110
132
128
125
177
130
8
106
121
92
144
130
107
128
116
2
106
148
127
96
95
160
126
107
9
106
162
143
140
98
116
124
114
5
150
112
114
132
111
156
116
140
5
66
120
113
124
116
120
113
102
1
113
116
112
90
114
107
84
118
7
73
102
168
94
132
128
130
100
5
123
136
106
95
115
107
115
119
10
108
133
92
135
98
129
92
124
9
99
114
125
124
100
141
122
138
8
101
80
140
113
115
122
116
126
2
130
140
123
144
128
106
108
127
2
128
124
109
100
126
133
119
118
0
100
126
87
118
121
103
128
135
8
142
98
134
110
98
78
114
119
7
114
93
115
91
87
85
102
122
10
103
85
124
113
111
108
80
126
5
113
122
107
132
92
132
129
102
6
142
148
115
93
135
85
148
127
4
105
114
91
141
105
77
93
106
8
140
126
93
131
118
103
87
103
3
108
102
95
110
107
94
87
144
5
127
136
133
118
87
110
140
104
7
94
106
106
95
117
92
106
119
1
114
118
91
99
120
127
86
110
1
131
93
77
159
142
124
148
109
8
71
97
139
119
99
116
130
131
0
119
118
123
155
135
123
128
160
2
80
79
127
106
83
106
127
110
9
154
129
85
110
111
94
109
86
2
93
136
117
123
146
127
138
74
5
122
107
123
95
109
122
122
123
4
131
113
102
100
96
124
171
119
0
121
105
139
124
112
121
111
111
4
127
120
132
105
123
113
79
87
10
127
98
134
98
114
83
111
91
6
106
121
106
112
117
110
86
93
9
144
117
127
126
121
131
115
85
4
134
99
109
120
92
103
136
107
10
117
113
102
84
117
93
136
103
4
114
141
98
120
135
123
128
164
7
119
159
138
116
119
131
84
125
3
138
82
112
136
157
127
96
103
9
101
101
127
98
115
124
123
150
5
127
112
141
124
117
143
129
106
8
105
94
147
102
103
116
105
78
5
119
140
125
99
109
131
88
116
7
73
121
64
102
79
113
126
91
9
105
117
161
128
104
127
143
127
1
122
118
136
111
104
121
115
140
5
75
123
132
138
124
110
163
121
8
119
129
128
176
135
121
128
115
6
146
136
116
114
141
127
114
113
2
108
102
150
108
88
118
104
98
5
134
141
134
153
117
107
80
129
1
126
95
97
114
128
121
149
134
9
121
85
100
100
106
122
137
116
0
112
156
100
126
88
99
135
150
8
125
98
107
139
134
127
87
154
6
128
131
116
149
131
131
112
93
3
140
164
109
85
88
138
106
127
2
122
135
121
142
65
122
119
131
8
114
166
115
99
93
115
108
113
6
100
93
115
148
78
147
115
107
2
148
106
96
121
108
115
88
98
3
113
102
74
119
143
121
107
100
0
106
106
138
175
114
114
126
111
7
55
116
129
129
129
113
107
149
5
112
121
140
80
93
107
128
135
4
93
126
129
98
140
106
126
157
3
113
119
128
120
121
100
128
121
9
128
94
94
136
105
93
56
93
4
135
116
148
98
107
98
137
107
7
135
144
119
117
154
82
113
107
4
104
85
93
116
129
120
94
112
2
113
140
84
163
121
94
141
158
4
120
152
128
111
126
119
143
124
4
132
136
119
103
104
85
153
116
6
114
95
106
116
138
156
136
122
6
101
111
93
122
149
142
122
129
2
133
133
104
104
87
121
83
107
2
140
78
108
114
141
124
93
156
8
135
127
91
110
93
86
115
99
3
94
108
84
133
141
120
128
110
8
121
114
119
128
112
59
113
134
7
127
149
149
116
91
111
118
123
4
121
69
104
95
143
126
126
115
3
134
112
129
138
112
95
92
125
1
129
141
92
123
125
78
100
121
9
143
141
113
121
120
103
94
100
1
136
108
99
129
108
135
134
127
3
105
101
112
92
149
102
98
136
7
71
140
105
109
135
97
92
106
1
118
95
108
122
162
99
114
143
7
140
102
125
112
127
140
124
123
1
129
167
106
136
120
95
114
121
2
72
131
119
135
121
140
161
118
5
70
86
128
106
87
113
154
117
5
103
75
127
94
98
95
149
113
9
109
98
134
100
100
100
95
136
10
99
120
152
143
146
111
101
134
6
129
115
109
140
96
144
128
114
4
121
91
98
126
99
106
118
86
3
134
129
94
137
119
123
119
133
7
113
103
125
126
141
120
103
133
1
134
125
132
138
92
101
120
103
8
100
127
120
147
93
121
108
93
2
109
131
121
113
126
81
106
120
1
107
94
155
150
102
93
135
131
4
110
133
130
113
100
113
93
139
1
78
72
121
101
121
120
129
115
1
84
114
126
121
135
117
107
127
9
82
91
101
135
170
121
108
119
7
178
101
112
144
91
100
135
145
3
134
140
128
84
107
169
124
133
6
107
146
71
88
121
128
99
134
5
131
113
106
132
112
120
119
86
1
148
127
105
132
120
128
114
105
7
120
129
149
139
133
131
146
159
9
87
111
119
93
141
124
114
95
1
135
78
114
128
128
122
137
114
7
98
112
95
148
135
134
109
89
5
118
101
107
126
107
129
129
111
1
102
134
136
126
95
116
138
122
0
108
102
100
139
127
134
111
101
9
121
116
101
107
125
101
118
148
3
98
93
131
71
98
113
100
109
4
124
151
125
120
135
110
102
102
3
152
148
148
104
126
117
95
117
2
105
106
87
157
129
143
141
90
7
104
62
99
101
93
150
118
117
1
119
149
122
119
121
133
86
128
9
92
121
153
98
79
107
87
117
0
122
92
72
123
103
126
145
137
5
106
108
119
122
100
144
135
129
6
116
155
78
111
121
113
106
148
7
88
90
106
100
135
162
129
101
2
106
106
132
115
89
100
100
131
4
118
87
112
143
106
104
129
139
7
115
116
117
98
165
107
112
114
8
149
86
119
111
143
127
121
122
6
124
144
84
115
121
126
88
114
3
107
94
126
76
115
100
134
103
3
124
124
105
169
135
135
142
91
5
97
108
119
127
106
157
155
113
1
115
127
150
115
93
106
81
141
2
112
121
128
98
120
63
107
98
1
132
130
120
129
144
108
144
100
5
134
153
92
112
115
123
101
113
5
108
94
148
100
139
128
124
120
8
100
112
96
123
94
97
130
127
2
104
106
96
127
106
132
120
153
7
74
96
102
128
97
140
127
107
1
129
120
181
154
145
112
126
146
1
106
101
136
136
100
110
118
95
9
122
106
112
127
106
129
73
128
5
129
106
107
102
168
112
116
121
7
155
86
104
127
109
115
109
112
7
96
87
120
115
139
113
106
103
4
102
141
120
129
121
46
126
127
6
108
98
110
100
114
105
135
121
2
112
122
85
109
106
86
91
87
3
107
96
128
108
58
149
153
132
7
133
102
160
148
99
100
142
110
7
141
119
111
150
96
116
125
116
6
134
96
124
150
96
127
113
139
10
136
157
80
134
117
94
110
80
9
123
143
135
115
121
129
106
134
4
109
108
120
160
113
94
92
125
5
107
118
108
129
149
90
143
126
9
143
91
105
106
117
139
136
100
5
108
131
125
95
67
119
109
79
0
113
125
93
148
119
125
93
112
4
124
116
123
113
62
128
102
97
10
103
134
96
125
132
126
103
105
4
114
131
137
124
121
141
142
120
5
91
101
114
85
89
122
112
105
9
98
141
94
116
98
155
99
122
3
87
100
100
123
107
168
149
78
0
111
130
92
115
118
124
106
141
6
112
109
102
118
147
120
120
144
2
112
58
126
122
125
121
134
121
8
118
124
109
112
116
99
109
115
1
121
136
114
101
106
128
138
92
1
128
101
115
107
122
100
112
96
6
130
135
90
135
85
106
123
100
9
107
125
133
101
112
89
120
123
8
118
127
100
127
113
86
127
121
5
105
125
77
99
107
113
97
117
5
151
152
87
119
154
141
109
135
8
112
101
91
85
120
93
112
158
1
127
103
126
138
136
140
121
136
3
108
100
156
134
130
130
82
124
8
129
91
118
120
135
97
107
83
2
113
139
118
115
85
144
65
134
9
125
120
116
123
113
64
141
112
4
129
114
113
75
109
154
129
100
8
148
114
103
111
122
100
107
134
8
117
135
161
98
121
117
105
131
8
129
130
130
113
78
104
130
93
6
87
120
122
118
107
129
123
112
5
111
139
115
127
113
134
157
130
7
105
128
113
94
99
139
127
100
1
105
111
142
119
115
99
108
120
10
109
135
129
147
164
125
150
138
1
108
114
113
108
114
113
113
140
3
109
90
138
108
80
125
86
91
0
100
100
113
161
130
106
141
124
6
134
112
103
147
120
102
154
107
6
95
112
125
116
98
91
140
128
5
149
87
141
147
165
63
130
113
9
136
136
119
107
99
105
129
100
3
122
111
131
118
128
113
132
108
0
123
149
83
119
129
59
118
130
6
108
106
133
115
127
117
116
98
6
94
93
111
119
133
120
121
99
1
145
86
97
110
119
130
114
119
3
99
113
107
108
144
138
121
127
8
102
132
126
83
139
96
107
112
0
126
128
94
120
115
92
94
119
1
148
141
107
121
78
84
106
94
4
144
114
121
128
154
121
134
112
4
123
124
121
85
70
144
144
101
5
124
108
115
112
113
121
100
145
3
98
86
116
109
105
141
91
114
5
98
94
131
92
124
99
133
141
2
134
135
128
80
76
147
120
135
2
79
117
136
114
122
105
111
128
8
149
114
112
71
128
115
100
128
3
105
115
128
134
124
113
79
168
2
143
132
104
124
127
120
119
94
0
115
111
137
99
120
129
112
127
9
92
114
139
129
103
141
133
123
8
110
83
118
127
100
97
167
124
8
102
124
66
141
98
104
99
114
0
132
147
163
129
135
134
129
105
6
91
79
106
121
121
108
147
81
9
86
119
148
120
136
112
86
148
4
119
112
143
98
112
117
97
198
9
124
109
139
121
50
96
116
141
3
126
78
113
105
139
119
130
143
3
140
123
75
112
92
131
122
101
2
123
127
134
127
86
138
113
119
1
152
118
101
106
103
108
122
102
10
104
131
121
133
129
163
89
121
5
144
108
125
129
105
99
99
133
7
123
90
130
117
115
139
127
101
1
104
131
119
139
131
162
87
122

