10
2
1
4
1
7
8
8
9
16
2
1
8
10
6
9
5
9
15
0
7
3
3
2
4
1
1
99
108
116
122
115
116
138
114
9
97
89
104
149
141
104
148
149
4
73
131
133
113
100
151
106
105
8
77
99
129
129
86
122
140
133
3
134
97
127
124
121
106
121
98
5
127
147
98
126
122
100
104
106
0
146
119
127
115
114
144
113
141
8
93
83
139
128
148
127
146
100
2
116
128
136
132
146
114
98
155
7
114
127
102
136
113
129
132
95
5
113
133
115
121
155
90
93
77
5
129
101
109
113
121
104
82
129
7
125
151
101
114
101
121
79
130
10
121
113
135
106
101
98
93
99
8
114
91
121
101
135
101
145
142
9
113
129
112
150
95
108
113
128
5
121
85
114
91
144
84
87
108
2
112
116
115
112
113
96
121
102
8
131
71
86
119
97
101
112
170
4
146
118
114
120
139
81
114
105
6
133
150
72
124
128
103
120
112
0
106
100
102
91
128
134
120
123
10
154
141
120
127
115
110
130
131
7
98
121
133
143
95
141
128
99
10
127
94
126
114
126
151
109
113
6
159
95
139
93
112
111
125
155
0
84
121
93
106
141
135
114
109
8
98
79
141
144
142
97
125
78
3
102
103
130
105
136
110
134
124
4
85
121
128
124
122
106
107
136
3
147
108
112
147
118
98
101
121
2
122
91
132
110
107
83
148
124
6
99
103
109
95
126
115
78
106
10
104
85
113
132
102
142
127
132
8
138
100
119
136
135
80
163
109
5
134
114
135
77
98
136
153
118
6
111
135
105
106
112
137
128
87
0
130
94
105
134
136
93
128
113
8
120
128
111
128
103
118
121
98
8
147
142
112
111
113
114
115
135
1
100
94
130
135
141
103
87
126
5
136
92
75
117
129
107
120
132
6
123
122
91
122
127
156
99
98
7
99
84
89
103
77
128
121
112
3
119
136
141
103
120
123
102
124
5
112
108
132
126
105
117
99
129
5
120
78
112
150
94
113
134
122
6
80
101
114
114
133
110
114
93
2
141
100
136
115
99
137
115
107
1
121
93
144
140
163
101
107
127
9
128
130
90
119
108
101
134
127
10
163
142
98
133
112
127
110
134
3
99
139
89
134
119
154
87
112
1
147
150
123
150
139
136
110
109
9
93
113
111
74
88
152
148
127
9
123
99
71
132
119
114
123
104
3
76
127
146
113
142
163
102
140
6
103
94
131
120
118
134
99
113
5
117
102
142
92
107
92
129
115
2
109
78
116
113
136
131
86
99
8
98
94
140
77
142
127
143
129
0
126
144
106
126
151
163
120
139
0
151
123
141
113
96
132
145
92
8
135
118
99
125
111
118
102
114
5
99
98
150
84
114
105
97
101
1
100
113
76
90
133
101
77
133
10
112
134
131
138
110
104
112
152
6
128
110
117
135
105
102
97
100
0
92
124
132
115
106
167
121
107
3
106
116
110
90
111
134
111
106
1
128
135
98
138
119
121
121
108
4
125
92
123
96
117
162
129
85
9
107
99
129
101
133
97
116
130
3
134
165
131
137
120
115
135
129
7
103
102
138
108
88
96
115
125
1
121
122
150
140
98
115
114
123
2
83
99
102
116
87
148
114
136
8
147
82
82
124
93
116
108
114
2
119
83
100
115
101
101
104
118
9
108
115
110
101
119
90
98
82
5
99
111
92
100
107
116
116
160
8
99
120
115
86
110
121
115
148
0
86
87
136
115
112
120
135
119
7
118
128
102
115
101
103
108
142
7
136
78
84
115
110
134
113
129
2
144
120
163
126
147
166
111
134
3
142
118
108
77
150
136
120
93
10
104
111
96
92
98
109
120
175
5
123
116
138
163
111
140
116
150
3
94
137
129
128
120
116
112
139
3
150
119
128
58
115
159
113
92
8
90
107
99
102
87
156
113
126
10
98
106
83
122
141
120
115
122
10
146
129
140
100
126
149
92
98
9
114
120
127
134
106
79
102
126
3
97
142
121
115
123
142
140
115
6
126
135
126
131
154
105
135
112
9
149
105
134
139
93
113
149
144
7
127
120
92
115
134
156
92
140
1
112
92
119
100
113
120
106
121
3
82
149
130
78
121
110
132
87
0
103
99
106
114
110
105
137
127
5
117
102
98
102
87
106
135
156
9
108
119
119
121
126
140
93
123
6
92
133
133
127
108
121
135
106
5
141
121
140
137
69
78
140
115
9
120
85
115
140
116
138
93
126
7
144
115
148
152
139
151
98
110
9
106
131
165
128
112
118
146
120
4
128
121
146
121
149
124
122
114
0
141
147
155
112
82
127
85
110
1
147
119
135
96
125
97
91
101
9
116
113
127
112
128
113
133
115
4
120
114
93
125
132
127
131
111
6
90
136
94
118
137
105
125
117
6
101
81
144
128
137
122
101
112
2
123
112
139
126
134
105
122
154
8
95
111
84
142
122
105
87
99
6
106
108
142
122
130
155
159
90
8
113
113
153
148
109
129
135
170
7
113
107
99
116
142
97
119
102
1
108
118
118
125
147
99
131
120
1
127
155
120
114
121
108
112
132
7
121
134
101
126
124
92
105
127
9
152
136
93
116
126
142
142
143
9
113
101
98
163
102
139
92
140
4
135
139
98
134
113
119
141
162
5
142
116
141
80
65
103
134
98
9
111
130
68
106
121
149
104
122
3
121
106
69
92
109
94
150
119
6
121
130
121
141
86
131
146
123
4
140
146
131
113
117
123
123
129
9
79
87
105
82
131
102
148
120
3
132
100
117
134
120
137
99
141
6
132
73
182
107
83
117
103
129
9
157
143
156
120
128
132
150
108
3
135
100
113
124
155
132
135
163
0
109
104
126
82
99
133
147
118
2
83
100
121
127
101
96
78
104
5
112
115
91
136
100
87
126
147
2
127
111
107
138
128
116
136
146
2
125
129
141
128
107
117
92
113
9
121
128
97
122
153
122
141
119
6
117
104
129
129
107
123
119
94
8
108
126
141
112
123
141
111
117
9
90
98
97
141
107
158
113
95
7
148
107
42
101
120
131
127
107
9
113
129
109
122
107
138
106
136
6
102
114
135
90
136
150
134
122
9
136
134
92
135
140
78
92
113
6
120
107
123
134
124
121
129
121
6
133
126
83
120
116
120
109
70
5
114
108
97
116
112
133
127
110
7
79
122
94
119
136
84
111
126
3
129
129
125
122
100
127
105
111
6
87
98
93
141
85
98
78
116
5
136
106
112
135
119
134
126
132
1
120
117
78
108
142
86
124
70
3
113
112
111
86
119
107
108
106
0
95
97
122
108
120
125
102
134
9
128
86
121
130
118
108
78
112
10
148
169
117
154
99
154
107
147
5
134
95
110
147
143
82
100
141
1
105
125
106
115
122
119
129
121
7
63
86
142
83
154
133
109
120
5
119
124
126
122
86
116
104
98
1
106
122
143
120
93
125
149
128
7
133
156
121
156
149
123
96
120
2
134
132
88
111
102
103
115
108
4
95
109
126
96
137
84
182
111
2
159
127
113
133
133
132
106
113
4
136
132
146
106
98
114
101
91
0
112
120
84
123
99
111
110
153
10
107
92
119
100
119
88
113
115
1
80
115
85
135
160
115
144
98
5
121
108
110
77
157
101
132
121
3
95
134
113
93
92
126
103
79
10
107
100
104
124
85
109
133
121
4
116
143
121
127
170
98
97
100
4
92
110
135
142
149
97
129
87
3
133
145
83
91
99
100
122
129
9
95
85
66
115
117
112
152
134
3
120
132
72
114
169
115
114
144
2
111
116
122
128
135
90
142
106
9
94
137
85
130
117
106
123
113
3
155
62
69
99
112
81
122
119
5
152
141
141
125
98
120
65
93
6
158
109
92
121
125
106
143
132
0
98
114
114
133
94
127
119
122
2
128
100
144
150
101
95
108
136
9
113
81
128
86
131
130
114
119
3
122
110
100
125
99
95
98
154
7
119
126
136
126
106
114
86
129
2
87
84
114
129
80
95
118
155
4
134
68
116
127
106
106
95
140
8
127
108
128
132
113
135
107
128
9
85
142
103
108
133
123
133
106
6
112
83
170
114
111
120
106
114
5
99
121
91
122
86
120
114
95
8
99
128
126
134
98
149
94
110
1
105
112
120
123
141
122
111
144
4
101
144
115
110
132
97
103
105
6
90
117
116
128
133
88
144
82
3
126
115
128
91
104
121
122
108
3
115
133
153
133
112
92
120
107
2
114
126
121
85
116
120
79
103
2
92
129
105
128
127
133
136
93
2
108
119
134
99
127
158
93
84
2
104
162
80
129
85
119
100
134
4
85
80
92
141
167
121
120
131
4
113
98
140
100
84
96
116
116
7
128
108
126
153
85
128
122
79
0
126
88
120
156
108
122
126
145
3
112
126
150
93
66
129
134
118
6
112
126
133
132
110
111
143
121
4
116
91
143
81
128
109
152
143
9
96
114
99
107
107
111
109
131
2
115
128
106
136
105
90
88
132
5
156
117
107
121
149
139
84
112
8
123
126
92
95
135
131
134
95
1
114
109
114
119
111
114
147
85
4
98
169
111
106
73
119
93
106
2
147
93
146
106
128
114
94
148
3
131
147
99
126
136
115
106
114
8
124
145
92
118
102
136
93
144
9
121
121
121
110
130
118
119
92
6
163
157
145
99
113
111
126
142
3
136
111
142
113
111
133
106
86
4
100
143
104
98
137
126
97
172
9
115
111
134
163
119
129
120
121
8
135
128
124
92
126
113
94
105
5
106
106
105
134
98
121
147
143
9
141
115
129
99
176
103
106
128
3
81
105
85
113
140
135
119
100
7
116
101
136
118
127
116
86
122
1
116
143
120
102
124
98
116
98
4
100
127
82
102
126
92
106
85
4
138
108
139
101
149
113
114
114
3
81
113
114
128
133
115
129
99
3
80
94
98
107
163
134
103
107
3
104
122
109
126
104
143
84
80
7
134
108
164
113
150
105
108
96
9
127
134
126
117
90
127
78
99
1
127
131
135
120
110
105
141
148
5
157
64
113
138
103
142
84
130
8
126
96
139
133
104
95
106
149
4
149
130
123
115
130
121
96
128
5
122
105
98
96
93
121
143
101
3
111
112
132
124
123
115
123
155
10
114
91
135
131
91
103
121
96
7
126
142
114
123
105
97
146
168
4
86
93
123
101
106
122
103
142
8
120
141
123
108
130
113
123
91
1
126
137
95
152
112
98
128
94
6
112
121
122
106
113
108
135
143
7
87
127
107
122
73
126
124
100
9
79
110
128
133
121
142
141
103
9
106
154
100
106
110
105
114
129
3
127
117
101
134
114
97
127
115
0
94
135
151
135
158
100
105
103
3
89
121
110
102
138
142
140
128
2
106
120
107
141
112
127
115
93
3
125
78
84
125
99
139
114
117
6
121
91
90
149
87
131
146
148
1
109
127
101
106
138
83
118
122
7
142
131
81
96
96
114
86
169
9
136
121
72
101
135
113
134
117
6
122
102
149
94
129
111
129
151
6
113
110
117
101
116
62
146
117
1
101
105
98
122
127
106
105
108
9
135
98
108
107
119
155
121
110
2
120
121
170
118
129
98
104
135
7
109
127
113
143
159
128
118
101
1
114
128
100
114
103
105
123
112
6
120
106
115
77
107
123
121
122
4
130
102
102
121
127
108
82
119
10
102
133
94
97
81
123
136
131
1
137
99
127
72
128
132
153
120
8
141
103
103
129
99
96
134
122
4
143
105
134
149
110
125
130
106
4
123
107
109
127
112
130
118
101
2
142
121
120
92
121
116
106
117
1
150
143
100
105
107
149
88
75
7
127
113
84
71
85
167
93
128
1
124
129
106
136
129
107
125
122
1
135
123
113
126
140
139
150
107
7
103
121
150
99
101
120
100
113
5
43
107
121
122
128
119
133
125
8
112
84
121
127
106
95
137
132
8
125
120
103
114
92
125
111
113
9
125
127
136
121
112
108
143
120
1
121
100
92
84
111
122
113
97
1
116
108
133
124
136
116
144
77
0
115
130
119
77
64
101
138
83
4
111
121
100
107
101
120
127
135
9
121
152
117
75
152
89
114
120
7
120
106
85
86
86
126
122
115
10
152
122
153
100
76
136
101
112
1
92
99
128
107
119
120
88
113
9
135
107
120
132
90
107
118
157
0
133
106
108
91
123
129
107
128
2
127
74
141
92
121
90
86
139
1
107
122
95
75
90
80
95
137
6
125
92
130
124
134
121
102
98
0
141
92
131
148
138
143
145
134
0
89
100
110
125
106
136
128
118
7
128
106
126
108
113
119
118
93
4
142
64
107
135
155
71
112
142
6
110
146
132
126
79
100
127
147
2
139
128
132
139
110
125
140
103
3
112
97
123
77
56
92
93
120
1
101
126
128
94
125
106
117
109
0
86
141
162
115
133
126
107
90
2
78
116
104
87
122
108
129
129
8
80
104
117
122
125
111
94
100
7
143
112
110
139
140
138
165
92
1
78
144
127
141
128
132
93
107
4
73
108
83
112
120
104
129
87
6
105
132
121
108
149
110
140
114
0
118
135
101
114
137
110
105
128
8
117
107
122
110
107
122
94
115
3
126
151
145
132
134
81
114
140
8
128
152
114
126
129
126
168
99
0
142
110
152
98
121
128
138
157
7
118
123
114
113
107
139
126
108
8
114
88
111
113
113
144
116
152
6
133
100
136
127
95
110
98
112
4
133
112
120
140
144
143
108
108
8
142
107
86
116
102
132
100
122
1
117
135
141
123
127
109
113
119
6
133
113
126
101
117
108
113
113
6
111
109
117
74
122
122
77
117
5
142
115
99
88
101
118
122
118
6
143
120
111
155
121
87
92
123
7
128
141
78
119
109
122
72
158
3
128
136
148
122
122
130
123
121
7
97
164
107
146
141
83
108
120
10
143
132
125
141
146
115
112
120
8
115
137
74
108
92
98
121
106
3
127
133
124
157
129
120
117
104
7
122
115
80
112
107
114
127
118
8
134
142
156
121
112
105
127
135
3
144
96
130
120
99
127
95
106
4
84
114
97
130
148
117
99
95
2
138
113
99
123
108
113
88
156
9
113
104
79
102
108
156
102
86
6
120
129
91
127
116
92
93
77
6
126
100
121
135
119
136
114
139
6
111
132
137
93
130
156
132
121
6
85
114
134
130
88
125
99
131
5
158
95
131
111
92
106
143
119
4
139
132
106
148
105
122
157
90
9
97
97
150
148
98
92
146
116
5
131
127
112
110
117
123
99
135
4
90
151
114
117
112
130
122
149
0
97
115
134
116
128
134
142
97
5
143
134
121
130
117
143
152
92
6
114
117
104
94
119
110
112
129
3
98
127
114
119
109
87
106
115
2
121
116
135
98
106
127
126
114
1
103
150
120
99
61
77
154
122
3
126
122
129
96
116
106
92
100
5
158
108
116
117
135
93
128
152
4
113
123
134
118
141
92
85
143
8
111
118
114
147
102
99
134
144
0
118
84
100
120
113
101
78
112
3
160
123
90
108
122
118
98
83
1
114
118
117
122
110
125
121
132
4
131
127
122
121
106
96
90
107
2
101
129
115
93
111
114
109
125
1
135
113
84
128
137
75
96
129
1
128
126
134
102
144
138
117
92
1
115
107
101
112
133
141
105
92
7
111
154
88
65
136
111
120
138
4
169
99
108
93
136
140
139
112
0
147
121
129
84
100
114
126
74
8
80
144
99
105
103
119
126
122
5
106
126
115
142
91
97
100
119
8
132
120
141
106
94
128
100
76
5
110
81
125
79
103
78
110
100
3
121
124
138
105
114
161
135
101
1
126
132
99
135
106
120
122
100
4
100
126
77
100
127
116
85
88
5
158
128
126
97
116
92
98
126
6
100
121
156
95
87
103
112
112
10
139
90
122
135
135
113
128
126
5
96
124
111
145
102
127
133
117
5
102
119
126
113
119
113
123
148
5
142
101
119
83
128
113
118
120
6
94
121
108
149
106
126
135
114

