12
5
1
8
6
0
5
7
6
15
7
9
1
8
4
5
3
6
8
7
9
5
2
4
4
0
1
119
127
98
104
126
79
142
114
1
99
88
124
139
105
134
81
86
9
108
121
110
131
108
99
127
140
3
110
148
117
106
97
126
145
112
1
78
154
99
133
92
107
124
117
7
116
100
102
134
112
128
135
140
2
127
100
87
140
78
106
157
115
3
109
148
134
106
92
117
147
125
4
97
157
112
117
111
92
128
122
3
133
127
58
112
155
96
120
114
10
113
108
138
129
114
75
120
94
5
129
100
160
83
112
150
131
162
5
142
116
108
133
140
96
124
98
5
107
129
107
133
135
148
142
138
3
114
145
131
85
151
119
124
115
1
150
96
135
146
111
101
154
87
4
129
148
152
93
120
89
115
112
3
127
156
104
127
88
106
136
122
6
114
133
150
163
142
115
122
141
4
85
135
96
135
145
120
99
94
8
91
94
123
138
148
134
114
113
5
128
87
145
54
141
135
130
129
3
126
107
117
139
130
154
96
121
0
159
140
109
127
84
93
145
110
2
105
112
97
114
109
137
135
101
9
148
130
150
95
139
137
130
133
1
140
126
124
104
114
131
106
100
6
140
130
96
119
98
124
84
115
7
141
99
155
150
115
129
114
124
8
137
114
119
98
124
115
122
132
10
62
147
120
94
129
121
140
107
4
153
98
93
108
99
114
100
143
1
120
123
105
84
93
95
130
127
1
100
120
71
113
115
147
152
96
8
102
88
125
114
106
108
113
118
1
132
131
113
119
103
123
129
124
4
100
129
120
114
120
93
116
124
2
107
72
114
123
98
127
90
142
6
159
120
96
104
114
112
114
132
1
85
117
102
113
115
129
114
110
1
121
152
116
145
164
129
86
130
5
116
101
112
80
112
148
149
106
3
113
118
124
120
111
137
139
146
2
100
146
90
115
102
99
93
129
7
107
96
96
127
85
107
116
94
6
134
134
78
114
124
125
185
115
9
94
117
128
133
157
92
94
135
5
129
135
136
120
112
118
107
115
9
112
115
112
114
116
81
123
116
2
112
109
118
121
103
79
139
98
5
134
128
85
133
97
122
137
115
9
119
91
114
117
104
120
128
91
0
99
112
127
103
78
85
136
118
0
131
105
118
97
79
162
118
125
2
108
100
106
112
101
149
143
123
2
67
149
79
135
142
107
155
114
2
129
118
109
91
105
137
106
91
9
101
106
113
86
108
104
109
120
7
104
138
107
108
123
115
122
123
10
118
136
126
121
86
102
112
127
1
145
147
139
112
144
119
100
100
2
126
124
143
100
119
96
108
108
7
146
109
118
94
110
87
141
128
9
132
126
128
105
151
124
114
124
4
142
152
150
106
115
148
108
133
7
121
127
94
125
146
163
105
129
4
128
81
103
100
95
114
101
112
4
121
105
121
127
142
136
126
107
9
126
130
102
99
127
150
110
127
3
105
134
113
115
84
126
108
101
2
105
127
105
92
151
100
115
120
1
120
135
113
118
119
114
98
131
2
121
105
105
114
114
114
106
123
3
119
98
152
101
136
97
140
127
2
126
97
149
113
90
131
108
148
8
108
129
128
155
114
154
145
78
4
105
97
124
134
139
116
145
120
4
136
121
125
85
128
92
123
84
9
115
110
133
102
121
134
122
86
7
143
130
131
114
128
127
93
136
6
157
91
107
114
121
120
129
147
5
140
113
105
138
114
120
67
99
4
107
65
112
121
132
104
91
127
3
123
92
98
109
119
129
122
139
10
91
110
145
118
139
127
147
124
6
128
85
142
110
126
91
110
112
7
102
142
110
123
77
135
127
114
2
108
79
155
117
106
146
129
145
9
106
107
126
109
115
159
130
117
9
92
97
125
113
86
137
102
121
4
142
76
94
137
158
161
94
107
7
101
107
119
95
113
78
124
98
2
136
150
129
127
134
128
95
114
7
117
164
88
74
115
114
113
124
7
127
122
109
85
141
148
123
127
8
136
102
142
102
106
133
109
130
7
100
155
135
146
112
109
88
108
3
136
136
86
106
138
96
135
151
5
106
119
127
113
125
126
125
78
4
123
121
118
133
127
132
129
126
9
113
149
143
112
122
87
149
136
5
107
139
94
171
85
114
106
99
5
135
105
89
100
144
120
119
94
2
119
116
129
157
95
128
162
144
1
114
119
128
157
99
128
113
97
4
106
139
134
118
126
131
106
121
8
117
111
87
142
78
117
130
100
9
128
132
119
113
125
128
122
100
8
97
93
140
120
123
130
86
141
0
96
113
125
90
108
93
109
113
3
80
127
156
115
113
142
101
92
4
85
135
70
128
115
121
100
114
4
143
107
119
73
107
90
133
128
4
107
125
115
113
127
114
121
106
4
114
149
128
100
134
148
107
130
8
135
118
141
106
111
108
117
96
3
107
130
136
113
133
91
67
135
9
78
104
113
122
158
135
135
101
7
134
139
78
134
129
101
114
112
10
71
127
111
118
114
115
120
133
2
105
109
114
122
119
119
130
109
6
132
112
142
134
136
92
126
128
3
109
106
142
124
81
125
100
99
3
111
114
115
170
121
139
98
114
0
92
99
120
112
128
102
95
135
10
122
143
105
120
114
98
141
127
6
113
128
122
134
93
93
116
78
1
127
124
126
140
125
110
140
85
9
138
99
113
128
97
108
101
101
4
144
123
71
115
73
87
101
109
7
76
91
149
121
127
106
102
85
7
121
127
107
102
114
95
123
126
8
81
141
168
110
126
124
142
141
1
124
136
112
98
116
90
127
107
5
128
86
117
85
93
137
92
143
4
142
120
138
122
113
107
135
135
1
128
89
94
98
115
154
92
120
8
149
114
117
140
121
110
103
133
5
135
109
140
145
136
122
117
122
10
80
114
178
141
130
137
141
149
10
69
99
67
102
101
119
114
112
2
134
100
126
120
135
121
123
125
2
127
122
108
127
100
122
104
91
8
117
105
122
126
117
123
121
134
8
105
126
106
102
92
128
126
95
8
119
110
144
121
119
133
142
124
4
112
130
106
114
121
89
144
92
4
113
102
80
139
84
132
82
113
3
95
141
116
109
106
151
137
115
8
108
72
123
136
113
155
108
114
9
72
111
123
101
99
94
77
152
6
164
128
98
114
101
102
134
94
5
134
104
92
94
106
106
136
147
8
138
100
137
127
133
80
109
153
10
85
144
86
100
134
93
71
117
9
118
163
126
115
129
114
136
99
6
88
135
134
107
134
73
127
99
7
120
126
135
118
132
126
129
132
8
154
101
81
111
139
91
122
136
8
89
128
84
133
119
152
87
144
8
107
123
140
89
87
83
157
114
9
126
101
102
121
140
131
149
91
7
124
121
107
105
141
136
115
101
4
78
94
119
138
104
98
119
99
2
141
94
125
101
130
122
78
113
2
83
142
113
128
58
96
147
149
5
134
123
128
141
115
135
140
114
4
100
108
118
129
169
114
77
109
10
122
127
107
129
94
142
120
139
4
102
134
102
133
153
123
124
130
10
106
84
128
178
84
147
107
100
8
92
104
115
99
121
72
125
86
8
145
84
113
95
120
112
126
98
9
119
115
101
156
148
134
100
101
8
148
115
64
107
107
92
147
177
1
91
139
93
116
91
119
121
123
1
120
137
115
121
103
97
128
121
4
115
115
183
119
120
114
147
148
9
128
133
95
119
124
121
103
115
2
98
112
148
105
85
118
110
77
3
135
116
89
101
162
124
104
101
4
106
120
151
121
131
107
143
93
7
135
93
135
107
65
148
115
142
8
118
124
88
79
122
113
89
105
9
100
120
113
111
136
150
121
88
1
92
121
97
92
79
99
126
115
9
143
91
135
80
100
141
98
129
8
114
147
93
112
120
160
127
113
2
78
125
118
142
82
154
119
96
3
109
140
154
101
120
121
109
96
2
86
104
163
95
130
88
120
112
8
86
104
112
85
98
108
97
88
0
155
145
110
111
54
101
142
115
6
121
78
146
89
135
126
109
99
2
107
148
96
139
96
92
123
64
1
142
114
141
106
114
107
114
105
6
120
105
119
114
135
103
106
109
5
100
118
146
113
127
117
103
100
0
111
108
94
93
104
119
128
117
6
138
128
115
131
113
106
112
122
4
77
121
166
122
124
120
128
147
6
108
122
133
95
110
104
125
114
5
120
110
165
145
93
92
168
101
7
92
85
107
106
123
146
107
138
4
107
119
114
120
101
100
127
87
6
133
132
59
108
108
107
121
141
2
127
120
115
108
90
130
106
80
7
125
99
85
128
94
124
82
129
0
138
106
102
114
133
135
121
99
4
143
125
126
108
126
108
106
128
5
126
127
91
92
119
127
141
142
4
107
123
150
85
92
105
98
110
1
147
123
152
126
124
134
68
100
8
148
120
123
133
120
137
131
128
9
115
76
121
135
148
110
96
124
3
110
98
112
148
108
149
121
112
9
110
105
111
96
143
135
94
155
0
94
117
101
103
148
121
120
103
2
137
151
87
101
102
89
78
107
8
70
96
105
96
121
110
105
147
9
171
107
113
113
117
113
123
147
2
89
129
86
123
115
135
100
128
2
105
84
116
89
77
120
123
125
9
105
129
141
110
143
169
136
117
1
117
113
101
135
111
113
139
127
2
101
156
112
148
91
129
161
141
9
131
123
107
90
142
87
145
138
6
131
100
98
105
132
119
115
121
9
121
118
114
107
121
112
105
92
2
92
99
152
127
118
71
105
128
9
99
95
163
111
114
131
122
101
7
121
149
115
133
144
108
121
121
9
86
139
113
128
87
140
119
123
0
113
113
143
154
142
123
105
131
9
94
80
125
98
78
88
102
134
10
139
113
95
101
127
92
114
114
2
137
120
103
116
92
128
100
134
3
75
127
168
121
110
134
141
113
1
78
171
120
128
135
99
102
155
7
102
125
126
125
86
122
106
117
6
88
119
116
103
97
125
122
110
8
126
77
98
88
148
87
130
106
2
120
120
110
119
115
118
64
136
9
99
145
141
118
139
126
106
83
9
101
94
128
110
103
128
145
137
0
141
128
141
93
141
108
105
130
0
140
120
104
135
141
122
122
104
9
99
106
123
116
116
147
129
107
6
92
124
100
135
130
110
128
98
8
118
141
138
110
112
100
105
120
6
120
129
119
87
104
112
107
100
7
107
92
102
116
148
136
113
143
7
103
141
92
94
133
121
157
91
7
99
105
136
152
150
126
134
112
6
125
129
105
92
136
101
149
98
1
129
103
128
148
125
71
134
120
6
109
155
113
96
112
131
131
138
10
154
128
107
133
105
127
107
128
8
93
142
109
148
127
118
63
133
0
79
129
114
139
154
164
137
122
5
104
140
136
126
95
114
126
95
0
127
79
99
143
124
128
139
133
3
87
156
87
141
126
137
140
99
7
99
109
100
147
95
67
113
120
6
81
97
93
115
119
108
111
70
3
124
160
104
132
109
141
148
107
2
120
96
107
99
108
142
124
124
4
86
127
100
135
100
124
126
115
2
135
129
152
137
105
93
88
149
8
106
113
99
122
104
104
100
130
4
169
136
86
133
124
99
140
101
0
112
102
128
90
126
97
120
118
7
73
124
121
103
149
120
100
86
9
95
77
99
128
77
84
102
103
9
133
98
122
148
138
99
104
143
5
97
127
121
136
95
120
120
84
3
114
120
129
120
109
107
108
127
4
155
138
106
120
120
129
96
105
6
84
155
135
155
129
113
121
122
0
101
142
99
106
121
123
115
104
8
111
79
69
87
90
118
142
128
5
106
58
115
93
127
135
101
116
7
120
131
121
126
136
161
136
124
7
123
119
107
106
114
79
141
121
9
129
94
129
83
146
132
85
141
7
135
93
68
102
143
86
162
134
4
123
141
146
122
96
128
146
114
5
122
100
122
109
156
114
110
124
7
106
127
101
146
113
119
108
169
5
109
123
72
128
103
107
132
101
2
117
144
140
140
122
112
128
97
6
113
113
135
112
150
116
137
163
4
152
114
122
121
138
141
106
110
8
92
148
127
107
110
128
112
92
6
145
102
105
121
94
129
142
135
10
85
105
131
127
111
135
109
115
8
119
114
120
99
107
143
125
125
2
100
108
126
91
135
116
83
129
4
115
143
144
119
114
121
123
155
8
71
81
127
121
123
135
98
100
8
86
98
75
100
163
136
135
94
5
135
171
127
107
99
89
133
134
3
115
139
125
119
116
92
102
86
9
97
82
132
112
88
107
144
116
3
105
129
79
121
150
122
126
118
4
136
94
106
134
81
144
114
146
8
126
121
133
137
122
118
135
134
4
151
135
134
91
154
124
113
123
9
88
88
91
105
120
125
115
127
2
114
112
114
115
92
161
142
122
10
101
148
141
128
110
114
179
106
5
152
111
114
106
133
116
106
113
5
121
101
74
97
120
98
152
124
10
127
107
101
104
126
110
168
115
8
115
91
118
133
94
96
109
105
8
149
111
147
137
137
111
114
95
1
140
86
107
143
119
85
90
94
5
102
108
127
113
133
131
135
124
10
78
110
136
99
119
102
143
128
8
120
142
140
114
126
109
118
127
10
158
121
80
71
120
101
128
167
9
93
117
93
135
92
126
148
73
7
103
116
138
106
133
123
100
100
4
115
102
121
149
148
138
115
78
6
125
103
113
124
153
120
75
127
1
126
113
126
86
145
102
87
118
4
72
111
120
99
116
108
159
118
4
110
99
134
121
130
154
92
161
8
141
125
118
124
108
142
95
86
2
106
129
114
126
96
139
109
135
7
133
91
128
118
112
100
123
141
1
127
141
120
154
128
107
119
105
9
135
114
148
103
129
117
95
131
1
127
105
149
112
134
97
96
118
9
150
97
133
65
80
133
131
122
1
86
135
124
140
98
100
119
140
5
116
129
130
119
113
134
130
81
1
79
107
119
118
128
113
96
129
3
136
106
135
153
143
94
127
125
9
93
87
125
116
127
135
105
114
1
122
106
135
118
115
96
128
92
8
114
146
160
106
80
147
129
106
7
100
117
128
112
80
103
107
149
8
128
163
105
114
134
106
155
102
5
127
104
112
141
136
128
131
90
8
135
75
113
120
126
155
129
156
10
99
149
113
100
116
154
105
104
7
104
161
133
100
122
121
120
119
8
120
99
114
111
128
113
99
115
5
93
105
125
127
74
79
113
85
7
126
99
120
107
119
129
119
78
1
105
134
141
98
109
108
148
137
8
125
138
102
126
96
92
119
125
4
135
133
115
109
92
117
117
132
3
110
127
115
103
155
116
91
94
7
112
86
86
129
120
134
107
115
8
151
107
98
122
141
114
114
114
5
109
127
92
113
123
102
93
140
3
137
133
114
147
107
121
153
121
4
114
141
129
100
70
136
139
127
8
130
127
98
126
113
99
136
118
8
134
120
158
107
86
154
104
95
9
124
114
134
144
123
113
119
128
7
130
101
109
130
98
148
111
101
3
149
118
145
126
117
133
126
135
3
115
133
141
111
85
122
116
119
7
104
133
96
107
81
123
104
96
8
111
114
127
99
127
127
124
92
10
128
101
106
118
132
104
110
142
1
95
134
110
109
142
150
156
143
1
110
85
123
133
95
106
93
101
3
117
125
112
120
126
75
101
126
2
113
108
123
108
107
135
121
122
4
145
137
107
122
93
85
76
126
5
107
114
106
101
131
133
136
135
1
81
141
140
122
93
98
114
141
0
124
135
127
95
134
109
103
110
7
113
112
140
119
93
86
108
117
5
133
128
127
122
113
100
151
95
0
106
118
136
124
122
128
113
124
6
114
111
131
65
154
120
107
113
8
127
112
79
102
102
129
93
114
4
124
149
149
104
133
108
91
136
5
106
134
107
139
105
142
120
104
1
162
112
132
135
136
94
99
115
0
98
92
168
87
133
118
132
114
8
157
103
100
105
137
110
134
148
8
90
121
113
76
111
135
92
138
9
128
116
142
116
112
110
121
106
8
155
103
95
105
141
113
141
152

