14
9
5
6
7
8
9
3
8
10
0
10
0
5
5
8
5
9
9
5
8
3
4
1
2
4
9
137
110
104
112
99
91
136
129
1
139
113
117
108
121
107
136
106
3
97
128
84
156
100
114
101
133
5
100
170
112
93
107
93
102
144
4
107
100
166
113
92
121
135
107
3
133
106
101
108
133
100
88
98
0
105
131
125
119
133
92
119
131
2
134
133
118
149
127
123
100
131
5
137
128
121
120
111
141
149
104
0
121
124
123
108
140
109
102
125
1
121
104
107
65
112
176
149
144
5
115
115
117
101
116
142
123
134
9
94
91
130
138
74
125
115
136
1
115
118
114
157
136
113
135
108
5
106
96
133
99
115
118
113
110
6
113
88
107
129
106
115
96
85
2
84
97
147
121
91
99
128
154
3
136
107
92
131
124
116
140
113
6
147
94
113
127
94
120
120
131
6
117
141
116
98
113
124
138
134
7
87
142
109
105
128
136
137
105
0
114
113
143
142
83
124
102
110
2
134
90
73
112
112
106
147
92
6
106
100
118
115
116
107
144
121
5
142
98
147
140
82
97
150
145
5
106
114
125
116
122
122
103
128
4
91
113
106
126
127
153
113
122
1
111
140
119
106
113
135
100
100
5
141
121
142
94
139
96
127
128
5
124
98
108
130
128
115
133
98
4
78
125
123
152
91
85
97
104
8
92
84
99
94
114
96
125
122
10
127
95
126
115
103
115
114
63
0
116
131
103
109
100
63
81
109
8
98
142
86
93
98
93
126
127
7
107
101
121
104
101
107
123
134
7
106
139
130
101
116
141
140
135
5
104
70
94
106
119
115
112
117
9
147
113
108
124
112
84
124
100
2
91
99
99
103
145
118
83
124
6
134
141
93
117
115
171
123
127
0
103
134
126
124
125
82
168
110
5
119
82
156
163
125
142
106
98
4
116
134
113
143
104
99
76
107
9
128
87
112
93
85
117
83
88
9
118
148
123
85
125
84
105
115
5
119
123
121
121
145
82
115
128
9
126
114
144
136
115
101
106
100
9
132
94
138
113
104
127
162
116
5
149
115
135
145
136
137
79
94
5
113
93
143
91
135
92
123
123
4
115
105
111
139
156
115
126
143
10
162
126
156
127
117
107
119
113
5
110
120
134
135
113
102
117
137
5
134
146
99
128
132
125
102
121
7
127
142
136
122
115
115
138
128
2
107
102
148
141
133
114
100
120
6
136
137
131
93
127
119
112
102
8
126
112
91
108
132
124
135
163
8
126
100
141
156
153
76
113
117
0
94
101
85
151
129
151
126
98
10
134
123
100
134
100
118
110
142
1
155
149
116
120
136
93
105
99
5
110
140
144
103
114
99
101
113
7
108
120
109
114
106
121
132
108
7
114
108
109
98
126
134
148
84
7
136
142
111
116
121
80
139
129
8
134
97
130
99
113
135
83
113
5
120
110
94
112
158
114
133
119
8
131
131
144
128
127
120
108
97
7
133
103
84
135
135
98
111
111
9
172
113
141
107
133
108
87
146
2
72
99
141
135
132
116
114
88
8
128
73
81
136
118
109
70
106
8
128
102
92
117
89
134
90
95
7
114
120
108
117
141
100
84
136
4
87
135
135
130
106
123
119
91
0
113
121
142
109
109
117
98
115
5
121
134
120
98
119
109
113
104
8
112
87
149
99
77
107
102
121
1
113
121
109
166
131
124
117
132
4
126
141
100
157
121
84
135
126
10
114
135
134
97
140
99
129
112
6
97
116
142
92
142
126
117
94
7
105
101
94
159
126
129
129
101
9
147
115
121
128
141
127
140
75
9
77
106
124
179
110
113
99
92
2
118
85
113
156
108
121
85
117
1
87
129
133
67
106
127
105
118
3
119
90
117
96
110
123
107
88
7
131
125
72
118
129
132
135
112
2
93
92
110
135
139
127
142
112
0
129
108
115
120
100
146
99
116
8
136
92
113
107
108
90
174
113
8
95
92
136
79
126
119
133
90
4
129
133
121
146
103
122
129
140
7
127
98
113
91
129
128
112
129
3
98
98
156
84
145
132
80
93
5
129
123
136
90
114
127
142
107
1
77
90
122
130
78
65
135
116
9
90
109
155
114
119
107
120
89
7
94
89
105
113
138
88
107
114
5
77
142
129
132
126
150
88
134
9
102
78
129
106
93
99
128
131
2
156
144
134
128
115
107
92
99
10
88
144
120
97
114
138
131
99
10
130
132
134
140
121
123
138
139
8
92
152
119
105
91
117
115
136
2
129
113
134
133
141
141
80
100
4
113
130
120
155
103
97
168
129
9
100
91
119
139
132
103
134
103
9
147
119
101
117
97
115
79
92
7
145
126
152
126
100
99
125
115
5
129
101
113
133
148
162
99
119
5
125
131
112
143
110
141
86
104
10
113
164
92
95
145
124
138
116
7
113
83
115
111
134
85
112
113
1
106
121
122
107
135
122
110
115
4
128
119
124
121
103
94
91
108
3
134
121
107
104
77
127
158
109
5
127
100
127
94
148
141
107
150
4
100
91
146
98
132
158
135
127
4
120
99
120
78
89
133
107
107
4
154
95
99
121
126
91
107
124
1
116
118
113
135
82
106
108
127
5
106
148
123
107
86
81
105
141
1
128
136
127
107
112
114
159
108
6
98
135
100
130
97
109
106
153
2
86
101
114
104
80
113
107
139
5
114
142
105
106
111
117
85
114
4
114
152
126
86
139
72
103
101
4
105
93
102
138
119
105
103
115
3
97
157
85
121
123
97
104
127
7
109
106
139
163
85
126
107
114
7
128
156
101
107
134
89
105
93
0
143
86
104
109
110
117
93
143
9
123
78
98
84
102
109
89
121
2
128
105
125
124
91
126
122
107
4
101
106
119
106
136
142
59
98
3
92
135
97
134
160
119
137
141
0
107
158
130
112
108
129
128
135
3
99
142
115
115
127
156
128
141
2
57
110
109
113
105
145
135
123
6
134
94
110
116
87
119
111
114
10
133
127
108
162
100
118
128
94
5
134
121
134
108
108
104
107
112
9
142
156
108
122
112
136
156
159
8
142
126
107
90
100
103
106
144
1
107
120
127
121
100
114
111
101
2
153
124
87
80
106
78
93
122
2
86
129
127
99
112
134
110
109
9
93
59
82
116
104
99
163
127
3
92
113
141
107
117
118
121
93
7
138
100
120
100
127
129
127
121
6
100
121
148
133
106
114
119
142
10
141
124
94
126
135
120
105
120
1
118
90
146
115
119
80
98
106
9
100
83
86
128
137
118
109
74
1
125
110
111
109
120
137
143
141
2
120
121
92
110
113
150
131
135
9
137
114
150
68
136
134
77
87
4
84
142
90
95
157
140
109
107
2
100
151
149
132
122
110
97
95
0
108
139
116
144
108
156
118
131
4
140
119
99
121
82
96
82
97
6
121
129
92
119
144
107
134
102
1
156
142
101
116
102
120
103
127
6
127
133
101
120
114
123
130
141
1
109
156
125
126
115
128
120
135
7
95
102
106
135
97
133
129
92
4
105
126
126
122
99
100
164
105
2
121
102
121
117
84
133
91
134
9
103
127
157
83
144
105
112
125
6
99
135
119
115
148
132
106
129
6
114
127
94
92
78
93
127
112
8
107
95
164
106
118
120
121
128
9
144
117
146
85
103
142
116
122
2
105
101
130
144
122
103
86
87
3
109
124
135
113
85
125
99
160
5
138
157
140
99
128
163
98
72
8
85
137
109
118
113
148
80
99
6
64
141
103
92
54
101
105
109
7
128
127
121
126
108
136
138
125
9
115
77
117
86
114
113
123
106
7
130
128
134
147
143
107
90
108
7
127
101
136
122
96
88
146
118
1
124
67
103
112
88
90
85
113
7
128
121
125
134
115
96
124
112
10
149
128
122
102
118
92
78
122
1
120
80
129
108
87
105
130
106
7
111
124
87
79
114
89
134
115
6
127
166
123
99
92
102
94
124
8
123
101
106
102
132
129
107
156
3
99
94
137
107
169
112
108
105
3
149
107
157
98
144
144
135
91
6
140
128
127
123
106
156
112
99
7
140
107
109
88
129
104
96
94
6
83
112
163
105
132
124
100
145
8
85
148
146
127
171
126
107
93
6
104
135
76
86
123
136
122
127
5
125
116
133
104
148
110
125
128
5
102
118
106
111
156
108
107
147
6
127
106
109
119
146
108
106
94
10
119
119
140
108
142
135
108
84
1
139
127
141
86
128
131
108
134
6
113
94
105
78
132
102
119
126
8
98
106
141
138
122
113
142
116
5
121
114
163
104
92
119
105
121
4
128
131
156
123
128
132
184
87
1
99
90
142
121
120
99
112
126
9
145
163
112
121
59
110
113
110
4
106
114
155
110
106
120
126
135
6
107
86
121
132
117
94
129
133
5
120
92
94
116
160
126
86
100
8
99
109
127
155
121
134
135
100
3
79
129
136
140
124
148
114
86
3
74
153
94
113
99
92
99
133
1
133
135
149
128
138
118
104
100
2
111
134
127
126
132
149
127
116
4
120
111
111
107
127
138
141
122
3
122
101
147
111
102
99
99
124
3
120
131
132
96
98
92
148
121
2
114
140
116
129
118
144
127
105
9
105
104
142
120
114
108
148
122
6
155
98
121
127
148
135
87
148
4
89
105
92
130
138
135
98
120
6
99
155
89
128
127
107
140
120
7
95
128
136
129
115
81
110
104
6
147
115
98
145
122
87
118
91
8
96
120
117
99
91
85
113
142
7
169
106
99
114
100
142
106
101
4
154
117
107
127
101
126
116
155
5
97
106
108
109
123
106
107
140
6
127
77
173
106
111
111
99
136
6
126
127
132
142
112
94
141
130
7
135
91
123
124
87
85
103
131
8
80
108
108
91
157
115
100
142
3
120
111
128
122
112
114
121
118
3
66
111
137
119
120
127
113
148
8
134
114
109
139
104
113
129
161
8
83
147
114
135
161
116
120
128
6
105
126
130
137
149
114
118
121
5
118
114
109
113
160
121
141
137
4
136
127
133
125
92
93
95
132
7
99
102
102
142
83
115
134
122
2
135
100
134
137
137
140
127
104
4
113
161
136
141
118
135
82
104
2
126
114
160
95
96
99
92
101
4
95
101
125
104
135
107
151
128
5
141
149
91
140
114
154
108
113
6
135
134
101
92
143
88
114
131
4
120
133
139
143
93
117
106
120
8
152
118
130
124
130
108
100
105
1
100
107
115
135
98
106
103
163
1
128
125
77
129
106
127
128
98
4
108
93
64
135
110
127
132
126
2
104
115
121
133
102
93
123
120
7
139
146
136
102
107
107
84
111
1
108
110
113
103
128
100
121
103
7
117
100
111
87
81
121
101
105
2
119
127
124
100
106
77
139
133
3
131
119
110
134
126
94
121
107
4
119
103
120
116
164
164
136
94
4
120
100
122
114
123
107
106
128
10
141
147
72
105
125
115
97
89
5
148
104
114
114
103
99
133
87
2
115
125
106
117
91
125
108
126
8
90
105
96
115
127
107
111
112
9
133
113
138
57
91
107
122
107
9
103
114
139
139
119
116
115
142
3
78
93
92
104
124
136
126
145
9
113
98
111
63
121
99
85
68
3
114
123
119
87
107
113
163
130
5
75
123
88
119
108
117
87
143
4
148
123
135
136
123
120
105
107
3
140
134
106
137
129
150
101
157
9
97
115
89
111
104
122
112
128
4
119
101
86
130
134
122
165
90
0
139
106
135
140
97
107
104
102
1
97
101
151
95
95
139
147
127
2
121
86
107
127
111
128
97
105
3
142
141
130
119
120
129
113
119
4
103
116
149
154
123
114
147
113
2
143
116
122
132
105
78
71
89
2
158
94
90
116
132
145
98
133
4
127
104
107
165
129
103
103
143
0
135
135
142
121
137
98
138
129
8
86
135
133
113
114
145
135
99
3
141
94
133
99
155
129
141
100
2
119
95
115
126
138
118
120
140
7
85
141
87
120
140
145
156
127
10
70
127
114
128
105
149
99
105
4
101
154
120
88
103
171
122
160
3
121
125
148
141
165
132
123
115
5
158
125
140
123
98
86
120
140
5
99
114
127
108
100
122
132
105
2
135
100
120
162
86
154
119
114
9
122
94
147
113
90
151
107
156
9
114
101
156
122
124
85
108
148
4
129
127
136
85
127
79
112
169
8
134
116
137
97
107
124
107
153
3
107
84
141
115
114
128
113
114
9
109
135
119
99
111
114
94
138
3
118
106
100
78
119
117
98
123
3
121
124
128
103
112
104
91
104
10
134
169
123
122
87
107
120
107
4
99
134
111
126
151
110
151
72
2
112
95
104
124
116
130
148
95
0
109
131
96
114
135
99
98
116
6
74
129
134
114
86
99
162
128
6
111
137
124
78
107
95
120
136
7
149
106
129
106
148
128
114
106
10
105
112
105
121
127
135
134
162
7
157
100
109
104
126
114
93
113
7
92
123
103
99
157
138
96
120
6
101
123
100
110
145
126
90
152
1
134
160
116
135
144
113
101
95
8
119
135
122
108
115
108
112
122
0
92
128
87
131
129
113
114
121
9
114
127
91
91
134
94
91
113
8
133
141
89
85
91
84
132
129
4
97
143
100
101
112
109
126
117
7
105
135
124
140
129
119
141
125
5
142
127
118
135
115
98
108
139
1
102
87
156
109
157
111
117
96
5
122
117
159
112
137
126
139
138
8
106
69
134
141
132
118
95
103
4
114
123
156
121
90
128
121
95
1
107
145
81
117
147
140
115
163
9
93
154
94
124
122
94
107
120
4
95
118
107
131
98
124
77
105
6
135
115
101
109
119
152
117
125
7
129
100
143
117
107
126
114
107
6
93
107
131
62
107
107
132
94
9
121
124
141
102
121
121
106
100
9
123
135
166
134
95
108
115
107
10
112
99
108
123
102
115
92
100
6
121
149
140
134
90
114
98
156
1
121
93
153
141
140
100
107
119
7
113
117
88
118
128
93
110
133
9
120
128
127
86
87
147
114
119
7
149
129
120
106
107
76
150
122
8
136
162
115
94
142
128
114
130
4
114
108
105
117
142
122
105
128
1
117
68
90
78
122
147
97
105
9
88
67
113
112
101
115
121
126
3
124
126
124
110
101
121
101
98
7
134
105
137
119
106
134
77
125
10
134
92
133
92
122
162
128
127
9
86
128
127
121
107
121
101
107
8
113
81
95
99
96
130
108
99
8
109
98
94
104
108
86
112
85
2
101
111
104
128
127
105
144
110
7
100
121
105
108
114
64
133
87
2
138
109
134
117
133
128
120
149
1
122
112
107
119
134
113
107
92
7
113
119
119
148
124
99
114
133
4
87
117
152
82
116
102
107
162
3
105
117
126
127
93
133
149
120
3
132
124
114
99
135
120
107
111
4
104
103
128
163
134
100
131
161
1
106
90
91
135
91
87
123
126
8
101
123
139
100
119
136
108
109
5
127
121
86
121
106
126
106
129
0
128
78
119
112
142
108
112
108
6
130
127
101
147
150
118
117
131
7
112
137
124
125
150
116
146
89
3
112
130
149
125
102
120
99
110
2
92
99
121
133
118
106
143
142
1
145
114
135
118
119
104
134
114
8
119
126
81
119
117
117
136
128
6
114
112
120
109
132
146
125
116
8
87
132
120
139
127
120
99
135
4
85
128
116
113
111
62
124
88
5
115
100
156
106
92
120
142
128
10
131
120
89
100
111
139
140
87
3
124
120
116
126
120
125
113
106
2
99
150
161
150
118
115
114
79
1
43
96
118
95
106
94
120
115
7
124
134
154
118
133
128
114
108
10
104
143
112
99
95
149
129
101
8
113
107
126
139
96
107
110
118
8
131
141
98
128
114
113
98
146
2
87
126
123
114
126
114
118
101
7
115
120
92
142
112
122
97
115
1
130
122
131
98
148
135
145
115
5
115
135
151
107
112
128
99
106
6
84
95
117
99
133
67
106
147
2
123
143
96
111
126
107
110
120
6
115
134
153
102
107
128
103
98

