11
6
6
9
8
2
2
3
9
13
0
8
2
0
2
7
0
8
12
9
1
6
3
9
7
0
7
63
149
93
125
147
100
157
125
10
133
150
115
87
147
124
155
123
6
128
103
103
100
100
141
110
91
0
107
113
127
126
118
127
95
95
3
110
133
135
103
168
128
122
129
5
101
99
142
119
107
148
126
80
1
116
109
96
148
133
99
119
112
2
139
101
114
107
160
137
97
113
4
95
130
108
165
120
93
166
129
6
103
124
149
118
137
95
94
132
5
93
133
107
93
85
101
106
152
1
149
98
143
104
101
112
120
92
0
102
158
105
126
148
99
96
119
6
93
81
112
135
151
136
126
114
1
126
113
149
122
133
77
119
107
10
91
156
113
116
133
122
120
126
4
95
105
105
104
100
125
98
134
0
80
109
113
136
151
109
148
88
3
115
105
114
121
149
126
106
138
2
127
146
141
128
79
103
117
106
1
128
120
165
127
127
134
109
105
7
111
124
137
142
85
108
122
143
3
92
120
99
155
94
128
131
77
9
156
140
128
137
113
113
94
128
4
72
114
104
120
127
107
138
85
1
134
108
100
110
116
116
94
113
5
122
131
133
107
113
120
104
122
4
149
70
112
121
127
112
149
97
7
71
152
128
116
101
114
94
114
6
147
100
148
94
92
113
107
136
7
121
99
118
99
156
151
117
151
0
77
99
116
147
107
111
126
103
3
111
100
119
137
122
100
120
129
7
129
132
128
115
122
111
142
113
5
100
119
97
120
115
137
108
135
6
142
147
105
78
111
129
95
121
7
126
103
111
148
132
121
77
155
10
106
137
162
129
121
120
148
94
5
108
114
74
91
85
145
154
97
2
126
106
112
110
132
155
117
127
8
134
87
74
136
141
121
81
127
5
148
111
122
134
107
122
111
112
6
107
84
117
77
126
121
88
84
4
128
131
120
122
88
141
112
130
1
136
148
92
146
146
114
114
139
1
100
131
102
119
110
127
107
142
6
85
106
155
111
119
111
127
135
7
133
114
97
109
131
85
110
135
1
123
129
127
107
100
151
133
99
1
140
143
138
107
114
108
96
105
2
121
136
114
105
107
121
103
92
1
136
130
102
102
121
80
119
82
3
127
141
114
114
127
118
101
114
1
79
144
105
146
134
129
91
107
7
134
114
135
70
137
64
86
149
2
107
113
97
107
98
97
126
103
0
98
125
108
122
127
114
116
127
9
121
92
136
136
105
121
133
107
1
63
171
160
115
138
94
110
119
2
126
105
106
92
93
93
114
126
3
128
142
127
129
119
107
99
115
1
85
115
101
153
106
113
108
128
3
136
127
105
130
160
99
100
85
8
111
96
143
105
129
109
120
126
10
120
91
83
126
149
120
94
62
9
130
112
134
63
115
114
121
100
3
120
100
106
128
134
149
122
120
5
94
92
116
107
112
121
129
103
9
117
161
111
92
94
60
106
93
5
121
133
114
110
113
107
133
123
7
99
129
164
99
132
126
134
127
10
115
117
112
121
74
108
117
110
5
145
130
122
141
119
118
129
121
8
113
147
99
112
113
84
146
75
0
117
106
117
132
122
104
99
114
6
99
98
160
109
128
121
112
147
1
128
129
108
124
77
149
131
130
1
88
124
119
120
121
121
114
99
6
68
98
128
114
92
142
91
128
8
81
101
91
101
126
148
112
134
3
112
124
114
95
132
135
151
130
8
115
111
95
113
91
148
126
120
0
109
108
129
87
146
126
90
99
7
136
135
115
115
143
149
143
119
5
99
149
114
124
128
72
110
139
6
125
163
114
112
119
149
97
155
8
143
83
135
113
122
126
106
162
3
82
142
114
106
101
115
129
142
1
115
153
77
131
163
92
105
129
3
112
110
121
124
114
113
102
125
3
101
130
129
100
116
115
115
129
8
148
106
131
126
106
109
117
153
9
114
108
130
96
94
98
99
106
0
141
133
148
106
84
108
126
136
2
142
121
107
140
122
143
129
95
9
126
118
137
120
118
118
88
134
8
89
140
113
141
114
124
107
125
4
112
79
122
137
115
115
111
134
9
93
150
121
138
155
128
105
149
10
123
137
102
127
113
99
112
121
5
125
136
122
107
92
103
99
100
6
135
147
113
94
134
147
109
124
7
93
111
138
80
112
155
120
140
1
142
115
107
101
129
102
122
125
5
109
86
156
120
93
159
128
130
4
110
128
101
104
135
113
127
146
7
131
99
114
123
114
108
106
135
0
128
108
112
113
168
132
128
107
4
115
129
108
123
95
97
127
97
2
100
121
94
150
150
92
142
144
3
148
123
106
141
118
129
141
106
2
132
123
79
116
119
115
105
103
7
128
106
126
159
111
113
122
106
8
119
116
106
156
135
121
124
117
7
119
96
135
133
100
92
73
126
5
115
154
135
166
114
128
121
128
1
108
163
126
111
131
82
101
121
3
99
141
116
122
127
111
127
94
2
113
121
115
91
149
154
122
78
9
120
106
122
111
135
139
69
104
5
125
117
136
124
130
59
128
111
0
129
101
142
133
102
113
120
135
1
103
86
150
132
135
66
112
106
9
134
109
127
112
100
94
111
126
4
111
99
128
118
161
143
124
154
3
116
90
116
118
122
98
111
121
5
125
116
135
107
153
101
101
141
7
102
118
113
142
119
114
158
125
3
90
141
94
105
130
111
129
130
6
98
112
123
101
101
119
107
147
2
106
93
68
156
141
129
120
120
2
94
137
100
120
100
113
137
99
5
117
123
141
111
162
128
136
137
4
115
128
116
125
125
119
135
86
4
107
101
151
101
120
105
135
111
9
113
105
130
125
91
97
154
116
3
105
131
102
114
120
113
121
86
4
127
99
142
104
96
121
106
104
1
139
150
129
85
142
122
114
104
8
106
141
103
118
128
146
144
130
7
98
128
114
104
75
134
111
94
5
147
124
136
104
85
105
68
82
5
127
139
148
127
119
114
106
100
5
129
108
116
121
122
127
119
109
6
129
105
99
100
99
106
132
153
10
92
107
133
107
121
116
116
106
5
145
131
122
133
127
127
119
106
3
112
142
100
91
127
115
107
148
4
92
119
116
70
94
89
142
76
10
155
113
112
171
77
124
127
102
8
106
122
109
128
98
138
104
86
6
75
91
116
134
143
133
125
115
2
102
107
152
134
94
99
134
121
5
93
99
112
114
87
134
99
86
10
136
121
111
109
87
150
135
131
8
134
128
130
112
118
84
114
94
10
148
121
100
135
96
142
134
112
10
124
96
126
106
119
119
149
125
6
118
107
114
102
115
100
148
117
2
109
139
117
143
140
111
112
142
0
134
126
86
120
136
130
69
135
4
99
136
140
143
132
106
115
140
1
113
125
92
91
114
111
136
133
7
109
126
104
99
124
104
103
127
8
87
114
118
89
153
107
107
128
5
127
129
102
114
106
129
128
107
2
79
95
111
105
131
96
122
113
8
66
140
100
115
98
121
120
126
7
91
122
140
162
106
99
110
81
2
130
119
163
129
105
128
114
101
7
93
121
106
118
163
86
127
101
5
109
128
100
77
122
136
127
136
1
119
113
106
93
140
116
124
108
6
147
143
99
97
137
148
113
137
2
106
127
137
117
64
126
95
129
10
103
112
143
68
100
98
121
121
1
95
120
116
108
120
139
146
152
7
120
142
127
122
120
149
142
70
8
81
119
118
146
129
149
107
127
9
104
85
107
115
85
95
106
95
3
92
136
110
99
109
117
85
112
8
128
106
113
146
106
142
96
117
9
119
123
43
134
136
120
129
82
8
127
96
129
112
98
126
120
156
9
99
107
122
116
118
122
115
108
6
114
105
121
111
126
107
120
99
7
124
127
101
146
146
92
135
119
6
116
104
147
87
89
91
146
136
6
124
121
134
99
144
87
69
126
0
118
115
100
141
100
108
133
128
2
105
108
114
83
162
140
91
98
7
114
150
117
99
100
101
134
121
7
110
107
148
101
94
98
134
126
1
133
77
129
116
94
67
120
99
9
135
100
120
92
147
138
94
128
2
131
133
110
130
142
142
131
102
9
145
141
140
127
109
135
127
139
6
135
105
120
115
150
82
139
73
4
120
105
144
115
106
141
128
106
8
119
82
104
115
109
155
123
115
3
117
159
147
92
121
99
132
127
8
57
113
136
135
115
126
121
109
7
91
85
160
93
120
96
134
126
0
119
100
161
110
83
85
97
98
3
93
143
133
106
127
140
105
136
2
102
121
134
106
98
114
127
134
0
137
124
115
137
98
121
106
106
0
134
122
130
80
92
113
142
165
10
112
100
131
114
132
135
92
123
6
113
158
128
106
99
122
120
114
4
136
109
120
88
118
95
130
100
1
145
113
94
122
113
115
128
118
9
151
95
101
127
125
140
129
144
5
132
162
106
91
102
133
111
156
5
126
116
135
101
141
110
152
121
8
112
100
121
109
122
138
108
111
3
95
92
136
133
79
151
65
115
3
99
114
105
99
107
95
98
135
3
126
133
109
112
144
102
142
156
4
140
105
148
128
75
109
127
115
7
111
118
132
126
126
101
90
98
3
136
107
139
102
127
120
100
113
3
97
109
102
96
118
119
127
114
1
121
120
146
117
142
71
122
94
3
108
121
117
137
160
135
114
91
2
109
107
108
115
117
65
95
135
9
97
96
95
152
122
100
162
101
8
134
117
130
163
127
80
156
140
4
122
103
103
133
141
118
155
103
3
113
131
108
121
85
140
110
147
4
85
134
116
117
92
94
151
154
6
122
153
144
127
127
73
109
87
4
127
118
125
128
143
86
85
120
10
126
118
120
76
112
133
124
150
3
93
161
91
114
128
115
146
101
3
116
101
85
132
128
108
123
128
4
175
112
156
128
113
95
98
121
1
131
120
107
75
121
82
97
100
1
107
150
93
112
121
121
120
119
0
105
116
111
94
106
94
86
124
9
162
133
63
150
154
128
100
122
8
136
79
126
154
114
114
147
115
6
114
107
91
81
172
130
100
95
4
92
153
138
135
92
92
86
98
1
92
129
71
113
99
95
121
85
7
136
96
117
145
125
127
102
149
1
135
129
149
107
156
100
113
115
1
100
122
132
128
150
111
139
105
9
99
115
146
158
86
85
98
99
10
114
92
128
163
93
98
112
125
3
103
123
112
134
120
110
121
113
2
85
148
122
110
115
113
99
106
1
127
114
92
151
128
121
125
161
2
120
127
124
101
87
83
144
117
3
120
109
120
93
101
136
115
115
3
100
112
106
147
128
117
129
106
4
128
105
72
87
77
136
106
104
9
106
120
128
93
128
111
80
142
1
107
137
133
106
106
105
131
137
8
119
120
141
91
138
100
121
128
2
86
105
108
156
112
91
116
89
0
104
164
145
132
114
131
75
120
2
127
119
136
108
65
99
119
96
6
86
108
106
101
136
122
93
93
8
126
140
109
101
135
92
132
108
9
97
119
124
135
120
84
111
124
3
141
94
115
127
148
75
153
134
4
114
105
114
162
122
155
97
107
5
108
96
113
100
116
101
144
118
2
114
138
99
118
99
106
100
114
9
122
128
119
108
113
116
85
120
0
160
125
110
167
114
96
150
134
8
93
114
108
93
84
93
118
129
10
184
124
124
135
121
82
94
108
6
128
119
148
94
141
93
73
106
9
94
121
107
100
115
128
101
105
7
126
99
100
99
84
107
115
77
9
135
152
117
128
161
133
143
136
8
110
129
134
156
85
79
133
106
5
89
101
107
79
119
158
120
112
2
103
150
106
114
117
96
160
129
5
118
156
133
116
69
143
121
141
6
134
124
119
104
137
87
93
100
3
108
139
77
112
130
114
92
120
7
105
124
152
95
132
142
165
114
9
122
141
139
99
120
120
108
114
3
134
135
129
114
115
142
157
140
8
106
84
106
108
107
147
138
86
3
135
130
103
105
155
119
88
107
8
113
134
107
103
120
108
113
127
3
126
100
148
114
141
107
142
152
3
135
123
144
135
140
139
139
127
8
120
103
131
126
86
107
82
96
1
115
105
111
135
120
116
98
103
4
145
112
156
155
132
114
128
80
1
111
125
127
104
127
103
127
121
6
118
84
124
92
140
90
105
78
1
114
102
97
142
97
108
119
125
5
126
142
78
126
134
80
110
105
3
103
95
98
108
132
143
135
156
0
106
118
139
140
110
92
128
93
5
131
71
120
122
134
120
123
117
8
82
112
121
111
83
140
106
129
10
147
111
156
141
82
127
137
133
6
127
125
122
122
97
134
85
138
4
86
100
99
115
128
94
114
147
4
93
119
111
108
121
119
96
116
9
120
114
132
120
108
145
102
93
4
121
121
69
108
96
141
95
125
9
120
128
145
123
116
157
106
124
8
135
117
113
137
88
92
107
86
8
85
130
102
130
114
118
160
106
7
107
92
127
149
132
108
153
102
5
107
121
101
90
133
109
103
93
2
147
115
97
105
121
97
131
110
1
126
120
121
89
115
87
115
122
10
105
119
114
117
131
116
114
100
8
106
129
145
95
107
93
141
110
0
130
103
107
133
85
139
132
126
2
127
127
146
129
93
122
148
102
4
142
111
124
117
115
124
134
112
1
127
99
82
111
120
107
151
116
2
111
144
128
123
135
106
115
127
7
159
122
129
139
89
99
117
83
0
87
133
126
153
106
124
85
114
7
99
142
99
115
135
107
111
116
9
125
120
118
116
105
141
115
127
4
173
95
122
107
94
78
115
101
1
151
113
127
110
91
113
131
102
5
133
138
114
100
93
92
85
113
6
114
117
129
87
131
102
89
101
4
100
96
113
114
90
91
123
109
3
141
110
108
96
63
142
88
108
1
111
128
104
82
101
138
119
126
2
125
120
119
127
107
127
114
136
9
143
100
116
131
115
134
127
146
7
139
109
57
106
111
142
124
114
5
88
122
148
94
106
95
134
85
8
121
138
87
84
108
106
158
104
2
127
120
123
133
141
129
87
74
7
140
114
126
113
135
113
99
129
10
127
85
96
111
103
139
98
120
1
128
107
138
155
138
86
117
86
5
137
97
120
172
113
139
99
125
7
122
104
143
156
135
118
106
119
7
124
125
106
113
122
128
123
104
1
106
122
150
119
94
111
150
116
3
126
127
135
128
104
120
151
97
8
108
127
109
67
123
122
146
142
5
149
136
146
89
110
140
114
126
6
114
115
104
108
115
109
97
100
9
91
114
114
101
114
105
128
136
3
86
147
101
116
96
113
127
79
10
113
106
133
95
119
107
161
107
5
146
155
159
128
132
124
101
138
6
92
147
116
110
142
113
90
112
2
137
100
141
124
114
81
135
112
7
121
126
100
144
126
84
113
126
3
131
93
121
105
168
108
103
113
9
130
87
144
105
133
125
72
98
5
134
124
122
81
116
128
110
107
5
89
141
121
98
105
121
92
154
3
156
106
99
93
100
132
129
126
2
149
117
131
105
140
63
126
121
8
143
94
126
98
108
87
92
100
1
141
105
109
78
99
96
86
146
6
127
93
97
124
149
109
153
121
9
109
129
107
92
137
121
116
123
1
120
101
87
142
145
99
78
133
9
121
121
80
101
112
80
136
135
8
114
125
112
116
175
110
104
134
8
139
86
108
146
121
87
85
88
6
84
134
142
111
148
156
147
127
4
92
129
103
140
119
131
121
132
4
149
122
108
115
124
123
143
135
3
127
86
143
136
140
148
128
129
2
77
103
95
122
89
85
145
129
2
71
105
114
149
69
133
92
98
7
109
122
128
103
103
85
79
98
0
128
137
149
124
118
143
120
131
7
74
124
154
132
132
99
122
136
7
108
142
99
155
73
99
108
94
4
94
112
99
108
156
133
126
127
1
102
126
119
148
127
115
98
100
0
117
130
85
140
142
157
120
112
1
133
121
140
116
107
85
118
74
9
112
103
134
107
99
123
110
127
10
105
108
92
93
104
135
85
115
6
134
115
145
112
102
81
116
76
3
114
102
134
113
102
123
109
124

