13
0
1
1
1
5
4
7
7
15
8
7
9
8
5
8
6
6
8
3
10
7
3
10
3
7
2
107
128
135
162
128
96
109
133
6
132
104
82
127
105
115
136
103
1
87
119
110
119
118
99
118
124
4
133
67
134
143
143
127
124
122
5
99
103
95
107
111
123
99
99
1
105
138
115
124
149
141
136
85
1
93
122
122
125
148
120
135
85
5
119
125
105
172
131
138
94
100
3
84
113
113
122
142
120
97
119
6
114
134
134
109
85
102
128
120
4
150
97
100
102
148
137
114
110
3
88
122
71
139
133
112
104
141
9
101
124
123
98
118
121
95
120
3
148
109
133
141
136
99
115
113
5
89
132
127
93
105
98
127
130
3
164
114
149
120
127
135
123
110
1
141
106
116
169
156
132
149
142
8
118
86
124
105
94
107
110
113
1
113
112
114
98
97
118
113
125
2
113
135
143
143
118
116
95
106
2
123
99
114
139
132
112
106
135
7
137
131
108
111
148
136
103
102
8
129
121
91
110
148
98
97
95
6
134
140
115
110
121
101
114
119
9
126
134
84
150
101
101
141
110
3
113
121
112
98
131
115
139
118
2
84
130
136
114
140
69
125
99
0
135
108
120
122
113
126
84
123
0
108
131
134
102
70
95
122
119
4
107
132
116
92
119
132
128
110
2
101
130
89
142
115
116
86
112
9
136
144
66
117
108
91
92
128
5
142
148
143
101
91
113
91
121
2
139
106
117
127
129
100
139
111
7
105
125
125
139
99
113
88
132
4
106
147
105
109
128
138
113
122
4
109
141
99
155
120
137
137
114
2
126
139
106
155
149
121
129
106
4
113
131
118
116
117
155
86
129
4
150
116
107
140
85
80
121
130
0
166
161
86
91
116
104
109
135
8
128
121
99
104
121
96
154
135
0
89
90
93
106
155
118
109
127
9
115
115
122
110
120
100
57
103
7
118
142
101
121
109
121
116
115
5
101
115
119
120
131
102
85
148
2
93
129
135
120
137
136
158
72
4
108
129
127
122
119
103
117
140
3
102
112
142
111
115
106
129
132
3
98
93
87
107
120
124
94
94
10
89
163
124
145
142
111
113
110
6
71
100
112
108
110
132
87
137
2
97
121
128
108
147
86
130
150
2
119
117
147
84
148
135
118
114
5
90
113
118
96
128
135
114
122
3
90
122
134
100
143
113
110
88
6
120
108
96
70
128
148
150
93
3
130
127
115
151
148
125
157
141
9
126
140
101
103
94
95
114
149
8
123
119
101
120
124
77
101
122
5
129
114
130
114
72
94
126
121
2
117
116
127
115
115
91
95
101
9
107
114
118
129
114
109
94
155
5
79
120
92
155
122
149
125
151
2
118
108
140
85
115
116
162
121
7
116
141
131
95
102
136
101
122
3
117
136
88
133
120
128
141
115
4
95
104
128
133
131
142
96
113
0
124
121
132
91
128
86
113
150
8
87
105
93
105
114
167
141
152
10
114
108
146
130
92
129
71
136
5
146
127
87
137
115
115
92
109
1
157
99
106
136
103
114
106
106
9
119
77
113
121
131
128
93
106
1
141
129
120
84
137
156
127
135
6
138
118
161
141
124
147
98
119
7
113
125
134
117
154
109
56
131
6
144
132
132
89
145
133
148
107
8
122
111
122
106
101
107
117
150
5
96
120
120
74
129
113
123
99
4
125
65
113
108
119
105
131
119
4
93
128
113
149
122
98
136
128
1
143
108
134
98
117
150
124
100
7
98
127
120
101
98
144
104
127
3
138
175
137
150
108
117
127
147
2
141
132
105
162
100
100
133
129
1
104
126
111
131
89
105
148
127
2
106
85
101
106
85
139
124
117
4
127
118
104
136
113
102
154
108
2
107
110
139
120
92
150
106
136
8
58
127
113
150
147
109
63
106
0
106
114
122
115
119
150
130
117
1
128
87
128
150
110
61
119
131
8
114
94
113
126
130
129
127
110
1
115
123
104
126
120
107
98
123
6
128
100
136
90
137
109
120
136
2
154
130
121
114
148
74
139
106
6
105
99
90
114
86
107
104
126
3
90
121
150
151
143
136
146
119
4
134
103
133
106
98
156
91
108
5
91
127
134
100
87
103
115
118
0
106
136
118
109
113
132
148
100
4
100
106
133
123
107
129
122
167
0
123
119
85
126
162
153
91
112
2
121
107
134
109
129
131
100
118
3
85
123
129
101
110
137
99
111
4
133
112
129
95
101
113
85
102
9
103
124
72
118
149
128
106
135
6
114
115
100
141
114
121
149
141
2
104
121
93
110
113
102
102
94
2
120
118
134
95
110
107
121
85
7
100
112
107
117
109
131
132
149
5
98
124
99
161
112
115
57
117
2
114
118
90
100
134
135
137
110
6
145
136
113
122
45
110
133
131
4
95
91
93
87
135
71
115
140
4
139
152
113
91
140
107
129
126
10
121
141
103
135
116
112
120
121
3
136
149
120
108
153
134
111
152
8
141
131
91
124
98
110
106
145
2
104
151
134
141
84
134
96
163
6
92
134
127
115
104
119
102
54
9
145
119
156
114
133
117
143
134
2
130
112
105
113
124
120
132
128
3
106
143
107
150
104
112
109
115
7
100
130
106
151
141
148
116
105
4
116
136
83
148
102
132
152
100
5
84
135
92
127
108
114
114
126
5
85
141
110
112
127
116
121
113
5
132
134
110
101
119
115
148
113
9
86
89
107
101
110
101
168
120
10
149
149
98
113
121
130
79
161
4
123
152
70
97
81
104
103
85
5
83
91
127
96
117
120
128
111
8
108
122
86
111
108
121
134
127
5
150
116
131
129
107
100
148
149
0
144
136
107
99
113
97
97
138
6
70
136
125
113
128
99
94
109
5
114
113
125
139
100
113
128
101
1
122
116
77
145
92
121
104
78
2
120
112
108
177
125
121
137
148
1
139
96
119
107
144
144
138
89
7
114
126
139
120
106
152
132
102
5
118
128
92
78
134
134
110
139
1
142
106
121
118
123
88
135
114
8
122
165
95
115
100
100
113
80
8
99
87
117
66
143
121
97
121
1
93
106
120
100
101
101
159
89
9
78
104
124
134
126
106
105
127
2
139
137
115
132
102
122
119
145
6
144
119
134
135
122
113
92
118
4
105
102
113
99
131
142
107
143
3
103
113
126
100
141
121
111
131
9
112
153
126
141
123
162
119
89
7
116
103
94
124
105
135
113
91
0
119
154
117
131
131
120
82
114
8
121
147
127
105
138
102
81
114
2
149
116
150
130
142
123
149
126
8
121
124
107
108
143
126
122
135
2
91
103
128
112
106
115
93
115
9
122
133
136
128
87
142
127
109
4
91
92
119
123
116
114
168
93
6
163
128
104
132
78
92
105
93
9
121
137
108
106
105
129
87
133
10
111
114
162
114
83
80
111
122
0
105
113
94
88
134
114
120
101
8
107
102
122
151
96
116
144
110
7
79
99
121
99
134
71
103
115
6
130
91
115
103
116
122
100
134
4
117
98
140
115
122
122
103
86
8
121
118
123
114
146
126
140
124
3
132
132
96
128
103
114
112
124
8
142
154
103
109
106
129
125
126
7
84
150
133
104
110
154
99
91
10
152
125
141
143
122
113
75
115
5
82
145
126
135
98
120
112
114
0
79
163
100
135
135
114
127
87
4
114
141
138
107
93
94
91
130
5
151
129
117
106
138
129
122
112
3
94
100
103
117
92
92
87
127
6
100
148
131
111
124
82
98
108
10
112
96
106
132
120
93
98
110
6
140
132
105
136
170
119
127
128
4
130
122
126
144
120
122
129
107
0
90
121
105
80
142
115
105
91
5
85
106
98
118
113
98
129
130
1
115
149
134
93
138
127
116
114
8
99
143
86
126
113
78
106
111
4
93
112
114
141
113
121
131
94
7
133
127
120
87
96
80
148
157
6
132
143
114
134
101
104
122
120
1
130
93
93
118
102
152
107
110
6
135
70
128
89
93
92
140
125
1
108
126
105
71
117
111
132
128
6
133
128
117
116
117
110
80
133
2
91
99
118
104
123
129
123
142
4
93
107
115
99
129
108
86
132
5
107
106
134
100
128
117
134
93
5
122
140
93
78
148
122
115
115
9
61
129
115
125
169
106
92
106
8
139
101
143
112
102
96
80
108
2
115
107
105
135
84
144
107
110
0
113
102
112
156
128
112
121
115
6
108
113
117
94
115
139
142
99
3
119
113
175
112
114
155
142
125
5
114
122
157
87
114
88
143
110
7
155
101
114
138
105
140
107
102
3
119
112
115
130
106
146
120
137
1
108
86
106
120
162
100
129
107
8
140
150
144
97
94
146
113
90
0
135
112
87
128
105
146
154
122
7
116
128
106
133
115
134
119
98
8
89
35
134
113
135
112
121
123
9
127
128
106
107
99
110
102
94
0
148
92
128
129
113
129
91
121
1
128
134
153
107
127
134
113
91
10
125
119
145
146
108
112
154
96
1
106
89
115
102
106
68
106
132
3
122
129
92
117
115
122
135
116
8
133
108
95
85
100
128
87
146
9
103
110
92
142
85
128
120
118
10
70
116
122
92
122
118
111
120
9
68
109
149
97
114
109
110
128
8
145
98
129
112
157
105
121
118
7
121
114
122
113
92
101
110
98
2
101
132
129
119
71
170
106
91
2
99
141
95
114
149
134
96
98
2
133
130
120
119
108
107
99
98
10
124
111
135
93
124
138
137
116
1
89
93
115
139
131
136
136
114
4
108
101
133
161
121
105
103
147
1
141
147
117
112
130
121
108
124
1
108
124
97
64
126
134
94
148
0
102
140
113
117
88
94
129
110
9
136
125
118
107
127
104
109
158
2
127
94
87
107
84
101
135
128
3
85
89
100
115
136
154
104
112
6
148
113
106
115
95
97
108
156
1
112
115
83
100
78
77
134
119
9
112
104
98
122
147
129
128
137
9
119
99
106
132
127
119
134
94
2
96
108
129
101
78
116
125
119
8
134
146
99
132
111
140
140
134
8
133
107
78
133
112
106
187
137
4
140
112
99
148
98
135
80
114
3
136
108
125
86
124
110
131
101
5
99
141
114
121
123
144
99
128
3
125
120
101
150
109
135
105
101
8
112
110
74
143
84
105
125
110
8
120
129
134
119
114
80
131
104
6
133
106
133
117
133
129
133
106
3
112
108
140
132
103
82
114
102
4
106
113
130
136
108
110
84
149
6
157
143
97
111
114
105
111
101
9
133
99
120
100
119
125
121
121
3
140
104
143
111
113
112
116
83
2
137
116
101
119
114
125
135
97
4
125
143
122
103
127
122
150
107
4
130
124
72
119
112
122
130
146
8
111
93
133
141
147
127
102
125
0
129
98
90
105
95
135
86
142
5
121
130
93
127
118
104
86
163
6
148
107
99
79
100
121
92
82
7
124
138
115
131
109
135
99
127
5
92
82
145
122
121
79
84
133
8
126
95
113
150
156
98
136
124
10
93
115
104
114
127
89
148
123
6
135
107
138
122
100
106
127
111
4
99
146
113
133
132
111
132
120
1
84
124
83
87
143
142
102
137
8
142
142
115
122
129
120
128
144
5
120
132
99
99
126
117
77
115
1
128
126
130
155
141
129
124
118
5
133
79
141
101
132
134
101
154
9
135
94
93
127
132
93
143
113
2
144
92
99
84
120
132
113
109
1
143
116
133
113
111
111
99
113
4
91
85
83
123
97
135
100
101
5
114
130
118
137
134
94
122
122
1
115
140
144
101
117
87
112
128
8
114
141
122
118
118
125
120
128
9
114
73
156
118
135
79
132
79
8
93
92
111
148
146
143
162
113
3
126
128
124
149
103
135
80
108
6
118
92
113
105
119
121
100
100
1
78
101
97
143
140
156
157
99
6
133
82
114
80
105
121
129
100
10
135
111
87
78
143
124
107
120
4
72
120
121
116
134
108
135
114
2
122
145
114
107
112
138
133
95
8
88
105
121
149
90
161
119
119
7
129
132
127
131
102
102
134
120
5
165
112
174
131
113
115
93
88
2
102
139
134
118
102
141
96
115
6
157
99
111
114
108
132
127
92
7
113
85
96
125
147
120
113
126
9
122
105
114
137
115
106
64
136
7
128
96
120
139
144
106
112
68
9
115
91
119
106
122
113
151
92
1
119
106
98
129
144
102
106
98
6
99
102
142
150
108
83
111
107
6
162
109
78
128
147
150
127
85
7
105
98
92
107
87
112
119
138
4
141
133
121
92
92
121
106
123
3
135
109
134
107
92
118
92
76
0
105
113
159
126
122
130
124
136
4
104
108
92
87
114
98
107
114
1
106
102
108
150
114
95
110
99
7
81
87
112
93
113
149
85
114
10
139
106
114
148
161
112
127
95
4
113
148
113
128
125
99
133
126
9
79
125
120
120
136
119
128
108
1
127
103
129
127
95
119
131
135
3
134
107
120
90
131
108
100
86
7
113
107
108
75
120
92
123
113
9
113
91
133
102
113
105
114
124
7
86
110
117
117
142
134
109
101
10
100
143
120
118
121
116
134
124
1
112
121
127
156
159
110
105
113
10
136
81
115
104
70
151
112
136
6
135
111
121
103
115
95
135
122
5
149
109
85
85
102
144
141
130
4
113
127
129
119
117
82
141
85
6
129
99
105
112
132
115
103
115
8
110
106
135
101
134
147
113
128
1
136
140
53
86
120
127
166
106
1
81
148
120
125
120
122
101
103
1
133
115
120
178
92
86
100
115
7
115
126
86
115
100
79
106
145
4
108
113
131
120
127
146
109
134
9
154
136
111
113
136
104
115
127
1
101
156
142
100
121
99
121
89
4
126
93
120
108
100
93
93
154
3
127
120
141
122
106
162
105
64
9
89
86
115
108
92
123
100
120
3
67
143
97
106
106
164
102
86
7
150
102
117
114
93
131
100
99
2
117
121
161
105
84
118
107
140
1
138
124
134
133
115
134
134
108
8
113
118
141
128
119
122
115
115
1
136
118
116
78
118
88
156
123
8
126
132
146
101
81
134
112
102
6
136
136
155
136
108
142
161
113
6
120
142
122
126
105
102
139
134
1
123
121
122
144
147
117
137
116
10
128
109
138
114
130
148
123
127
1
155
126
119
145
115
110
121
151
7
128
135
113
115
127
100
132
114
3
101
107
112
128
135
85
128
108
2
118
122
126
143
114
94
118
127
4
133
127
104
127
107
124
132
111
1
96
154
117
142
129
152
128
177
6
103
91
142
91
147
122
149
86
1
131
112
78
117
142
132
107
78
4
102
121
108
103
142
123
114
92
3
115
121
138
102
127
127
114
147
4
118
129
106
142
92
111
126
93
5
106
117
107
118
108
93
103
102
8
141
123
81
71
112
98
120
99
9
93
101
115
114
125
131
121
140
8
163
73
103
65
116
142
120
134
1
95
154
120
122
103
127
142
94
2
125
122
176
115
85
103
128
112
3
94
110
113
103
95
165
110
120
6
114
128
136
126
120
126
95
103
0
84
125
143
106
119
136
140
111
9
84
94
120
89
121
97
122
117
10
107
120
120
118
102
113
140
112
5
119
136
92
106
138
130
84
110
4
100
127
121
130
130
113
122
129
6
132
124
92
124
125
113
106
107
8
136
97
92
141
106
121
114
84
9
106
90
97
128
125
98
119
137
4
124
123
73
129
122
132
133
105
4
113
93
138
103
72
101
97
107
6
102
127
107
146
92
118
130
127
8
136
99
117
141
146
91
98
152
1
100
145
93
110
136
128
126
123
4
122
112
148
122
135
128
152
113
7
92
121
64
126
111
147
100
117
4
107
111
132
119
134
136
100
70
0
157
98
120
97
124
108
119
105
3
122
137
94
81
148
119
133
91
3
101
114
117
105
94
100
100
84
2
66
91
126
86
139
109
108
147
6
136
138
154
114
100
93
130
119
7
121
106
99
132
128
114
100
128
6
112
94
110
114
108
119
110
126
3
127
80
110
100
106
110
122
169
6
129
105
107
134
127
110
93
124

