12
2
1
3
6
4
7
5
9
13
9
4
7
10
2
9
7
4
15
8
6
8
6
5
1
6
5
121
138
93
99
105
126
105
135
3
112
112
105
130
115
136
100
160
7
75
143
127
131
135
134
121
140
6
94
107
129
94
120
128
101
94
4
68
91
114
145
93
130
88
100
8
148
111
109
72
127
114
102
119
5
101
136
120
100
112
107
115
106
8
158
109
120
151
121
111
93
134
7
112
134
121
115
135
118
128
119
1
109
149
92
140
87
95
133
108
5
113
104
126
139
108
127
162
68
4
117
113
114
145
110
134
103
129
4
101
107
114
105
133
112
120
85
3
121
89
129
114
119
107
113
120
8
126
87
106
116
123
135
126
99
5
114
140
130
112
92
109
156
141
8
93
117
108
113
91
84
108
134
10
94
156
156
115
114
144
133
104
8
134
111
155
125
140
127
143
141
7
133
108
102
88
170
115
113
89
10
84
135
140
100
86
127
107
104
0
117
76
106
91
165
149
127
99
0
138
114
113
121
115
157
137
77
10
113
121
128
126
138
114
158
92
6
100
98
108
124
128
98
134
129
1
127
106
115
147
106
128
142
116
2
114
117
86
175
119
78
101
133
8
101
120
147
108
92
112
96
120
1
98
109
94
114
97
136
127
105
4
97
127
72
117
128
129
131
133
2
102
110
136
112
107
74
114
100
10
135
122
94
92
82
128
74
127
7
123
117
102
120
120
108
106
133
8
118
113
94
113
129
107
120
117
4
127
131
104
157
143
121
92
138
9
84
109
114
85
127
125
112
135
8
120
129
106
84
150
115
150
107
7
129
119
108
118
103
134
97
114
3
147
117
111
104
106
133
121
129
0
143
132
115
133
120
135
129
94
5
136
141
138
128
113
89
103
116
5
135
130
126
119
118
144
126
127
3
109
128
65
122
84
102
86
128
5
124
126
119
112
92
128
127
160
4
138
114
100
132
102
142
113
119
2
107
141
87
129
119
108
176
125
0
122
91
117
115
119
109
101
106
5
113
83
128
126
98
102
95
92
7
113
84
145
114
131
160
135
79
0
123
110
99
105
150
91
134
88
0
137
84
98
119
103
129
121
126
0
122
67
116
106
113
102
119
94
3
116
106
101
129
121
147
135
108
9
112
88
129
112
91
101
132
153
6
132
117
92
131
115
114
134
85
0
121
120
105
92
111
135
115
106
6
149
136
130
133
129
123
114
96
2
106
104
95
109
113
139
103
125
0
144
149
133
112
125
128
128
133
2
128
132
98
150
154
116
106
133
3
101
112
162
135
116
105
98
122
6
119
140
120
84
118
141
118
135
10
103
142
120
100
106
166
141
123
7
119
158
112
127
154
141
113
112
9
92
131
121
102
135
131
126
117
1
109
141
128
94
135
113
136
100
2
140
111
120
127
140
112
115
119
8
101
134
128
169
148
84
127
115
9
161
107
149
139
113
140
163
98
8
124
128
144
106
107
102
99
140
7
121
100
112
177
135
109
108
134
7
147
134
102
96
98
129
142
115
3
117
140
143
142
121
122
133
126
2
109
120
160
114
108
71
114
113
9
139
107
85
99
87
128
129
127
3
139
102
127
83
83
100
102
98
10
119
127
104
134
135
120
122
128
1
99
126
98
141
129
115
88
116
2
99
105
134
141
112
99
85
92
4
126
128
126
103
120
86
118
134
8
165
111
138
144
127
116
119
133
9
117
147
107
106
141
121
114
118
1
112
116
88
110
135
98
136
128
5
115
100
68
92
104
119
126
127
7
149
129
135
117
118
128
107
133
2
126
128
123
107
134
98
92
149
2
128
145
79
121
148
113
127
94
9
186
110
120
112
108
115
148
131
10
92
116
78
162
156
114
85
143
6
129
147
96
117
91
99
120
113
2
95
141
99
134
86
134
105
126
1
108
127
103
108
118
121
124
94
1
132
89
134
119
160
115
112
115
8
136
135
123
141
104
112
131
94
1
131
100
121
117
93
154
117
133
1
119
114
140
94
102
106
116
110
10
136
120
84
124
125
147
107
104
5
135
78
128
122
107
80
108
126
5
126
99
121
120
114
107
143
129
5
123
116
125
108
113
149
109
121
8
121
142
79
146
114
154
110
112
10
104
192
86
136
136
106
117
139
8
110
133
133
74
101
156
134
121
1
129
135
144
103
103
128
127
100
7
156
124
109
121
122
134
86
131
6
130
146
112
106
142
110
130
107
8
98
134
99
93
106
93
100
102
4
150
107
147
96
130
101
94
86
8
110
105
116
102
160
107
74
138
5
122
118
151
143
114
100
81
95
2
111
108
134
114
126
79
139
114
3
78
150
126
115
136
110
123
102
9
106
117
80
117
126
108
111
96
6
123
163
115
77
96
111
110
140
8
118
65
69
123
100
143
130
107
10
155
113
112
129
122
114
115
144
0
135
141
114
124
135
91
157
129
6
146
92
147
93
126
134
114
95
0
134
128
114
147
122
121
133
128
5
123
113
106
100
120
100
107
106
0
99
90
119
134
126
118
108
156
5
114
142
114
131
108
138
166
126
2
108
102
81
129
120
116
122
88
1
132
126
141
127
127
121
129
93
8
133
101
116
101
129
106
100
142
6
134
78
124
114
74
115
100
111
6
128
120
165
97
122
108
126
97
9
149
141
120
77
98
142
122
125
6
143
117
161
154
95
114
152
118
0
101
100
108
136
133
101
130
131
9
125
116
129
86
129
141
66
123
3
176
128
117
78
131
121
107
118
2
97
138
94
113
99
125
147
102
8
112
112
132
116
122
109
137
103
9
97
149
97
119
171
126
161
107
6
114
101
125
107
103
121
128
142
10
112
146
106
118
114
154
100
140
6
98
93
122
145
134
104
120
146
2
153
153
123
94
109
139
140
147
7
98
123
136
145
116
128
149
115
4
108
99
105
122
119
114
112
112
3
97
125
106
119
107
121
120
121
9
138
98
102
143
135
109
162
107
5
113
129
91
109
143
105
109
99
2
81
153
128
113
127
154
96
81
7
140
108
119
118
106
92
115
129
8
115
132
129
143
117
116
142
92
6
122
148
113
99
149
127
144
121
9
116
118
113
135
106
148
113
115
9
102
115
86
101
104
154
104
93
6
146
140
99
128
105
142
97
83
6
129
103
93
155
70
118
131
111
8
104
120
93
72
152
128
122
138
4
112
125
133
113
102
133
112
115
5
149
91
119
120
104
121
127
101
8
115
132
112
131
95
114
136
92
8
102
118
141
106
127
91
104
134
4
115
129
114
150
147
79
93
112
7
126
152
111
126
114
140
100
99
1
133
91
92
123
104
132
106
116
7
143
116
93
106
104
113
131
108
0
120
160
167
100
115
131
142
78
9
134
129
107
92
97
103
141
95
4
98
115
62
128
102
129
124
115
8
109
138
113
142
111
90
126
111
4
106
92
99
76
130
133
115
143
8
120
142
119
129
124
127
118
106
7
135
98
142
108
111
90
117
127
6
150
134
155
107
147
59
136
87
6
112
99
93
140
93
120
136
115
0
127
88
151
110
94
134
137
131
1
90
133
120
114
122
148
99
92
1
106
86
91
113
113
100
142
105
7
74
98
135
115
135
117
108
132
8
119
140
146
118
111
122
138
140
5
114
123
85
125
128
140
138
121
3
109
97
108
121
106
141
133
156
2
107
148
128
105
103
76
119
129
6
112
128
125
99
106
97
71
104
8
112
122
99
99
113
148
90
133
8
88
120
109
120
140
138
151
121
5
123
122
87
129
134
110
119
129
0
109
107
135
102
109
134
104
136
10
143
110
92
132
116
105
123
94
0
161
133
126
88
147
139
108
109
8
65
114
116
114
114
135
148
119
1
59
119
119
139
120
140
126
122
3
122
115
87
101
134
139
120
92
5
108
135
86
130
111
99
141
112
9
89
133
99
142
131
88
120
138
2
95
121
129
57
129
124
104
106
2
98
77
140
123
115
114
93
111
3
122
119
142
82
113
68
148
124
8
102
116
92
128
138
107
154
127
8
114
105
143
69
101
124
98
136
1
108
149
117
129
103
92
134
142
4
128
139
112
129
126
78
141
97
8
114
124
120
106
107
152
113
107
7
113
91
107
104
107
94
108
156
5
112
146
121
147
67
127
164
93
3
105
57
119
134
138
127
111
116
3
110
116
127
133
118
78
162
138
5
113
126
119
131
79
151
121
126
2
66
138
97
132
135
106
112
135
8
106
130
95
126
111
122
122
101
9
110
130
125
129
113
93
86
82
2
125
95
116
121
108
160
80
155
9
149
91
106
118
156
99
129
107
3
148
110
91
119
100
87
95
126
8
71
78
134
159
136
135
108
84
4
118
123
121
99
101
92
86
118
3
120
135
87
113
116
113
142
126
3
132
128
118
136
79
117
119
145
10
144
133
109
127
120
137
108
114
5
145
121
120
94
92
140
65
102
2
119
108
135
100
93
115
110
131
8
103
161
107
124
132
114
139
96
8
106
141
114
146
95
111
156
101
5
115
113
112
115
106
143
104
121
6
148
119
99
105
94
142
108
93
4
147
149
118
79
129
130
101
106
3
109
96
134
119
142
148
122
91
1
78
133
82
127
104
122
127
143
0
92
75
132
133
128
128
86
87
1
130
101
130
92
91
86
97
123
2
112
136
78
137
120
129
84
128
5
128
106
140
122
136
126
136
109
6
114
153
124
150
89
94
96
108
4
80
116
91
108
113
107
127
135
4
118
134
121
106
86
101
115
111
7
122
106
107
142
101
103
121
99
3
134
121
128
75
114
113
123
63
7
112
100
95
102
99
54
78
104
9
122
127
113
105
137
138
129
124
5
77
106
127
169
116
109
85
136
10
122
122
124
128
123
105
100
78
3
109
120
97
87
106
115
125
142
1
128
135
93
115
107
114
135
91
7
129
124
108
103
134
114
125
126
5
128
120
137
94
139
105
115
92
7
133
120
140
127
105
66
137
116
7
99
93
79
162
85
126
129
101
7
105
105
118
109
135
136
163
115
2
99
135
126
113
85
103
121
118
6
81
127
79
129
106
95
121
118
5
108
87
139
133
97
113
124
145
6
66
98
134
102
119
85
133
123
8
100
76
101
111
94
126
94
100
6
123
108
99
78
107
105
92
130
8
122
92
129
141
100
115
130
160
9
99
114
117
101
97
145
127
112
5
88
115
108
147
122
124
105
139
7
59
148
114
143
99
128
116
141
2
128
92
111
106
149
115
107
127
3
98
115
115
118
85
69
119
105
9
129
143
127
123
128
98
114
97
6
121
126
128
130
92
109
111
72
8
100
96
111
134
107
69
149
131
3
121
98
82
116
153
130
146
105
4
80
151
128
106
141
125
101
108
2
141
135
83
133
108
92
158
143
8
82
120
167
100
127
109
77
113
6
133
107
107
122
81
125
108
99
8
104
105
143
116
111
100
127
125
10
136
129
106
129
114
109
103
117
10
127
119
135
97
94
107
87
104
7
148
112
88
114
108
140
116
128
1
136
129
89
140
107
150
130
118
10
119
110
95
168
92
148
117
134
7
107
101
109
114
127
121
113
108
5
117
149
98
134
93
100
105
90
5
110
108
155
122
109
115
79
98
0
92
99
83
135
127
150
113
140
4
107
100
82
102
117
168
122
144
7
98
124
106
93
128
89
105
120
4
104
129
78
94
114
104
126
106
5
121
120
74
117
134
158
106
150
7
96
127
116
90
96
103
141
132
6
107
128
106
142
120
144
135
127
7
93
114
116
128
107
89
93
106
5
107
130
139
113
101
99
130
121
2
127
101
117
87
147
112
125
85
6
112
119
111
120
98
92
84
116
1
151
158
83
118
117
115
127
143
10
161
126
112
158
163
127
149
119
3
129
156
146
90
143
114
114
107
4
124
126
79
111
135
147
121
113
6
123
142
133
97
133
125
116
60
1
129
116
114
114
99
120
98
107
9
145
144
110
91
119
114
134
113
9
107
158
103
96
134
87
96
106
6
102
119
129
114
120
99
103
96
6
134
134
146
96
119
142
88
148
2
88
125
120
98
129
93
116
107
4
112
143
127
142
159
104
136
106
9
134
140
128
124
112
124
85
136
2
141
131
105
134
114
50
98
124
7
128
117
120
172
142
111
91
161
10
133
98
115
100
99
110
123
126
0
126
125
132
126
93
99
116
124
4
81
121
129
126
161
108
128
94
4
133
149
131
115
108
113
126
123
7
155
131
139
94
80
106
121
105
3
110
110
140
144
152
120
112
117
0
120
123
126
108
119
147
107
113
1
124
139
97
114
145
136
114
102
7
128
112
109
84
130
140
129
90
7
102
125
163
127
118
151
130
114
10
131
128
121
120
98
121
115
99
7
128
118
123
88
125
99
106
107
7
112
116
81
122
92
95
114
129
9
167
121
106
121
124
114
149
122
1
162
94
124
98
114
90
124
90
5
102
126
135
124
113
106
131
125
10
93
98
81
106
110
101
118
141
0
65
98
149
131
116
80
120
128
2
120
119
127
133
106
106
93
146
7
125
111
126
134
92
125
147
101
7
106
67
141
114
86
107
52
120
1
145
114
144
136
121
130
140
143
2
144
114
133
117
119
93
90
120
10
116
109
128
91
101
115
143
110
9
108
138
127
79
129
129
126
150
3
134
133
78
105
98
133
119
121
9
84
117
114
82
117
146
118
98
4
88
160
127
84
134
157
94
99
10
98
136
81
87
110
144
130
106
5
114
127
51
149
127
102
120
129
1
105
133
114
106
97
126
114
141
3
95
113
81
114
77
135
96
106
5
87
119
125
98
134
118
129
112
1
103
94
95
86
126
120
128
99
3
86
129
135
126
120
85
146
119
5
85
103
130
96
120
109
114
107
7
82
121
120
127
102
100
121
103
5
114
127
126
100
141
87
111
101
7
141
146
86
113
69
149
123
118
5
134
85
133
132
146
146
83
140
9
119
124
102
115
102
120
125
119
4
143
119
100
112
129
124
127
107
6
115
100
150
112
107
94
153
118
8
133
107
113
107
150
120
142
79
4
141
117
98
111
120
72
112
109
5
128
103
85
163
94
98
99
97
4
117
120
128
139
143
95
134
112
7
141
122
85
136
101
78
171
96
2
149
122
98
141
94
111
128
108
4
59
93
114
150
135
114
114
85
8
121
85
101
90
155
118
116
97
0
103
134
112
134
114
112
133
135
3
109
120
140
86
122
87
145
108
0
98
105
112
111
71
140
100
110
1
114
128
99
120
128
111
130
70
2
130
134
113
112
85
99
78
143
4
116
149
115
122
72
106
131
115
1
126
82
106
154
154
66
129
118
9
76
100
96
120
84
141
113
121
3
139
107
98
163
114
120
122
115
4
158
119
129
78
85
127
122
128
2
100
133
162
113
64
101
110
107
0
110
108
141
140
134
128
137
70
1
120
111
101
162
121
102
129
85
8
129
114
99
150
123
135
94
101
6
124
72
113
127
131
126
122
89
2
100
96
78
121
127
147
113
105
3
95
109
145
105
116
114
107
142
4
126
110
106
154
101
86
104
145
2
115
132
128
123
77
107
109
157
2
128
126
106
94
81
90
150
106
5
111
92
111
121
78
142
94
137
2
110
118
106
148
146
109
128
134
5
127
103
155
120
115
122
89
91
8
106
116
106
103
112
149
125
135
6
116
140
124
133
118
110
87
128
4
130
91
142
107
123
108
100
103
2
113
103
136
118
72
100
114
132
4
107
95
162
113
150
114
112
105
7
122
87
92
83
103
99
98
106
2
123
120
149
93
113
98
106
135
7
119
78
128
126
118
116
107
133
9
120
110
98
113
147
101
80
105
4
85
117
142
81
86
127
129
108
3
112
90
135
143
115
99
113
135
3
135
131
139
133
79
126
96
131
3
84
52
91
112
88
120
112
109
4
98
133
119
122
142
126
140
113
3
98
138
85
127
149
128
92
89
5
120
105
81
110
105
136
133
130
1
91
141
119
122
135
124
142
113
4
98
140
84
122
149
129
96
89

