17
10
10
6
0
3
7
2
9
11
7
2
3
7
6
1
7
3
8
4
7
6
8
5
8
7
9
121
126
144
99
112
127
128
123
5
124
129
113
123
78
87
153
156
1
116
127
89
80
140
114
139
97
3
141
127
120
137
109
122
108
127
6
163
130
85
105
119
87
112
114
5
119
147
87
94
144
91
124
141
7
129
141
106
109
100
96
121
115
1
124
135
98
123
129
101
105
95
0
144
93
98
117
93
111
94
130
4
135
113
134
118
114
136
87
140
5
146
84
95
107
114
105
108
125
6
110
134
106
121
79
123
121
155
3
127
105
113
98
78
107
167
157
8
81
94
122
85
126
127
95
115
7
103
136
90
148
95
86
127
140
3
107
140
106
133
65
115
130
109
9
100
111
104
89
142
157
127
128
6
100
154
87
126
114
123
137
115
4
119
75
84
112
102
139
134
144
8
113
139
95
98
135
148
142
133
6
101
136
118
107
143
139
79
112
3
110
131
134
117
100
119
122
100
8
126
127
120
83
108
124
82
125
4
129
121
133
145
146
113
124
108
5
150
129
93
139
109
153
142
152
6
115
100
122
127
81
127
140
142
4
136
127
120
128
102
117
105
118
1
107
80
133
135
151
119
84
98
4
139
118
107
106
126
101
97
98
6
123
156
79
128
113
120
136
125
8
107
71
121
113
116
81
122
106
5
104
104
93
114
121
127
152
98
7
163
154
146
145
76
114
137
112
8
114
108
94
123
127
82
126
113
2
118
134
119
112
93
105
138
163
3
138
107
122
128
99
106
141
164
5
140
147
131
156
121
111
157
113
1
128
120
92
111
101
126
111
120
10
113
105
97
121
127
100
108
109
3
115
155
135
122
86
128
136
87
1
129
119
96
110
146
119
147
120
9
92
100
132
143
109
104
101
135
5
150
99
143
104
105
108
119
104
5
89
127
117
119
105
107
119
141
1
100
129
107
79
122
119
93
141
4
79
121
127
98
118
102
109
139
0
91
140
116
129
177
152
100
127
7
105
79
129
119
120
145
134
106
0
127
118
109
118
107
124
140
108
7
121
120
123
145
99
113
120
97
8
95
107
127
119
146
114
136
85
2
129
149
174
124
150
117
137
64
9
150
150
119
148
94
82
122
127
2
100
126
128
128
113
138
135
126
2
122
139
157
126
107
98
143
123
6
97
129
79
115
103
141
127
124
3
107
143
119
143
106
114
112
169
8
88
113
99
117
129
101
109
110
0
115
87
126
122
102
112
107
118
4
130
112
124
123
104
135
141
139
6
130
106
115
134
150
120
88
106
2
120
86
186
95
95
131
147
132
10
148
109
119
135
152
156
150
134
2
85
101
126
113
104
127
118
128
2
126
100
116
114
105
100
136
98
3
109
113
149
85
111
125
85
120
8
85
96
77
149
150
129
140
122
6
92
105
112
115
60
147
123
96
5
111
113
128
109
114
129
91
107
2
71
140
104
92
92
124
109
127
1
113
119
123
112
97
110
92
135
8
106
121
128
112
101
119
120
126
7
125
115
128
101
96
86
148
101
2
89
124
105
81
125
91
97
110
7
136
94
120
104
101
125
127
115
0
136
104
169
135
113
165
139
145
3
112
108
99
99
138
136
120
102
8
104
132
120
133
108
138
110
99
2
146
116
112
132
120
99
118
105
4
122
99
130
131
44
108
134
136
1
111
102
123
125
118
107
120
113
9
139
112
113
108
114
108
113
121
5
127
121
100
140
99
99
128
115
4
87
104
91
103
141
148
138
128
1
117
139
138
108
87
106
98
102
5
81
163
125
108
120
131
108
125
1
108
121
149
104
120
93
109
127
6
177
133
122
93
144
132
111
129
8
129
67
110
117
119
129
152
136
8
98
109
106
110
146
85
122
130
6
121
141
120
134
114
150
124
111
4
89
120
101
121
114
122
112
96
1
117
99
113
85
162
116
100
136
2
116
154
122
133
84
104
124
135
4
84
129
128
112
121
121
95
111
4
137
136
79
173
109
99
135
46
4
102
100
106
156
131
106
127
112
5
99
114
145
113
89
131
106
134
2
98
119
98
116
139
108
122
100
8
94
127
88
112
119
80
87
127
2
128
99
150
105
123
111
136
94
8
163
119
105
124
106
128
105
83
7
135
140
108
116
102
114
135
146
0
155
147
59
98
103
101
154
149
5
117
98
126
120
135
157
127
120
5
132
81
121
88
133
130
106
97
1
105
111
84
164
127
106
113
98
8
80
128
126
143
139
119
120
110
6
73
85
113
61
126
122
116
107
0
132
111
127
135
129
113
95
174
3
128
114
121
100
108
128
132
106
2
126
107
134
127
113
114
117
93
10
99
124
87
111
123
122
124
119
5
148
86
110
114
136
129
127
140
8
149
140
106
143
84
140
112
85
7
117
125
75
135
120
105
88
84
3
155
96
99
104
78
140
113
96
0
108
106
82
94
117
120
126
102
0
107
79
95
83
134
128
136
78
8
87
114
117
156
127
107
71
134
3
79
153
133
122
120
111
106
99
4
122
129
100
127
106
124
100
86
4
118
106
98
150
95
106
111
84
4
103
148
134
150
124
102
114
112
2
129
122
96
108
116
86
164
114
7
119
110
108
85
112
120
99
80
9
106
115
128
147
133
127
139
109
2
120
99
82
135
104
116
106
98
3
108
106
105
124
94
107
135
135
1
114
107
119
89
127
143
93
109
3
119
125
101
117
105
108
105
70
3
113
126
113
102
146
119
118
135
6
128
141
114
95
127
96
131
106
8
122
117
103
93
150
148
127
124
5
126
163
92
136
124
118
111
107
3
149
149
105
106
109
154
126
143
9
114
102
135
71
102
100
123
86
6
114
135
74
129
126
126
121
99
10
149
141
99
135
110
121
121
106
4
99
113
107
79
142
79
115
122
5
121
94
108
101
92
136
138
139
0
106
142
140
134
115
110
113
150
4
118
80
113
130
132
82
132
78
3
113
103
127
134
82
131
119
135
9
175
116
130
119
98
157
113
127
9
97
86
139
136
137
114
124
121
6
112
135
88
135
113
113
126
110
8
112
105
124
150
108
113
129
113
4
127
89
108
156
135
79
93
108
5
129
127
121
127
110
98
142
120
9
113
121
105
136
72
153
114
109
3
112
150
117
123
161
117
89
132
8
119
140
173
128
94
148
117
129
3
113
135
88
116
161
108
134
137
2
139
127
135
91
98
122
107
126
5
151
115
118
140
88
129
131
134
0
110
113
121
128
106
75
122
121
2
106
156
135
121
91
126
117
105
4
98
99
147
121
100
126
79
142
10
106
112
126
154
125
121
100
110
7
142
120
63
143
150
137
126
121
6
110
149
114
102
115
128
95
123
7
117
140
103
141
112
84
97
108
3
120
143
117
143
132
113
91
106
4
109
147
86
126
112
98
130
101
5
114
151
143
128
115
134
103
139
7
93
108
127
133
106
118
116
115
9
83
102
129
138
108
121
105
112
10
136
117
135
88
137
126
112
124
6
99
107
79
107
134
108
108
106
1
155
112
93
95
99
106
128
149
9
132
117
93
121
128
107
120
125
3
140
126
108
150
114
121
117
87
1
124
126
107
135
139
127
108
176
4
128
92
114
114
136
127
100
100
10
141
128
108
131
135
113
106
127
10
156
100
105
91
92
127
134
118
3
146
113
127
134
116
92
135
113
1
129
106
105
87
117
148
113
134
5
95
119
122
123
106
123
112
104
0
122
101
147
127
117
134
81
98
8
134
128
115
140
105
138
97
101
5
78
112
107
134
90
196
118
118
8
111
106
88
123
160
108
111
131
6
129
114
122
112
142
102
127
122
0
118
121
111
116
85
116
105
108
6
91
110
98
71
146
142
112
135
6
113
127
162
148
117
134
93
145
9
102
85
106
149
98
96
106
96
0
130
103
167
73
100
100
148
117
5
100
143
119
101
118
144
130
121
5
151
122
133
116
164
122
129
163
4
105
98
150
146
103
97
141
129
8
122
58
135
110
99
139
102
148
5
100
138
99
142
129
99
120
121
3
117
114
132
110
136
144
122
116
4
114
135
120
100
155
148
139
124
10
104
115
74
107
109
121
99
108
7
102
131
118
130
91
100
125
93
2
135
120
88
133
126
142
121
123
4
112
152
89
96
112
134
106
129
1
137
120
113
124
100
120
125
111
7
135
142
134
106
134
124
120
150
3
164
123
96
100
108
115
113
79
1
93
136
95
117
114
128
114
112
4
109
123
114
122
148
106
100
113
6
121
80
138
89
70
127
112
152
3
146
130
100
106
114
119
120
147
8
105
112
111
132
128
92
84
94
4
182
122
121
85
121
105
139
108
9
103
105
122
120
148
121
131
109
2
108
132
150
131
129
107
125
89
8
152
110
114
121
51
110
102
110
9
95
139
105
122
70
122
116
91
8
148
116
117
141
122
118
126
125
4
102
155
92
133
135
87
161
145
2
111
146
127
114
128
113
143
145
4
119
120
114
130
113
112
103
104
10
118
104
111
143
107
157
101
91
1
131
127
86
126
105
105
121
105
2
136
106
94
161
91
120
101
78
1
141
128
127
120
126
127
129
105
1
102
143
101
122
126
120
133
121
7
137
129
85
81
122
100
105
100
5
84
129
106
149
133
107
112
121
7
86
112
120
118
150
136
116
122
2
114
85
92
134
105
104
113
156
5
152
127
157
134
138
102
130
99
7
127
116
117
101
144
108
125
107
3
106
149
104
121
122
102
106
99
7
125
83
133
114
183
113
115
127
4
145
139
96
99
101
129
102
107
8
126
158
145
119
163
99
135
78
2
145
140
135
142
112
118
105
146
2
149
123
67
113
129
97
143
101
5
143
116
83
118
121
122
140
167
7
127
143
122
122
151
120
113
146
1
74
113
121
98
112
118
143
122
5
112
126
106
95
116
123
133
120
4
116
125
94
101
134
131
104
113
9
105
118
117
107
144
85
117
100
4
139
134
110
143
110
98
120
99
5
109
129
94
93
122
130
131
116
8
138
120
122
115
118
127
140
114
1
130
121
124
94
153
105
148
105
3
119
141
93
141
108
105
133
133
10
119
141
121
108
124
115
159
120
10
108
141
96
135
87
117
105
112
1
84
116
150
95
126
116
149
115
1
92
147
87
133
119
134
122
141
6
100
112
151
106
107
114
98
102
9
83
146
129
105
136
89
135
121
10
148
100
149
118
115
129
121
146
6
110
165
112
136
92
124
127
143
1
134
120
99
100
135
134
91
95
8
107
126
127
166
90
109
125
113
9
158
131
112
134
134
116
121
126
2
93
121
100
121
113
114
99
93
8
77
89
92
114
132
111
157
105
9
127
115
129
112
105
119
106
127
5
148
129
135
67
83
117
107
121
9
115
132
73
75
111
127
111
143
3
119
121
156
141
132
102
116
114
8
128
92
102
118
140
121
106
107
7
116
131
100
134
100
128
95
107
9
141
141
86
131
128
105
114
105
9
110
121
106
113
132
142
88
129
4
127
128
92
129
114
93
115
72
10
105
106
127
113
105
107
119
156
3
134
106
114
114
134
112
120
140
8
113
107
152
99
132
129
126
99
5
100
133
149
148
91
144
133
91
8
124
114
91
115
85
109
149
119
4
111
69
113
118
145
135
107
107
4
136
124
138
115
97
118
115
113
6
146
92
112
80
125
134
113
70
5
106
104
131
178
107
115
114
100
7
100
139
93
119
99
140
104
125
1
126
115
134
142
143
96
126
108
5
120
124
99
115
136
100
99
125
0
113
122
97
116
124
94
86
124
7
123
100
133
135
161
96
100
88
10
121
97
117
120
132
97
88
131
10
99
128
100
154
112
142
142
92
7
66
106
153
113
107
128
130
135
3
112
134
160
128
89
106
138
91
3
134
148
113
116
127
120
103
159
2
116
90
133
99
128
94
119
150
6
108
121
121
120
115
107
108
129
5
131
97
142
77
129
102
148
158
3
118
118
99
139
90
113
99
123
5
122
145
96
128
112
122
122
111
5
129
101
107
119
118
105
124
133
5
141
142
114
112
105
123
157
135
1
129
108
114
106
105
162
100
120
5
135
104
137
129
127
121
130
106
2
89
98
98
93
101
83
102
128
2
88
119
85
135
101
128
156
129
8
128
155
134
103
99
118
139
127
4
116
128
100
136
131
99
92
94
4
100
131
92
75
121
119
128
141
7
114
120
128
106
123
108
113
93
3
108
101
141
103
106
121
91
119
0
109
99
116
121
139
92
93
130
4
121
105
141
125
112
124
133
115
2
129
91
94
117
129
132
163
84
6
131
136
133
95
119
107
85
105
9
115
112
121
107
136
117
107
131
6
126
142
156
98
115
111
103
130
6
142
88
131
114
131
117
129
71
3
122
143
132
99
113
125
125
114
9
121
108
136
116
110
98
155
108
0
120
118
61
84
133
129
72
145
1
163
74
134
125
94
117
114
136
0
135
144
111
121
128
108
155
114
7
146
113
121
139
93
128
133
86
3
109
108
76
130
112
122
117
127
4
117
94
113
97
122
111
127
103
4
115
108
132
84
141
91
108
109
1
107
79
91
146
113
127
124
129
4
128
136
120
135
125
121
148
86
10
135
91
90
140
149
142
88
124
9
135
135
91
101
121
86
125
112
1
118
150
120
115
151
136
100
122
8
100
112
123
124
70
114
156
108
10
107
94
137
144
113
121
113
130
7
121
123
102
148
139
103
128
92
2
112
82
146
94
99
159
140
112
4
127
93
97
97
112
100
133
59
3
116
141
127
127
167
115
105
125
0
150
115
120
94
136
125
101
95
7
129
80
114
115
168
126
135
121
9
93
136
121
100
123
129
128
93
3
121
126
105
108
96
115
154
126
3
94
70
108
81
120
141
78
92
2
156
105
107
94
154
123
93
97
0
120
95
118
129
120
155
132
87
1
105
117
93
134
104
143
108
116
7
133
133
149
141
151
119
99
123
8
136
161
86
149
77
96
131
126
8
131
114
130
96
134
100
130
127
1
117
129
121
122
78
121
120
133
9
108
106
85
150
101
122
154
144
9
138
111
107
118
147
82
112
118
5
78
132
130
119
103
112
131
121
3
115
120
121
118
142
107
116
126
8
126
133
111
120
141
121
130
110
6
90
122
113
86
112
105
138
105
9
119
111
134
117
91
85
113
168
4
91
127
110
77
99
110
163
98
3
115
114
137
85
143
109
116
121
5
142
123
117
74
85
163
141
115
6
114
112
128
133
114
109
118
124
5
83
115
106
120
95
119
115
127
9
122
106
114
120
77
117
101
96
1
106
92
106
139
150
132
110
143
2
138
92
111
128
98
149
142
113
9
147
121
115
163
97
106
117
106
5
110
86
120
126
128
94
146
142
7
106
86
134
123
121
84
154
107
9
142
100
99
60
123
105
125
101
3
98
109
94
147
119
126
142
148
10
101
171
105
100
120
119
111
127
10
83
114
123
137
108
114
133
70
0
128
115
122
92
109
136
140
127
7
126
156
127
92
112
129
86
115
3
132
121
99
118
125
99
121
125
3
101
110
126
128
142
92
128
122
4
112
135
88
128
105
143
92
87
6
137
142
131
105
133
143
96
128
1
77
137
116
141
102
143
105
93
0
141
154
114
100
68
152
118
98
10
162
142
120
110
118
141
95
113
2
147
143
134
103
141
121
108
103
8
112
106
126
121
91
107
107
109
6
137
111
111
149
94
115
142
157
2
134
92
94
107
101
101
126
127
3
141
140
100
85
127
151
92
124
2
128
103
100
136
135
122
165
114
6
130
155
141
107
123
134
133
128
2
119
128
117
137
93
119
108
156
10
109
88
131
166
93
92
85
95
4
121
99
104
126
114
118
135
147
4
87
133
136
106
102
126
118
92
9
142
151
87
126
155
108
78
87
2
73
120
87
80
111
119
120
167
6
145
133
107
115
134
99
147
139
8
99
128
111
162
113
119
115
125
8
137
106
114
112
141
93
102
119
9
142
132
100
108
132
99
142
137

