14
7
8
6
6
0
3
5
3
13
2
5
7
5
0
9
4
2
14
10
9
0
8
9
2
3
9
87
145
122
112
141
128
112
96
3
103
121
131
137
119
122
119
116
2
121
143
138
105
125
105
93
75
3
102
137
150
139
135
127
120
109
4
113
134
95
84
136
125
88
126
8
104
134
91
111
113
139
108
107
7
129
131
119
156
97
92
136
113
2
109
142
152
92
140
134
142
143
10
124
72
130
112
80
86
123
86
3
94
113
134
98
128
103
92
127
7
77
120
126
119
106
99
124
135
4
74
128
119
101
149
93
123
107
1
78
122
119
94
112
111
149
114
7
127
79
120
114
157
106
105
91
3
78
110
107
120
125
123
123
103
10
154
112
150
98
162
115
99
114
7
133
113
99
143
147
121
121
124
5
134
118
113
99
110
104
99
131
6
125
143
96
81
120
139
141
143
7
111
127
109
96
141
83
123
121
10
166
100
108
128
108
136
105
104
5
128
114
91
133
118
128
109
97
1
119
94
161
120
127
87
125
135
6
123
153
125
107
126
106
140
108
7
137
128
134
115
127
112
126
112
8
157
128
98
100
123
90
130
76
8
98
125
117
77
154
121
91
128
9
119
114
148
107
133
123
103
126
9
135
106
92
139
139
123
123
150
1
164
126
98
78
89
120
74
135
7
114
154
123
85
99
113
135
129
0
86
132
90
69
129
54
94
114
2
102
120
128
121
131
128
115
127
1
98
71
116
142
63
78
93
101
4
103
114
120
113
153
105
145
150
4
113
114
78
134
133
148
120
136
3
107
154
142
155
90
160
102
79
8
117
106
104
115
108
116
99
151
2
101
106
153
99
129
127
97
134
5
133
105
82
92
137
149
142
122
8
114
112
121
92
131
117
139
143
9
137
107
100
115
129
92
131
136
8
133
120
85
107
165
93
93
72
5
92
140
126
101
128
105
123
134
0
102
113
115
145
71
87
108
172
1
103
142
86
121
143
116
113
79
5
158
86
117
121
119
93
71
106
7
137
115
120
150
142
114
101
144
7
91
77
122
125
127
110
160
98
3
115
107
92
86
93
129
144
135
5
114
137
122
135
110
119
101
107
5
99
139
112
115
102
87
109
126
6
71
113
85
128
128
153
107
162
5
81
101
126
86
115
113
107
132
6
78
104
102
114
99
100
136
127
10
112
95
152
148
101
120
106
127
9
118
106
84
87
136
114
142
123
6
108
109
110
151
127
109
98
136
3
115
106
93
114
117
148
110
109
5
149
131
121
108
123
128
79
100
10
132
109
131
135
76
127
121
145
4
113
141
132
86
95
115
141
123
2
112
122
158
133
106
136
135
132
6
127
94
139
151
83
121
133
97
10
171
136
101
121
111
127
150
135
2
99
114
125
108
109
96
124
112
9
128
107
93
114
89
121
114
114
2
112
125
148
121
126
81
112
112
1
127
115
100
147
92
95
105
120
9
86
145
135
132
109
108
100
84
6
74
152
125
156
119
129
96
111
5
105
102
142
131
142
138
133
99
0
100
147
141
127
128
78
130
108
3
100
105
112
135
111
78
87
117
3
139
144
121
115
89
137
119
126
7
125
106
104
116
93
92
109
119
2
114
155
104
107
117
124
98
124
5
86
124
127
138
110
106
110
109
10
116
114
139
104
105
70
119
126
1
120
72
156
91
119
91
126
117
6
92
110
161
92
112
124
101
135
1
101
139
121
123
128
125
113
142
0
61
106
132
136
105
96
110
117
3
123
105
119
122
124
104
133
151
6
79
85
106
134
143
134
108
125
4
169
122
92
149
94
129
126
149
3
80
108
111
129
118
112
123
130
8
129
144
118
124
122
126
120
108
2
106
138
94
138
142
107
122
142
4
100
140
110
115
152
143
124
97
9
116
156
90
120
149
136
95
125
9
145
103
144
152
80
134
137
127
9
99
142
120
109
90
112
116
107
0
108
121
136
97
116
101
155
120
0
106
158
135
139
108
132
141
105
1
135
128
104
133
122
128
105
117
7
125
115
114
156
83
87
109
96
6
147
81
100
107
122
101
127
119
4
97
120
103
175
134
113
121
102
9
107
136
156
96
105
140
89
134
7
120
89
91
136
113
65
134
121
7
137
133
120
106
115
127
114
89
8
104
108
148
101
111
96
105
106
8
111
114
97
119
137
87
114
140
3
124
114
152
74
122
108
121
107
1
134
136
132
113
94
110
84
128
7
113
118
107
111
93
129
74
144
6
127
82
134
126
133
115
112
109
1
115
105
93
98
120
122
64
130
2
95
142
113
140
122
108
115
94
9
145
125
79
100
92
110
98
121
3
145
118
115
86
120
102
121
115
0
105
135
141
84
123
101
124
128
5
134
137
146
85
128
107
99
79
6
122
150
134
77
98
100
106
142
6
107
119
135
99
92
142
120
97
4
116
157
110
136
156
102
89
81
4
104
100
151
109
127
122
114
126
9
128
135
103
99
174
119
127
134
1
137
107
106
125
154
88
114
119
6
106
130
137
129
123
110
107
100
9
116
90
95
121
122
131
105
150
5
121
133
132
109
129
123
110
129
8
162
92
109
133
121
148
126
106
5
115
147
82
110
101
121
125
124
8
128
129
105
136
93
96
143
107
4
128
119
134
95
113
118
106
119
3
106
109
145
119
139
105
111
101
6
137
140
141
154
72
115
156
111
1
128
106
141
109
114
128
129
128
7
121
108
100
105
163
112
106
87
1
126
90
84
79
102
124
85
119
4
99
128
135
102
142
150
142
134
10
128
115
150
106
149
114
115
103
9
105
114
122
92
104
117
134
85
4
134
118
153
103
92
140
109
117
7
110
117
119
88
141
153
133
139
1
99
137
84
114
107
94
142
139
4
130
169
136
140
142
148
130
110
2
105
144
150
100
99
108
93
120
0
119
87
134
141
123
114
116
94
5
121
110
121
112
115
80
110
119
4
127
130
116
107
129
123
88
121
5
101
135
105
92
143
117
127
139
8
96
106
129
100
120
123
73
141
4
129
105
123
92
129
139
127
92
3
110
78
132
128
121
88
121
109
5
78
151
114
129
122
100
126
121
9
128
136
112
113
99
126
107
146
1
141
101
122
101
110
127
156
97
5
110
163
147
128
136
122
148
111
6
128
119
125
81
153
114
119
99
3
107
115
122
141
129
77
106
107
7
99
110
107
142
107
114
91
141
7
110
152
135
100
102
107
119
140
1
78
105
143
122
128
126
121
162
7
135
121
122
91
129
121
96
128
4
101
92
112
123
118
120
156
112
6
70
129
133
116
114
121
131
124
9
96
128
115
123
143
155
164
150
3
116
137
93
123
141
99
110
95
1
108
125
128
125
127
133
132
115
5
94
157
124
103
136
106
106
107
7
126
122
123
115
122
114
134
133
2
98
136
101
96
129
113
147
121
8
115
148
113
98
92
126
144
137
7
120
134
100
104
99
142
124
143
1
122
114
104
130
86
136
66
104
0
118
93
97
112
100
131
127
104
10
142
126
70
138
117
90
116
94
10
121
93
129
126
111
128
95
117
0
89
149
136
93
121
114
134
117
2
127
125
143
113
144
97
113
111
4
150
142
130
113
75
99
163
106
6
107
87
104
110
123
99
142
135
4
121
137
107
126
115
157
107
124
9
128
119
116
133
127
120
124
120
5
126
120
129
118
120
91
88
128
6
126
134
163
109
131
128
108
105
1
99
114
117
160
127
148
135
124
7
107
98
107
87
101
95
135
122
8
148
122
99
124
123
142
143
136
9
118
93
96
129
98
93
123
122
2
106
95
124
115
118
139
131
157
5
120
127
84
124
121
107
128
125
4
107
99
116
119
122
80
83
153
7
91
98
84
101
112
117
114
114
10
126
84
156
113
116
111
98
140
0
111
151
147
130
143
91
99
116
10
116
151
128
113
101
95
113
113
3
118
130
124
147
128
109
127
114
2
101
107
131
148
97
107
120
119
7
141
113
129
128
84
103
126
96
2
127
106
106
95
139
126
127
103
1
145
110
97
108
141
113
135
128
5
114
156
147
119
123
108
121
114
4
132
80
93
129
106
128
133
113
5
121
86
129
153
99
123
134
96
4
112
153
89
131
85
94
114
128
6
91
161
164
149
129
128
78
143
3
111
105
145
107
127
94
134
132
6
134
108
94
113
83
151
149
91
6
160
157
127
106
132
119
128
134
1
131
113
128
128
122
131
120
93
7
105
131
92
103
140
115
101
124
9
106
140
112
146
122
118
114
103
1
158
100
150
134
128
82
136
111
3
127
118
118
134
139
105
96
109
9
127
110
134
105
125
108
123
109
6
129
128
100
115
126
128
120
77
1
120
114
126
139
123
122
101
93
6
118
116
114
135
114
99
111
119
4
89
107
113
104
126
99
101
102
7
114
128
127
119
164
87
117
136
1
155
114
103
124
148
93
148
139
10
115
129
113
125
99
153
97
140
7
107
111
109
128
132
68
108
136
0
101
114
148
115
137
73
99
140
6
139
150
112
98
128
115
120
130
6
99
138
135
122
120
103
129
112
0
110
103
140
121
85
86
113
121
8
92
148
100
98
144
83
100
127
5
129
113
118
96
108
113
106
143
6
132
129
92
96
109
138
121
122
5
149
155
91
132
113
122
109
127
1
92
127
99
150
121
117
138
154
8
155
113
114
132
133
97
94
106
10
147
89
137
83
128
123
139
96
1
102
126
128
119
140
128
85
125
6
136
127
128
87
96
71
114
141
1
89
168
122
103
141
111
114
126
2
121
121
134
115
108
83
124
93
4
122
119
99
82
132
122
118
119
2
103
131
86
150
134
137
108
141
9
127
94
103
81
134
125
107
109
7
107
111
81
120
130
88
135
146
2
113
78
114
93
133
114
85
80
5
106
101
73
136
137
139
128
105
0
145
91
80
100
128
96
100
120
8
125
114
114
125
139
112
114
144
3
129
182
141
92
160
91
108
130
3
131
116
142
134
137
132
129
135
5
136
140
121
157
118
130
135
118
8
115
101
128
103
135
136
88
100
0
107
129
139
133
134
124
139
140
9
121
122
132
140
111
93
157
154
7
132
101
134
122
102
101
134
123
8
132
106
100
135
132
135
113
107
0
128
128
120
141
86
117
124
95
4
121
99
85
111
155
128
103
148
9
136
121
135
127
126
128
122
142
7
113
71
138
128
98
74
150
85
6
134
138
135
99
126
111
114
114
1
145
121
122
142
132
110
135
137
1
115
124
101
113
128
93
107
108
3
99
142
119
108
132
119
86
148
3
135
111
104
141
103
138
94
97
5
112
106
119
136
88
106
114
99
7
117
101
120
110
123
133
135
121
8
149
92
122
117
122
136
139
102
6
150
107
125
112
113
117
155
95
7
121
140
102
96
148
128
103
119
7
129
72
81
113
107
145
103
122
3
106
126
159
100
115
128
139
131
9
95
131
97
123
133
133
87
93
3
139
95
140
106
125
127
122
64
1
100
133
114
146
60
120
78
106
8
109
127
136
152
72
120
140
113
4
133
134
108
124
142
94
77
106
7
88
118
98
128
136
162
104
99
10
122
124
147
79
128
112
126
141
3
125
135
128
107
113
124
120
146
7
104
165
127
120
106
109
117
111
8
86
128
118
112
78
143
112
110
9
92
122
91
114
99
131
123
119
3
116
118
115
121
99
162
106
118
2
120
94
118
114
139
106
114
107
6
128
134
102
114
114
144
114
139
9
117
135
127
79
107
122
126
100
3
127
106
127
144
114
97
127
125
6
116
153
100
118
120
105
91
110
10
120
133
138
122
128
138
105
107
1
148
140
119
94
124
100
101
161
3
110
117
136
153
92
96
79
79
6
93
93
158
150
143
120
80
108
3
134
99
106
119
92
118
145
110
1
108
130
113
136
106
155
149
147
7
99
156
112
109
111
83
121
132
5
139
113
119
115
119
139
154
89
10
140
128
147
106
114
156
114
128
3
120
115
103
137
86
92
115
125
2
134
121
87
128
129
121
122
121
6
106
116
98
112
126
134
121
117
1
106
126
126
100
100
92
127
142
2
112
103
101
142
117
170
117
89
4
121
134
102
114
126
154
139
72
0
124
124
129
121
122
115
132
97
10
137
107
140
82
107
119
110
119
5
75
120
119
162
130
134
124
94
0
125
128
127
123
108
108
119
114
3
176
134
103
112
134
74
91
163
1
111
105
85
139
114
111
95
88
1
121
137
99
103
101
114
129
97
4
102
100
157
151
117
85
126
113
5
124
117
100
112
106
144
149
125
10
100
136
109
133
122
124
105
117
10
113
103
137
129
108
126
107
141
1
101
141
109
128
130
127
103
86
10
78
143
77
135
139
94
132
103
3
91
129
110
123
129
113
110
132
8
142
148
92
115
126
113
119
106
0
135
70
99
95
133
134
113
149
3
130
131
105
99
148
140
113
119
0
94
101
125
123
108
143
102
73
5
99
111
124
98
154
109
120
100
7
125
115
118
97
163
122
107
122
4
149
129
108
150
97
110
99
143
1
112
179
122
121
131
106
94
132
9
114
116
101
133
170
127
109
133
9
85
120
107
127
126
84
110
123
8
127
113
139
81
135
72
116
133
9
159
110
142
166
134
139
114
98
6
134
141
119
98
109
136
128
122
8
121
143
141
130
99
141
108
107
9
146
145
116
140
134
170
146
128
8
135
107
139
139
114
95
148
91
1
115
107
125
128
120
91
101
109
7
122
114
124
126
112
143
168
134
4
112
112
102
125
112
118
130
91
5
126
144
105
110
115
112
140
115
8
118
98
164
57
113
129
115
109
4
118
122
113
150
135
127
112
118
2
123
133
114
110
126
156
129
113
1
120
124
90
91
102
119
121
96
6
105
105
111
104
102
113
101
135
5
135
107
101
163
137
114
128
147
8
116
85
105
100
108
135
119
142
4
104
122
92
155
147
120
86
113
7
83
110
119
138
135
126
72
105
2
127
100
145
138
107
121
78
142
8
120
127
116
121
135
88
92
96
3
128
136
106
106
135
106
126
106
8
129
113
142
142
126
150
127
169
6
144
93
123
106
128
93
124
99
1
142
122
112
120
92
145
133
114
1
125
133
97
136
85
120
121
113
4
129
72
99
114
117
92
108
119
5
126
86
107
113
141
113
111
113
5
92
127
71
101
127
131
112
120
2
138
107
107
164
100
119
128
115
7
114
92
138
99
113
122
119
122
7
105
104
155
115
101
95
122
113
0
113
74
98
148
106
125
92
122
2
145
136
142
111
143
125
107
93
5
146
86
117
107
120
107
102
71
8
134
104
79
91
96
116
118
95
6
120
116
85
112
135
149
121
105
4
133
144
127
107
93
152
84
94
7
120
89
142
106
131
128
106
99
7
122
121
128
145
104
113
99
92
8
107
121
97
119
104
110
84
149
7
144
94
94
118
132
139
143
109
7
92
130
97
132
122
147
84
116
4
121
120
128
77
112
123
159
74
4
141
121
120
95
130
100
147
143
9
69
112
101
93
107
136
109
113
4
125
126
98
114
100
80
79
114
3
128
151
106
90
149
118
93
142
6
102
156
61
86
129
118
121
110
6
84
105
135
92
105
151
73
108
10
127
116
84
113
121
114
115
86
4
112
94
115
102
100
94
90
119
1
132
135
108
127
87
65
111
122
5
71
105
102
156
93
136
126
128
9
142
145
121
122
100
130
115
95
8
126
99
138
122
122
131
109
97
9
129
156
115
107
113
101
138
91
2
113
115
129
155
147
89
125
120
2
114
157
129
77
132
130
143
173
2
135
107
135
148
110
113
120
117
2
107
124
98
125
106
136
106
94
9
97
108
114
100
120
106
98
87
9
87
128
100
98
134
129
122
122
8
144
107
121
115
134
122
74
126
2
102
108
132
159
109
138
157
108
2
98
89
151
121
89
112
114
120
5
140
155
131
99
91
118
113
141
4
113
105
137
106
127
110
118
118
4
111
121
135
124
120
133
128
118
3
138
149
126
101
98
119
121
139

