8
8
6
4
0
6
5
10
0
9
6
3
2
3
1
6
2
8
9
1
5
9
2
9
4
1
6
117
123
145
134
124
129
135
137
2
99
108
143
104
142
149
93
117
4
115
143
118
126
121
102
99
140
7
115
118
102
124
107
130
128
124
6
113
115
158
102
143
142
134
102
6
127
149
147
110
100
128
105
107
8
126
162
117
111
121
107
105
80
8
148
123
109
98
130
120
117
127
4
164
102
118
126
130
131
121
100
9
122
105
126
142
140
114
113
120
3
86
130
105
127
116
70
112
144
9
122
115
121
122
88
144
107
100
7
115
128
108
135
124
100
99
102
5
113
125
123
119
126
106
92
130
9
127
147
108
101
125
136
119
148
3
134
79
128
135
112
120
84
160
2
63
119
106
127
76
128
112
123
7
114
88
89
136
95
135
115
98
6
107
112
143
113
136
116
129
148
5
143
87
112
117
106
126
96
92
4
112
140
100
127
133
152
136
137
0
111
97
129
120
134
120
140
140
1
132
141
92
98
110
109
115
104
6
102
108
135
119
126
129
90
133
0
135
126
100
123
124
132
73
138
4
142
155
106
92
73
93
133
112
1
117
126
67
118
110
139
121
113
6
122
99
107
107
113
81
80
116
7
129
136
121
126
125
128
84
59
1
80
121
154
128
124
83
144
113
3
123
118
148
140
94
107
75
126
7
107
149
93
98
132
120
92
99
9
128
115
100
117
133
161
127
106
9
129
92
142
124
128
112
157
139
8
84
102
120
149
114
103
149
104
1
106
121
139
143
114
115
98
152
3
106
140
96
143
114
136
89
128
4
126
114
101
131
144
114
122
143
8
127
127
105
148
122
92
121
130
8
124
105
137
122
118
125
123
113
3
141
77
150
108
85
128
106
114
8
106
155
134
125
140
126
104
139
2
126
122
129
99
103
119
107
134
6
119
141
118
131
141
86
117
133
7
168
134
112
99
92
97
70
113
1
120
138
116
128
78
100
98
107
5
123
114
114
129
120
129
108
120
1
93
156
138
120
113
127
161
104
7
142
153
162
84
147
113
94
92
8
156
104
169
145
133
138
167
109
5
81
145
136
142
85
120
123
129
0
168
119
127
112
132
128
136
127
8
137
107
111
134
133
109
128
111
7
131
144
128
143
136
165
127
90
1
148
138
97
127
77
162
135
128
1
125
114
120
135
133
117
143
173
2
128
115
141
91
133
121
67
138
0
161
91
84
134
117
110
127
125
8
104
105
99
103
134
86
106
117
10
121
106
76
104
137
113
163
164
7
122
123
123
97
77
167
120
125
7
127
126
133
142
146
112
141
119
10
134
137
111
155
106
133
94
119
7
106
118
120
93
83
121
98
107
9
112
109
102
71
101
131
101
112
7
123
128
93
144
133
96
120
113
6
147
115
121
104
75
144
121
86
1
73
118
161
112
139
107
80
124
6
111
90
108
113
141
94
115
90
9
116
148
65
129
114
126
128
144
4
112
109
124
134
117
154
114
75
6
135
99
110
101
102
115
141
124
2
94
122
155
143
156
131
99
128
4
124
121
92
124
80
84
93
95
5
109
127
155
109
170
111
134
116
1
115
115
148
109
117
152
81
114
3
94
137
131
99
125
135
85
109
5
111
128
120
97
121
98
116
91
3
132
143
114
150
138
132
114
96
10
103
90
139
156
134
127
85
126
4
137
128
105
128
113
125
99
94
6
125
111
108
102
85
104
120
135
4
126
119
169
116
100
88
109
117
2
102
104
149
142
131
126
136
132
2
104
121
127
122
126
92
102
104
9
116
103
100
153
100
128
141
136
0
119
122
128
99
144
141
116
76
3
113
139
120
100
121
98
116
103
0
128
103
115
121
107
131
107
156
3
98
141
92
107
120
110
101
80
3
139
127
117
135
155
91
116
95
8
145
128
135
160
132
100
86
113
8
119
92
135
113
148
119
105
119
2
127
97
115
113
123
141
120
140
5
107
121
77
156
123
116
119
114
2
76
80
81
117
125
126
174
149
3
86
135
120
103
108
126
101
87
5
110
145
114
120
129
102
80
106
9
128
140
120
115
108
95
114
141
9
100
121
158
135
131
123
121
116
6
111
90
91
129
113
113
92
97
7
117
127
100
138
95
108
130
83
0
95
134
100
99
122
100
145
117
10
121
106
140
120
115
127
107
154
0
89
106
130
139
94
127
140
120
8
153
119
90
129
99
141
119
117
4
93
95
110
135
138
116
149
88
1
106
135
104
99
129
99
133
112
4
114
100
115
140
95
103
71
101
9
122
129
121
112
121
57
86
155
3
120
72
128
107
133
64
133
123
0
113
112
121
80
91
134
139
119
8
134
126
107
132
112
102
120
123
8
135
106
125
84
78
119
89
106
10
152
134
80
116
110
150
118
147
6
137
114
107
134
142
106
112
112
3
115
114
115
99
115
156
135
63
10
121
81
119
137
128
127
146
104
9
98
140
117
128
136
137
127
133
7
132
121
110
141
118
163
97
116
6
82
109
96
135
93
124
124
107
4
139
96
120
115
149
107
122
95
4
64
98
117
148
126
142
113
109
2
108
120
127
91
127
77
149
99
2
116
115
129
107
107
121
155
86
4
106
88
134
122
140
114
113
114
9
110
155
145
146
144
152
78
94
1
118
135
158
122
123
120
88
160
3
117
125
130
117
143
120
142
113
8
162
138
128
119
120
115
83
131
4
116
100
84
119
120
93
94
137
4
95
87
132
103
153
121
117
92
4
131
119
112
92
147
115
116
97
3
101
125
133
84
142
142
151
98
3
139
98
120
127
90
108
108
120
8
110
66
120
131
114
84
117
135
2
129
104
140
120
73
80
112
71
2
138
124
120
142
137
97
114
111
6
149
101
132
169
108
120
76
118
6
129
97
122
111
92
109
141
120
4
111
143
117
85
129
98
150
99
4
97
98
84
128
112
123
124
87
8
106
122
113
136
126
142
115
98
2
134
94
100
114
136
134
123
155
2
101
123
109
119
119
118
125
102
9
111
129
89
160
129
106
91
109
0
135
70
117
125
99
103
104
129
6
112
162
161
115
115
135
91
112
9
108
134
100
93
114
99
122
131
4
116
101
112
85
114
133
122
115
5
133
108
91
131
147
120
112
123
5
163
92
115
85
87
137
114
107
3
111
140
156
143
146
107
117
112
6
147
134
128
135
165
108
162
120
0
135
120
125
134
150
103
98
102
1
103
116
107
97
110
134
117
141
5
128
106
138
130
127
99
137
119
2
135
120
135
135
124
80
105
127
3
101
94
98
107
145
113
113
148
10
108
79
105
118
147
84
99
97
5
128
135
90
113
106
128
94
96
1
105
106
98
101
149
99
102
119
5
135
161
105
99
111
107
114
89
0
75
113
146
70
108
140
118
129
2
105
115
93
79
119
127
108
99
3
127
108
128
103
111
136
123
133
10
146
131
128
137
97
107
107
112
5
150
107
79
117
142
93
107
85
3
109
97
92
121
126
111
100
102
8
129
139
121
111
128
162
141
130
0
168
104
124
127
138
74
120
149
7
96
137
111
131
85
160
101
149
9
122
92
141
134
111
113
99
102
0
150
125
85
135
91
93
118
103
4
116
82
128
120
102
104
122
108
6
159
130
93
110
141
123
132
93
0
117
90
168
96
84
114
118
133
1
113
121
144
106
141
153
135
84
2
120
134
115
111
107
134
141
129
2
94
134
92
111
101
134
161
122
9
146
97
113
100
107
136
118
85
6
141
144
129
147
127
58
119
135
0
139
126
134
115
87
120
110
120
5
142
111
95
128
162
91
119
110
5
115
121
115
124
81
149
118
113
3
131
122
142
71
127
113
91
128
4
121
164
85
133
110
113
113
142
2
143
102
87
146
104
134
109
101
7
115
118
145
97
149
66
124
109
0
152
106
139
114
112
127
79
127
7
128
160
105
86
94
115
123
139
5
122
93
94
136
115
93
120
135
4
100
106
113
107
99
145
134
83
4
142
100
118
140
111
108
129
127
3
130
108
140
131
130
128
105
115
4
112
118
120
124
113
114
97
91
5
135
133
129
107
109
126
122
120
7
157
152
135
136
108
79
128
108
1
104
126
141
103
115
153
128
131
6
123
96
113
111
111
92
89
120
7
106
124
100
132
109
144
128
131
3
121
101
129
131
116
84
139
150
7
119
108
142
86
143
80
110
104
1
112
112
93
148
128
112
122
138
2
128
149
114
111
129
114
134
133
0
134
141
123
111
137
141
140
110
2
149
110
134
114
116
129
118
98
5
97
116
113
133
115
122
112
107
6
106
122
85
93
135
85
114
116
4
100
134
120
113
120
86
138
116
3
152
103
127
132
84
72
136
122
6
91
141
135
116
125
91
112
77
5
177
128
123
98
152
125
156
131
4
134
128
111
36
141
146
104
112
6
128
119
122
90
131
82
102
111
1
96
121
98
142
121
89
100
108
3
130
79
129
147
88
139
134
125
0
143
111
134
132
95
131
133
112
4
108
99
107
116
129
117
134
87
0
141
102
133
121
121
137
133
81
0
148
95
93
137
86
115
139
76
10
138
136
127
121
115
107
80
161
5
136
120
122
134
128
71
145
138
0
140
94
131
95
134
109
121
113
9
107
119
156
83
116
99
132
131
1
94
104
102
146
142
118
147
108
4
86
104
108
130
98
154
141
162
2
141
123
105
104
125
121
150
121
2
104
75
157
81
171
78
121
127
3
125
141
92
125
142
115
119
79
2
81
95
122
128
102
115
102
116
1
99
106
115
142
99
140
161
127
10
128
141
114
136
136
118
124
96
0
119
91
108
98
94
135
102
104
0
94
95
114
136
100
102
133
104
3
109
112
108
134
121
98
136
112
6
126
122
113
135
130
129
148
134
5
125
132
81
128
78
116
143
114
1
111
92
110
155
85
138
103
141
0
137
106
128
142
125
146
122
104
2
105
135
114
100
138
106
126
113
10
80
120
96
138
138
127
107
116
6
146
139
134
108
157
123
134
92
7
136
132
143
85
100
83
153
101
6
113
107
131
96
106
131
93
127
10
121
73
151
141
134
121
106
72
1
134
143
111
103
78
87
117
101
4
121
112
99
81
105
133
104
103
6
100
103
129
117
91
101
99
110
1
128
108
135
90
159
100
101
72
7
124
115
114
93
105
70
136
105
8
128
97
144
118
111
118
124
122
4
122
108
123
106
148
87
93
99
9
106
163
128
104
102
127
126
66
10
124
130
109
124
79
135
88
96
8
120
129
135
127
94
109
134
114
8
113
120
106
120
86
127
108
130
5
108
106
89
120
120
66
139
98
6
110
168
108
110
138
142
88
105
8
141
125
129
131
126
99
140
130
2
92
148
120
118
136
86
97
135
1
147
120
84
111
142
87
136
112
10
155
164
100
101
137
120
135
110
3
104
124
108
132
154
124
105
117
6
113
119
107
84
120
84
151
122
9
158
122
121
143
121
112
111
123
5
92
150
122
142
97
129
99
127
4
105
150
102
112
108
117
154
99
1
117
86
158
96
112
98
101
82
0
127
154
128
135
77
80
117
125
2
143
93
92
72
114
126
112
126
8
110
125
123
117
112
97
125
106
8
84
135
117
129
99
105
121
134
9
109
136
85
108
95
121
117
133
0
104
131
99
102
148
105
88
110
3
95
109
135
92
129
130
144
106
2
99
133
129
140
124
115
122
114
4
118
159
145
108
140
142
133
97
1
105
91
121
98
135
81
92
140
10
140
146
126
132
104
93
128
127
1
101
113
122
120
98
122
86
123
5
108
91
94
109
90
127
100
99
8
144
98
160
105
136
118
101
103
3
117
91
124
116
120
114
143
123
1
183
133
143
93
140
135
121
142
4
142
132
140
99
147
115
100
88
1
135
100
85
121
118
99
122
128
3
149
80
136
74
101
149
134
113
3
121
138
103
120
145
129
117
142
4
124
135
121
148
115
104
168
64
10
72
84
141
128
54
137
143
123
10
150
117
106
166
109
127
104
131
5
105
122
121
106
136
130
139
92
5
110
135
132
96
113
93
73
94
10
119
142
142
122
114
81
127
129
3
104
159
132
154
145
99
107
131
9
104
92
115
132
90
92
132
126
7
99
95
136
114
134
78
98
130
1
81
100
122
122
142
150
112
114
6
126
98
113
98
156
108
150
139
6
116
107
89
135
122
92
134
126
7
85
135
144
120
142
110
119
112
4
124
134
105
138
149
148
116
52
3
87
102
128
128
132
111
127
105
2
97
121
117
110
118
145
101
105
8
112
106
118
96
71
85
94
106
6
118
133
145
151
97
124
121
131
1
148
87
115
141
115
117
93
129
7
87
135
121
130
128
104
111
98
4
86
143
92
124
98
135
141
107
8
141
126
91
113
113
91
119
147
6
111
114
141
119
157
131
128
112
9
112
127
71
99
85
137
109
99
1
125
125
113
130
107
143
131
180
8
136
110
157
94
101
139
122
135
8
106
120
138
131
120
119
128
142
7
104
91
100
129
93
114
142
134
2
135
143
162
128
129
134
108
99
9
112
124
99
107
113
134
95
121
9
89
101
119
128
113
113
110
143
6
121
114
148
95
120
122
99
128
7
137
109
92
80
131
75
111
115
7
125
92
114
100
139
121
143
122
8
106
114
70
132
121
75
150
129
9
149
141
141
136
142
85
135
68
4
114
153
136
123
93
162
103
107
3
128
139
126
112
114
78
145
149
1
131
135
120
129
108
128
134
123
6
89
79
131
99
129
121
137
89
7
114
96
133
135
98
94
135
136
7
109
115
141
117
112
168
139
115
5
132
115
130
127
120
132
117
104
4
158
120
143
114
130
106
136
121
4
118
157
135
113
108
152
132
117
9
102
110
142
109
134
85
103
90
4
114
133
131
117
98
105
113
103
8
114
124
115
121
116
104
110
147
5
114
70
111
91
118
94
112
143
2
99
119
115
123
109
142
116
107
4
119
108
100
128
119
124
119
113
4
151
88
148
91
116
135
178
112
2
162
97
93
113
143
100
110
120
7
115
88
116
126
114
98
114
136
4
129
138
92
123
108
122
115
119
1
111
122
145
147
126
132
121
114
4
100
143
121
95
104
132
135
157
4
129
111
125
120
96
116
113
134
0
91
101
142
170
145
122
129
142
3
103
119
108
130
139
129
105
121
9
85
103
124
78
123
145
105
152
2
97
94
152
114
105
164
126
128
4
124
89
114
102
154
131
141
121
2
140
144
130
145
107
142
106
135
7
122
106
94
105
127
139
98
100
2
121
91
105
137
108
120
93
115
9
108
91
126
92
134
99
109
140
8
130
73
116
85
107
71
121
127
5
119
71
107
76
106
114
135
106
1
128
92
127
112
120
105
109
130
5
114
128
108
122
100
119
138
117
6
92
126
89
98
115
119
98
148
5
133
99
141
78
118
130
177
128
4
120
70
113
127
97
151
133
120
1
91
105
123
130
99
101
102
125
0
107
113
121
99
129
88
121
106
2
90
125
112
114
138
110
99
137
1
106
142
142
126
166
93
164
156
3
127
132
116
106
100
123
92
124
2
108
122
147
106
149
79
135
142
7
131
130
126
113
126
134
62
99
2
175
112
112
165
131
152
102
113
5
108
131
79
153
144
148
122
156
7
119
112
133
113
149
144
122
123
2
133
131
128
107
128
114
117
122
0
102
127
111
112
107
116
124
126
2
108
125
125
114
136
95
104
98
1
117
112
120
111
135
125
123
117
6
114
128
106
92
121
141
106
117
3
93
106
113
133
114
125
125
161
4
112
67
123
150
117
113
124
148
4
140
112
112
126
114
144
113
100
2
112
98
108
83
104
136
157
128
2
122
133
116
112
110
115
112
126
8
132
109
125
170
154
87
93
101
5
119
94
119
79
152
99
85
103
1
116
87
121
116
88
82
110
98
8
139
113
119
107
73
115
99
118
2
113
110
124
138
104
109
148
107
5
136
118
112
100
149
176
113
142
2
142
113
121
100
73
118
105
118

