14
3
10
0
4
5
4
9
8
15
5
2
2
3
1
0
10
0
8
4
9
4
6
1
3
1
6
127
99
146
128
73
105
119
106
1
142
151
133
112
142
123
132
125
10
122
98
96
133
114
102
123
78
4
128
92
141
132
131
77
93
107
8
94
133
99
114
137
92
99
93
9
95
142
147
110
97
111
138
130
7
93
154
151
134
119
115
116
148
9
120
148
147
91
114
93
80
92
2
126
168
124
118
136
150
139
104
9
79
142
94
109
109
91
136
137
8
115
123
128
117
149
135
138
134
4
118
86
106
106
112
130
160
121
7
121
100
79
123
97
116
128
115
4
93
112
98
128
99
125
99
139
3
128
127
100
119
115
95
129
131
1
106
112
141
72
106
165
135
127
4
131
126
138
72
114
147
118
78
7
105
105
105
123
117
111
125
119
4
131
131
122
143
115
107
134
136
8
100
135
139
135
99
122
89
131
1
135
119
141
103
79
153
137
133
9
108
85
121
155
119
122
93
142
5
78
92
114
149
146
98
98
121
8
124
99
108
123
117
135
126
136
6
142
136
106
112
161
138
100
117
8
97
94
159
148
105
110
77
108
4
113
131
133
60
78
114
142
130
7
128
145
107
106
126
97
122
110
1
121
126
143
92
128
143
107
153
9
142
99
119
147
111
130
110
121
7
97
121
139
95
99
120
126
147
1
111
99
109
100
91
136
131
93
3
122
100
162
119
91
107
114
121
5
107
120
99
91
92
98
117
128
7
106
131
136
129
146
128
63
123
8
109
140
121
97
139
135
136
130
5
123
107
123
112
145
88
168
96
6
99
105
102
93
120
128
150
107
6
126
123
98
80
142
121
146
134
8
149
85
140
99
109
124
118
134
10
83
85
121
105
123
142
93
105
4
79
115
119
141
99
120
127
141
1
143
131
87
103
100
124
104
148
0
124
114
125
121
113
120
153
93
1
121
135
141
86
99
148
120
120
8
107
107
108
107
131
106
92
105
9
101
101
107
115
112
107
115
116
3
153
128
126
138
72
115
116
112
6
92
129
120
121
120
99
135
100
9
134
127
112
132
130
82
95
95
7
91
124
99
171
137
128
129
108
5
129
113
129
111
64
136
110
113
1
116
106
128
119
105
122
128
121
9
98
107
123
150
112
94
130
78
5
91
101
135
98
149
100
127
101
7
103
126
132
103
122
92
139
111
9
99
141
122
117
154
123
103
115
5
101
118
99
120
137
121
132
133
8
138
123
93
86
156
152
151
102
6
121
140
119
85
97
114
133
117
5
81
101
103
156
109
152
85
124
1
101
79
127
133
135
131
99
150
9
117
117
106
128
150
94
95
121
4
113
126
102
137
96
107
86
114
5
114
107
126
80
101
81
142
141
5
113
121
114
92
114
148
127
134
8
74
156
113
132
100
105
170
130
5
88
161
91
136
125
121
128
70
7
92
133
94
86
112
114
93
98
9
129
119
129
108
156
121
125
45
9
135
91
106
70
135
136
112
123
6
67
133
61
113
146
127
100
113
6
93
122
121
92
156
122
156
70
8
108
113
105
112
128
109
123
119
5
147
98
160
136
90
162
123
98
7
105
117
147
127
122
98
109
126
3
122
109
94
128
115
143
104
134
7
112
126
106
122
97
101
105
99
9
131
112
127
110
119
155
127
99
4
72
127
120
99
120
92
117
120
7
141
142
110
112
147
122
134
104
10
130
87
135
128
116
156
150
78
2
119
86
91
126
114
96
100
155
7
106
113
107
90
106
106
123
108
3
107
141
124
136
134
114
123
127
0
127
79
119
155
122
131
128
126
4
128
112
103
122
117
88
122
121
1
113
108
140
132
136
142
128
123
3
102
118
93
151
91
93
91
140
1
135
96
101
106
136
95
127
117
3
169
142
101
102
130
121
128
106
5
123
114
90
95
105
113
158
107
4
115
106
117
101
98
120
140
127
4
109
102
108
82
119
107
127
115
1
117
79
86
91
159
140
136
90
0
103
129
113
143
108
114
137
163
1
129
127
77
79
119
105
97
120
8
115
70
130
113
143
136
100
138
5
126
125
91
134
120
61
115
80
7
65
157
118
135
85
82
119
134
8
105
115
106
156
107
72
116
136
5
120
105
128
114
82
122
153
121
8
148
82
88
121
133
91
147
141
5
114
110
115
99
110
79
142
151
7
105
105
110
112
141
128
98
152
4
112
157
141
147
93
109
107
107
9
122
143
101
133
128
126
152
115
4
97
85
141
120
120
88
144
85
4
147
160
129
82
117
105
161
106
2
112
134
110
126
112
112
127
114
9
128
105
103
88
141
122
93
128
7
106
130
113
91
119
127
106
111
3
138
85
101
130
138
142
134
155
10
134
101
137
106
100
121
125
92
8
82
128
118
118
121
104
100
89
9
142
111
101
106
123
112
103
114
10
117
139
139
130
134
113
127
96
1
120
107
135
143
104
122
112
136
3
74
100
139
141
90
86
92
121
10
93
150
102
106
109
149
101
111
5
129
126
101
107
115
88
128
146
3
139
94
130
72
144
122
103
141
9
96
107
146
139
93
133
130
135
5
141
137
117
154
114
113
107
150
8
93
111
119
128
99
119
138
133
4
106
90
116
120
120
127
146
133
6
158
116
125
147
99
125
146
155
1
123
139
110
139
67
135
137
115
0
120
143
107
123
130
118
137
113
9
122
108
109
107
141
121
91
98
4
111
119
110
143
147
125
109
112
8
86
129
92
123
106
99
120
99
7
106
101
120
105
121
121
93
105
7
121
76
109
122
114
85
79
115
1
130
112
86
122
137
115
109
91
5
133
114
155
108
118
103
135
147
3
121
133
128
92
149
125
75
148
7
118
113
84
116
128
90
120
128
1
122
123
42
121
97
135
130
102
7
99
110
120
100
105
119
93
113
3
137
108
166
100
135
107
120
105
5
126
117
146
134
118
141
110
139
8
132
145
93
110
131
121
131
94
1
106
129
92
114
101
148
140
130
7
140
144
104
107
92
91
133
126
2
106
117
110
105
128
138
109
144
8
118
113
159
92
127
102
99
123
5
169
126
126
88
130
138
124
121
9
106
98
116
124
117
134
107
144
9
126
127
105
106
133
136
135
88
10
141
145
114
124
121
111
140
113
5
120
111
115
139
133
126
114
120
6
118
108
132
105
107
101
106
135
3
113
114
111
136
105
123
124
175
1
127
127
134
92
115
121
96
135
4
103
122
139
118
94
115
140
112
7
119
105
94
135
171
111
138
102
9
103
90
65
123
69
107
119
120
1
118
130
141
108
149
133
95
76
5
117
152
115
143
120
110
145
130
9
141
107
107
121
101
99
125
148
8
103
127
127
109
135
108
125
108
9
101
124
123
130
121
111
115
110
6
81
94
105
122
97
103
100
128
5
127
136
156
135
134
123
133
102
7
98
113
93
88
138
128
110
106
8
135
135
125
125
91
151
117
94
1
145
116
113
109
106
105
92
132
2
101
143
95
119
156
117
142
148
7
106
93
95
72
83
113
107
78
7
133
127
106
149
120
118
135
125
7
113
76
114
75
119
136
115
136
6
141
120
92
147
119
98
116
141
9
92
122
135
108
138
132
95
109
3
92
144
123
87
134
120
145
114
6
113
96
121
121
122
119
98
128
1
126
124
109
126
136
72
108
108
10
114
131
131
95
115
142
123
156
8
70
112
100
141
140
129
110
107
3
129
142
119
98
128
94
127
110
4
93
99
111
134
157
122
114
119
8
128
114
99
121
122
135
127
133
10
120
121
84
79
136
130
121
116
7
95
142
144
155
115
92
93
104
2
121
94
140
144
114
129
156
138
1
106
125
57
128
133
135
140
144
2
99
95
150
143
110
86
123
112
7
99
152
96
120
101
116
123
135
2
100
119
88
152
148
75
101
141
6
89
99
149
100
106
106
105
140
3
108
141
121
114
140
117
141
149
6
126
100
119
87
129
98
142
117
1
96
116
130
99
106
92
106
129
6
114
120
127
110
142
88
126
115
2
99
133
133
112
118
104
86
111
3
97
116
103
100
72
120
129
120
4
128
116
147
126
135
135
132
115
3
78
129
115
106
138
126
134
98
0
131
132
135
105
109
113
119
108
7
102
120
120
85
137
110
115
113
1
123
89
123
80
119
145
121
119
7
106
96
118
91
124
92
135
121
4
112
141
133
116
104
112
123
108
2
102
112
96
129
126
87
105
106
0
87
51
113
120
105
99
123
105
10
116
141
59
97
102
112
100
93
8
116
128
122
113
68
120
119
121
5
122
122
99
133
101
129
147
135
0
133
108
131
128
126
145
114
136
8
137
104
106
106
96
121
131
96
5
127
135
114
99
107
134
138
144
4
108
127
121
114
122
87
110
97
2
128
136
102
154
126
117
87
124
5
133
115
123
91
108
107
74
128
4
133
96
128
142
100
101
105
142
8
104
87
95
145
78
155
105
114
7
162
116
93
122
145
112
103
113
3
114
108
131
108
122
139
149
101
9
134
106
93
114
128
77
117
99
7
113
128
120
142
93
104
139
148
4
108
136
128
124
122
109
100
112
1
93
122
112
118
81
118
107
161
6
137
87
106
129
97
118
112
83
4
134
102
121
100
122
80
115
136
6
146
132
88
105
149
100
93
140
8
107
108
127
134
129
142
162
84
1
91
133
145
106
119
120
127
83
4
95
142
118
144
132
113
119
120
5
107
116
93
110
128
108
138
140
8
100
133
84
121
125
123
136
77
9
94
98
164
149
142
114
105
127
7
133
120
103
122
108
112
95
117
3
99
92
78
87
106
141
156
129
1
97
101
120
134
120
118
102
94
2
108
130
86
100
106
127
99
127
6
120
113
101
110
163
143
91
149
8
107
142
139
102
111
140
143
136
4
99
131
85
143
77
156
147
93
5
137
92
129
106
100
99
102
128
6
119
140
107
136
78
115
130
141
9
56
112
156
135
85
107
138
116
5
151
129
122
113
117
147
110
95
2
74
120
155
85
132
107
141
114
7
147
129
163
100
115
99
160
100
0
126
113
114
110
122
120
127
133
2
112
106
93
120
149
123
107
99
9
128
121
108
136
129
100
129
87
1
95
133
144
115
139
107
102
72
8
106
89
155
97
91
132
104
118
1
115
116
120
141
119
122
144
71
6
126
147
121
100
92
108
120
112
0
95
84
119
81
120
122
133
98
0
107
98
105
139
109
127
140
121
6
141
170
121
117
93
134
166
116
2
144
91
124
137
116
119
129
105
7
120
155
147
143
127
108
113
120
2
162
111
129
112
136
110
142
143
9
113
96
129
104
101
127
100
99
7
127
120
82
148
98
93
113
93
5
114
102
91
111
107
138
139
134
9
121
115
122
112
64
118
103
97
6
134
106
140
99
146
136
90
95
9
126
137
121
122
124
131
101
108
2
99
92
102
119
114
135
125
142
5
67
140
146
170
150
120
150
124
1
114
144
101
92
114
121
100
157
5
110
150
106
128
117
110
119
114
9
125
105
154
121
163
118
142
110
2
152
101
66
122
100
89
135
84
1
104
115
124
81
155
123
120
113
0
124
105
121
93
93
96
119
86
6
103
146
105
105
110
89
147
130
1
63
115
133
114
80
73
103
131
1
85
132
98
109
87
84
145
92
3
136
143
143
149
120
135
101
114
8
105
140
126
101
79
135
153
91
1
110
139
133
76
126
143
102
112
4
113
111
127
127
127
85
99
134
4
131
107
114
107
148
148
111
101
2
92
121
143
154
116
124
149
86
7
165
134
137
97
150
102
114
126
2
145
119
107
104
86
114
112
133
2
121
101
107
143
126
125
120
124
6
127
74
120
141
130
80
133
126
5
112
138
99
106
98
143
154
131
9
98
111
107
92
111
126
85
181
5
94
123
123
85
132
142
104
157
8
85
111
91
64
125
127
150
138
7
112
116
109
72
127
114
93
103
7
78
104
132
113
126
128
96
131
7
113
142
147
112
129
114
91
115
9
128
122
137
126
126
72
129
92
1
121
125
142
138
105
156
89
90
0
86
86
137
150
134
101
107
77
4
125
117
127
126
96
109
153
110
3
135
121
139
78
115
121
81
105
8
121
118
95
126
135
114
113
86
1
86
136
92
124
105
136
143
132
1
114
105
77
105
103
135
105
92
1
128
114
128
94
136
120
133
106
1
129
105
155
100
106
128
66
82
1
127
117
111
102
91
108
95
124
1
129
103
77
102
128
108
123
116
8
93
111
138
99
147
103
109
102
1
113
137
120
140
111
108
127
107
9
135
121
107
124
110
81
126
100
0
110
129
116
97
120
114
100
108
1
115
104
140
154
106
112
141
113
2
128
111
103
89
87
104
157
131
10
128
127
111
161
105
106
129
141
6
106
129
130
103
128
92
101
128
5
138
128
87
124
140
136
123
147
4
107
133
100
78
106
106
107
106
7
124
100
105
102
118
141
100
138
3
136
121
124
108
104
105
80
108
7
126
135
107
138
134
145
84
94
1
113
77
103
135
118
154
121
126
1
133
139
101
121
166
93
108
133
3
144
131
142
90
141
116
113
118
5
138
138
107
129
98
123
107
105
7
96
126
141
123
148
130
75
142
6
113
88
110
130
114
100
140
107
3
104
129
96
149
120
131
119
124
10
99
93
127
145
93
125
129
133
7
121
112
100
98
108
161
90
102
7
110
99
92
112
77
71
154
117
9
80
110
155
133
94
106
132
98
1
120
108
108
124
127
139
117
140
9
122
117
149
129
82
152
111
120
7
92
157
98
134
93
134
114
126
2
90
114
85
126
120
107
79
136
9
101
104
113
144
86
156
128
148
2
127
155
129
100
78
153
130
99
10
107
82
100
120
104
111
107
114
8
100
119
87
162
93
132
123
92
2
101
136
131
120
128
129
118
143
4
117
134
119
138
94
129
81
119
0
81
115
120
83
137
120
120
129
9
108
145
84
122
122
114
75
114
3
91
101
135
156
101
100
117
111
9
153
120
117
106
122
122
93
117
3
129
128
122
98
120
107
139
138
9
105
118
107
101
109
113
118
86
9
126
150
114
140
128
112
129
95
8
108
114
96
100
127
87
103
104
6
101
119
106
129
134
148
134
84
8
116
142
118
149
108
106
122
126
5
107
159
123
112
137
121
116
147
6
107
112
93
138
114
120
131
110
6
115
89
102
143
115
99
89
162
9
105
120
135
110
161
146
115
127
1
113
119
101
167
89
127
119
99
1
92
84
119
118
92
121
136
124
2
158
135
114
121
97
127
92
103
6
100
122
144
125
99
128
117
113
1
125
96
87
107
113
101
139
86
2
113
105
123
108
139
123
121
147
2
134
134
134
140
77
98
143
107
0
114
128
163
109
111
126
120
102
2
140
100
115
157
104
157
120
113
8
122
113
120
152
106
106
87
108
3
105
123
129
152
108
121
161
136
3
79
119
115
86
88
135
122
106
5
112
121
112
89
102
132
116
121
0
106
127
136
81
106
113
120
87
5
124
116
78
145
123
100
95
119
4
115
98
141
105
149
157
142
149
2
111
99
121
123
94
97
76
105
2
99
135
128
135
123
134
127
127
4
134
147
107
88
156
82
100
129
7
85
128
126
134
126
56
119
121
9
106
114
112
91
122
149
93
144
1
88
108
100
100
106
97
141
157
4
152
120
108
105
111
114
124
110
6
106
103
83
66
103
116
99
133
6
89
98
103
120
124
112
122
98
2
136
151
134
140
103
113
87
100
9
124
120
99
120
130
128
87
106
10
123
85
113
105
123
111
99
104
3
101
111
148
122
141
97
101
114
0
114
100
128
169
113
142
96
129
0
100
127
115
121
115
134
123
136
5
113
117
105
93
118
124
113
94
7
112
126
130
142
141
112
110
92
4
92
142
123
127
110
133
138
96
8
111
149
98
136
115
128
136
122
9
140
110
111
151
128
113
127
107
5
105
136
116
115
82
117
163
126
5
103
76
155
100
107
112
141
105
6
143
115
111
156
120
117
125
111

