15
5
10
8
7
5
7
7
2
13
8
1
4
6
3
7
3
0
16
6
6
9
2
8
8
4
2
84
141
127
103
129
114
93
106
2
131
118
109
117
114
97
117
120
6
105
115
98
134
122
106
91
105
5
96
133
135
108
99
82
116
161
3
140
156
106
134
114
96
89
110
1
98
100
95
78
122
112
142
95
1
116
85
107
98
154
106
106
117
6
107
125
105
106
109
131
87
101
10
116
122
101
78
129
100
92
119
1
131
113
100
129
128
124
143
146
9
130
107
120
104
130
93
134
87
2
120
127
99
87
85
147
126
128
5
123
112
119
114
140
113
116
115
6
93
128
131
127
113
77
112
105
7
116
107
116
112
85
109
105
94
4
121
136
117
141
128
98
129
106
4
156
103
130
126
128
106
115
120
5
120
142
115
138
103
95
113
93
1
116
121
117
119
94
148
111
101
9
92
105
109
114
150
128
139
133
10
77
99
118
121
123
99
100
104
10
94
128
113
109
99
78
133
98
6
93
116
146
108
149
81
100
121
6
117
54
113
116
113
138
124
103
0
99
96
117
123
116
127
80
77
8
86
106
105
121
126
124
142
131
2
127
122
143
77
138
136
107
79
0
114
82
67
119
100
112
82
132
3
127
124
106
99
122
108
106
127
3
153
118
110
96
123
138
125
80
10
148
132
129
109
85
109
138
128
10
129
86
111
135
145
127
112
130
0
109
133
128
110
123
147
99
106
2
150
108
89
112
143
136
86
103
7
105
147
98
111
105
105
80
136
8
107
100
108
112
116
126
63
78
9
77
133
120
126
132
112
141
119
9
123
92
122
132
109
108
106
99
2
118
98
154
113
127
120
143
95
10
92
144
95
121
99
103
77
92
8
149
118
78
69
142
124
129
149
1
164
124
120
141
135
96
98
112
5
100
142
113
123
120
114
107
99
3
131
113
109
120
111
86
127
97
5
85
128
141
75
127
84
72
96
10
122
120
95
126
109
102
141
140
1
88
149
84
105
127
84
149
134
6
114
134
99
105
119
78
100
94
3
92
130
131
117
144
158
113
143
6
101
102
62
126
103
106
87
135
4
98
139
148
103
148
115
129
127
6
106
153
126
130
124
121
116
91
9
135
128
143
125
129
103
107
150
3
105
127
105
143
143
104
93
140
3
163
137
112
128
113
124
110
63
9
100
135
124
119
121
156
124
117
2
104
111
143
121
129
129
127
113
2
95
84
101
161
136
127
137
125
8
127
124
105
94
111
101
141
105
6
113
120
137
127
115
79
105
127
10
85
147
130
125
153
93
122
120
9
126
105
126
92
157
120
133
98
5
122
158
92
96
79
130
105
85
9
134
113
85
139
133
101
114
128
10
130
121
113
87
140
104
138
135
9
106
121
117
79
137
123
112
134
5
120
115
135
144
121
108
144
114
1
98
133
103
140
105
148
137
123
2
89
112
105
130
172
61
79
131
6
99
136
131
100
149
93
127
103
4
139
120
119
105
99
171
93
91
1
131
92
89
107
120
114
123
118
6
99
96
136
120
104
106
92
153
9
120
125
119
125
133
124
100
120
5
153
141
111
120
78
110
110
97
7
113
93
117
121
99
134
130
136
5
138
109
134
136
90
142
121
149
0
127
113
112
131
142
102
135
110
7
131
106
159
108
100
102
140
107
4
99
116
119
72
128
109
142
161
2
100
126
111
107
130
108
86
123
9
150
105
98
135
120
91
136
103
0
117
71
120
120
130
136
135
92
8
57
134
152
105
74
142
96
112
3
99
110
112
144
125
130
124
86
5
84
92
101
101
135
129
103
117
4
118
113
103
100
142
99
137
130
9
117
93
115
116
93
102
66
122
9
99
88
113
130
97
133
152
80
1
106
117
110
104
84
97
77
120
8
79
148
116
109
121
107
102
119
8
102
113
119
115
99
140
128
106
6
120
92
170
69
108
109
114
127
9
108
155
163
103
163
73
75
127
9
143
109
127
105
121
105
112
135
0
106
147
138
106
122
127
118
112
4
128
111
112
114
124
126
134
104
4
98
139
141
102
127
97
119
126
3
145
130
128
105
117
143
105
141
8
98
79
144
115
110
120
126
88
6
124
121
106
107
92
140
150
125
9
128
113
132
121
114
112
139
150
5
106
120
92
113
112
131
119
114
9
138
128
107
132
115
119
122
98
3
120
74
112
147
121
121
125
111
7
134
157
120
84
94
134
104
78
1
132
97
92
120
162
157
107
123
1
118
144
102
138
94
112
122
145
8
111
98
81
107
138
142
114
118
4
107
134
66
120
127
107
147
84
4
95
126
141
113
163
107
145
106
5
133
77
120
111
113
111
115
125
8
138
107
105
107
127
120
100
96
7
105
115
132
114
146
99
128
114
4
106
113
118
131
110
122
120
101
9
113
94
103
133
102
125
99
88
8
158
87
132
142
107
120
117
85
7
157
142
85
104
112
119
121
94
5
123
106
119
119
122
133
94
102
4
64
119
111
107
106
101
122
112
10
175
114
94
112
109
119
118
135
6
120
97
114
101
98
107
112
115
1
129
168
100
141
157
112
86
153
3
136
121
78
119
85
115
105
92
2
86
77
141
117
90
87
117
113
7
113
136
71
116
118
147
113
90
8
122
140
115
112
94
155
144
98
5
109
113
78
114
111
113
142
125
5
118
87
118
130
148
104
122
137
8
124
91
117
123
82
124
72
125
5
111
111
132
160
91
91
121
65
4
104
107
139
148
121
127
92
120
7
105
111
90
90
98
141
163
129
5
117
114
108
131
136
138
122
104
6
116
99
97
103
94
116
121
143
7
106
114
114
120
99
95
116
114
9
114
134
130
96
129
124
98
88
7
107
98
126
106
93
136
121
100
0
113
165
110
132
135
90
153
117
8
126
130
99
134
118
119
120
106
6
72
93
92
116
135
100
135
135
4
103
161
137
141
150
150
116
116
9
107
119
106
113
99
142
93
97
0
127
136
151
127
121
118
142
115
5
134
135
130
120
94
133
100
109
6
66
141
72
83
147
113
116
118
3
115
110
141
109
125
120
108
152
2
94
149
82
84
90
95
86
121
4
119
103
121
112
78
107
121
131
0
127
86
123
99
150
98
130
155
8
98
134
123
111
85
143
112
120
2
101
139
93
109
134
138
155
134
4
113
99
127
119
136
129
71
108
6
108
119
156
142
121
99
125
136
3
95
113
113
71
129
109
150
94
2
144
91
94
99
134
138
122
106
2
132
105
122
124
115
89
121
126
5
116
104
52
110
85
81
142
117
8
108
113
119
99
107
111
124
106
9
141
107
104
121
109
112
121
87
0
86
71
121
85
126
94
125
101
7
110
109
140
100
109
103
111
115
8
118
100
115
82
122
135
119
95
4
106
122
106
134
141
125
118
130
1
109
142
107
96
123
102
115
122
2
64
120
85
114
109
140
92
128
4
100
73
135
113
103
127
113
132
6
160
81
136
135
94
149
151
106
1
147
129
109
106
93
97
131
78
9
134
92
126
155
100
166
127
92
9
157
99
139
131
142
147
125
124
7
76
88
114
100
120
117
99
134
1
123
121
118
148
125
122
108
72
0
95
128
89
116
142
123
135
77
0
157
120
96
114
99
157
92
119
5
135
89
106
93
112
82
97
106
1
85
112
125
149
120
126
122
120
5
113
86
113
109
120
98
80
114
7
138
132
102
134
95
82
101
123
8
143
101
133
117
128
119
149
121
0
80
128
132
106
109
89
155
79
0
95
84
112
119
143
86
116
117
3
151
136
120
115
107
108
131
92
6
117
134
90
103
136
91
87
78
6
136
108
114
121
141
126
138
121
1
105
101
147
125
111
119
121
146
9
121
134
145
140
109
86
107
109
5
112
109
109
115
120
122
126
125
4
91
120
177
94
113
120
125
116
6
158
121
128
95
91
147
114
94
7
98
127
119
147
134
146
129
107
2
108
120
106
139
128
114
123
109
7
107
157
91
89
100
97
128
88
3
118
113
106
108
133
118
137
82
9
84
131
128
103
119
99
88
114
10
80
95
104
126
114
107
128
128
2
79
100
97
119
109
102
139
121
1
107
79
116
155
133
114
112
150
1
114
106
99
135
119
149
122
101
1
79
121
132
145
115
148
140
90
6
94
141
125
69
112
128
133
117
5
134
98
110
135
134
157
108
143
2
124
122
97
138
93
133
76
95
3
121
114
138
132
112
130
91
110
2
121
100
90
113
79
147
127
124
3
142
121
112
105
113
114
118
134
3
101
149
109
146
133
105
93
132
2
93
101
128
134
116
133
112
163
7
150
121
113
113
110
125
113
121
2
127
133
82
129
137
141
118
112
5
155
72
147
113
120
89
144
148
8
88
106
93
140
148
126
106
87
6
154
140
106
122
98
114
137
134
3
116
110
108
80
146
141
107
113
4
161
148
130
87
85
128
127
140
6
121
91
117
128
124
109
134
147
1
74
89
86
163
122
57
142
144
9
127
124
107
134
113
134
149
137
6
97
110
136
131
107
122
152
128
10
106
100
120
106
84
108
112
122
6
128
121
96
104
127
115
121
142
9
128
122
86
101
115
105
120
121
2
94
106
127
134
115
138
133
114
5
113
141
142
97
126
108
84
97
8
139
120
104
140
96
128
116
136
7
91
123
131
129
110
86
125
121
6
122
108
114
104
84
128
145
89
0
120
112
104
84
114
109
107
128
7
151
88
87
99
114
155
164
141
1
100
122
115
111
125
129
134
124
10
125
125
128
113
102
79
134
105
0
155
90
121
120
133
117
141
84
7
164
106
117
86
123
127
128
101
3
161
117
95
117
143
109
103
135
4
144
134
81
132
83
99
110
103
2
100
91
101
80
100
120
115
85
6
129
101
116
154
130
132
108
107
0
143
95
113
125
103
100
142
82
2
127
107
140
107
66
123
123
129
6
122
126
137
97
135
105
144
87
1
131
121
92
128
129
118
150
122
2
105
115
100
106
127
126
97
105
4
112
110
105
150
148
130
80
92
7
106
115
138
102
134
141
106
79
9
94
105
89
122
139
132
110
134
8
126
140
158
146
82
147
108
136
0
125
96
107
79
137
104
135
121
9
67
101
90
131
110
124
121
113
1
107
137
106
120
139
95
107
94
4
135
140
133
82
101
85
129
128
4
81
120
98
124
139
126
127
113
8
100
121
161
105
125
127
97
93
9
122
139
134
125
120
107
154
113
4
133
120
141
110
125
143
128
101
9
139
118
138
87
84
105
100
119
6
106
92
124
85
157
161
112
105
2
114
141
158
164
93
58
141
116
4
107
149
112
72
121
111
97
84
8
120
114
143
84
126
91
120
121
6
119
93
140
113
126
107
85
181
0
91
83
127
75
133
127
129
72
4
113
129
121
129
127
111
79
84
1
127
103
120
87
114
110
109
126
1
101
119
128
120
113
116
142
167
6
85
87
129
123
134
142
134
128
9
114
142
159
82
135
120
61
92
3
128
119
95
120
108
128
101
127
4
92
114
124
143
134
101
90
87
3
112
144
125
149
87
134
146
120
6
101
136
128
94
135
107
128
134
7
112
115
120
127
116
105
127
84
8
120
113
153
141
126
139
118
120
1
122
102
121
86
156
133
135
139
4
97
141
124
107
149
112
130
78
3
135
88
124
119
106
115
122
150
2
102
148
111
154
99
126
134
128
3
124
114
79
135
109
128
122
89
8
107
135
86
139
121
114
85
89
2
128
101
127
107
154
84
115
115
5
141
143
155
149
122
121
128
106
1
139
119
107
128
120
127
80
122
3
125
132
111
115
111
148
99
136
5
107
152
120
118
113
130
100
97
7
107
92
127
109
115
148
114
134
4
127
90
133
90
142
148
134
120
1
131
121
112
121
121
80
117
71
1
121
117
92
128
113
71
135
94
5
124
130
93
91
158
122
126
99
7
81
99
159
93
124
105
111
84
5
106
124
97
107
95
129
112
148
2
101
118
153
124
117
163
128
119
1
112
139
108
138
122
93
107
112
4
129
119
84
130
134
159
126
148
6
112
149
114
116
130
106
135
105
4
105
128
139
129
105
134
118
110
7
102
138
150
121
105
114
121
84
8
104
104
83
104
113
106
142
95
3
142
114
132
147
109
132
106
107
4
133
124
93
74
114
119
140
163
4
162
149
119
110
105
97
114
114
1
107
131
118
133
120
114
129
117
5
140
91
121
113
114
98
169
52
1
128
85
116
94
105
112
88
147
4
105
125
90
109
117
162
142
109
6
94
94
98
99
122
120
131
104
9
97
131
111
110
113
134
118
135
2
76
113
120
123
115
124
103
95
6
134
114
90
120
134
136
122
125
5
99
134
83
115
114
107
142
142
1
131
140
94
55
106
92
104
115
6
140
74
98
125
109
100
114
124
8
128
122
125
114
85
79
84
100
7
139
121
106
135
115
116
127
105
3
126
126
142
99
129
121
121
134
7
108
121
111
119
133
99
121
112
6
94
90
144
139
107
108
111
114
4
128
130
126
96
81
104
113
153
8
157
129
116
72
114
98
110
129
8
120
114
112
135
143
113
99
134
2
123
137
128
99
141
111
86
113
3
112
87
134
121
137
128
115
133
4
136
154
99
104
141
131
110
113
10
143
140
138
113
96
130
127
92
4
103
116
125
117
134
112
105
99
0
123
138
122
124
115
104
136
134
8
155
116
109
149
136
94
121
138
3
82
113
89
133
112
92
98
120
4
111
126
139
137
113
143
92
115
3
106
134
129
109
97
96
103
129
1
183
99
86
120
119
151
112
136
1
122
93
115
136
136
125
135
116
0
121
98
101
118
135
146
127
78
6
124
117
88
121
114
165
89
105
9
120
117
137
132
140
110
156
115
7
128
115
137
124
127
119
121
106
7
155
77
140
121
141
113
118
106
4
107
107
122
135
121
128
102
141
8
133
115
148
114
97
118
137
113
9
88
104
136
136
104
87
113
81
3
134
142
93
100
121
86
145
118
1
122
79
87
133
121
136
125
127
9
146
70
155
105
128
147
112
113
0
113
124
119
117
114
102
123
105
2
126
93
119
125
90
95
134
90
8
125
114
114
77
120
127
126
110
1
87
120
113
162
160
125
144
111
9
129
93
107
113
123
113
90
100
6
141
113
113
138
124
105
127
133
4
93
121
99
115
122
122
127
106
1
96
126
119
96
118
107
135
106
4
146
102
113
132
121
98
93
158
8
126
128
92
111
121
120
111
121
9
121
119
134
94
103
146
106
111
4
129
72
132
127
118
116
159
115
5
148
153
96
142
128
119
122
107
1
98
134
122
94
113
137
136
120
5
94
119
157
157
105
115
117
102
5
102
139
119
108
103
131
119
117
3
117
121
119
101
148
130
106
114
4
103
126
142
107
106
79
111
150
4
107
126
155
109
123
106
107
137
4
127
124
129
97
104
112
96
135
7
106
95
91
92
106
101
127
120
1
83
136
122
107
100
122
68
137
2
108
79
116
91
88
114
86
122
7
127
109
130
72
105
80
106
118
7
137
111
126
100
112
81
122
122
7
147
100
78
116
123
114
122
120
0
128
128
98
149
97
121
129
118
10
115
136
108
97
119
139
104
119
6
127
135
62
139
106
142
94
90
3
87
98
130
77
115
98
102
106
1
99
120
100
138
143
107
148
136
8
132
108
106
116
136
140
121
161
6
111
106
150
107
114
106
128
151
7
94
111
142
76
154
85
111
139
9
109
97
101
141
132
91
67
107
7
100
96
127
134
131
134
106
107
3
142
120
116
133
104
100
84
141
6
120
109
113
121
100
133
135
112
1
94
140
100
122
120
123
105
131
4
126
128
132
101
132
76
110
128
6
102
128
79
123
119
127
128
126
8
99
103
128
148
101
99
89
128
7
127
141
73
122
106
143
115
119
6
100
115
128
59
93
138
140
135
10
67
168
127
110
75
107
112
139
1
56
100
102
135
147
90
131
114
8
108
122
137
134
130
136
112
99
6
71
166
120
111
71
102
116
137

