11
8
9
6
5
6
8
5
0
8
5
0
9
7
6
8
5
6
14
1
6
7
5
1
2
8
6
118
140
108
100
106
105
127
122
1
148
123
133
121
129
142
140
93
7
135
131
133
96
67
106
123
120
1
143
158
134
115
97
129
101
124
9
106
105
125
128
107
115
130
123
9
92
98
125
89
101
100
104
71
8
122
108
106
138
89
78
119
89
8
128
113
107
144
92
128
102
87
2
137
110
130
126
171
97
88
133
5
127
115
111
99
133
114
102
86
5
148
125
112
99
96
116
125
111
0
70
114
100
125
161
140
162
104
4
136
85
109
114
133
119
147
101
0
118
156
135
116
105
156
114
128
1
89
79
117
94
128
120
103
113
5
149
103
96
92
104
117
114
125
7
84
120
131
124
106
98
114
143
4
110
147
145
121
94
124
97
144
8
112
84
135
129
98
115
127
79
6
134
143
116
160
117
139
108
104
0
127
105
134
151
81
85
158
130
5
113
116
134
126
105
92
135
126
2
135
119
92
101
146
119
87
118
5
80
163
120
126
114
94
122
83
8
111
87
169
104
121
113
111
113
8
141
134
106
138
135
160
127
126
4
104
121
122
137
149
127
154
134
1
104
92
101
96
140
135
113
117
6
130
107
128
106
84
117
129
134
4
114
122
112
84
120
107
127
115
1
119
102
98
59
115
120
125
85
4
112
142
124
120
142
124
137
113
5
91
122
104
60
133
92
106
108
7
120
125
135
141
120
134
113
128
6
126
121
169
86
93
130
127
164
7
140
150
113
134
98
118
126
94
8
131
76
99
112
108
134
127
92
5
106
121
88
75
128
93
109
121
1
109
88
125
137
106
117
99
105
0
141
134
112
115
106
94
169
106
7
71
94
156
101
119
142
117
156
1
110
136
109
122
141
101
104
107
1
101
117
121
114
121
100
99
157
4
97
74
144
128
111
102
86
139
2
144
127
129
83
135
101
126
113
3
134
141
115
107
138
95
126
147
1
124
92
109
107
142
155
140
113
6
121
155
113
104
127
104
109
120
8
109
121
102
64
118
113
114
92
3
132
136
128
59
131
102
127
130
3
148
112
107
142
98
121
131
147
6
113
162
128
134
91
132
97
78
8
80
134
130
91
121
113
118
98
0
107
118
124
146
114
129
102
126
7
100
130
100
120
123
111
135
143
0
135
108
134
95
142
135
87
134
6
109
116
142
107
105
112
147
127
5
132
107
107
76
119
100
66
119
5
134
113
112
101
101
110
143
135
1
150
91
93
137
54
107
111
100
3
76
93
108
126
114
129
93
93
2
126
100
123
148
127
85
113
135
9
126
110
87
130
159
93
158
89
5
93
117
142
102
122
129
141
142
9
110
122
106
149
115
98
144
122
3
104
136
120
129
141
151
122
159
10
133
119
135
128
120
133
120
135
7
120
117
142
129
117
134
157
115
4
113
120
86
165
153
113
114
113
4
107
98
120
140
108
157
142
121
4
84
133
92
72
105
101
126
98
8
128
137
114
100
113
86
119
93
1
100
95
111
128
157
122
110
121
9
134
121
92
93
148
127
122
110
8
100
85
118
92
150
106
150
154
8
135
115
134
114
127
117
156
137
9
132
121
122
94
106
108
99
99
5
128
112
129
100
116
87
151
92
7
91
98
81
112
87
98
119
90
1
120
118
115
122
104
113
120
128
3
100
133
108
107
141
91
111
65
7
101
100
103
115
98
114
98
122
4
107
106
114
101
136
120
101
119
7
149
108
97
120
112
76
109
93
1
104
139
105
116
136
100
117
108
0
79
132
110
119
149
121
90
137
6
105
143
127
93
155
134
86
83
1
130
93
102
145
113
114
138
129
6
121
143
120
150
169
91
88
122
10
124
125
85
113
107
124
105
120
5
101
83
108
119
87
115
106
112
9
133
157
133
131
119
147
104
121
9
108
119
88
100
102
114
116
139
5
121
88
126
105
102
97
132
133
4
120
111
112
155
86
98
96
92
8
89
84
114
109
127
104
127
136
2
134
109
151
117
120
129
136
108
4
86
141
108
142
99
114
106
149
1
106
101
108
81
106
106
89
101
4
129
123
105
113
143
143
127
85
0
126
113
78
114
141
90
92
86
8
59
136
109
115
87
135
135
128
3
98
142
101
123
105
128
121
133
8
125
120
91
120
123
129
133
89
9
132
137
125
105
140
107
114
114
7
84
121
101
106
92
102
123
126
0
111
150
113
108
106
84
158
134
4
136
133
119
103
109
87
115
108
4
107
142
135
113
106
107
109
120
0
139
73
134
146
120
142
127
114
1
73
95
107
106
126
114
84
107
1
141
153
136
147
98
90
119
88
7
108
150
132
107
106
107
135
104
2
106
100
111
137
118
106
85
134
2
123
133
122
103
122
151
80
118
4
117
163
112
86
142
98
121
129
3
111
137
114
110
169
92
96
116
5
125
124
106
107
91
99
104
126
3
121
112
129
130
107
159
123
112
0
115
133
79
125
138
114
87
91
4
114
128
100
141
128
149
133
120
9
89
120
139
110
75
120
118
121
6
82
112
154
129
68
132
113
99
5
134
106
114
124
133
177
133
109
2
102
107
109
139
124
97
92
110
8
115
109
108
136
100
120
128
134
0
108
103
129
94
121
94
135
106
5
119
137
117
98
107
133
128
122
2
91
150
124
112
103
129
121
132
3
83
136
115
123
103
147
96
150
10
98
67
59
155
154
141
167
85
2
120
113
148
98
110
99
128
155
3
102
134
120
126
110
113
91
150
2
143
129
93
146
149
85
120
110
3
106
132
112
99
108
136
128
116
2
118
113
118
128
156
132
153
121
0
94
116
98
66
131
99
168
172
8
108
102
134
104
125
127
117
134
0
114
94
108
130
85
128
115
98
3
115
113
142
140
72
143
115
129
8
137
144
79
143
145
109
107
115
2
122
121
168
149
129
113
117
93
0
100
132
114
56
121
120
106
111
7
124
94
101
117
103
155
129
101
8
128
101
138
129
84
108
101
92
8
115
130
157
129
146
98
117
132
3
114
114
138
92
128
100
123
119
4
114
95
102
148
99
118
142
119
1
125
146
121
139
115
86
84
119
4
113
120
117
148
123
102
133
126
10
122
132
120
99
153
138
145
143
6
141
117
127
121
113
106
135
85
6
126
75
141
107
116
110
131
122
2
133
93
107
133
116
101
120
135
4
102
121
127
130
79
130
91
135
4
145
111
137
128
127
102
140
80
3
133
101
126
93
110
149
122
143
5
117
113
114
131
139
97
123
120
2
119
129
81
102
112
119
133
78
1
148
121
93
78
111
140
77
147
7
129
113
92
121
109
114
116
142
0
89
126
135
115
151
146
113
99
2
85
124
95
103
99
120
162
95
9
125
112
110
110
112
98
136
85
8
123
104
114
126
108
138
102
114
9
108
115
130
119
125
109
99
91
1
121
134
108
120
99
108
121
103
9
125
139
120
144
102
120
120
141
10
154
89
91
149
126
123
113
120
7
129
133
77
127
127
142
155
107
7
116
134
116
97
108
113
129
134
6
118
115
105
135
132
125
109
113
8
127
118
136
119
111
120
128
107
2
135
124
134
155
85
142
89
89
4
140
121
87
119
100
134
79
130
6
102
125
118
112
124
102
95
107
3
104
108
122
155
126
100
128
100
1
114
87
148
107
152
133
144
93
9
101
115
134
110
106
132
94
121
5
113
107
114
142
114
99
136
86
1
185
176
142
154
105
141
114
154
2
129
123
92
80
78
114
94
133
9
112
137
132
146
99
101
115
85
6
125
101
128
103
107
106
125
113
8
120
145
134
152
123
111
131
64
8
92
98
113
159
122
91
120
114
3
111
108
92
105
124
89
87
114
4
112
132
118
128
122
148
110
100
2
108
122
107
127
113
128
112
162
0
86
170
101
91
149
99
108
152
3
100
129
119
120
97
127
81
145
4
112
129
111
127
100
157
137
132
9
107
103
92
125
57
106
128
121
1
129
122
155
98
113
127
127
88
2
113
113
120
92
110
136
121
122
7
102
120
107
113
79
113
121
110
1
123
147
168
112
112
120
118
121
9
98
135
121
94
98
103
141
113
5
119
104
127
126
86
96
137
139
5
123
137
127
127
65
131
106
133
0
103
120
135
135
90
131
96
111
9
128
80
113
138
87
128
112
113
5
91
110
111
119
94
124
86
125
1
121
117
120
97
132
83
128
86
5
64
114
102
85
94
138
102
122
3
99
140
155
114
93
114
132
140
1
108
136
106
135
113
89
107
122
7
119
121
124
94
116
118
133
122
6
88
138
88
91
91
137
112
119
6
117
136
103
112
146
108
113
148
0
86
136
107
136
104
147
113
113
2
126
120
87
100
133
138
99
86
2
148
101
136
81
105
135
119
106
8
107
130
102
77
106
128
126
114
8
66
94
81
129
126
134
83
133
8
130
111
124
133
94
134
104
101
9
120
82
135
93
100
112
107
135
5
127
159
131
107
113
98
99
115
6
115
106
132
94
105
121
134
138
5
112
128
155
101
96
123
136
148
10
110
121
119
114
114
136
112
148
6
129
116
135
92
85
128
102
107
0
83
108
96
155
99
101
119
142
8
120
128
149
126
105
107
111
102
9
109
169
110
95
103
140
114
123
10
126
133
151
107
117
114
59
140
6
96
101
141
92
99
124
130
122
6
134
142
160
134
111
72
135
147
2
119
144
103
107
115
99
122
124
2
133
107
113
99
116
100
143
142
8
110
116
150
121
119
134
135
138
3
115
115
125
101
112
141
93
102
7
77
110
128
126
127
125
141
122
2
140
112
107
107
101
112
121
114
6
137
107
88
133
157
124
95
115
8
113
108
111
133
96
78
135
119
3
142
154
108
116
147
120
93
100
3
129
128
99
100
127
155
122
90
4
99
124
117
82
105
121
139
148
8
127
79
141
135
103
139
110
70
8
126
116
142
78
106
128
114
102
6
137
141
93
98
90
120
116
106
8
114
93
166
143
92
148
163
136
2
135
155
112
101
128
86
97
117
7
128
133
95
87
147
93
128
103
5
142
134
151
111
129
128
120
135
9
90
93
126
122
106
131
96
150
7
107
103
134
110
133
112
142
116
4
116
107
124
114
131
129
135
115
9
149
100
117
137
118
114
108
156
5
133
124
162
144
94
142
130
128
7
142
107
128
141
142
91
56
135
5
105
116
120
121
120
114
106
139
10
110
100
103
75
108
106
117
118
4
122
174
125
102
109
120
122
129
6
136
113
127
124
108
79
111
111
9
118
94
117
101
122
100
107
140
4
145
120
125
95
117
114
104
115
4
126
115
134
155
78
96
117
103
6
127
124
111
116
137
99
105
118
8
84
103
109
99
130
141
98
120
3
101
118
157
86
141
112
107
109
3
118
134
156
93
99
148
89
91
7
128
113
90
119
120
84
87
95
8
142
96
123
118
89
114
127
140
3
115
119
98
120
114
98
140
119
6
119
167
129
115
118
99
92
85
2
79
104
118
151
130
101
98
119
8
75
116
112
112
98
127
105
131
7
82
99
119
153
84
107
124
141
1
89
127
92
116
134
115
123
84
1
108
153
100
103
106
142
91
116
1
128
121
124
97
135
99
129
118
3
137
114
129
87
116
98
136
101
2
111
121
116
103
93
112
142
132
7
130
126
154
133
92
98
101
146
5
70
143
138
110
116
113
129
109
10
143
113
130
120
91
92
91
133
10
102
114
106
90
169
98
80
133
3
107
135
142
122
92
122
153
138
4
121
135
81
88
117
135
91
141
4
122
114
130
141
132
108
94
99
7
84
89
128
120
93
85
136
121
7
162
124
94
98
111
141
143
117
2
134
81
89
149
107
105
134
130
7
111
98
129
126
89
135
117
107
2
87
100
120
114
120
98
112
113
3
113
106
99
103
137
116
144
141
1
112
101
148
146
137
92
132
119
3
160
113
135
80
113
138
106
100
7
105
126
127
115
149
104
120
143
4
129
133
124
128
143
129
114
113
4
91
100
125
136
107
137
90
174
1
128
136
94
122
114
142
157
115
4
141
133
121
144
108
94
128
122
4
133
105
134
113
74
143
140
159
5
143
113
124
89
112
116
131
120
8
108
131
145
163
140
92
117
127
8
108
147
156
142
128
104
135
123
3
120
100
115
127
150
144
140
115
8
138
80
142
108
91
103
121
108
8
101
113
168
100
107
140
111
112
9
163
87
94
100
97
144
113
117
3
120
120
91
179
100
129
112
109
2
130
127
125
132
140
149
119
102
3
105
127
114
96
131
113
106
60
4
137
121
71
112
84
140
119
79
4
127
87
98
119
99
97
133
111
8
120
125
99
113
126
99
165
127
6
130
165
67
129
131
147
73
115
5
122
117
116
145
99
91
101
121
0
139
139
113
132
103
149
95
121
1
129
121
114
120
115
95
100
80
6
128
92
125
157
84
113
115
106
3
152
117
148
142
135
109
135
105
1
146
142
111
107
101
108
126
120
7
107
125
105
134
114
144
111
108
3
117
115
156
124
82
108
143
167
9
113
121
73
156
115
107
115
104
10
145
121
114
123
93
121
112
91
3
95
142
71
106
169
108
126
113
5
99
133
114
121
89
105
137
140
4
144
114
128
133
129
135
127
103
6
128
135
101
107
113
123
79
114
9
100
104
110
109
128
142
100
100
10
138
148
94
128
115
101
124
108
7
116
126
142
111
113
78
91
93
6
109
138
112
124
121
152
114
132
8
108
128
116
151
112
81
101
140
1
156
156
120
137
142
100
131
135
3
91
122
102
134
127
123
134
149
7
99
134
89
148
81
135
104
114
5
131
119
119
99
104
95
142
106
2
115
134
101
85
109
113
94
134
9
136
107
100
115
109
116
140
97
7
108
127
135
148
82
72
114
136
2
112
145
135
115
104
98
160
106
5
151
86
112
134
113
95
116
112
6
139
121
100
118
133
126
100
106
7
126
103
117
120
104
127
113
115
9
66
129
110
109
139
120
107
124
7
78
128
113
138
126
89
106
122
5
109
124
128
138
137
125
146
113
9
107
113
178
143
133
88
128
119
9
128
121
107
77
135
126
135
135
10
128
131
139
136
113
125
102
136
7
147
126
128
124
135
155
63
94
7
113
85
132
107
121
79
95
116
3
106
115
85
121
132
125
155
142
7
78
135
109
105
134
103
136
110
2
139
95
123
98
114
85
117
88
5
127
143
113
122
100
108
112
121
5
140
93
126
58
99
105
106
93
8
119
142
92
142
104
123
105
115
9
120
127
115
93
107
143
136
101
2
98
100
132
120
113
116
118
135
3
170
100
141
118
128
134
127
85
9
142
121
125
104
104
147
82
145
1
104
95
127
159
123
155
107
118
5
116
119
131
64
97
92
132
135
0
81
108
128
131
108
128
160
92
9
116
107
119
115
114
132
146
122
4
121
108
107
127
115
149
145
78
8
96
152
142
122
130
146
130
127
4
118
132
137
113
98
114
139
141
8
103
111
107
101
154
155
88
106
8
138
105
86
165
117
105
97
120
0
128
128
139
116
99
120
127
106
2
120
124
85
127
114
126
131
91
7
136
148
99
127
152
85
128
86
9
125
155
147
133
113
107
129
121
7
120
101
125
100
130
118
87
106
3
138
120
98
106
109
129
102
126
3
108
132
148
127
112
128
126
127
4
112
140
127
78
125
136
132
122
6
114
94
94
114
127
114
112
111
10
114
91
106
122
113
132
134
101
10
110
103
136
151
114
107
127
120
9
105
118
121
135
120
126
143
93
3
168
121
108
114
130
135
99
112
4
127
111
120
118
133
133
113
115
6
113
112
94
122
143
147
132
120
7
110
121
128
114
126
121
120
135
9
93
88
82
113
101
120
133
113
10
117
133
78
109
109
140
133
127
5
107
115
101
102
107
140
105
136
4
114
112
79
134
123
155
69
119
2
102
100
70
124
129
120
99
125
0
109
114
103
98
102
145
108
129
3
119
114
83
133
126
154
65
123

