11
10
6
1
2
6
3
9
8
17
5
3
7
1
2
1
6
8
8
2
8
5
6
9
4
5
1
120
121
107
141
100
109
136
130
5
112
120
107
131
127
92
113
164
3
111
138
138
128
106
123
154
97
1
131
99
135
114
128
101
82
101
0
92
109
121
107
138
135
161
89
0
150
118
134
122
126
75
82
138
4
164
101
128
93
150
108
137
103
8
130
107
94
113
100
121
99
124
9
118
123
94
101
127
135
118
108
9
70
83
133
117
103
149
115
89
2
134
130
126
71
108
117
127
126
4
114
91
113
98
93
121
120
127
5
140
122
121
121
121
120
116
99
5
135
105
136
130
107
119
92
116
4
136
128
86
133
100
123
124
109
7
115
116
94
136
144
135
88
115
1
131
142
83
91
113
112
133
148
9
120
120
104
109
77
127
130
112
3
105
135
127
121
88
120
84
106
8
155
97
98
141
161
133
135
115
1
73
150
86
98
157
129
124
92
2
119
85
122
89
87
101
100
114
2
128
82
100
122
127
110
142
112
6
120
96
126
113
105
143
112
101
0
106
84
105
127
93
124
110
136
7
114
147
134
149
107
85
119
136
2
126
115
115
107
119
149
106
102
3
120
128
128
99
127
131
119
155
0
153
103
101
122
114
143
115
98
3
113
136
141
141
140
133
143
100
8
86
113
130
113
134
134
141
112
8
120
125
88
134
127
108
86
121
0
128
124
86
113
122
97
80
121
9
124
110
134
127
120
91
105
117
5
155
117
79
66
94
103
93
141
8
172
125
100
102
117
140
118
115
7
118
148
101
105
113
115
131
124
9
127
103
108
98
115
113
75
81
1
115
120
91
110
130
116
92
119
1
115
147
129
139
128
71
108
147
9
99
126
115
88
119
100
142
87
9
130
118
114
134
169
89
139
92
5
100
119
126
128
107
85
104
121
6
109
122
143
112
120
91
106
141
2
100
119
139
97
144
132
98
177
7
116
148
106
127
114
128
126
107
9
118
103
107
85
116
108
142
106
8
133
131
124
106
141
98
113
101
7
111
149
120
115
137
121
96
130
3
155
85
127
101
120
135
123
121
3
99
90
134
114
127
129
124
102
7
143
126
131
121
103
106
98
135
4
95
135
128
133
139
76
92
102
5
109
98
116
129
91
115
131
114
5
113
135
135
142
114
110
120
122
9
138
100
109
134
113
105
105
113
7
127
115
92
142
148
159
147
115
7
111
120
126
114
90
149
107
98
2
134
78
136
100
133
130
121
121
9
156
95
112
128
122
161
121
109
2
99
97
117
77
134
130
133
114
1
93
93
103
128
115
94
108
96
3
99
101
148
127
116
99
168
117
10
106
128
113
87
107
141
142
137
7
136
128
102
88
130
112
111
120
6
139
121
135
55
113
128
149
105
10
156
105
155
106
103
112
121
106
2
111
144
117
76
111
71
114
130
6
114
113
114
120
118
106
108
106
7
140
106
92
114
76
118
116
96
1
120
156
146
94
104
108
109
152
4
103
135
126
126
102
106
100
93
3
100
122
132
135
120
114
117
105
1
114
107
134
126
123
131
94
85
7
96
107
119
106
122
103
102
103
7
111
119
122
107
118
103
151
122
8
85
150
148
97
136
93
101
126
3
123
99
93
120
129
123
117
128
7
107
128
126
101
163
85
121
116
1
138
135
92
106
134
118
98
147
7
78
126
136
121
125
119
107
128
9
126
87
92
112
137
100
125
135
2
95
112
146
145
91
99
92
169
4
79
93
169
93
133
102
113
108
6
108
105
113
150
100
103
87
121
6
93
146
135
78
71
51
87
131
3
129
97
135
135
147
112
100
131
2
92
105
119
128
114
99
92
122
7
122
129
106
137
155
119
134
142
6
130
134
120
119
135
114
120
112
9
136
128
135
127
119
100
139
113
6
148
120
149
125
142
114
126
82
1
123
141
118
136
130
156
104
116
5
112
86
121
114
128
115
124
113
0
119
152
80
94
114
95
96
131
7
113
148
112
147
125
125
160
113
4
98
116
135
94
97
95
100
144
6
127
135
126
148
124
143
72
115
9
100
108
122
121
141
92
125
113
2
114
98
95
99
131
130
108
127
5
101
134
107
117
116
128
105
122
1
154
146
130
88
128
101
110
123
5
143
155
157
156
120
111
125
95
3
106
108
109
111
106
86
105
112
4
99
113
126
106
116
87
88
162
4
134
122
99
105
120
70
119
96
3
123
93
101
153
102
99
110
106
7
122
120
160
122
100
134
88
112
1
140
112
98
127
97
122
83
149
3
91
107
106
99
120
152
113
161
3
142
128
128
120
128
85
100
100
2
112
115
100
103
134
122
93
87
8
72
122
78
105
110
106
132
120
5
128
138
85
91
127
115
130
102
2
127
118
67
98
151
99
128
98
6
78
134
153
122
80
100
151
124
2
132
122
100
128
128
141
123
101
8
85
119
138
132
109
95
130
120
8
117
120
104
137
108
135
98
99
8
112
148
105
136
133
133
94
143
2
110
90
142
141
140
113
102
153
1
144
123
120
141
114
111
119
115
2
122
154
115
114
136
114
127
126
1
113
107
114
126
110
120
110
143
7
122
115
119
129
98
134
109
100
4
142
81
113
104
128
121
128
151
3
145
116
88
113
128
119
116
89
6
140
113
123
135
127
101
111
100
7
155
116
97
141
87
77
99
102
9
107
86
90
110
112
115
114
99
3
134
148
116
133
79
123
147
123
6
138
94
122
89
107
144
127
154
5
121
144
109
118
106
183
143
110
7
109
113
163
155
87
103
139
91
7
154
152
80
132
123
93
95
114
10
108
122
99
126
99
111
127
96
6
124
113
112
122
155
92
150
131
5
89
83
104
91
115
119
108
105
2
105
110
121
123
131
128
98
91
5
136
100
76
117
88
117
126
92
9
95
126
100
118
140
131
120
113
5
119
105
114
127
144
107
121
114
8
133
162
130
78
114
128
122
106
8
143
108
111
104
121
127
139
100
0
80
100
119
106
134
137
115
105
7
126
78
92
119
125
115
127
137
10
126
97
125
137
141
132
112
93
1
105
90
147
113
105
149
134
63
6
93
159
119
147
148
124
115
99
2
127
142
125
124
142
92
99
114
2
91
85
84
120
63
111
141
111
3
141
112
141
129
84
64
91
134
1
108
141
84
129
158
93
129
127
3
148
115
146
117
106
111
140
138
0
101
119
112
77
128
163
130
107
1
133
94
141
135
110
133
122
114
10
128
106
118
107
112
127
87
128
10
113
148
100
118
134
136
125
111
1
92
92
94
162
90
92
106
126
0
114
162
90
105
147
114
124
111
4
138
108
104
121
142
156
85
127
10
95
142
119
135
141
134
78
91
2
116
100
107
105
120
98
94
123
2
156
109
107
165
56
109
105
93
3
135
94
78
110
100
120
126
115
3
105
93
62
105
111
112
113
132
5
108
119
135
147
92
116
115
133
0
93
120
93
108
145
74
149
116
9
81
150
90
106
141
141
115
102
6
113
128
119
111
130
121
113
106
4
156
132
109
145
96
112
136
108
8
117
121
96
131
120
118
116
129
1
115
94
149
115
135
111
66
95
8
126
141
112
106
106
154
93
125
3
103
85
98
108
106
143
98
101
10
112
107
123
98
139
78
144
99
9
115
90
141
105
175
157
129
98
7
143
128
119
112
73
128
84
113
9
117
120
112
131
140
93
102
108
9
137
126
105
139
98
105
109
123
0
87
106
100
115
117
100
161
93
7
153
94
147
171
119
106
104
97
10
131
93
104
83
64
86
156
103
9
103
120
101
136
129
127
126
157
3
99
73
80
133
142
98
127
120
6
116
125
86
60
115
126
95
83
7
130
155
159
122
141
134
120
112
8
120
104
122
85
81
129
125
130
4
174
118
98
134
84
149
129
133
5
121
86
100
133
135
137
120
176
10
102
84
113
102
149
115
145
113
2
121
110
114
93
107
112
121
118
0
108
115
93
156
150
119
113
107
2
125
149
114
112
113
119
126
93
10
92
103
114
105
93
82
86
113
10
146
132
99
114
144
123
95
94
4
106
125
125
112
96
105
99
101
3
132
104
106
110
118
125
121
121
5
124
135
102
98
121
95
140
116
6
126
113
98
127
130
92
106
100
7
136
131
117
130
75
133
92
118
0
126
86
134
123
160
123
123
79
9
83
126
131
134
130
136
107
149
9
114
175
107
106
129
119
121
121
2
136
132
89
105
112
133
121
112
6
100
89
151
109
147
104
124
126
5
99
100
127
143
101
136
99
140
4
114
126
91
124
110
120
127
108
1
133
116
101
90
80
127
110
130
9
124
110
117
127
162
106
115
95
8
125
148
101
119
139
126
117
137
3
134
125
124
113
161
104
91
128
2
124
135
99
87
148
95
75
93
9
76
156
138
129
115
168
94
120
7
121
125
71
147
154
137
118
124
5
109
124
120
126
121
146
82
141
8
101
142
137
96
124
96
103
148
4
127
114
144
120
108
122
98
108
1
136
113
119
112
142
115
130
110
8
138
107
87
114
112
81
149
116
2
146
121
99
114
143
127
99
109
6
141
75
138
135
146
127
135
102
7
110
115
93
124
93
161
108
125
1
85
115
113
108
109
102
127
92
9
107
120
84
121
127
96
131
168
9
122
122
98
125
95
114
100
62
5
135
124
114
113
99
118
140
125
1
140
121
162
132
136
108
93
122
3
133
141
141
137
78
129
107
100
9
124
127
136
106
121
72
132
139
8
101
98
143
104
101
109
118
127
9
128
117
82
126
101
132
112
146
7
113
106
126
119
121
129
81
129
8
105
131
157
115
136
146
99
119
4
93
113
127
123
129
88
108
108
5
116
100
129
113
106
115
142
119
1
127
108
64
119
101
121
156
93
2
95
143
131
128
99
144
134
126
1
101
112
115
92
90
121
122
125
5
121
100
105
94
121
147
122
108
4
120
114
107
129
135
120
118
150
8
135
101
123
153
140
103
104
105
10
121
125
150
133
128
121
106
110
1
142
136
109
103
117
113
114
131
1
111
131
122
117
135
103
148
121
10
99
114
126
135
122
120
141
149
8
122
122
141
105
142
142
156
86
9
112
115
125
127
127
108
141
149
1
110
96
95
108
111
147
120
108
8
119
58
154
118
114
53
143
150
2
136
121
112
109
141
119
104
114
7
141
70
100
104
120
93
127
179
1
90
108
133
99
86
112
140
122
2
111
112
149
118
133
143
127
118
5
137
94
95
109
147
121
99
99
10
78
125
120
136
121
109
103
153
3
126
120
83
141
99
108
142
106
7
114
114
125
120
112
107
109
121
6
135
150
156
148
136
147
99
136
7
121
126
108
124
57
102
106
158
6
110
95
93
99
108
92
115
79
4
119
163
148
115
117
107
128
129
5
112
127
135
108
115
114
144
143
1
99
127
100
100
72
133
109
107
4
109
108
119
165
148
117
98
84
2
128
126
116
134
93
104
88
119
1
140
107
136
139
147
134
139
132
0
136
95
85
129
70
121
135
128
2
144
112
119
100
105
126
129
112
7
141
122
107
120
130
107
125
119
3
80
156
117
102
98
105
106
132
4
113
109
122
130
113
104
114
113
2
110
124
93
76
134
128
118
118
3
120
131
86
100
79
107
85
107
2
148
126
93
101
119
128
133
141
8
101
128
140
107
140
118
120
125
7
116
139
138
139
124
116
119
118
3
133
112
133
97
100
156
137
126
6
134
126
92
105
95
122
84
127
10
116
149
147
143
64
121
140
129
0
122
96
99
104
132
93
84
128
5
93
111
121
147
120
132
83
110
3
115
99
83
125
112
106
80
106
10
107
147
100
121
115
73
129
137
4
118
107
98
127
64
118
130
91
5
128
123
114
135
134
95
141
144
6
96
148
142
146
120
116
104
133
4
139
103
113
150
111
119
128
132
3
106
116
114
136
151
134
119
145
2
128
111
120
91
131
128
138
149
4
107
135
78
86
118
125
87
92
4
136
163
156
105
92
126
147
141
7
126
114
121
93
106
106
140
143
7
161
113
112
102
128
126
95
117
10
143
132
148
115
121
114
155
112
9
98
94
142
93
103
101
90
134
7
93
126
116
101
123
119
81
105
5
144
132
126
105
158
97
101
169
2
95
82
110
118
108
99
111
128
9
138
129
115
116
134
133
127
141
1
115
123
142
120
121
87
148
118
7
104
89
120
99
63
112
115
106
4
136
103
106
132
151
67
107
107
2
157
93
114
123
98
149
108
142
10
127
160
100
119
122
99
128
114
1
103
131
113
73
80
115
75
98
4
100
99
99
57
92
148
126
138
9
114
117
137
115
114
94
121
165
1
123
117
113
118
95
99
86
106
5
115
99
122
78
138
114
120
130
1
128
79
112
93
78
127
154
133
7
107
108
117
96
108
148
103
102
4
149
113
115
96
103
112
98
139
5
127
86
93
155
149
131
133
110
6
91
123
134
99
132
98
148
154
3
103
87
87
101
120
134
99
120
10
119
101
117
79
131
129
166
142
8
93
107
127
149
121
125
109
90
3
95
110
141
127
101
125
106
127
8
129
66
141
122
152
103
111
73
6
118
108
112
94
136
106
130
112
2
157
126
128
144
141
101
134
155
0
101
158
125
179
132
105
119
134
9
96
148
119
118
134
142
98
110
6
145
142
101
120
109
142
143
130
8
113
161
98
91
126
112
93
139
6
121
123
119
104
119
113
100
109
4
92
107
114
99
97
43
102
109
10
116
120
98
120
119
99
138
130
10
138
100
167
113
120
152
173
149
10
116
79
134
89
107
114
123
99
3
127
125
119
133
133
83
107
156
2
121
91
102
98
98
106
120
127
2
82
120
121
127
133
121
127
121
1
127
106
124
163
107
114
97
107
8
101
132
127
126
68
109
108
125
5
118
139
141
91
116
89
112
132
9
118
131
83
93
112
119
123
104
9
86
114
128
125
143
102
146
115
5
112
100
138
127
141
115
163
130
4
92
93
133
99
117
115
85
93
3
140
117
141
127
133
129
120
111
3
127
122
136
109
106
118
107
142
1
152
133
164
122
136
123
122
134
6
133
124
141
96
141
115
91
138
8
93
114
114
138
146
127
102
120
7
125
92
123
95
126
89
126
121
9
133
90
118
93
153
114
119
94
6
122
85
103
114
145
110
121
120
2
99
72
125
103
135
86
124
134
6
126
108
122
121
119
129
160
161
2
99
134
94
129
126
142
86
128
5
89
129
115
149
125
116
128
129
6
110
135
111
98
134
77
103
114
5
126
96
129
116
103
143
89
116
5
119
114
94
118
120
100
110
143
4
114
119
73
100
87
127
175
117
4
126
107
103
100
109
161
145
136
4
92
116
134
107
99
115
82
100
5
84
135
85
113
110
156
130
146
0
115
112
101
125
136
154
156
114
2
127
155
100
112
124
111
107
130
4
127
132
132
136
128
111
76
107
2
126
125
87
115
127
109
117
101
6
120
108
118
124
115
146
127
113
7
118
97
101
85
125
116
128
145
4
113
137
120
114
141
141
115
107
2
101
94
94
116
109
94
113
140
2
71
113
101
100
118
127
86
124
6
114
102
134
94
122
135
117
115
6
85
113
108
135
119
128
100
84
8
128
156
178
124
144
98
106
86
6
109
113
98
141
120
96
135
85
1
125
100
93
136
128
102
94
106
9
142
128
123
121
77
93
112
127
7
127
114
94
82
140
112
140
129
8
116
114
135
118
74
177
87
77
10
141
101
82
101
94
90
109
141
9
148
108
95
100
106
138
150
101
9
149
97
74
107
93
97
102
140
7
105
92
148
137
139
170
149
98
2
122
92
118
121
139
114
119
126
2
93
145
84
198
118
77
101
127
5
102
84
139
139
143
117
118
117
8
101
149
87
134
104
119
134
147
6
113
96
93
87
120
121
110
110
5
150
121
115
121
121
130
140
143
6
143
106
121
110
125
109
81
85
7
121
129
120
127
118
134
120
121
6
156
128
110
121
122
129
135
142

