17
6
2
4
2
7
5
9
3
9
9
3
9
10
3
9
1
1
15
2
6
5
8
7
7
8
6
108
103
100
78
123
135
129
58
1
94
94
129
121
142
128
141
122
5
102
165
87
142
118
162
107
109
5
119
152
65
82
109
158
93
152
5
135
155
103
101
149
143
78
101
9
88
152
156
136
115
98
159
124
8
124
127
106
148
106
118
121
133
5
115
113
78
95
115
100
116
101
1
121
151
128
139
123
132
67
131
3
92
129
114
88
134
99
97
125
10
137
94
141
97
123
128
149
93
5
125
117
111
127
106
93
113
98
2
106
91
121
104
121
127
167
129
4
89
128
135
145
122
112
132
94
7
111
118
92
72
100
81
150
134
10
120
106
99
95
103
124
136
93
3
140
77
124
125
140
101
86
106
3
131
94
112
101
132
168
93
130
9
118
130
107
104
116
86
93
153
8
96
128
93
114
89
132
127
65
8
137
99
121
142
128
94
94
138
0
119
108
129
127
141
114
78
107
9
115
94
118
121
115
131
107
140
4
62
94
127
106
127
101
106
106
8
121
107
114
129
101
84
119
118
4
156
144
113
128
78
164
89
129
1
135
95
140
122
141
104
82
119
8
104
138
119
114
98
127
121
127
9
107
94
106
145
142
122
115
85
2
108
135
131
140
122
87
72
142
2
114
135
99
134
123
129
114
133
5
117
136
88
97
109
107
106
102
9
75
114
127
93
101
76
107
147
2
117
76
133
119
120
112
103
133
4
117
92
117
100
99
101
119
123
0
123
98
127
78
129
124
115
159
3
110
74
138
120
127
120
98
111
3
106
135
129
149
102
128
108
138
7
127
139
148
116
136
116
90
136
8
125
106
128
120
129
124
91
127
6
66
104
128
125
126
108
99
136
7
97
113
139
155
125
106
98
129
7
80
85
127
105
103
145
110
99
6
106
99
106
117
141
113
125
105
2
105
108
139
106
126
135
129
92
9
124
127
90
144
117
156
113
117
4
134
129
95
120
134
134
116
120
5
118
98
125
107
125
99
98
116
10
103
104
141
114
100
135
130
128
5
109
157
109
113
153
134
106
74
0
97
128
145
108
107
100
113
137
1
112
121
107
140
113
91
112
96
4
153
85
112
104
136
99
148
74
7
100
100
114
118
78
106
127
103
6
155
115
127
156
132
150
92
113
9
151
93
126
105
119
92
89
141
9
117
112
112
105
64
112
115
109
3
134
109
116
107
115
131
136
122
7
99
79
100
128
91
92
105
110
10
115
111
117
105
93
115
102
119
5
120
98
99
131
155
108
115
139
7
99
87
110
122
139
108
107
109
1
87
101
120
134
139
140
128
120
5
121
99
102
100
146
81
108
113
1
110
91
96
156
120
110
93
98
0
99
97
128
106
122
107
133
136
5
105
127
104
107
135
101
120
132
6
98
112
119
137
102
115
136
120
4
135
115
181
119
93
133
104
146
3
124
130
126
121
121
113
90
107
9
144
100
107
146
97
106
108
116
0
99
151
125
95
130
120
121
147
8
121
107
107
121
111
143
100
142
4
112
142
92
98
87
93
112
146
7
106
132
117
138
134
106
153
129
5
83
112
121
98
119
146
121
95
6
118
142
107
145
115
100
53
107
5
119
83
113
106
81
113
145
113
5
123
92
114
100
136
100
104
95
8
119
112
121
116
91
121
110
133
6
102
134
126
120
118
97
157
87
4
137
101
113
126
84
131
144
126
9
107
118
113
102
116
91
137
108
8
136
106
112
159
98
117
108
149
6
78
101
125
100
105
109
117
83
9
112
98
75
96
147
121
111
119
0
105
79
79
98
97
129
124
116
9
106
127
105
110
145
106
136
109
9
129
150
100
88
111
129
82
130
3
90
121
120
141
100
143
99
134
2
103
104
108
121
106
104
129
100
9
108
95
118
123
127
84
91
117
7
86
93
111
97
120
133
133
92
9
132
135
74
128
147
77
121
110
1
104
102
110
119
106
133
101
127
5
126
128
88
96
122
80
106
104
5
60
127
166
73
114
85
86
171
4
148
106
122
135
142
108
136
94
5
127
144
111
105
156
120
121
118
7
124
108
103
99
124
92
81
136
2
140
145
112
156
133
101
149
125
1
115
132
126
135
161
170
121
125
2
113
126
85
141
106
102
121
122
4
131
110
129
89
122
81
154
135
2
138
94
94
105
135
134
79
81
1
101
99
128
114
119
116
123
116
7
121
96
129
133
101
107
131
116
10
114
132
95
113
141
103
71
122
9
90
140
114
96
121
129
77
129
2
110
120
127
106
99
106
118
149
7
105
134
98
98
141
142
106
104
9
144
128
94
120
131
118
120
98
7
120
77
125
92
125
115
111
102
9
129
127
110
134
105
114
140
86
3
71
132
122
110
123
107
131
106
8
141
121
127
100
144
106
124
102
9
94
114
88
107
115
97
94
115
10
106
121
61
89
108
79
105
103
4
112
122
89
107
125
123
121
70
2
117
121
109
135
106
100
88
142
7
123
120
98
87
142
147
147
161
4
127
120
157
93
113
79
114
115
4
154
140
96
150
106
105
99
135
3
91
107
135
118
143
134
109
145
10
125
90
111
106
80
108
160
95
8
101
90
95
133
123
100
102
145
2
97
106
112
141
78
99
113
128
5
87
113
149
134
96
107
97
108
1
93
107
84
119
84
79
137
97
0
135
136
103
115
101
120
166
128
1
126
143
101
97
133
107
98
81
7
121
116
131
136
131
88
129
136
0
123
101
128
110
100
121
106
138
10
104
151
126
114
107
126
152
131
8
109
129
142
89
137
114
120
120
2
123
97
107
92
114
104
108
133
2
133
99
66
119
135
80
125
119
0
135
100
134
135
112
122
102
139
8
142
124
108
124
93
136
150
158
2
91
106
113
132
129
99
191
123
2
106
75
151
128
121
84
75
130
2
121
129
119
129
141
106
137
128
8
89
151
128
117
134
128
98
113
7
101
85
130
121
121
104
142
114
9
132
88
113
124
97
111
129
78
8
113
142
87
134
157
116
112
115
6
107
147
81
95
101
148
128
119
5
101
86
151
121
121
123
109
108
2
133
95
104
97
98
120
109
148
2
144
155
73
95
144
125
105
142
9
95
103
141
97
116
143
106
64
9
98
130
136
103
114
100
107
117
9
155
117
121
100
104
132
116
91
8
112
94
103
91
142
106
113
101
6
118
114
127
105
155
129
108
120
2
105
91
124
141
129
85
131
100
5
99
139
113
126
106
98
114
156
7
73
106
107
102
121
134
128
134
7
112
107
107
114
135
133
106
132
4
154
91
139
86
113
122
156
85
2
128
129
108
129
113
108
122
112
2
93
120
108
129
132
161
108
115
0
89
148
94
92
116
133
92
141
1
161
126
82
155
119
114
108
91
1
82
120
149
176
136
112
158
136
3
128
136
146
107
120
128
100
92
6
155
156
129
80
123
127
91
111
4
98
117
120
133
81
128
149
133
8
91
148
79
94
121
113
134
106
6
141
147
129
142
122
87
118
116
5
135
128
100
111
107
172
92
113
0
144
108
111
114
122
126
134
135
9
127
103
122
122
123
105
98
148
3
117
103
99
120
112
131
130
107
1
167
113
135
108
108
135
81
106
4
121
150
99
133
113
133
122
120
0
132
110
97
118
91
75
113
138
5
85
126
115
120
108
122
116
113
6
126
132
123
122
131
125
134
127
9
112
120
108
120
138
140
128
99
2
125
120
85
127
131
108
121
128
1
150
118
110
121
79
119
131
99
9
121
136
123
154
127
120
113
156
9
135
116
153
127
141
94
140
169
3
120
124
102
106
140
118
103
127
6
106
141
119
106
100
120
92
123
3
126
66
120
76
128
98
155
127
5
143
77
118
150
145
123
113
135
4
111
141
123
115
114
125
109
91
0
108
103
101
94
127
136
119
114
3
112
108
89
96
106
134
114
56
4
110
119
120
129
124
133
92
110
5
91
115
117
141
134
91
89
110
3
110
84
154
102
135
122
162
133
8
80
125
119
126
120
162
129
109
3
101
117
88
127
99
121
120
99
2
127
128
134
78
120
127
103
130
1
109
140
150
113
140
123
122
115
7
138
134
120
127
109
142
116
135
6
107
101
127
107
109
114
95
89
1
109
108
92
121
92
91
104
112
10
99
149
92
118
121
131
73
136
1
123
99
99
148
121
140
154
158
7
117
125
99
120
138
118
86
108
4
129
91
131
106
112
121
127
122
6
141
150
132
142
147
152
98
115
9
165
117
112
129
123
121
84
108
10
99
106
148
148
127
103
128
132
2
118
128
112
100
129
115
118
104
5
136
163
110
113
122
108
109
119
3
123
132
114
123
127
81
83
106
8
136
116
121
92
97
149
111
121
2
134
135
140
148
109
129
143
86
1
104
137
91
117
103
133
96
99
6
131
85
135
127
97
112
106
141
9
128
120
107
125
84
125
149
86
10
127
134
96
131
105
99
84
125
8
64
123
122
140
121
146
134
128
4
142
130
136
72
99
102
107
123
2
149
120
101
128
142
108
135
99
3
160
143
128
86
119
104
108
127
4
109
89
109
121
119
115
103
134
7
99
129
120
103
129
108
121
131
0
134
104
136
154
70
128
118
121
6
136
89
142
113
135
99
141
114
0
80
138
142
141
155
110
127
114
8
91
119
91
135
103
102
120
112
7
143
128
100
128
95
128
104
115
5
130
127
107
117
113
119
120
137
1
120
104
113
91
134
121
113
106
2
85
123
105
126
126
142
136
107
8
123
149
92
98
136
113
78
120
9
119
143
79
92
114
105
114
154
6
78
103
121
136
121
97
130
134
3
121
159
99
94
134
96
133
101
5
116
127
118
137
140
163
117
149
8
149
94
115
130
141
143
74
135
7
119
104
116
140
123
106
157
129
8
112
115
126
115
85
124
134
93
6
92
105
149
100
100
108
114
111
8
110
127
96
120
111
105
106
124
8
141
129
105
91
127
116
114
112
9
149
126
120
105
118
100
94
99
1
113
105
148
115
139
156
112
94
6
127
114
107
77
148
115
118
135
1
83
157
122
85
120
149
107
134
0
118
87
101
112
94
91
123
85
4
112
146
145
134
99
96
107
134
1
112
113
107
107
153
85
137
107
4
127
120
108
108
129
105
101
137
7
115
128
134
141
65
134
113
126
3
114
145
96
135
135
99
109
106
7
135
141
119
144
127
123
105
107
10
90
120
155
121
114
111
121
109
3
119
80
80
114
93
112
99
155
9
129
136
109
142
133
87
128
120
9
131
122
110
112
120
111
113
88
9
91
134
112
148
114
93
116
103
5
115
116
106
125
121
117
97
105
4
113
117
119
98
96
105
94
148
8
107
109
170
101
116
142
101
156
3
143
77
130
132
133
111
139
120
6
86
106
75
108
134
129
125
106
2
136
149
114
100
119
121
118
114
6
115
128
153
112
92
157
132
122
7
98
90
97
127
121
130
126
114
3
93
97
105
126
112
98
127
120
4
136
118
75
99
119
114
117
142
4
169
87
135
105
142
143
133
57
9
143
90
113
120
124
93
127
124
10
116
127
118
110
121
98
148
80
3
120
100
115
111
115
115
101
115
9
141
131
64
106
80
117
137
127
7
122
94
126
128
112
150
143
113
4
157
150
113
110
150
63
143
115
5
114
105
131
134
144
122
124
120
4
143
99
100
158
136
102
111
117
1
149
94
88
99
100
119
156
120
4
90
113
138
107
113
123
128
127
9
115
121
126
115
110
134
106
99
1
59
114
122
99
121
130
112
112
6
124
86
167
124
151
84
125
89
7
105
141
105
86
118
133
113
112
3
114
104
111
83
121
115
99
133
6
117
132
119
122
129
121
108
134
2
84
109
141
103
133
99
76
114
4
68
130
114
94
155
113
109
112
1
120
109
141
120
115
135
119
140
2
140
112
154
160
127
157
128
163
9
122
95
158
138
122
116
104
99
5
129
112
135
92
117
124
129
98
9
135
75
126
119
133
132
92
135
3
85
75
142
111
136
133
125
129
1
157
85
138
134
86
114
138
87
5
145
79
91
113
178
104
167
87
4
129
118
114
85
133
111
122
120
6
134
133
124
119
110
93
63
93
8
68
133
118
114
107
114
139
104
10
116
139
84
94
140
150
107
93
1
73
134
98
78
127
87
83
95
2
120
143
107
126
122
109
127
120
3
81
134
127
147
121
119
121
108
2
170
88
115
97
117
113
124
143
3
109
93
114
82
115
65
138
102
2
128
129
123
105
167
134
117
112
3
96
126
118
114
108
140
134
105
4
149
148
141
121
134
146
121
125
5
118
122
103
122
121
129
133
121
4
106
127
121
135
124
81
136
130
7
88
148
113
120
92
147
101
89
3
91
151
118
142
112
87
158
124
5
99
101
92
83
122
122
119
103
5
82
149
92
100
114
154
134
120
4
123
74
169
114
121
148
99
100
8
142
106
125
113
85
94
100
100
10
141
94
110
142
87
107
99
103
4
122
135
133
102
92
95
110
132
4
94
119
87
129
135
119
155
112
7
134
121
176
139
101
88
92
130
6
91
106
115
128
103
167
97
131
2
108
110
148
98
129
120
108
128
2
135
105
127
119
100
126
98
94
9
99
87
116
122
101
113
112
176
5
98
119
105
103
128
111
113
121
1
82
93
113
123
160
101
119
113
2
154
98
99
121
135
163
91
130
8
90
121
113
85
106
85
108
135
9
105
140
142
100
117
124
89
114
5
102
132
78
166
129
120
144
108
1
105
98
101
141
132
105
139
127
4
127
126
76
128
132
145
135
135
5
148
86
102
133
148
127
133
123
5
115
99
118
114
107
141
113
149
6
114
73
115
109
105
85
86
100
3
105
131
113
118
81
129
106
110
7
113
139
126
121
121
136
99
139
9
89
78
135
133
81
107
99
177
3
143
126
114
117
155
105
106
115
1
106
128
101
94
95
108
109
99
6
80
141
122
110
78
141
126
140
9
86
107
98
120
122
121
139
149
3
121
114
121
113
127
104
111
134
5
113
117
105
82
123
132
99
80
7
105
110
113
120
113
100
100
149
9
151
67
122
115
125
135
114
127
6
103
113
135
134
142
113
103
94
1
113
125
112
170
156
120
132
138
8
117
112
117
118
112
95
78
120
5
111
120
111
126
73
126
110
109
3
78
95
125
132
108
97
120
83
8
115
137
107
126
121
115
139
135
6
121
136
107
126
104
143
137
133
10
122
126
127
113
105
143
106
116
5
145
114
137
107
132
115
96
125
5
122
135
125
85
125
156
122
106
5
78
68
99
158
119
91
129
68
3
135
104
128
127
118
65
135
121
10
127
136
129
133
147
141
114
121
2
116
113
127
114
135
99
122
122
7
122
109
114
113
155
130
113
152
1
105
113
126
156
125
100
94
99
5
114
116
101
131
132
99
136
85
5
108
114
161
88
110
120
101
101
8
135
123
137
96
85
156
145
106
6
116
128
101
94
94
144
143
120
6
120
134
87
90
141
115
92
107
4
145
136
108
114
95
98
114
129
1
130
119
96
127
87
127
131
136
3
131
126
112
142
129
136
125
114
10
144
135
128
140
131
127
127
136
9
115
131
107
96
122
107
77
127
3
91
150
103
147
127
95
161
117
9
87
69
152
141
143
119
107
97
8
93
115
67
72
109
126
116
99
9
129
80
124
121
109
109
155
115
9
115
92
125
119
133
136
117
113
4
100
98
162
70
94
64
99
119
9
142
111
115
155
135
112
112
83
3
115
143
143
162
114
142
107
120
1
107
99
112
113
114
142
88
116
8
100
89
119
127
145
114
119
124
2
88
117
104
133
125
143
112
128
9
122
125
86
152
114
127
99
143
2
108
131
134
123
109
108
123
135
8
80
134
118
106
106
128
94
117
9
116
144
92
106
81
94
113
122
6
71
109
108
114
107
103
111
116
3
130
145
117
94
163
104
106
132
2
113
126
101
102
131
113
124
105
5
72
111
103
121
103
101
106
116

