8
1
9
7
2
4
10
3
3
17
4
9
7
1
2
7
7
3
9
5
4
7
7
5
2
6
8
92
112
100
99
116
126
135
109
5
98
92
121
113
101
148
136
108
9
112
101
127
133
117
131
78
133
3
111
125
129
134
93
99
107
122
10
150
132
135
119
108
119
107
105
1
136
133
121
64
108
145
118
109
3
130
109
144
123
109
95
120
141
2
102
127
162
98
112
136
85
143
5
149
120
71
141
103
130
116
116
1
99
119
115
106
115
106
90
94
2
92
100
143
148
110
137
134
143
7
83
125
128
121
114
109
134
93
2
151
103
130
146
74
115
131
112
5
100
119
136
88
142
109
91
127
10
92
117
109
128
100
137
150
139
6
112
125
108
98
77
134
120
129
7
147
93
111
143
135
108
110
109
5
106
118
99
131
96
143
129
128
2
129
122
121
113
108
104
114
113
3
133
129
83
100
114
106
124
80
1
115
108
101
141
144
106
123
89
5
77
130
128
115
149
78
93
113
4
114
122
114
156
128
134
107
114
6
119
97
113
114
75
99
109
120
7
147
166
134
145
112
99
90
124
4
100
154
118
131
108
127
90
100
2
177
99
107
134
78
109
121
81
3
135
145
122
126
116
71
91
105
8
111
84
121
149
105
146
127
120
8
154
126
91
84
60
112
162
93
1
98
122
85
106
129
139
130
136
0
123
133
127
135
94
128
126
107
6
114
140
142
120
85
76
100
145
0
82
100
128
97
135
107
131
85
4
87
114
108
102
94
125
112
127
1
84
126
121
121
121
105
119
98
3
92
131
103
127
101
126
100
146
3
132
121
136
153
100
106
128
121
7
113
143
128
108
113
147
106
145
6
135
134
74
137
87
145
113
103
3
121
66
126
106
92
115
114
141
8
101
141
130
98
141
135
111
107
4
127
129
151
132
122
114
123
139
6
127
130
157
126
140
103
133
128
3
127
128
127
126
114
127
108
95
5
142
133
82
84
97
127
119
133
3
116
129
113
115
117
105
80
127
7
91
61
122
134
111
150
113
141
1
121
123
143
116
122
58
111
102
2
128
141
125
113
92
136
146
116
5
146
115
123
116
124
114
117
121
5
131
121
99
143
99
133
128
128
5
128
107
118
121
92
112
105
93
4
108
124
108
115
88
136
137
113
6
164
122
120
140
113
127
139
131
5
135
134
127
145
136
129
103
112
0
115
120
126
97
96
117
119
108
7
128
101
103
99
109
131
97
94
6
94
97
112
99
86
132
133
129
9
115
135
123
114
112
124
90
142
3
130
142
145
126
70
97
89
99
0
90
132
104
115
90
146
104
121
2
120
120
112
111
135
160
73
109
4
114
178
147
135
120
122
120
109
2
94
110
112
105
113
109
114
92
1
113
120
121
127
109
126
150
131
7
98
110
107
132
123
108
143
98
7
118
124
139
126
92
80
134
139
6
124
81
143
87
119
147
79
119
8
78
107
117
145
99
72
127
99
4
103
105
112
111
142
88
114
121
9
100
107
110
112
109
115
151
85
10
134
130
132
120
77
101
120
120
10
102
143
153
120
114
115
145
104
7
119
154
122
101
113
106
117
142
2
149
127
128
113
120
92
90
106
2
115
116
96
105
108
147
106
154
1
74
115
125
104
131
106
126
113
6
133
92
141
133
134
111
148
126
3
128
113
108
138
114
133
111
152
6
127
98
85
114
94
144
78
99
2
102
129
152
106
147
107
111
102
7
102
115
154
128
107
112
125
79
1
120
108
98
157
140
133
87
98
2
128
111
113
126
152
156
123
136
8
140
96
146
108
138
81
99
84
8
67
120
87
103
112
92
127
114
9
113
125
161
125
106
148
157
134
2
131
148
133
145
131
98
114
123
5
132
124
97
130
133
118
123
113
7
150
97
85
116
149
137
159
117
3
122
112
96
105
125
103
128
75
10
98
100
115
118
86
138
119
135
1
127
134
103
139
139
148
117
132
1
141
94
71
107
114
122
85
126
2
123
128
125
114
117
141
138
106
0
93
142
122
96
174
113
146
117
5
139
108
103
116
118
92
99
138
10
114
139
118
89
119
104
109
70
4
127
120
100
92
125
122
115
75
1
114
119
88
108
109
98
132
130
8
121
128
113
109
138
145
119
111
7
154
92
122
151
93
157
137
98
8
122
140
107
142
153
156
99
115
8
135
93
128
134
115
125
156
133
9
121
154
106
131
104
122
99
131
6
85
131
114
141
91
134
95
139
9
119
120
108
105
126
114
127
147
6
133
100
102
152
107
146
129
163
10
134
153
107
139
100
140
89
68
2
133
134
115
123
144
128
117
121
10
133
129
160
118
106
108
106
91
6
112
125
101
93
100
137
143
109
10
63
114
148
123
78
101
144
113
3
95
104
121
145
115
126
135
169
0
142
122
74
126
138
108
116
113
4
104
117
92
100
130
129
95
108
6
127
92
108
116
143
120
88
144
6
130
156
88
121
132
111
114
133
9
146
96
109
130
123
93
139
143
1
131
119
114
105
127
113
127
126
7
107
121
142
120
115
122
89
81
8
100
121
109
93
111
134
149
131
4
137
120
81
118
98
120
117
151
5
115
142
140
101
100
81
120
106
5
135
110
119
146
146
114
101
141
2
104
181
140
126
135
98
116
117
2
99
123
127
141
86
115
107
125
5
102
115
116
108
76
147
113
119
10
101
118
133
104
127
122
104
148
7
100
95
135
127
133
134
113
97
3
83
127
75
117
120
121
100
121
2
104
102
104
117
138
140
94
135
3
92
98
136
110
122
130
127
116
7
100
93
149
152
136
112
132
127
4
86
127
95
127
112
106
117
137
7
87
122
126
129
101
125
106
127
8
106
121
129
107
147
162
92
113
7
105
99
107
113
122
116
114
106
3
102
121
93
135
122
79
106
94
10
136
155
100
113
114
123
124
133
7
94
121
123
141
138
135
150
128
3
119
119
105
106
140
119
112
84
5
92
113
90
105
120
92
136
113
7
156
141
142
119
123
117
128
98
7
130
116
123
135
116
135
124
127
8
121
109
99
117
106
133
78
112
2
115
102
128
147
107
106
78
118
6
114
75
97
78
105
91
91
125
7
149
125
121
114
144
116
136
116
2
95
112
97
115
134
138
105
107
2
123
140
100
110
113
122
84
156
8
110
132
110
142
106
74
134
127
4
120
121
144
161
142
127
108
98
0
139
121
108
122
112
116
114
109
3
146
120
115
72
119
130
121
122
4
119
98
107
109
112
119
122
128
7
133
124
127
99
94
115
93
115
3
127
145
125
74
99
99
100
126
2
91
107
162
100
82
86
74
116
8
109
120
99
117
88
92
91
112
8
144
142
135
114
153
105
100
106
6
113
119
128
135
131
128
110
91
4
95
134
121
108
129
101
120
116
4
115
128
111
135
122
139
99
110
3
124
95
84
113
137
119
108
112
2
161
108
95
109
122
83
113
128
7
74
148
124
114
121
110
126
96
2
133
104
103
149
114
123
120
114
5
106
145
122
116
128
127
135
132
4
108
119
141
108
145
106
131
98
9
142
124
108
134
143
56
107
97
6
97
94
113
112
101
129
99
140
9
118
95
128
144
114
109
136
142
6
108
147
107
137
140
130
108
119
9
119
94
141
92
150
110
116
112
1
99
103
122
120
114
142
115
148
3
104
94
105
143
97
116
112
126
5
115
140
142
84
111
107
114
75
3
162
129
146
129
118
133
122
147
9
147
109
125
142
84
93
87
134
8
135
98
156
140
109
101
113
126
9
126
124
115
135
101
146
115
103
4
105
114
110
106
128
130
104
109
10
168
100
148
155
141
115
120
108
1
123
127
105
127
122
91
126
132
4
125
100
135
127
72
128
103
125
1
109
109
115
133
148
122
121
121
3
110
135
101
150
107
131
112
86
7
119
117
108
121
91
102
132
128
7
102
138
103
120
102
121
120
86
2
135
121
67
89
112
75
126
105
7
114
140
90
79
115
105
129
90
8
114
100
110
105
80
119
125
139
9
114
128
92
135
114
79
135
131
5
133
146
110
114
95
106
115
116
9
119
157
125
115
116
91
88
116
3
114
114
149
95
102
119
86
141
9
110
134
91
118
113
121
129
112
5
153
117
125
140
93
93
85
92
10
135
123
106
99
106
124
111
129
1
149
124
113
134
100
127
68
117
5
175
93
101
77
163
115
88
94
2
124
95
120
103
89
122
122
119
4
108
120
128
129
133
108
149
141
4
104
119
96
115
86
82
126
132
4
150
110
87
123
86
113
133
125
10
120
129
108
78
122
135
140
130
8
135
103
114
85
66
106
150
101
10
119
105
128
150
114
140
100
139
9
114
128
113
107
110
126
142
126
6
114
125
83
111
128
132
135
125
7
119
112
132
96
140
105
126
98
2
124
128
118
102
71
104
88
134
1
135
138
99
122
101
106
96
111
7
115
82
128
129
132
135
109
113
9
99
125
79
110
99
89
94
77
10
121
92
115
103
146
165
112
133
7
172
102
127
122
125
124
136
133
4
121
100
143
141
128
121
71
122
6
152
131
118
132
123
106
99
114
6
173
103
134
111
99
120
127
140
5
176
100
134
109
99
101
115
128
5
125
114
120
130
130
94
111
142
6
112
141
141
134
128
101
161
86
2
121
111
133
127
63
127
91
100
9
134
90
125
137
107
122
86
110
1
148
150
100
137
107
155
129
120
6
140
93
126
138
113
136
128
135
5
142
171
128
76
123
113
113
111
2
109
124
113
129
111
136
92
91
10
116
154
116
120
139
135
103
127
6
83
112
122
121
115
148
128
102
2
135
100
123
116
135
107
100
91
7
106
137
139
122
119
112
105
93
7
141
105
130
86
124
149
104
126
1
131
116
130
107
84
105
115
106
2
116
143
85
114
127
96
79
85
7
105
154
114
99
150
139
134
119
6
74
112
126
143
118
72
139
105
6
119
152
117
136
111
113
106
104
3
146
141
108
97
100
100
131
117
9
107
93
84
94
128
94
108
155
5
157
116
113
119
102
99
137
156
4
110
138
146
99
114
131
126
80
3
114
106
112
122
88
122
126
100
4
118
108
141
149
63
142
80
103
1
113
94
142
102
127
120
126
167
5
92
136
102
113
136
142
113
89
2
143
133
103
100
103
121
81
97
6
117
122
117
163
156
120
125
111
5
101
118
118
113
96
109
90
134
10
110
148
134
111
150
110
94
101
5
119
102
96
114
106
107
117
86
4
113
108
120
134
137
119
122
98
5
130
94
127
100
121
120
96
85
7
86
116
128
114
118
129
140
121
8
58
123
128
111
117
85
113
150
3
132
174
89
121
127
135
105
102
10
147
133
117
156
131
142
122
121
2
118
141
106
102
130
137
81
134
8
139
139
149
163
127
133
94
100
7
102
127
156
130
146
97
129
90
5
148
114
114
99
80
155
104
95
4
86
110
141
134
85
92
87
143
8
123
127
77
131
113
101
118
111
6
93
164
145
128
85
107
90
102
0
85
120
146
105
124
133
100
177
7
145
123
118
113
107
120
116
135
4
135
104
122
92
81
111
100
98
8
150
140
126
125
106
105
96
93
5
142
132
102
105
157
114
89
95
0
101
120
127
106
122
87
127
127
3
147
126
92
134
89
114
128
79
0
128
128
105
103
120
79
98
130
0
129
109
106
128
115
114
109
117
2
95
115
115
119
100
114
85
114
2
102
129
105
124
70
108
137
126
9
113
64
156
96
104
142
96
132
3
113
101
160
128
129
120
100
127
3
168
100
131
128
118
136
95
106
8
92
127
122
122
86
125
99
98
6
165
128
142
101
97
93
142
120
1
133
139
127
105
128
99
119
134
2
103
113
100
127
145
107
106
107
6
121
79
112
137
92
100
140
92
10
110
113
108
142
91
118
102
93
4
124
107
108
153
146
128
127
95
6
141
130
100
153
105
81
112
133
1
144
105
99
105
136
132
132
92
3
129
113
76
100
118
89
119
106
4
135
119
130
98
100
104
91
126
1
86
133
121
74
106
109
121
144
6
114
146
107
120
137
120
66
106
9
137
155
124
107
119
140
125
100
5
93
116
141
122
149
121
96
98
10
133
120
146
115
107
107
72
121
4
150
117
145
134
99
126
129
108
3
126
158
124
126
119
152
102
111
4
103
166
116
129
108
142
99
120
7
151
134
140
116
120
120
91
108
6
99
122
110
86
138
110
87
118
1
122
84
89
101
103
136
134
135
8
145
126
148
141
97
109
92
127
1
107
111
122
127
76
124
143
88
1
152
138
165
126
125
105
128
126
5
121
115
97
151
106
114
95
134
8
92
134
101
149
112
112
106
109
3
161
65
91
130
140
98
121
92
1
122
169
106
119
102
129
112
114
1
85
114
100
101
105
133
145
78
10
101
147
144
106
128
104
93
136
4
114
112
88
126
94
97
115
134
8
108
110
134
108
99
125
134
132
7
152
174
143
152
135
143
127
113
8
118
127
107
75
155
122
150
87
7
59
106
130
121
95
106
114
128
4
111
106
107
94
106
112
123
92
5
131
118
127
104
110
121
135
113
1
126
159
119
134
92
113
120
136
9
121
143
101
131
99
134
134
135
9
100
123
112
127
144
108
105
111
8
114
93
102
126
121
130
166
116
6
121
127
118
141
112
120
130
144
10
134
122
134
108
100
114
107
98
8
89
108
123
86
92
123
103
131
5
104
138
97
113
121
124
141
106
1
117
132
114
157
113
135
124
129
4
139
116
143
143
121
121
116
110
6
120
107
84
119
153
112
131
99
7
106
161
142
100
110
150
111
128
5
129
88
147
85
99
121
108
115
8
72
90
121
115
127
163
93
125
9
126
168
101
136
92
114
84
135
8
91
128
94
89
113
137
127
121
1
113
126
164
136
138
114
150
87
2
111
131
113
65
147
112
85
129
7
121
126
90
107
121
114
131
142
3
136
98
87
121
91
148
105
109
5
112
119
126
96
77
80
167
137
1
81
108
124
111
100
120
138
118
9
127
142
119
71
140
143
141
106
9
114
109
134
95
124
143
159
120
10
119
149
94
130
162
130
106
83
4
135
79
128
122
127
135
136
142
3
120
79
133
106
78
121
150
111
8
131
121
107
115
114
103
94
141
7
100
128
125
130
115
153
127
131
6
113
98
104
90
122
142
106
105
1
121
100
128
134
116
159
105
114
8
106
141
125
84
111
107
105
147
0
139
117
113
100
121
109
132
126
7
94
149
129
118
113
129
100
107
5
108
160
119
141
107
174
148
115
4
119
128
142
148
156
83
97
90
6
100
82
115
103
120
150
119
107
4
121
92
108
79
128
123
133
115
10
146
112
95
116
93
127
131
107
6
111
137
149
111
119
98
99
120
4
155
128
95
92
127
121
99
112
4
76
149
121
114
161
121
122
117
7
77
124
124
157
128
155
91
120
5
101
100
85
91
108
117
97
106
4
75
142
118
120
112
93
136
111
6
135
113
103
128
120
83
156
98
0
156
141
104
109
106
123
113
103
4
87
105
109
75
112
124
100
95
2
104
113
85
98
131
112
142
114
9
118
93
127
107
113
88
117
141
7
128
135
102
96
96
154
148
95
7
133
108
137
106
117
130
120
122
7
131
133
111
121
133
119
118
108
3
110
127
146
103
85
88
114
114
7
89
122
120
100
125
97
129
128
10
109
118
107
123
92
115
118
122
5
92
117
142
97
133
134
102
115
9
142
127
147
104
112
120
80
120
5
131
128
155
85
114
112
142
143
3
106
115
103
100
155
116
118
140
2
126
149
107
128
189
151
105
141
9
139
124
99
157
129
115
115
140
9
95
78
129
101
144
135
111
116
2
98
135
100
131
100
94
150
122
2
164
147
98
149
101
93
122
92
10
142
149
85
102
124
119
127
117
6
135
128
117
100
114
126
83
114
5
166
108
119
135
123
108
86
115
3
79
125
111
142
109
155
159
143
9
121
115
132
136
119
120
120
126
6
166
112
126
138
121
109
92
120

