17
6
4
0
4
10
0
1
10
11
7
5
2
6
6
7
3
5
13
7
5
10
7
1
5
3
3
106
134
123
115
147
149
136
125
5
122
137
105
113
133
93
102
141
2
122
154
93
98
111
109
148
90
3
121
106
130
122
132
108
116
135
6
103
119
156
100
172
110
108
109
5
91
129
98
104
114
134
86
92
7
120
94
131
129
149
133
112
125
10
111
111
99
119
120
121
88
119
1
124
122
111
142
98
110
148
122
2
93
85
114
99
125
127
125
124
5
120
131
130
99
79
144
120
134
6
127
134
136
120
114
122
92
108
10
113
138
120
122
129
126
101
148
10
87
99
151
113
135
111
101
91
9
105
120
84
120
127
99
114
115
7
120
114
87
130
94
79
102
86
6
85
107
112
108
113
101
156
121
7
117
142
70
103
86
145
93
132
9
92
72
105
131
121
119
121
136
2
116
127
126
122
122
130
131
92
2
127
129
146
91
100
123
110
92
5
106
153
127
97
131
109
119
117
5
106
116
114
122
122
100
136
112
4
92
106
109
107
150
62
124
80
2
143
106
108
139
102
104
86
134
3
97
93
129
128
142
125
93
113
5
126
110
107
101
101
115
101
170
3
119
107
94
130
111
132
140
138
6
118
134
142
119
92
157
94
79
6
115
114
128
143
130
125
142
130
1
121
126
148
137
105
85
156
97
8
102
130
101
110
121
92
171
104
2
110
132
129
136
106
109
148
115
3
108
50
93
127
101
129
113
140
0
120
118
121
105
108
165
157
124
3
88
135
119
152
113
122
120
137
9
135
113
120
113
87
99
93
117
4
98
136
127
141
108
119
118
134
2
121
131
121
100
120
97
114
116
7
124
126
118
138
63
108
156
117
10
100
111
99
101
137
102
76
120
5
93
127
100
139
120
162
112
100
2
174
140
90
129
135
105
144
119
4
158
98
122
134
125
103
127
129
3
121
136
85
69
142
121
107
121
3
121
126
107
128
100
132
114
156
8
100
87
95
140
100
136
145
136
1
123
146
114
107
144
143
115
134
2
88
86
107
73
125
115
115
98
1
118
158
91
97
136
109
119
129
1
117
129
119
99
112
92
128
111
5
106
126
80
120
99
138
133
133
7
135
109
94
99
136
143
106
106
3
138
93
133
148
127
126
121
137
5
104
72
135
114
142
102
142
117
5
136
128
100
133
110
90
105
131
8
110
135
162
156
107
88
114
99
3
75
102
109
102
112
86
91
82
8
72
131
99
85
146
111
80
135
8
140
113
127
132
108
141
122
114
6
130
114
115
146
108
123
128
106
1
122
117
75
121
120
84
141
133
4
99
113
135
78
128
86
131
100
6
118
124
103
116
95
150
128
99
9
131
99
120
142
112
140
98
109
8
132
113
100
144
126
103
126
149
2
106
129
97
142
115
108
113
149
2
121
130
121
99
155
132
125
91
6
121
107
117
128
122
127
116
111
7
134
99
129
111
114
121
100
142
8
64
137
126
128
98
113
131
122
2
100
142
96
163
94
124
140
113
10
114
71
121
134
112
150
99
124
0
141
81
132
75
152
113
147
108
0
150
123
99
129
89
130
135
104
6
118
128
139
75
106
121
134
134
5
84
122
98
113
151
122
78
81
6
143
115
115
126
137
105
109
102
8
114
122
93
120
140
162
117
92
0
98
106
89
136
139
124
118
136
7
127
114
87
108
116
123
113
108
2
101
141
107
92
82
98
121
140
10
141
131
149
74
120
121
123
114
5
97
84
120
108
97
134
89
108
5
133
112
107
101
122
91
124
106
1
118
98
114
140
68
107
108
118
6
107
83
127
113
132
142
134
113
4
142
103
113
121
78
137
130
100
3
120
87
98
122
107
101
99
102
3
107
138
107
124
127
120
94
122
1
99
135
110
126
86
121
126
112
9
135
160
130
162
118
107
141
101
4
113
122
107
126
113
128
105
120
2
93
120
107
82
152
143
121
129
2
152
116
112
113
107
105
122
106
0
136
107
107
115
113
107
115
149
2
95
123
97
122
82
135
120
156
7
121
128
121
120
92
127
122
132
8
141
99
105
135
80
118
94
102
4
87
127
93
101
122
78
126
144
4
122
136
132
102
119
141
120
118
10
73
127
63
154
148
144
119
156
6
106
123
113
125
112
94
111
126
1
89
135
96
108
156
121
150
152
9
114
110
106
93
129
134
129
120
5
135
108
71
114
124
143
129
112
10
115
109
134
126
138
89
113
114
4
157
138
123
151
138
147
128
85
7
99
119
85
109
127
133
120
113
10
113
136
132
107
99
114
136
118
5
159
98
139
100
137
119
104
89
5
83
152
113
112
117
145
133
116
9
172
142
89
112
133
158
112
108
1
86
119
128
124
105
85
137
157
9
88
127
166
99
106
93
106
121
6
128
102
155
125
129
157
118
128
3
106
93
113
135
113
119
137
113
3
142
87
114
121
112
112
143
142
9
128
119
104
88
100
74
119
96
4
173
121
130
43
137
111
138
119
2
87
85
112
128
96
114
106
130
9
82
139
105
135
99
93
117
115
6
113
93
119
92
130
112
129
136
3
141
114
130
103
151
114
121
100
4
127
141
133
114
145
121
125
98
8
92
115
112
131
134
128
120
146
4
81
74
140
68
110
119
107
118
8
135
144
123
114
96
118
101
114
8
127
110
98
101
123
85
125
110
8
97
99
124
93
94
108
136
145
6
120
120
86
122
114
108
176
91
1
70
109
132
96
103
97
122
116
10
147
129
106
112
129
102
126
107
4
93
107
128
124
88
119
128
107
8
100
145
118
99
140
82
134
141
6
113
96
95
118
134
114
143
119
9
125
120
105
122
145
91
134
89
9
128
113
120
134
94
138
129
152
9
100
145
88
111
142
131
147
92
2
90
101
148
136
127
102
132
114
0
101
115
148
126
162
151
149
73
4
120
147
126
133
150
124
113
123
1
100
127
136
110
150
120
126
114
2
123
135
127
150
106
116
133
119
4
120
127
134
108
109
142
114
100
4
102
150
120
91
170
127
85
135
4
151
112
130
102
155
150
161
108
6
112
143
74
112
134
142
115
126
7
121
148
115
142
87
101
152
100
9
121
113
100
115
83
120
114
108
2
138
92
127
101
70
124
107
117
8
104
103
100
121
109
146
107
131
5
116
125
80
145
88
137
128
81
3
85
99
142
116
111
144
129
128
4
106
122
129
128
118
103
121
111
3
93
124
86
109
145
121
155
115
6
99
124
121
107
135
113
148
136
6
115
135
113
140
116
86
121
149
2
117
129
91
77
86
84
115
131
2
124
137
108
116
121
127
144
79
4
78
105
129
96
149
113
149
100
9
127
119
117
125
115
96
122
72
10
91
141
130
111
120
137
115
153
5
134
81
154
111
139
132
135
114
2
115
118
102
100
134
105
137
137
4
113
146
126
112
124
155
107
90
7
117
103
147
92
119
116
98
100
2
100
128
138
128
113
86
110
129
8
113
136
107
125
73
93
112
99
3
116
112
154
86
136
113
110
143
7
100
119
127
108
125
135
73
143
4
149
126
161
98
86
120
132
105
5
110
122
128
143
124
104
108
108
4
108
109
137
128
120
147
163
106
0
81
126
109
123
105
125
107
92
8
118
101
173
134
122
142
135
130
8
113
127
129
146
139
148
87
125
2
125
115
105
144
145
96
138
133
0
112
107
134
113
94
109
101
106
10
120
154
105
98
93
123
141
119
2
92
132
100
119
99
104
139
102
10
126
108
98
105
129
122
135
98
3
136
84
97
79
152
107
124
139
3
72
130
98
112
147
116
122
110
7
119
108
121
131
126
91
93
124
1
127
109
132
161
107
92
123
108
2
108
140
135
149
156
101
99
125
7
110
116
152
147
133
101
133
109
4
146
145
122
129
109
95
129
128
5
152
92
114
116
128
88
161
170
4
105
119
90
139
150
115
136
85
0
123
139
120
126
134
85
94
128
9
99
95
89
99
142
119
106
123
2
109
89
127
114
94
89
119
139
5
144
69
131
121
145
126
105
113
0
110
113
120
149
106
118
144
126
0
143
93
121
129
112
132
120
85
3
102
101
120
139
118
143
124
98
8
77
102
99
109
122
101
134
93
1
126
92
118
143
121
134
120
143
2
93
124
168
104
89
92
119
115
3
102
116
114
117
121
101
107
110
6
99
105
154
103
148
117
88
121
4
113
115
121
91
76
125
148
129
7
106
111
122
134
104
164
114
120
9
110
148
111
109
97
88
98
124
4
147
128
128
97
123
103
113
112
5
105
115
133
90
97
95
138
127
1
79
100
116
136
81
110
118
113
6
106
121
125
126
92
98
128
110
8
127
115
120
87
95
100
114
130
0
163
99
107
88
134
100
127
121
1
96
128
145
121
122
110
136
129
9
100
115
105
70
113
129
141
100
9
125
155
133
92
143
128
121
104
9
126
108
85
110
134
123
128
61
0
126
106
132
114
134
100
147
127
1
109
70
100
149
169
127
103
125
7
101
133
93
85
113
147
138
125
2
131
77
123
121
144
90
122
110
3
105
148
119
99
99
116
123
127
9
111
132
130
130
126
81
121
148
6
177
130
128
140
112
114
96
131
1
94
109
99
133
114
102
124
92
8
119
123
119
129
100
134
117
117
0
107
91
109
104
132
91
147
100
5
136
134
112
99
113
101
147
83
1
126
145
99
91
117
110
139
156
1
86
105
129
78
98
124
101
115
10
116
124
129
121
106
108
128
140
0
119
126
115
116
112
118
116
95
5
131
146
128
100
136
112
124
105
0
116
119
102
99
133
97
85
106
4
101
105
103
85
121
131
121
116
0
164
125
85
125
125
139
122
86
2
141
133
122
109
154
135
129
109
3
58
78
135
115
84
127
124
133
10
117
164
134
125
76
148
94
94
4
130
83
147
137
126
130
104
115
1
133
120
114
118
101
128
98
118
2
136
120
106
127
115
133
130
93
6
108
116
127
133
127
94
141
149
9
126
117
122
114
127
115
91
99
3
131
98
95
127
122
127
120
130
5
134
98
120
98
135
141
130
93
6
107
122
128
118
127
106
122
100
4
100
161
134
87
113
117
99
94
7
127
121
106
128
76
143
79
100
7
111
109
120
144
119
136
139
116
9
112
155
135
120
96
113
99
128
3
121
110
100
114
77
134
129
92
2
123
125
120
111
129
133
106
120
1
146
139
133
122
137
129
112
131
5
148
168
140
72
115
138
101
139
5
121
116
128
130
120
101
135
99
5
122
113
117
147
100
94
81
98
2
106
92
145
121
110
132
139
117
6
114
82
86
88
131
133
113
111
10
94
100
143
125
108
112
107
124
8
114
119
142
100
116
127
98
141
2
119
135
105
95
113
128
109
116
8
139
120
119
90
127
108
134
107
2
147
95
120
131
122
93
121
136
6
92
106
148
121
144
164
96
113
7
105
115
99
135
120
141
127
102
9
139
89
114
92
87
128
108
112
2
112
142
95
126
77
65
134
102
9
102
136
101
120
94
112
140
112
8
101
88
127
130
152
93
70
103
1
131
88
115
94
106
75
135
116
8
137
114
108
120
126
113
127
119
10
98
117
110
142
128
130
129
117
9
106
142
84
120
140
78
90
149
4
72
121
119
129
107
114
130
127
7
122
114
116
147
130
143
108
141
4
128
118
113
120
91
100
155
135
0
114
154
101
139
126
129
115
151
6
87
117
86
101
110
113
122
126
7
116
121
102
135
124
135
139
121
5
122
96
135
124
142
114
86
108
7
111
124
120
119
121
141
96
140
5
100
154
120
135
126
75
138
130
5
105
112
125
111
119
115
136
71
2
101
133
108
98
111
131
123
126
7
125
97
79
114
114
78
135
125
6
83
142
139
125
103
136
122
139
2
107
91
71
127
110
66
82
100
3
134
122
92
147
128
147
89
99
6
134
126
100
108
124
162
125
132
4
98
71
97
107
107
93
99
146
8
120
139
127
94
87
113
134
150
1
134
87
88
124
128
142
165
130
6
112
90
117
85
102
126
112
113
6
102
119
155
142
134
118
87
125
7
85
85
133
150
155
117
140
112
3
140
156
115
104
111
118
96
149
5
120
116
115
114
121
119
135
119
5
116
81
89
106
119
113
134
104
7
124
107
164
128
153
126
107
99
3
152
77
105
107
131
131
139
78
0
133
121
154
108
100
107
106
127
2
92
124
81
143
108
121
121
65
3
112
102
88
98
107
158
125
133
6
113
145
124
116
84
80
116
121
6
122
112
119
98
123
119
84
108
0
127
124
142
144
102
135
92
114
9
131
134
97
89
110
107
100
131
8
89
127
141
92
120
99
140
97
2
123
122
126
130
103
124
128
111
10
107
133
102
147
117
142
136
121
7
106
99
99
70
135
139
84
140
5
87
114
135
94
105
114
129
132
3
145
85
126
94
97
113
100
82
5
134
91
85
120
124
79
146
118
2
136
107
123
149
60
90
87
99
6
94
109
122
105
65
128
127
86
0
141
88
126
124
117
107
126
104
1
163
123
157
113
78
119
104
133
2
119
134
127
101
92
134
132
93
4
122
127
99
97
119
105
153
115
7
142
144
117
99
100
94
110
108
5
121
144
145
128
133
113
101
127
2
102
125
91
133
106
135
85
121
6
106
139
122
113
82
127
105
76
9
121
154
83
118
117
99
92
127
7
148
133
121
72
114
144
81
137
9
94
115
122
114
119
113
140
128
1
130
104
120
136
95
127
101
122
1
114
141
118
119
124
134
128
119
3
93
124
125
150
143
151
128
133
3
130
156
86
94
103
105
143
149
9
105
102
127
111
101
120
149
113
7
107
145
126
110
142
121
94
83
3
121
85
114
129
126
149
128
135
6
87
117
106
106
100
99
128
143
5
101
140
105
93
105
81
85
144
8
133
102
103
114
113
161
128
116
4
178
155
132
103
133
104
122
120
7
80
146
88
111
142
120
74
100
4
100
143
152
121
159
114
110
99
9
74
100
82
146
104
107
121
86
2
118
73
141
120
67
128
114
131
9
77
154
111
129
140
107
100
103
1
129
104
122
128
123
61
91
119
3
91
80
148
133
142
102
98
122
5
141
130
95
157
97
121
141
133
3
136
134
100
125
125
124
103
87
9
124
102
79
120
107
120
134
145
7
152
128
122
104
114
87
157
113
7
144
123
73
79
92
166
113
92
2
147
111
133
137
121
107
124
114
9
94
111
100
100
131
128
148
118
2
98
112
70
144
92
96
108
162
8
141
100
106
116
135
107
138
106
7
143
108
121
163
140
85
108
107
7
94
102
133
95
132
139
90
121
7
128
113
108
128
123
113
112
122
5
121
121
117
114
105
107
107
134
3
128
83
114
112
132
127
101
121
7
97
125
141
157
108
92
132
84
8
121
125
113
146
112
136
136
127
8
132
129
100
141
119
133
125
107
9
133
122
128
135
119
152
136
104
9
121
101
101
135
120
109
161
139
6
97
122
128
149
102
106
121
97
2
135
103
127
142
115
119
114
118
0
134
123
121
130
107
107
97
109
3
115
107
128
140
144
105
129
96
3
121
135
148
134
131
114
127
139
3
82
121
127
119
128
140
106
124
10
125
138
145
154
120
156
115
148
3
120
127
121
149
138
145
143
87
7
112
100
125
156
107
100
112
96
8
89
121
164
103
91
112
128
126
8
117
105
100
96
114
128
124
122
6
101
101
99
104
89
124
140
112
2
150
122
126
136
136
99
138
87
1
112
108
116
104
122
119
137
122
2
92
107
134
124
117
126
120
111
5
112
117
109
128
88
103
162
153
0
121
124
79
118
111
101
134
126
8
126
129
112
114
114
114
122
130
8
142
128
107
80
87
149
126
96
4
101
130
163
118
103
90
103
142
5
133
108
137
114
87
139
102
129
4
139
113
88
130
127
134
127
136
8
107
118
129
108
171
120
153
70
6
113
108
123
128
138
114
113
98
1
75
113
94
115
104
135
147
158
2
111
113
129
111
167
123
152
73

