13
7
4
5
8
9
9
8
4
14
2
7
6
1
4
5
9
1
15
10
3
6
7
3
7
9
3
114
156
120
95
169
138
101
101
4
157
149
92
107
134
113
101
128
8
110
94
125
112
131
121
112
120
5
96
132
104
113
101
114
69
170
5
129
103
113
96
95
140
108
128
8
140
85
136
92
124
136
119
110
10
121
96
136
88
101
154
142
142
5
97
124
128
100
102
126
97
95
1
82
105
106
109
112
148
122
135
8
140
147
149
121
98
114
136
102
5
105
128
133
149
111
92
114
142
5
102
64
120
117
124
101
120
134
6
117
102
125
130
99
107
111
103
4
100
100
126
100
64
109
129
85
3
114
106
113
114
113
114
151
127
5
78
87
136
129
115
72
91
105
6
118
72
139
115
145
104
161
117
7
117
111
115
115
146
113
145
98
7
106
142
134
147
92
188
131
133
5
101
136
106
78
113
101
105
142
5
94
119
114
112
108
122
119
127
8
119
128
107
108
72
95
128
115
8
97
113
105
93
102
146
119
128
3
160
134
141
128
105
80
127
143
5
157
100
141
146
133
108
93
110
6
107
127
135
146
112
146
137
82
2
122
118
86
120
120
85
80
107
2
96
125
138
133
133
136
144
121
1
137
95
160
98
142
79
129
127
6
106
164
133
165
121
112
96
162
7
133
124
148
122
113
109
110
142
2
133
90
126
114
104
135
118
139
6
132
129
111
98
134
98
110
117
9
130
112
127
131
116
96
144
149
7
146
106
122
127
150
122
144
148
4
93
146
134
141
84
105
113
71
6
72
122
98
114
129
111
126
88
4
117
127
148
150
112
126
134
101
6
163
106
132
148
112
96
123
103
1
108
120
142
98
136
98
53
135
9
133
98
128
147
137
92
123
142
7
108
140
137
129
113
139
85
121
9
111
99
132
111
90
149
100
100
4
100
117
99
133
129
148
125
116
9
117
134
134
107
121
107
128
120
7
122
146
89
92
123
128
122
122
6
100
164
89
150
113
112
129
142
0
114
141
115
106
95
106
112
114
9
115
111
98
104
112
148
120
118
6
78
106
104
111
135
140
68
106
5
101
127
126
166
127
149
123
127
0
118
122
134
135
163
120
98
78
3
114
114
99
71
123
94
134
92
7
135
127
118
151
119
133
91
147
2
110
92
122
103
116
148
169
125
3
115
140
115
117
79
149
102
119
6
118
116
149
132
138
128
137
103
3
119
122
118
107
105
84
118
138
7
114
95
104
101
124
134
113
121
6
79
110
140
107
105
108
119
93
1
120
105
110
130
76
94
73
122
9
140
113
128
121
99
128
126
95
4
84
136
127
130
148
101
122
130
3
134
130
99
142
99
103
85
134
6
146
122
121
76
128
132
78
101
2
99
112
140
121
133
92
107
120
6
120
108
73
117
106
105
98
138
9
113
130
122
85
141
122
106
77
8
120
92
108
111
101
89
109
129
1
128
105
146
137
130
99
89
107
5
119
119
69
104
126
142
132
97
4
129
107
92
149
136
107
93
73
4
106
91
96
135
128
129
106
65
2
167
141
142
112
120
112
107
109
9
113
156
122
106
82
138
117
147
0
119
139
134
108
110
88
113
114
3
127
106
116
123
94
134
125
95
1
116
120
135
132
108
92
128
107
6
120
112
131
123
118
109
126
102
2
126
116
65
139
132
87
156
82
7
113
110
88
110
149
115
132
113
4
131
136
109
105
86
106
130
115
9
142
141
143
84
133
120
128
110
3
118
136
103
118
148
101
98
146
4
101
128
86
105
91
101
161
121
1
107
94
120
128
81
105
118
117
9
64
148
118
134
103
109
38
107
6
81
87
108
107
120
107
120
150
10
136
133
80
137
113
148
128
105
2
140
133
136
107
78
134
149
105
1
99
134
138
101
121
99
92
115
9
144
109
103
162
113
93
96
127
5
108
116
101
131
125
137
106
140
2
109
126
156
112
120
91
159
132
6
143
105
110
112
128
72
114
118
9
105
139
79
120
112
88
128
123
1
88
127
133
112
154
129
133
122
3
100
127
119
134
111
113
112
145
4
98
91
99
124
136
107
120
98
6
93
106
89
149
128
134
115
85
5
126
98
107
117
114
122
117
102
0
134
100
118
108
106
125
88
114
6
141
114
137
158
126
112
98
84
5
93
124
130
143
127
124
126
161
2
122
132
106
92
134
115
102
126
6
104
84
143
107
100
135
141
130
5
136
129
107
113
68
113
111
115
4
142
118
101
105
108
163
126
102
3
87
98
113
124
76
87
142
124
7
109
108
154
99
86
108
141
160
9
149
117
105
156
111
93
119
75
4
84
106
100
125
107
136
113
100
5
114
104
129
119
118
113
109
135
9
124
106
98
128
91
115
115
114
8
120
148
128
136
145
125
119
136
3
127
135
125
135
125
121
106
106
6
150
127
127
129
113
115
112
93
9
108
117
139
86
100
107
127
91
3
136
93
92
108
121
126
113
142
4
81
80
66
109
107
120
133
114
6
135
106
112
85
121
116
123
139
1
134
135
121
115
135
106
124
108
10
130
135
107
108
89
111
81
138
9
106
103
141
124
101
102
122
122
4
113
119
124
149
141
134
148
154
6
106
139
120
107
121
126
114
126
1
93
143
122
128
114
118
86
106
4
105
123
113
121
135
169
129
105
9
132
85
121
153
127
107
140
83
5
106
141
92
115
111
131
109
115
5
149
82
128
114
167
83
139
128
6
108
141
114
114
94
101
124
106
3
156
107
125
121
94
109
116
81
8
148
156
99
121
87
121
155
95
7
115
124
113
107
121
101
107
136
6
130
100
115
99
101
67
113
108
2
100
114
106
108
127
149
141
99
6
122
90
90
116
133
136
100
79
7
142
121
99
93
111
105
125
108
5
112
142
134
105
141
122
148
100
2
92
134
114
120
125
89
101
114
8
111
134
149
106
132
136
107
101
9
145
137
105
113
129
155
142
135
2
106
118
116
142
93
99
113
92
3
132
163
114
92
137
115
59
99
4
94
101
91
135
88
106
146
118
9
136
102
93
148
127
120
121
107
10
93
135
117
140
113
110
87
154
5
115
135
127
149
104
122
142
117
8
114
112
130
103
150
133
110
133
4
102
137
156
128
91
149
135
129
9
115
108
108
136
131
131
95
164
1
115
110
114
132
136
147
89
107
1
134
99
122
128
118
100
94
115
2
121
127
166
169
128
112
124
115
0
100
107
136
124
80
113
145
106
6
135
135
93
115
135
133
129
124
4
128
105
133
107
132
185
118
119
2
81
132
139
127
112
143
92
120
8
98
135
106
106
149
103
100
120
5
104
125
85
135
134
130
123
87
2
118
147
108
109
127
114
83
131
7
91
130
136
117
100
72
123
134
4
108
104
116
133
98
116
99
101
3
112
129
88
105
96
129
109
108
5
120
120
88
106
93
141
130
89
5
148
133
127
126
145
115
120
127
0
90
124
117
154
122
115
92
96
10
86
106
148
97
102
108
126
135
3
125
111
181
121
113
124
142
133
3
156
90
126
103
80
160
113
133
6
91
145
102
111
148
128
127
140
5
98
122
138
132
116
105
118
108
7
135
108
122
114
89
112
129
88
2
100
93
100
88
106
98
107
116
6
99
113
105
87
99
99
96
112
7
100
115
128
109
141
113
113
114
6
117
118
132
144
134
91
103
62
4
126
145
144
114
102
126
121
142
4
115
137
84
111
112
134
118
143
4
123
131
143
142
113
114
107
123
4
101
132
126
65
144
99
103
114
4
110
102
99
148
103
143
154
128
5
127
114
99
111
132
124
113
112
9
87
109
121
110
116
63
88
84
3
100
142
133
76
122
143
129
84
9
140
136
128
106
147
123
184
105
8
128
139
105
109
142
101
89
89
9
119
124
142
121
106
118
117
160
9
110
163
128
142
127
106
101
102
0
133
109
106
138
114
110
88
119
9
104
115
88
102
112
88
128
111
8
96
100
110
117
99
135
134
107
0
125
118
139
118
125
118
112
115
2
114
122
135
128
105
113
116
105
2
118
142
100
144
123
135
107
141
8
118
104
163
78
108
145
101
99
4
143
129
140
105
128
162
113
120
4
147
153
160
114
141
134
143
166
6
140
147
91
105
142
130
127
109
6
115
96
100
131
131
134
153
120
10
115
140
108
115
110
99
100
135
4
116
133
114
111
106
100
138
148
8
77
129
129
114
128
133
129
145
9
70
131
137
121
78
106
115
121
9
89
93
71
109
109
134
130
95
4
149
117
109
137
137
133
94
135
10
112
131
127
87
110
111
116
147
5
79
108
135
99
162
97
77
132
4
93
118
149
91
122
140
114
131
5
112
91
93
113
105
128
91
113
8
64
136
103
134
104
139
87
99
7
97
126
96
124
99
97
106
169
1
123
106
124
144
101
130
137
102
8
132
92
85
60
152
114
94
109
10
84
107
106
142
100
120
123
92
4
98
106
133
115
135
115
134
85
4
107
139
157
85
124
153
122
142
6
116
95
113
121
150
126
106
127
6
120
135
99
124
100
125
87
121
9
145
131
108
111
90
121
100
86
8
97
132
121
126
138
129
106
119
7
158
86
114
126
124
87
126
128
2
126
92
129
114
137
73
126
125
2
83
128
90
127
149
117
114
121
7
113
84
118
113
111
110
107
101
3
150
131
105
118
126
129
114
138
1
128
94
136
149
115
125
107
163
7
131
69
132
106
103
87
122
136
8
125
132
80
153
93
118
113
115
2
126
95
120
133
131
126
122
117
9
128
155
93
132
111
105
118
101
6
116
109
151
100
113
100
112
124
3
121
121
127
113
148
122
121
108
6
91
136
129
105
141
126
155
97
3
121
126
122
125
123
116
148
123
6
109
94
121
126
106
175
123
102
8
105
105
125
136
85
136
98
107
8
112
108
127
147
150
91
124
130
1
94
137
98
112
111
153
108
136
10
104
128
140
107
130
126
149
114
5
87
126
136
141
79
111
129
133
2
107
105
141
79
121
84
125
95
3
123
86
108
101
89
91
129
125
3
139
120
140
171
135
135
78
122
7
105
128
111
114
115
122
93
129
0
118
126
136
84
140
130
112
142
10
95
106
126
169
99
119
129
160
5
128
112
104
115
107
112
84
118
6
136
98
79
121
113
141
85
113
0
142
112
106
112
118
128
93
112
10
128
94
112
122
94
140
119
94
0
92
97
128
107
98
104
105
96
6
121
84
115
144
149
105
123
99
6
92
134
123
86
99
127
118
129
2
114
121
119
131
116
115
106
75
1
121
103
116
119
127
115
87
82
4
106
163
109
120
127
113
125
121
1
111
114
104
122
106
113
106
120
7
123
84
127
144
128
77
141
106
4
135
149
106
149
108
92
131
126
3
110
116
153
90
126
112
114
97
9
108
115
121
120
100
114
119
106
1
126
126
108
104
108
119
106
114
7
113
107
117
131
118
101
100
107
7
135
91
108
91
113
129
122
118
7
116
150
142
114
107
157
113
105
7
105
86
137
89
132
117
121
131
3
128
149
110
112
122
102
114
106
4
117
156
120
76
141
100
113
130
3
98
110
113
127
121
128
121
143
7
100
126
124
139
99
150
133
132
3
133
128
130
129
136
128
125
113
5
85
95
132
145
127
133
88
107
3
113
135
104
129
82
114
121
91
1
132
132
128
110
106
134
102
120
3
139
125
130
163
120
115
94
105
2
92
120
141
122
112
83
128
98
9
134
116
160
103
84
99
80
114
6
128
107
131
87
125
119
102
83
8
133
130
101
104
98
96
149
128
5
141
99
106
152
135
135
135
94
7
128
143
115
107
136
117
110
162
3
129
117
122
110
105
119
122
118
6
96
99
144
92
128
130
138
109
9
121
143
149
123
143
129
128
128
10
145
93
135
133
135
124
109
104
4
113
121
100
149
101
94
141
118
4
135
134
112
110
122
106
86
150
1
106
101
120
127
131
121
115
125
3
115
146
108
107
67
100
116
116
7
98
116
97
124
130
108
131
107
6
111
147
122
97
115
120
122
129
7
132
79
85
135
114
156
78
134
5
119
98
96
119
131
99
100
136
3
89
100
163
136
110
108
146
126
7
106
95
148
76
115
121
71
106
8
135
117
133
107
114
164
115
135
7
115
148
111
99
143
113
111
140
5
61
101
120
116
119
110
115
114
10
105
98
139
161
105
108
136
156
1
100
143
113
117
123
131
122
93
6
120
111
126
84
107
104
84
132
6
114
129
136
108
128
93
113
102
1
112
133
121
107
124
92
128
115
8
116
147
119
134
169
78
121
138
5
140
100
136
102
129
113
104
112
4
122
114
90
111
111
123
106
121
9
132
150
134
105
119
106
99
127
7
95
120
114
127
126
143
101
142
2
113
146
132
140
142
126
105
140
0
105
101
115
122
105
100
111
114
4
72
120
156
78
107
98
113
89
7
146
135
112
133
135
121
126
91
9
100
88
123
130
105
121
108
110
2
134
119
72
140
122
102
93
99
6
119
129
111
97
77
88
95
114
6
147
115
157
129
124
93
82
108
6
134
127
86
137
94
96
107
91
7
142
93
125
101
112
69
125
119
4
94
106
128
149
127
110
141
113
2
106
110
101
150
106
134
95
127
5
116
168
114
114
102
122
107
92
5
95
127
94
120
111
132
135
129
3
119
84
152
108
149
124
78
108
8
153
133
135
86
106
114
117
78
5
82
93
96
130
100
90
162
101
6
104
127
127
117
94
106
121
98
4
128
87
110
86
134
169
126
122
6
145
128
116
121
100
101
148
105
4
155
145
122
93
120
134
113
128
5
114
84
126
110
171
162
125
97
9
121
123
115
113
107
122
139
62
2
119
124
131
130
142
156
94
155
8
88
129
133
122
120
106
110
121
5
101
115
128
128
116
99
113
123
8
104
80
124
118
128
124
133
118
2
121
86
103
140
116
112
89
81
5
134
99
101
129
144
122
119
112
9
112
113
104
93
100
104
143
133
7
93
150
86
128
152
152
134
141
2
93
147
113
96
114
99
99
118
6
128
100
147
87
142
156
120
115
3
133
104
141
93
129
96
104
95
2
105
116
90
106
158
106
98
128
3
124
96
128
86
135
142
100
118
4
98
149
106
127
104
99
106
109
10
91
113
132
101
110
102
112
120
6
121
99
132
154
104
130
83
126
4
132
126
136
115
114
106
87
118
6
134
126
100
174
112
106
108
120
4
88
137
102
134
119
143
120
106
7
132
90
77
110
127
108
121
120
9
116
121
125
100
97
110
58
124
2
98
145
103
74
100
120
114
134
1
87
134
127
121
111
107
130
101
9
112
92
121
126
89
154
149
121
0
136
52
137
141
146
184
92
94
8
115
145
129
122
97
76
143
117
8
114
85
134
104
112
127
124
129
3
97
87
78
129
88
100
85
113
0
121
131
135
147
109
98
108
115
5
120
118
128
108
114
121
138
98
8
129
65
99
112
86
113
149
128
0
102
104
131
113
110
113
143
100
3
127
138
87
112
126
105
91
146
2
122
99
116
108
127
120
91
126
3
112
138
111
136
134
87
104
131
9
103
89
141
120
114
108
120
112
5
119
112
114
117
94
133
93
157
7
140
137
154
99
121
75
93
145
4
133
129
79
117
139
113
128
124
4
115
128
134
121
129
122
98
127
6
93
134
122
137
105
110
139
99
4
122
115
88
121
131
111
92
121
7
144
106
129
126
97
128
134
128
3
84
113
109
70
153
98
116
98
2
138
135
135
113
101
107
141
157
3
131
114
114
97
139
86
151
124
2
121
106
148
148
137
104
136
114
3
110
94
140
131
128
112
86
136
0
106
160
130
104
119
95
94
140
9
139
120
134
132
112
124
125
98
0
119
110
115
127
112
137
114
92
3
93
128
119
119
85
101
78
135
10
90
123
140
88
129
157
97
128
0
111
163
131
134
75
111
146
136
8
89
89
112
91
122
96
42
130
7
120
112
105
99
128
98
102
142
8
114
163
132
135
79
106
141
133

