13
4
3
4
3
6
8
5
3
17
6
6
1
2
0
6
9
5
14
6
9
1
7
4
3
7
4
140
136
113
118
138
104
127
112
9
89
121
129
115
83
95
94
140
7
108
112
136
130
62
115
108
123
6
147
141
127
130
133
100
121
117
7
111
125
113
122
121
128
106
105
6
124
86
130
108
127
119
126
89
3
93
134
90
140
98
109
127
117
5
120
93
125
133
95
111
134
110
10
115
150
141
121
127
112
76
113
1
83
142
126
105
100
130
119
156
6
133
94
142
97
87
123
143
97
4
128
107
93
141
112
85
115
142
3
91
92
131
104
121
116
141
80
9
135
110
107
73
101
148
105
99
3
107
112
70
120
73
138
97
112
8
135
116
104
119
76
96
126
152
7
117
131
110
112
99
106
114
129
1
98
149
134
95
112
92
100
77
4
148
80
96
91
117
89
66
121
0
145
107
99
99
108
156
85
156
4
126
133
113
131
140
146
133
114
2
142
135
140
107
104
156
141
129
5
116
128
99
145
131
103
120
81
7
100
123
99
115
119
107
114
134
0
129
122
90
107
147
133
93
143
2
108
126
131
114
142
112
97
127
1
148
128
111
141
129
156
125
107
7
101
117
106
131
140
129
113
92
5
100
157
91
135
116
121
112
122
8
120
130
57
114
100
118
92
77
8
127
64
95
150
109
90
100
147
6
92
120
92
129
120
91
108
132
7
120
109
107
83
120
118
134
109
8
91
109
127
96
112
127
126
91
6
120
114
104
114
114
174
113
99
3
94
126
86
117
124
135
131
106
7
137
127
136
112
91
115
116
89
1
147
93
100
150
100
100
135
104
1
109
130
154
104
109
97
129
134
1
93
131
117
76
110
110
89
151
6
128
128
138
118
111
65
155
129
9
104
126
118
133
134
125
119
85
3
136
65
147
121
131
104
117
153
0
105
128
152
100
105
143
107
121
1
101
126
97
116
79
98
98
100
5
113
113
104
126
107
127
83
106
7
106
78
100
134
142
84
121
127
3
73
84
113
111
106
107
122
117
5
100
106
130
122
99
89
157
106
9
112
101
109
91
107
78
134
143
8
95
113
77
96
128
139
113
116
5
139
70
100
80
110
134
107
114
0
148
171
128
135
124
139
130
127
5
92
145
87
147
133
86
119
142
8
119
100
92
104
113
114
122
170
9
108
99
112
145
130
130
104
119
2
147
135
106
138
113
106
116
143
6
96
118
92
108
122
98
107
96
6
100
88
106
119
114
108
137
113
2
148
111
115
141
124
108
152
114
3
98
121
130
117
107
139
86
133
1
90
115
120
91
75
148
115
91
5
105
117
126
98
120
85
109
141
4
133
92
121
128
104
120
147
149
9
95
107
123
100
87
112
116
116
3
105
153
93
164
121
100
97
106
6
136
114
120
115
84
106
109
169
3
93
98
113
79
141
126
130
157
5
134
117
107
107
108
113
135
140
2
128
117
121
127
141
113
106
78
0
100
77
141
119
142
110
122
100
7
104
102
129
96
104
120
117
119
6
129
115
128
141
103
171
118
127
4
146
120
94
106
144
99
92
119
1
167
100
111
104
125
118
80
136
7
127
141
122
127
115
123
109
94
6
150
86
79
135
125
176
69
126
0
142
134
162
147
121
87
136
149
9
101
115
117
117
101
119
114
111
8
141
132
120
148
106
139
104
113
0
106
126
119
119
121
135
88
109
4
80
96
119
79
98
126
86
98
9
103
85
85
143
124
126
101
132
7
87
143
91
115
139
142
130
106
9
133
98
78
94
140
154
146
128
9
130
120
102
97
107
88
102
115
2
148
128
130
120
108
87
119
106
2
112
91
116
104
156
141
136
124
4
120
120
134
115
113
121
135
85
4
120
111
120
133
98
137
85
113
6
128
86
101
125
109
120
135
117
3
141
144
132
123
112
136
123
127
6
135
109
116
124
100
71
89
136
8
107
78
110
118
126
127
98
128
1
122
73
136
119
117
116
99
122
2
115
121
110
139
119
120
115
124
2
123
97
141
90
135
124
137
160
9
113
100
93
100
110
168
135
129
0
106
138
121
127
111
94
124
127
8
140
101
97
116
120
109
155
124
10
96
115
155
126
125
108
105
121
7
152
99
93
107
115
122
142
100
7
121
78
96
135
137
128
105
146
7
144
124
101
140
121
134
106
114
3
160
110
97
126
91
127
105
93
2
107
122
119
99
115
111
101
112
10
97
127
107
121
118
141
87
112
0
113
118
107
115
135
144
126
113
2
115
112
103
114
146
147
121
113
7
90
94
114
131
135
79
106
114
9
114
93
158
163
127
112
121
134
4
85
110
95
145
74
113
106
121
4
137
94
129
129
117
92
127
85
0
121
156
127
128
105
135
142
108
6
102
125
75
127
142
113
100
120
3
134
119
106
135
147
112
139
100
7
141
82
119
112
131
156
132
100
9
106
88
113
141
73
120
114
113
5
122
131
123
121
98
114
111
102
10
127
106
145
109
86
93
67
122
9
124
92
128
139
95
97
135
106
10
133
92
94
130
108
149
92
107
8
131
107
133
116
96
115
97
80
6
119
93
126
133
153
107
141
128
3
127
155
91
107
132
122
125
129
5
132
113
167
129
94
124
107
106
6
98
116
146
131
127
91
127
98
8
93
108
140
86
121
112
79
148
3
140
149
104
108
93
130
100
107
3
149
155
128
117
162
108
112
108
4
92
92
75
107
91
135
120
94
4
139
134
128
109
111
166
162
108
7
115
122
91
112
154
76
121
131
2
81
107
91
130
106
110
134
96
2
120
124
98
78
120
127
98
85
8
85
94
89
149
89
113
106
154
9
112
105
117
141
86
107
144
122
1
120
139
138
113
91
121
117
113
2
122
107
105
140
122
98
115
94
5
143
92
99
113
122
147
136
75
4
118
104
153
108
148
138
153
105
1
151
168
150
121
103
142
98
130
3
112
120
147
91
118
130
99
67
9
95
108
136
101
95
99
145
97
4
80
106
116
126
132
133
109
128
9
112
106
96
121
101
135
134
118
3
97
98
89
140
133
87
131
119
6
119
121
93
114
127
128
65
81
3
119
128
123
128
123
126
141
110
10
114
148
107
110
100
121
110
146
3
112
119
98
99
132
152
111
128
2
115
142
138
144
134
93
83
104
6
98
109
137
91
99
105
116
101
4
142
141
92
85
133
125
90
132
2
142
120
109
138
104
114
119
135
2
93
103
120
85
114
99
121
133
1
136
89
124
96
119
164
129
133
3
147
133
152
83
118
132
87
127
5
113
95
115
136
127
136
105
71
3
120
119
117
119
106
99
134
122
6
100
128
92
102
162
84
101
91
1
61
121
140
109
119
128
79
115
2
134
106
131
116
117
142
123
114
7
120
87
110
99
92
128
98
104
0
121
109
154
113
124
114
142
115
10
134
95
78
111
132
140
136
115
1
93
118
113
113
129
124
149
112
6
81
140
152
104
120
112
112
114
10
85
105
97
105
106
149
98
134
7
155
109
118
124
85
107
142
141
7
93
113
113
143
59
92
136
107
4
102
149
77
133
129
144
128
128
7
135
91
116
152
106
102
85
137
1
144
149
136
120
130
113
85
135
4
134
124
131
101
149
106
125
142
5
143
151
127
123
121
95
96
128
6
122
133
124
127
151
104
129
128
9
95
138
116
136
113
142
127
142
3
131
107
138
99
94
125
135
71
9
106
134
142
96
83
129
120
105
2
133
154
106
77
120
102
104
141
3
111
122
121
141
120
116
95
129
6
135
120
116
127
121
139
98
134
7
89
100
147
121
105
139
120
149
5
95
136
82
106
106
147
146
102
7
86
112
134
126
113
91
115
85
1
99
104
145
113
114
113
106
134
4
121
108
141
99
96
121
142
64
7
128
123
127
130
120
94
121
93
6
121
136
106
103
81
121
121
103
3
91
122
94
127
101
160
119
105
9
121
101
102
139
102
109
78
115
6
114
98
144
105
116
109
81
130
2
115
158
133
120
132
111
117
121
2
128
135
127
120
146
104
107
123
2
107
116
140
120
96
100
119
123
8
92
127
92
129
121
156
142
99
1
120
108
117
80
123
71
104
127
4
80
133
90
90
142
93
138
145
1
143
111
139
142
121
110
120
149
4
142
117
120
114
116
134
111
92
8
144
90
139
87
121
131
132
91
3
150
84
79
102
123
129
135
129
6
95
145
135
105
83
154
82
81
0
124
117
127
116
78
122
131
141
6
120
92
131
105
142
96
92
121
10
138
96
117
96
149
117
119
121
4
113
135
133
93
108
104
106
120
8
114
136
93
126
146
140
140
142
1
117
103
119
127
153
107
125
121
9
80
115
94
113
103
117
102
92
3
134
99
148
104
118
126
124
113
9
145
114
107
122
133
133
125
143
4
135
92
110
142
120
141
105
141
7
134
127
109
107
92
128
114
114
1
135
114
107
117
142
128
87
117
5
108
145
168
127
135
140
125
112
4
117
103
110
138
129
109
160
101
1
120
119
137
92
136
94
95
122
6
145
153
139
92
155
120
106
125
2
174
92
93
111
101
182
74
127
8
135
126
83
109
90
109
148
99
0
108
95
98
129
92
107
106
107
6
118
93
145
135
112
77
125
79
1
132
136
127
133
134
114
137
139
1
121
111
117
93
105
92
156
99
2
127
121
140
139
119
119
109
112
9
112
69
99
124
123
97
113
121
9
104
148
127
136
104
128
122
141
5
142
122
106
127
104
81
134
131
8
100
137
136
121
112
124
101
92
2
104
106
149
100
134
107
84
115
10
113
113
146
100
111
94
98
106
6
137
147
122
128
104
124
119
131
7
108
101
149
84
115
115
128
135
7
119
111
104
115
93
112
100
136
6
120
83
119
93
108
107
172
93
1
156
106
122
142
128
95
135
122
3
116
115
101
113
120
105
96
131
4
99
134
161
101
114
105
113
128
9
120
93
110
154
85
103
107
109
5
116
84
112
127
156
111
93
87
2
112
126
114
130
134
134
134
131
2
109
105
126
127
136
68
118
141
3
95
140
151
123
116
131
127
109
5
127
91
115
126
110
106
86
140
5
119
135
86
100
146
118
120
79
2
93
81
161
158
148
121
111
81
5
128
92
111
132
96
117
122
119
2
90
122
78
144
130
113
79
150
7
126
133
92
133
101
117
122
115
6
134
89
109
140
99
101
127
116
0
107
96
135
135
100
141
104
107
8
127
80
154
120
113
126
120
87
4
108
140
126
117
111
118
141
85
4
152
93
143
113
87
116
96
146
6
118
126
128
99
122
136
79
92
3
113
128
110
142
140
85
98
135
4
129
189
145
86
88
134
142
93
5
108
154
114
119
85
116
92
109
7
142
109
125
132
157
171
69
149
7
148
148
86
92
113
125
90
114
10
135
117
127
121
110
134
131
110
10
135
101
110
102
100
110
116
86
4
91
111
83
154
124
125
133
101
8
106
127
81
86
94
100
129
101
8
120
127
138
102
97
98
112
120
10
115
121
163
101
133
109
130
100
3
114
113
136
122
93
100
134
128
8
106
111
107
119
119
118
100
85
9
108
110
116
117
127
115
100
102
2
94
94
135
98
123
128
116
75
2
135
108
114
135
129
131
153
151
10
115
110
120
112
160
101
127
169
4
129
124
174
119
141
87
123
112
9
88
113
114
108
98
106
79
135
9
151
91
132
120
132
129
94
132
0
108
103
136
118
97
97
114
110
3
107
92
88
141
123
108
141
116
8
121
110
99
131
108
110
127
77
1
107
122
159
114
130
100
108
74
9
106
93
123
149
123
148
117
109
3
110
79
142
102
138
99
115
107
0
107
139
115
113
103
112
102
86
1
106
147
85
111
152
78
129
138
6
80
113
116
125
121
134
89
80
9
136
121
122
138
120
134
138
74
3
92
129
105
108
119
123
150
142
3
106
128
151
127
113
129
117
100
5
162
116
113
115
130
120
122
84
7
106
136
104
88
149
99
121
107
5
128
106
129
112
122
133
100
125
2
112
99
82
121
133
113
81
86
0
98
131
148
121
95
140
90
70
5
154
129
115
108
123
105
140
145
8
99
101
117
123
107
108
127
121
0
127
109
93
109
92
121
135
121
4
90
117
86
85
105
112
151
120
6
128
131
106
134
108
138
98
102
4
119
115
89
110
128
127
114
87
7
120
114
101
108
122
109
127
120
5
111
92
123
47
156
116
94
135
7
128
109
123
155
107
126
115
106
6
109
143
117
131
117
124
93
127
2
126
126
109
93
113
164
96
81
4
184
124
112
113
108
149
94
99
9
116
120
104
136
111
146
104
108
3
112
155
101
127
164
129
113
114
6
128
113
122
94
99
121
128
131
4
122
115
135
149
126
106
107
120
3
115
121
105
107
133
122
138
102
7
135
117
131
148
109
112
166
124
5
128
127
109
129
92
110
141
137
3
101
113
99
127
114
130
107
116
5
139
134
129
143
114
108
121
99
8
106
99
126
139
112
120
136
117
6
170
109
155
88
104
108
124
97
2
126
108
129
127
114
103
114
94
2
92
117
79
86
143
79
94
137
2
68
98
102
120
156
137
88
117
7
94
76
105
96
102
186
107
150
2
131
148
105
100
120
97
117
129
6
142
124
135
128
151
107
110
104
4
95
120
122
79
109
128
120
136
4
129
91
112
100
112
119
149
137
9
120
124
152
122
86
92
148
58
9
94
154
122
120
97
108
136
96
9
123
146
95
98
84
91
97
152
5
123
102
88
88
107
138
95
105
9
88
120
116
111
107
100
122
161
5
142
122
101
100
144
102
129
102
0
98
127
107
111
129
129
118
134
10
122
133
107
94
108
107
115
98
10
109
153
97
143
107
90
96
120
10
77
114
114
95
128
114
155
126
3
122
117
96
95
79
139
106
112
7
104
99
85
114
131
134
120
129
3
98
149
112
102
98
90
89
107
6
100
114
136
110
117
139
154
144
3
95
128
143
128
116
114
110
73
7
117
82
127
121
139
121
132
122
3
109
64
60
146
122
106
129
158
7
132
125
116
86
93
135
121
119
5
112
95
135
128
98
99
89
148
3
131
124
134
101
120
113
110
120
7
104
108
100
84
128
106
79
109
1
128
103
136
83
84
114
106
119
10
135
63
93
102
128
140
110
127
3
129
125
101
133
100
90
131
117
6
70
109
121
106
129
124
101
85
8
105
120
120
115
100
142
134
98
5
114
149
127
106
123
115
106
126
2
74
92
156
93
157
108
121
140
1
112
143
141
122
129
120
150
116
2
105
125
121
85
126
123
126
135
8
139
124
132
112
134
109
104
116
0
134
136
90
105
91
127
107
81
5
127
121
133
120
85
106
109
143
5
95
118
135
155
155
132
100
117
5
97
121
158
103
148
112
143
76
1
115
107
132
154
140
112
99
113
8
72
71
117
121
123
132
143
84
0
148
120
91
134
96
126
119
104
9
105
151
135
126
93
125
112
140
4
126
132
98
109
122
118
115
132
10
113
124
128
114
100
111
86
90
4
128
164
80
73
86
111
73
119
2
92
129
99
135
159
171
87
140
6
137
92
99
162
99
112
107
120
9
102
140
114
90
146
114
134
101
5
119
96
122
93
129
86
111
99
9
127
133
158
133
87
128
126
91
1
150
123
106
92
122
142
127
117
0
91
86
126
124
132
136
124
92
2
139
100
142
128
108
127
139
134
2
108
125
142
133
74
104
93
128
8
92
153
146
114
129
144
177
78
5
115
149
129
85
110
147
84
114
6
98
125
139
116
121
113
131
141
3
146
121
129
123
110
119
98
103
5
107
124
77
117
154
100
136
121
0
124
134
113
131
148
176
118
94
4
117
120
125
123
112
139
119
127
3
113
133
107
129
134
122
123
114
0
124
125
94
109
120
149
142
130
5
99
134
141
120
121
131
126
134
0
93
97
120
125
134
139
88
112
8
106
114
135
135
155
112
113
113
10
92
114
103
107
119
114
101
105
2
96
93
113
127
138
137
94
118

