14
8
1
10
1
3
2
1
5
8
1
4
3
1
10
3
3
2
9
5
6
6
2
1
9
8
1
134
126
124
114
112
122
137
106
7
122
86
106
158
126
112
76
72
1
102
137
99
128
104
95
98
124
1
75
154
100
133
133
91
59
117
9
118
132
103
101
140
145
120
93
9
129
123
131
100
106
136
108
97
6
97
101
125
101
155
115
122
112
6
119
121
127
124
106
129
127
91
6
127
136
133
104
124
109
100
109
9
120
106
106
129
109
152
92
92
3
147
163
103
96
129
108
109
103
3
105
107
92
127
101
94
157
101
2
136
124
109
100
114
114
116
79
8
140
81
142
109
108
114
101
103
2
99
108
131
114
92
113
131
112
7
139
136
117
108
116
89
112
134
5
106
124
98
142
133
143
118
100
2
134
75
74
84
102
113
141
123
9
131
109
121
106
126
121
134
132
1
126
99
108
89
117
135
87
77
1
142
93
142
115
134
127
133
156
8
114
157
122
92
115
142
114
122
10
116
112
141
126
130
153
107
119
2
143
93
98
96
137
136
140
110
5
100
158
131
73
101
116
127
145
1
134
119
100
135
77
132
104
98
4
85
106
91
133
132
118
145
94
1
88
100
92
101
99
99
106
129
9
135
91
119
129
106
125
97
93
1
171
136
153
132
119
135
100
116
9
135
88
94
120
132
130
96
92
9
134
139
135
129
114
83
114
137
3
72
131
124
99
96
153
118
91
2
141
129
136
120
147
106
107
99
8
105
122
111
125
129
77
132
99
8
149
99
138
93
107
99
98
142
9
113
98
113
133
100
92
102
102
4
149
148
122
113
113
115
137
112
6
120
121
120
128
129
122
127
128
9
76
120
102
123
121
123
128
136
9
84
113
147
124
115
131
135
101
2
125
121
140
151
143
106
137
83
9
76
121
121
119
129
143
138
97
2
77
131
92
108
130
88
103
151
4
107
128
94
119
129
142
140
107
2
117
95
132
140
114
114
93
134
8
100
131
113
94
151
112
71
92
1
115
145
135
137
78
87
123
150
4
140
82
99
89
124
134
79
141
8
124
131
120
107
130
123
85
138
5
150
119
106
99
112
118
145
82
2
106
135
113
164
150
128
94
141
9
128
135
123
120
106
124
102
162
6
116
151
121
114
100
114
78
149
1
156
92
141
78
127
156
85
142
7
116
134
123
115
153
109
126
86
4
129
128
119
87
112
113
99
114
10
101
154
150
113
130
133
111
113
0
126
122
105
157
99
131
116
99
1
142
143
126
108
105
130
138
82
1
128
105
124
103
134
98
78
111
5
91
122
133
113
121
128
99
92
5
97
155
74
87
92
168
142
143
6
128
91
86
127
90
124
135
99
6
109
84
121
134
154
143
87
122
3
122
127
129
99
129
103
85
106
3
92
145
110
137
128
121
127
133
0
107
116
145
134
93
92
79
125
9
105
142
106
106
136
132
94
122
4
141
116
94
115
102
115
127
142
10
104
142
113
92
142
92
112
142
9
87
134
108
138
105
123
128
141
7
133
140
113
104
92
127
121
146
4
91
87
97
105
93
137
178
128
9
107
94
110
147
113
125
131
107
10
150
123
142
84
94
94
120
145
8
115
136
91
110
103
106
113
121
9
123
130
118
95
131
88
140
140
3
119
143
140
128
114
146
105
79
2
106
128
134
140
114
143
111
98
3
128
127
121
118
114
113
69
122
9
146
109
105
100
102
135
146
86
3
120
126
125
133
110
81
126
110
2
113
99
106
125
145
100
100
150
8
77
114
113
113
134
111
101
88
2
121
117
136
111
88
157
128
92
6
97
105
156
109
108
107
100
103
2
85
102
115
122
109
142
113
85
4
111
140
124
114
120
127
156
131
8
98
124
90
104
106
115
127
142
2
91
74
133
106
108
113
110
123
8
135
133
144
107
109
170
91
123
8
101
124
127
91
127
130
162
139
0
143
127
96
146
148
143
160
100
5
133
114
129
127
139
122
112
121
5
129
97
121
110
70
146
97
70
2
94
106
140
76
113
122
154
145
1
96
105
148
103
142
103
106
128
4
98
99
122
120
94
149
101
119
6
135
121
133
121
120
113
115
128
6
118
105
102
120
112
132
59
147
4
128
98
120
127
128
88
132
92
1
131
120
112
163
104
149
92
128
3
102
137
100
163
98
112
115
135
9
94
110
110
87
85
95
115
90
4
75
115
95
129
97
85
133
127
4
121
101
141
127
66
102
142
111
8
92
105
164
114
117
108
134
68
1
113
121
82
99
135
77
101
190
4
97
87
122
103
108
99
115
127
7
108
134
103
114
119
118
95
148
3
125
121
99
147
120
141
116
112
4
163
117
121
121
95
119
104
137
10
127
156
92
118
127
97
93
124
10
139
116
70
90
139
115
145
106
7
113
112
115
127
144
119
89
86
7
102
89
124
117
136
89
142
133
3
128
101
91
148
120
98
114
120
5
104
113
133
122
109
106
115
96
9
147
101
119
108
76
91
127
118
6
135
115
94
144
116
92
144
125
7
113
79
151
81
122
133
120
92
3
127
58
112
114
123
125
106
107
5
121
116
79
106
118
133
95
93
2
115
141
114
137
108
120
141
107
3
97
105
119
124
140
100
103
99
5
127
113
137
78
142
147
168
106
7
129
140
122
117
98
81
119
120
4
122
92
118
135
163
111
97
126
5
102
140
88
138
136
140
99
127
0
152
133
102
115
125
112
88
107
10
141
103
112
123
126
122
100
126
4
116
114
98
129
111
114
93
121
3
132
125
152
121
74
111
99
123
7
100
119
117
152
109
154
112
139
7
116
109
112
152
128
113
92
142
7
128
91
122
142
127
136
113
121
3
89
119
51
94
114
105
141
86
3
152
125
134
107
132
100
118
138
3
80
106
125
114
148
117
99
110
9
114
127
117
120
66
121
164
104
6
98
157
98
115
107
136
98
93
6
99
97
140
117
115
112
110
88
8
97
114
103
120
105
153
120
152
3
111
119
124
105
102
120
134
113
7
139
145
123
128
135
119
134
133
7
142
99
74
120
165
123
134
120
9
113
108
105
113
84
97
116
119
4
123
100
142
125
137
90
126
85
10
134
125
137
100
126
140
90
113
7
131
128
121
86
135
117
141
122
10
149
130
102
128
78
95
111
95
7
129
143
105
85
102
129
155
115
2
57
87
126
116
106
94
113
91
7
123
133
111
148
115
142
94
113
3
141
142
113
100
145
126
127
128
8
100
84
104
122
100
121
115
80
6
106
115
116
129
98
115
98
137
8
92
92
105
113
92
130
131
95
2
123
115
96
135
112
112
105
125
6
109
136
147
128
85
107
121
120
4
113
119
151
114
91
148
106
139
2
142
112
93
138
108
95
103
117
6
124
130
122
112
112
119
115
140
2
141
125
99
100
131
123
135
128
6
101
111
119
92
138
105
115
98
1
108
111
112
135
146
101
97
143
8
106
113
127
135
136
145
121
107
2
95
109
72
129
105
115
143
144
0
102
95
78
103
85
111
108
109
3
91
122
121
151
117
147
145
99
3
106
176
85
101
115
113
102
114
2
108
94
115
115
106
126
104
129
9
111
99
89
88
117
135
99
97
7
118
173
141
136
104
100
96
150
3
101
112
122
105
154
141
144
104
1
151
79
133
122
141
92
127
114
0
155
82
132
117
127
121
105
120
8
138
105
133
131
114
135
97
125
2
124
113
124
99
126
99
126
111
0
94
135
124
129
124
119
112
94
5
132
134
95
134
108
114
107
105
5
99
93
100
120
113
114
150
121
6
156
138
121
104
146
136
102
152
1
156
109
118
93
120
128
99
105
9
113
133
120
149
100
120
100
75
3
95
115
117
135
121
100
94
152
3
86
135
97
95
121
164
145
112
1
88
108
147
128
142
133
108
149
5
155
130
99
121
97
106
128
122
0
140
135
98
117
135
99
157
115
2
118
151
136
136
132
135
107
97
8
106
111
124
136
113
111
100
105
1
126
114
107
134
92
105
97
131
5
126
91
159
136
85
114
120
140
6
121
136
141
106
142
114
71
92
10
119
122
120
143
118
155
88
143
1
124
87
113
136
85
104
128
122
7
156
133
95
98
91
148
109
130
9
124
99
89
131
142
106
91
93
1
103
128
83
148
135
110
126
102
7
99
126
125
137
89
106
99
118
9
122
115
120
121
99
128
122
77
6
127
114
121
93
102
123
122
156
8
105
142
102
105
138
121
140
133
7
126
114
148
122
108
130
119
100
1
117
111
113
113
129
135
140
142
10
100
128
122
128
124
118
101
115
7
93
105
118
112
133
110
99
119
3
99
106
100
124
134
106
79
115
9
149
96
112
135
142
57
117
135
3
113
138
119
142
92
79
107
130
9
119
99
132
101
130
100
133
103
7
108
99
120
86
141
82
112
133
5
137
97
152
181
129
140
78
173
4
105
131
150
84
121
113
143
114
4
90
142
102
133
107
109
126
120
4
162
91
138
118
136
97
141
85
10
107
125
94
108
115
121
98
113
6
103
91
98
139
123
122
156
96
9
119
112
100
99
139
112
115
145
3
112
87
101
111
111
123
100
142
9
92
131
139
135
115
111
106
121
4
124
149
131
110
128
135
127
138
6
136
93
120
119
116
136
136
121
9
158
142
132
112
121
110
106
106
6
133
135
142
127
131
146
118
125
4
128
148
143
128
127
80
107
135
2
93
119
147
92
102
133
140
142
5
93
100
121
156
111
112
108
120
3
118
152
117
81
116
122
87
154
7
108
107
140
94
102
122
124
113
2
95
128
120
114
125
118
103
136
1
93
134
136
127
138
81
133
142
8
130
122
153
101
139
79
93
102
6
94
160
120
113
87
138
104
136
10
119
134
117
164
113
164
106
94
3
140
124
134
71
125
100
131
110
8
106
138
136
127
100
124
101
119
3
128
88
119
121
87
86
98
99
5
113
106
121
119
110
108
119
110
5
128
113
140
101
86
155
71
128
5
125
96
105
121
113
133
119
148
9
77
78
131
93
96
139
129
106
5
136
127
93
119
172
97
116
100
7
140
111
127
119
149
133
141
100
5
120
104
87
128
112
127
120
148
1
116
133
145
98
100
129
105
85
1
143
134
130
101
99
115
97
144
7
114
132
123
105
106
103
133
112
6
113
92
119
114
84
141
85
92
3
176
112
141
105
130
157
90
120
10
83
145
125
115
125
114
120
134
6
122
100
116
131
134
79
97
89
0
114
163
100
109
113
129
83
120
5
94
121
122
160
114
80
157
131
8
148
86
69
107
129
113
123
94
0
98
122
91
117
142
113
137
104
9
128
136
94
142
133
103
82
155
1
94
114
126
133
143
93
93
145
5
105
127
147
106
106
169
131
113
9
121
106
136
137
116
161
106
85
7
129
99
143
106
103
121
157
98
8
100
99
146
94
87
129
116
110
0
142
105
147
129
154
122
126
135
8
110
93
128
110
106
158
141
116
2
141
109
106
162
77
130
121
119
9
102
130
130
79
108
119
148
150
4
93
105
125
132
113
128
158
114
7
92
134
148
131
74
106
129
106
10
104
78
116
107
133
105
143
99
1
106
88
87
133
100
91
121
107
1
114
155
92
120
148
113
123
98
7
146
106
105
152
89
133
121
119
3
119
161
94
113
100
114
134
94
1
92
164
139
112
123
142
114
114
4
71
102
128
102
120
99
127
116
5
126
108
131
109
140
135
137
103
2
100
122
156
128
101
118
88
141
2
127
133
126
77
154
100
119
99
2
134
135
121
99
101
127
143
128
1
96
98
108
119
105
124
92
136
0
103
116
99
109
123
121
84
67
2
136
119
118
73
110
111
78
104
2
122
116
148
120
115
116
132
105
2
126
92
139
113
139
107
121
102
9
105
134
106
120
99
117
134
102
10
102
114
154
130
105
105
119
122
2
111
116
123
114
128
110
91
100
4
132
97
146
90
93
98
114
105
2
107
96
126
106
157
129
137
98
6
102
66
114
107
135
128
111
93
6
87
116
111
95
125
87
122
100
5
113
109
160
148
116
113
129
99
2
121
119
150
173
119
117
119
99
1
120
120
142
105
134
90
141
108
5
138
88
104
101
160
93
91
93
7
126
84
119
94
117
115
105
128
7
100
117
108
107
135
105
127
125
3
141
135
130
118
125
131
84
111
8
138
100
125
107
140
103
102
125
4
104
124
104
132
105
107
120
109
6
138
94
107
115
163
109
130
85
3
108
105
108
107
154
109
169
102
1
141
119
107
79
88
106
126
108
4
78
134
145
98
129
96
100
136
0
146
139
135
101
107
131
127
82
0
107
85
151
115
150
81
122
152
7
143
128
133
96
127
100
123
114
1
126
135
151
119
92
134
93
149
7
148
114
93
130
129
93
138
131
2
77
152
103
127
113
122
135
126
4
122
140
90
107
134
112
106
122
2
153
110
99
105
141
136
138
93
6
102
119
142
105
126
136
83
114
2
99
124
93
116
127
122
108
142
7
97
107
126
121
88
118
86
103
5
135
131
107
178
107
115
120
124
0
128
115
108
119
142
132
147
97
3
95
150
80
112
86
105
92
117
7
140
127
114
139
142
134
108
101
10
109
102
126
143
127
86
93
98
8
86
108
122
154
125
118
118
111
4
136
123
96
113
126
95
113
112
0
78
108
124
127
113
131
88
103
8
140
119
121
85
106
115
107
120
7
79
86
129
97
145
114
93
122
0
123
85
78
125
93
151
78
163
0
79
128
146
86
109
164
130
77
1
91
93
148
128
96
142
138
120
7
115
104
96
153
151
138
122
98
7
116
92
109
115
109
133
104
116
5
78
93
130
112
135
138
135
96
5
121
141
114
142
135
127
125
144
9
71
107
154
135
103
126
114
106
0
119
150
167
100
121
110
98
99
3
94
124
101
77
115
118
107
138
3
130
98
121
81
143
98
114
81
7
113
63
191
85
168
126
110
69
8
122
132
101
132
123
94
90
121
6
114
87
115
130
75
117
110
116
6
110
119
90
148
156
143
98
89
9
94
121
114
101
109
119
101
105
1
87
106
110
98
93
121
129
121
3
113
120
87
97
132
121
111
137
3
149
121
98
129
156
105
130
121
5
109
124
108
110
158
107
134
137
5
69
122
106
135
107
135
114
119
5
86
122
104
134
134
120
129
104
8
123
148
74
122
119
164
99
98
9
123
132
106
104
113
106
134
115
1
84
120
110
93
88
142
85
127
0
163
148
155
107
131
108
115
104
7
83
132
110
156
108
137
103
127
8
97
141
146
146
124
127
95
103
7
106
92
107
102
156
120
111
107
7
128
115
137
99
116
139
93
119
8
107
137
94
109
158
111
113
118
2
86
142
110
90
143
108
94
128
9
128
107
119
119
127
120
161
119
2
132
122
91
112
126
106
127
92
5
152
117
127
108
143
111
133
102
6
118
103
102
93
100
158
112
111
9
115
133
145
99
100
149
143
125
4
114
112
107
120
124
78
136
114
1
114
116
121
144
103
117
110
119
0
88
101
110
92
127
93
132
109
9
99
120
94
118
121
135
93
128
0
117
118
92
131
121
132
123
86
4
117
124
122
134
92
118
148
106
8
147
107
114
139
120
121
108
119
1
91
124
110
133
124
106
121
135
3
122
113
117
120
145
101
82
135
7
109
126
126
143
101
90
129
121
9
114
123
105
121
133
100
138
85
2
119
100
92
119
107
129
162
155
5
121
123
82
110
99
125
104
127
3
125
142
107
121
138
133
114
100
4
79
98
105
104
128
94
84
121
4
105
125
146
141
76
94
122
114
7
130
137
108
113
96
85
150
134
9
124
95
99
71
115
98
99
61
7
114
95
142
91
108
126
141
143
0
149
135
128
133
135
137
141
115
1
100
152
72
77
105
134
136
125
5
98
105
100
85
141
132
149
124
5
121
126
127
134
126
150
121
150
4
150
128
145
130
116
125
117
155
5
128
91
85
111
143
149
114
111
2
116
131
132
129
120
141
118
149

