9
5
8
4
9
1
6
3
4
10
7
4
9
9
0
1
5
1
9
8
1
9
4
6
9
4
6
121
94
101
126
114
139
80
94
5
119
126
136
122
121
94
127
139
0
127
132
133
85
119
147
93
120
4
94
122
138
109
119
131
120
144
4
135
98
74
122
118
126
137
97
6
97
126
104
141
110
115
97
106
9
114
136
86
120
96
90
112
138
1
143
137
113
133
104
134
128
126
0
148
175
133
123
108
106
99
116
1
140
73
114
134
100
128
104
132
4
82
128
134
121
137
114
134
138
7
82
82
126
128
127
67
112
118
2
129
106
95
140
140
129
121
91
9
78
109
120
113
118
140
101
125
9
106
135
87
114
157
114
135
127
9
80
80
134
112
118
95
112
125
8
129
113
114
138
133
92
91
130
4
100
113
116
96
113
135
100
121
3
114
62
134
118
115
135
152
103
4
122
113
88
130
101
144
100
90
5
135
135
126
80
125
107
134
112
8
108
146
148
129
120
86
131
96
4
120
96
113
120
121
108
93
94
5
132
97
120
126
142
113
120
85
1
144
77
142
125
164
126
99
127
8
131
135
113
104
117
122
117
105
4
83
117
157
118
145
116
120
174
6
128
107
135
103
92
113
116
140
7
165
134
143
108
116
109
133
105
1
91
107
122
66
135
103
123
116
3
112
160
143
128
102
121
128
127
0
140
117
105
129
121
88
108
107
7
78
85
160
101
92
117
125
132
5
111
149
98
111
125
93
92
134
8
120
141
113
128
132
117
126
134
0
114
163
89
137
139
67
121
121
8
92
108
108
92
119
124
128
104
9
139
110
107
108
117
110
107
102
10
113
95
93
148
128
110
113
113
10
126
130
115
141
113
102
126
108
9
93
135
126
122
141
121
111
111
9
134
112
127
127
87
105
81
123
10
142
149
115
150
119
122
120
106
9
129
140
107
122
119
148
128
132
6
95
97
149
114
115
104
122
119
0
108
94
126
114
156
102
102
107
3
127
112
120
123
137
120
84
113
5
134
140
114
110
141
112
136
128
1
110
141
155
92
129
117
85
92
2
120
164
122
131
108
106
106
113
1
136
129
85
134
77
100
117
150
2
123
107
127
123
123
115
119
85
4
110
137
108
121
98
122
70
121
6
135
136
91
134
135
141
150
141
1
130
107
99
109
129
111
116
119
1
101
98
119
112
95
99
124
120
7
105
104
115
151
128
138
120
116
3
107
138
107
122
86
138
117
115
5
109
134
134
136
87
116
106
116
1
91
114
134
94
139
111
126
112
7
118
75
87
128
123
105
107
120
2
126
103
126
85
126
151
133
135
8
107
106
118
142
137
123
108
140
2
141
139
91
115
133
116
90
148
3
136
108
109
125
99
127
107
97
5
150
161
86
83
122
111
99
107
6
136
91
75
115
110
119
114
70
2
113
106
121
94
124
132
107
107
3
101
105
112
149
105
119
101
114
5
112
99
89
129
157
125
116
114
1
90
135
97
93
158
125
140
103
8
109
160
103
130
128
113
82
125
8
127
117
142
137
111
116
108
82
10
142
121
134
94
133
92
137
140
2
126
149
111
119
113
95
120
136
2
148
107
107
128
132
142
119
136
8
121
161
79
94
100
120
113
141
6
106
112
119
147
134
113
111
117
9
149
98
115
114
114
101
130
93
1
128
128
109
142
148
125
115
114
1
121
82
106
144
81
124
135
123
1
73
122
120
119
99
142
86
124
7
115
130
107
95
116
136
150
157
3
135
83
82
134
110
118
107
134
4
142
99
139
79
109
129
136
134
5
135
107
110
90
93
105
118
100
4
97
113
88
136
134
126
145
93
2
139
85
128
128
141
111
115
115
3
157
134
115
148
141
97
119
140
7
130
113
170
72
92
132
95
127
2
140
97
118
101
141
86
83
128
5
117
110
103
127
78
134
135
150
9
132
84
101
138
110
162
139
115
10
138
114
140
116
81
137
136
163
8
139
102
120
126
125
125
123
90
3
119
121
120
126
78
100
115
120
3
117
107
109
134
153
141
114
104
6
123
115
120
128
134
126
133
101
9
122
150
150
126
110
175
148
105
1
111
114
98
149
136
90
129
122
9
74
117
122
107
121
124
118
100
9
107
134
115
99
114
150
140
128
5
91
126
129
142
99
98
100
168
8
127
105
135
100
128
106
143
106
6
133
127
113
128
120
112
123
107
5
95
132
110
126
105
141
98
98
5
118
71
93
135
75
128
145
134
4
121
98
109
171
87
113
115
129
5
102
136
145
141
116
127
128
105
1
152
115
107
76
110
143
125
122
1
126
125
100
106
133
93
123
128
2
122
105
141
116
129
121
90
112
4
178
127
133
120
143
136
105
114
4
100
115
175
112
84
99
112
136
9
105
151
134
109
133
121
78
136
6
113
131
87
160
128
134
137
143
9
85
109
143
114
57
124
118
128
1
120
121
129
129
148
87
121
140
6
126
115
119
114
123
127
118
92
1
106
110
143
96
129
116
107
111
0
135
151
101
128
144
120
118
135
7
112
149
113
99
142
119
108
119
6
75
143
86
136
107
115
85
108
6
113
154
120
105
143
121
88
99
8
162
110
134
138
134
122
150
107
9
111
124
121
106
84
135
113
113
5
86
127
93
106
147
105
130
139
2
138
87
167
142
73
116
98
116
3
118
81
124
104
117
134
111
127
3
133
104
127
114
141
88
115
132
5
138
126
79
96
106
119
124
134
6
120
133
108
100
130
84
104
74
6
119
131
122
136
127
108
103
122
9
152
152
111
88
130
128
131
102
1
157
93
126
153
125
132
129
120
6
108
86
106
155
185
156
83
118
3
152
142
140
120
106
91
113
111
4
117
128
113
102
116
125
92
117
3
145
142
83
119
100
124
141
103
2
133
91
95
130
113
118
143
86
10
86
125
111
65
119
108
106
129
1
126
135
141
163
128
120
113
121
8
105
129
94
113
130
136
106
121
8
113
102
114
112
131
122
114
131
7
95
143
74
112
96
65
106
154
2
88
115
98
120
121
131
93
147
4
92
81
116
100
108
119
136
142
9
105
103
108
155
122
122
103
113
6
100
94
66
140
117
93
124
108
1
126
135
132
120
89
136
89
118
5
107
121
95
122
123
118
156
133
1
128
112
120
147
132
104
105
152
1
145
96
142
103
156
122
113
108
5
101
133
112
101
157
89
148
83
5
114
128
143
103
116
106
103
136
1
118
104
136
127
142
92
129
151
5
113
77
120
154
114
120
80
145
2
105
132
130
98
147
138
100
106
7
137
139
121
106
140
106
127
127
2
137
121
121
114
156
119
129
126
5
108
146
114
111
107
135
162
150
0
71
155
156
100
105
111
89
119
1
115
104
101
106
112
127
136
86
5
138
102
115
112
117
102
149
93
7
145
142
109
128
145
141
133
111
2
150
66
117
113
134
162
91
109
8
106
138
70
125
121
85
124
123
8
139
112
136
141
87
114
126
96
5
140
128
119
95
111
106
118
136
6
131
81
85
127
92
132
96
133
8
113
131
100
133
143
106
107
106
6
104
110
133
105
140
101
106
119
5
135
105
106
112
113
128
115
145
7
110
85
130
117
168
131
120
136
1
130
128
122
142
120
83
106
93
6
111
115
77
94
141
111
121
121
6
127
137
134
71
107
95
122
126
2
116
111
106
113
82
121
110
120
8
104
116
93
105
67
112
147
73
6
142
149
58
129
108
119
96
105
2
118
108
134
112
134
127
100
115
7
110
127
83
125
121
127
119
133
3
127
144
133
127
99
100
95
128
3
117
118
134
78
127
114
143
81
6
108
99
128
128
90
134
88
82
5
121
123
94
141
105
85
106
159
3
94
91
118
115
118
120
108
121
3
142
126
120
114
154
142
121
117
4
92
92
117
118
104
85
138
101
10
107
107
121
140
115
139
140
108
9
84
94
141
98
120
117
119
89
7
142
106
126
100
115
78
93
121
1
109
114
140
130
95
98
122
144
6
102
106
121
164
127
121
122
121
1
98
133
120
93
155
142
102
102
1
110
120
129
127
141
144
107
129
2
117
148
113
114
118
119
113
107
8
141
102
115
88
123
114
127
87
1
134
126
114
156
71
138
123
133
7
101
134
98
97
141
94
86
93
8
118
113
122
106
101
97
107
123
5
131
113
149
99
144
102
83
143
4
99
117
115
128
118
112
91
95
6
140
116
106
99
115
114
129
119
4
85
107
101
127
124
103
138
122
2
122
128
104
110
142
115
121
113
1
89
125
106
106
99
107
94
107
4
102
92
137
114
120
167
127
122
6
106
121
126
98
106
140
121
140
9
128
124
113
97
137
113
102
135
10
128
80
101
163
107
154
113
127
4
84
120
133
121
94
92
124
77
2
124
106
154
133
118
85
68
89
4
114
143
120
121
88
156
113
121
7
77
106
77
114
112
111
124
105
4
135
142
135
128
67
125
91
117
6
108
87
139
128
100
119
149
148
1
124
155
96
167
110
82
97
105
6
76
93
85
113
105
118
141
145
4
126
125
134
132
104
110
136
126
1
128
113
122
96
129
108
98
115
2
123
132
92
109
128
128
120
127
1
111
89
108
106
121
122
102
136
7
113
127
140
94
110
108
100
116
7
132
94
121
104
155
128
138
135
5
130
97
113
120
123
129
112
128
8
94
111
129
110
139
149
109
136
5
108
118
106
135
99
120
77
108
3
106
136
115
86
120
152
87
118
1
133
105
119
126
112
93
123
99
7
150
94
129
101
157
119
121
98
6
113
113
127
143
163
104
113
132
4
114
116
109
150
127
105
134
112
8
113
99
111
122
120
117
106
114
10
114
132
103
106
119
114
90
117
3
107
78
154
121
97
157
115
154
9
112
114
159
148
127
121
129
124
3
126
111
115
126
104
101
147
100
9
113
124
86
107
85
110
128
119
6
144
134
100
136
100
99
120
133
6
78
145
74
125
128
84
150
85
3
106
114
139
87
105
146
93
93
5
94
122
117
144
103
146
102
121
1
133
100
108
113
114
142
124
97
3
118
134
127
114
158
108
85
107
9
141
150
143
131
100
120
87
115
7
101
80
102
106
91
105
119
150
6
99
123
92
134
121
131
122
97
6
115
137
109
102
77
105
120
140
3
111
123
140
139
79
141
107
135
1
157
122
105
99
137
118
112
82
10
129
127
85
142
107
127
93
123
2
121
115
139
136
127
121
153
105
3
112
93
105
118
117
107
155
103
8
123
167
126
125
93
102
166
111
3
123
102
133
126
127
99
133
138
7
124
107
121
149
122
109
107
144
3
114
79
129
120
136
132
159
122
5
128
140
107
127
123
98
112
125
2
71
182
127
122
126
96
107
123
8
126
129
155
87
116
109
101
152
2
133
125
117
117
134
130
81
127
10
99
147
115
119
111
149
118
99
8
77
100
80
120
163
56
98
129
7
124
97
114
87
120
132
99
118
5
106
93
140
127
120
123
140
104
7
118
114
139
78
101
121
98
103
4
135
136
163
104
136
120
134
95
6
150
133
94
111
95
87
116
133
8
121
85
124
113
105
126
104
89
8
142
164
119
112
106
126
126
112
9
113
101
129
117
95
110
134
108
9
127
123
111
122
108
139
123
98
6
78
97
123
86
100
120
115
132
8
115
93
126
140
101
91
114
67
3
126
149
92
114
161
73
115
108
4
137
113
153
113
113
136
143
107
8
114
136
71
110
141
94
74
111
10
105
97
129
126
112
129
163
114
2
107
99
107
121
140
115
119
104
9
91
114
126
76
121
79
146
156
9
65
100
119
105
108
140
117
143
8
112
116
119
105
127
103
101
138
4
114
127
115
134
122
114
121
136
3
135
142
101
114
121
102
124
138
2
98
116
171
107
99
143
120
130
8
128
162
139
133
114
106
119
103
9
107
134
113
116
95
118
116
93
4
95
122
80
122
156
138
106
100
4
99
125
89
105
150
112
125
114
2
115
93
136
127
123
155
135
111
4
130
94
106
97
135
104
136
115
7
114
126
136
127
101
106
94
128
7
121
104
121
120
102
114
148
92
2
146
132
87
100
139
93
81
107
3
120
88
57
94
155
98
128
119
7
114
92
124
135
141
111
121
150
8
118
107
138
144
112
149
147
150
6
103
128
122
166
106
100
130
104
3
136
80
92
138
135
110
123
87
5
128
119
109
106
128
148
114
128
9
104
119
133
118
136
119
144
108
9
135
117
112
123
142
119
111
98
5
108
74
133
98
109
110
63
167
7
114
148
121
122
174
93
140
106
9
105
85
126
108
105
101
110
149
3
118
106
116
94
164
74
117
114
1
121
107
126
94
130
133
122
89
7
141
115
72
135
107
94
125
92
4
105
146
105
135
109
69
117
157
4
115
120
142
120
84
116
121
134
5
135
122
107
142
92
121
114
128
4
119
127
140
114
112
101
137
92
1
100
112
109
80
130
134
86
91
5
115
113
99
108
98
97
113
104
3
98
154
93
93
99
97
98
129
4
104
111
155
136
122
106
142
121
2
141
100
111
144
121
146
65
140
0
167
113
78
119
108
62
123
151
2
116
138
122
101
128
108
82
123
6
100
100
92
105
114
107
156
160
1
114
121
91
126
134
112
104
121
6
151
110
115
120
98
142
113
106
2
121
135
146
115
82
141
123
113
5
141
89
122
114
120
129
100
82
9
128
100
76
133
120
112
74
106
4
84
128
113
106
125
74
143
138
3
95
120
125
130
143
136
154
131
4
103
125
92
122
105
93
100
113
7
127
69
98
154
132
157
136
110
0
142
94
122
101
88
114
119
112
6
107
119
125
116
72
81
124
107
2
105
114
111
156
134
142
139
132
9
76
100
133
135
113
125
85
128
3
163
121
148
99
123
133
120
149
8
99
98
115
107
128
127
109
94
5
122
104
129
112
99
122
113
113
0
110
119
113
114
112
114
101
128
7
169
85
119
101
85
105
113
98
5
101
108
101
102
121
121
141
133
1
120
113
119
120
114
117
136
132
5
100
106
150
98
131
104
112
119
2
107
141
127
144
104
127
133
136
8
133
145
106
107
81
127
125
112
4
102
120
99
116
118
142
163
139
8
103
108
106
127
142
117
112
104
4
132
88
124
127
121
80
127
112
8
104
145
92
135
119
140
115
97
2
97
120
134
110
108
119
110
71
4
100
97
114
87
100
142
76
120
4
129
132
99
120
109
101
111
101
3
163
139
101
114
119
142
130
122
6
86
142
102
136
120
169
88
123
9
120
133
140
102
148
112
72
127
5
92
130
111
99
110
107
106
100
1
135
133
99
154
96
98
115
98
5
109
96
136
66
118
126
93
121
10
114
132
122
72
115
124
92
96
9
120
125
120
117
107
148
130
112
2
99
99
91
133
142
162
155
67
9
90
114
121
99
105
129
85
136
2
119
128
79
127
126
126
109
112
7
126
82
135
125
122
103
104
116
4
98
104
107
115
109
115
81
116
2
124
161
140
107
138
80
136
130
3
123
112
135
112
114
108
128
92
8
98
99
99
129
146
103
122
118
9
112
148
161
136
122
131
94
101
4
92
136
108
93
140
132
122
109
9
121
130
121
146
111
116
107
106
9
102
143
101
90
128
104
82
122
2
123
126
126
149
112
92
124
121
1
121
163
110
114
123
129
112
121
1
101
114
94
111
148
140
128
93
3
130
93
127
107
153
169
86
129
1
135
103
105
134
143
102
147
100
7
119
83
111
134
127
129
141
128
8
95
152
99
142
158
144
107
137
4
122
135
119
119
134
159
115
141
6
140
96
170
96
135
126
138
142
8
155
98
124
139
144
125
121
123
3
107
112
135
119
119
117
106
82
9
126
122
134
116
99
124
99
144
6
121
112
113
137
131
137
121
130
6
123
100
121
131
177
80
121
114
0
100
120
98
128
124
100
99
107
7
113
122
135
106
95
90
131
111
5
134
146
136
132
107
132
110
106
2
104
70
83
130
109
136
141
149
5
110
123
132
99
100
93
130
110

