12
5
3
9
2
7
1
5
9
9
7
10
1
2
3
9
10
7
12
0
8
10
4
5
3
5
1
124
86
105
121
154
143
131
107
0
92
108
128
99
107
104
123
120
4
97
148
132
105
86
87
119
134
4
133
119
139
128
127
140
144
153
9
142
136
115
131
128
114
136
109
3
128
121
116
121
119
92
95
100
4
107
146
128
126
136
119
114
119
4
114
130
142
140
127
127
91
107
4
156
157
85
143
154
104
121
95
5
90
107
126
101
99
131
96
142
10
130
112
92
128
153
87
142
128
5
129
122
116
108
135
99
141
116
2
110
129
178
98
97
126
138
63
8
99
129
141
148
72
96
103
146
8
93
111
92
129
113
116
150
136
8
133
119
150
129
146
157
121
115
9
113
112
120
81
125
114
111
106
8
107
127
116
109
128
119
133
105
10
140
106
133
127
123
128
97
137
6
141
84
89
135
119
122
146
106
6
134
154
92
128
106
84
108
106
4
118
135
90
127
107
116
92
106
7
88
126
117
113
122
148
126
95
3
100
146
147
79
130
128
106
129
8
109
120
118
84
97
106
142
80
0
105
99
135
122
132
90
122
113
9
97
104
132
120
146
134
135
112
0
112
139
100
106
109
153
128
136
3
108
80
102
101
145
74
106
112
9
118
142
122
133
97
107
136
106
7
115
127
110
99
136
104
100
144
9
129
154
119
113
131
106
95
135
5
141
134
127
87
141
142
137
116
6
130
99
128
95
93
100
104
132
9
107
127
148
110
94
97
112
133
5
129
125
96
92
107
98
85
122
0
98
128
126
123
120
107
138
101
3
119
80
126
111
71
113
143
150
6
147
103
163
96
105
103
128
136
0
113
65
85
124
134
121
88
128
2
108
115
109
113
136
162
127
108
4
101
126
135
142
122
119
120
84
9
125
122
113
110
116
106
120
114
9
70
131
109
121
98
133
106
106
8
148
121
120
112
120
129
131
113
7
148
135
128
86
118
143
128
96
2
134
111
123
106
108
155
97
93
9
141
92
98
130
105
106
135
100
5
86
128
128
121
98
119
99
97
3
114
107
86
126
108
73
99
149
3
104
116
121
74
123
128
140
142
4
105
122
100
104
106
112
94
133
2
115
129
127
85
127
112
128
147
2
111
106
127
145
179
109
71
111
2
141
126
86
100
148
127
142
111
3
112
121
117
92
105
105
93
108
2
148
96
107
155
97
136
126
113
7
116
108
101
106
134
119
111
135
3
97
104
87
116
80
123
135
128
5
114
118
132
88
106
100
128
89
8
134
109
113
135
135
134
114
104
9
112
142
122
133
120
130
105
92
1
115
114
101
128
110
113
135
110
7
100
150
144
118
108
85
112
126
10
95
135
129
128
121
134
122
108
10
100
134
86
106
109
126
122
106
0
110
133
119
122
127
133
143
123
5
141
141
125
121
127
106
84
116
9
122
142
130
94
89
114
114
100
8
86
92
138
144
110
125
112
157
9
102
135
128
129
129
114
100
162
6
171
96
128
146
112
119
122
103
2
122
89
135
125
87
110
89
77
7
107
104
148
106
135
105
127
136
3
102
155
125
115
135
113
108
113
10
80
108
87
137
132
97
120
121
8
99
128
128
122
103
111
89
121
9
101
139
106
97
130
125
106
73
1
93
142
112
106
129
123
107
100
5
117
88
97
143
104
97
115
123
5
143
142
127
91
133
126
111
68
10
132
107
105
140
131
141
118
139
9
134
136
98
111
137
103
92
126
6
106
130
129
84
122
152
101
134
3
102
142
119
92
106
84
121
127
8
110
121
108
112
120
86
117
122
8
128
113
113
96
109
120
130
118
4
126
103
146
141
149
134
134
143
9
106
108
119
131
148
131
100
101
0
141
110
124
105
117
134
145
120
10
94
115
88
142
98
115
150
131
7
114
96
154
113
139
95
93
101
1
162
137
142
118
83
145
107
94
2
90
138
163
128
112
156
119
131
0
92
145
147
92
112
123
121
112
5
121
97
128
122
153
102
118
120
7
137
139
128
97
115
146
86
86
10
124
99
147
147
127
125
142
120
6
101
143
120
79
124
118
143
115
5
115
88
133
154
134
116
79
146
1
97
116
70
79
82
99
169
115
7
135
150
116
88
118
134
109
126
8
92
117
119
132
96
88
133
128
4
128
124
130
133
149
113
124
101
9
116
121
132
96
108
106
103
136
7
110
91
139
90
115
83
116
57
9
143
128
94
137
132
143
136
117
0
113
140
124
96
113
140
133
103
2
130
126
99
142
129
155
107
147
9
130
143
95
128
113
129
118
94
4
126
106
115
143
101
111
121
132
4
70
83
64
124
98
126
138
129
6
99
111
98
143
117
136
115
86
2
114
73
118
129
108
124
121
140
5
91
135
94
119
105
101
135
123
7
143
119
127
103
106
89
114
82
5
141
99
122
118
130
102
94
84
4
115
100
117
156
114
117
149
103
8
101
141
133
140
117
139
170
134
5
127
103
152
139
123
148
127
88
9
106
128
114
91
122
123
121
139
3
112
130
100
95
121
155
114
114
4
122
138
134
129
128
139
143
99
0
142
132
147
121
101
122
136
106
4
87
120
114
103
141
90
91
77
3
108
119
116
150
115
91
152
132
6
117
121
143
90
120
106
136
124
8
121
101
121
93
72
112
139
102
8
98
143
113
87
99
112
114
120
8
120
138
87
130
104
132
134
135
7
130
107
93
113
143
134
138
120
2
121
95
113
77
106
132
105
76
5
135
88
122
144
122
148
131
131
8
111
138
122
101
113
115
123
122
7
122
147
102
147
112
128
149
136
7
99
100
117
114
115
144
135
133
0
148
113
102
104
134
129
99
114
7
111
116
119
117
157
119
114
94
8
116
132
100
121
140
97
106
142
4
112
91
68
114
106
135
135
106
4
130
118
114
152
127
119
140
100
2
113
129
87
109
114
104
80
134
4
116
128
120
82
125
134
123
129
4
94
115
135
112
116
106
116
105
1
119
137
112
161
142
98
118
138
1
103
91
112
133
173
111
109
102
3
143
126
129
114
66
108
118
117
3
170
119
117
112
112
132
129
98
10
107
130
133
69
124
127
113
124
3
86
113
160
112
133
145
108
91
2
99
104
110
114
120
104
111
106
1
119
78
154
126
103
92
89
94
9
99
127
134
139
99
97
126
140
6
116
121
130
105
132
120
109
115
9
141
149
156
81
117
115
119
75
7
115
93
100
111
108
108
103
133
9
108
122
114
96
101
99
120
90
2
133
146
139
113
121
115
101
93
3
94
105
142
134
125
78
104
92
7
90
122
91
131
105
71
129
100
4
101
134
128
57
120
102
111
134
9
105
112
121
87
134
88
94
129
1
135
101
134
134
105
135
106
151
1
106
120
142
89
112
100
115
117
8
121
109
71
110
128
136
149
121
1
142
121
115
107
106
106
124
93
9
69
127
84
132
121
141
113
106
1
132
128
106
128
131
128
139
126
1
143
127
104
90
106
149
143
112
8
115
127
111
119
156
105
122
123
4
155
117
108
120
134
102
101
122
5
127
110
112
131
99
112
112
147
5
120
145
143
75
118
134
134
122
3
150
143
103
98
129
123
119
124
3
114
118
133
153
121
148
126
85
2
90
127
105
92
147
119
112
106
1
119
144
119
116
114
134
120
113
5
96
111
133
127
115
137
113
127
3
122
123
85
124
107
115
94
128
5
113
113
113
77
147
132
97
141
3
140
122
140
128
136
112
129
141
9
96
113
131
125
150
139
104
89
2
135
139
121
132
113
144
106
87
1
121
107
101
127
123
115
134
91
9
161
103
99
94
107
122
121
77
4
119
130
136
107
102
87
71
119
1
145
119
148
129
85
134
119
148
7
124
127
111
138
135
130
149
113
5
100
90
99
95
128
103
88
140
4
92
62
113
130
122
142
101
125
7
87
96
106
113
135
128
100
121
4
159
112
119
108
107
87
118
95
0
128
101
139
140
74
104
121
128
2
50
154
101
108
111
132
120
97
9
126
121
115
136
142
120
122
126
7
106
94
123
109
156
127
132
130
6
138
94
127
99
107
113
113
115
6
127
128
92
101
106
93
105
87
3
134
120
124
112
137
125
113
126
6
133
72
132
81
92
83
134
96
6
129
106
115
111
113
133
103
124
6
129
114
142
103
94
146
100
143
6
114
116
105
113
125
98
144
133
3
127
101
119
106
105
169
84
126
8
94
106
127
125
149
107
128
121
2
116
143
131
127
91
128
102
110
6
148
119
105
125
109
142
137
107
3
164
110
91
102
120
122
94
127
6
131
119
79
128
98
105
92
124
3
144
133
104
128
131
122
115
123
8
114
135
127
131
112
153
132
148
5
144
132
85
124
114
135
116
134
3
115
127
131
112
135
94
104
134
9
96
107
113
122
147
101
119
140
9
156
120
138
124
141
110
107
112
6
96
93
91
122
99
116
128
127
6
120
110
141
128
109
140
86
99
9
86
127
117
91
152
114
185
131
8
129
79
134
146
113
118
147
127
3
133
98
67
123
112
141
87
153
2
113
134
116
114
132
135
71
135
5
73
101
157
124
93
104
110
134
8
86
93
161
145
111
126
149
119
2
103
108
141
113
104
120
145
78
4
150
101
131
127
110
131
87
129
5
91
147
122
138
157
131
98
114
5
81
78
130
108
136
91
120
119
8
114
104
107
103
93
106
114
120
7
153
128
115
93
130
109
107
114
10
102
132
127
107
127
134
121
165
6
122
94
136
158
110
104
105
110
3
126
122
127
88
113
88
140
120
7
138
114
107
110
92
108
146
107
9
121
106
153
163
108
99
135
120
2
95
106
81
117
147
87
94
125
7
106
92
136
134
125
87
95
106
0
99
127
115
128
84
128
134
113
6
129
121
78
132
140
88
114
134
4
87
136
106
126
143
143
140
94
0
106
80
99
107
122
144
127
129
2
140
106
96
73
149
111
107
122
1
104
107
105
148
118
128
132
113
5
127
133
126
112
99
123
98
132
2
85
113
133
119
120
80
102
92
4
142
114
114
147
127
123
123
85
1
126
146
133
99
134
151
110
94
0
101
109
87
139
129
112
106
134
1
122
129
88
105
121
72
126
78
5
78
76
126
119
99
118
46
153
1
122
141
104
99
107
112
157
141
8
136
85
111
121
121
160
89
96
4
146
116
150
112
59
121
129
128
4
100
120
100
113
95
107
90
94
8
141
109
109
101
122
136
134
107
3
136
107
133
101
99
110
103
103
2
109
113
153
132
123
80
99
114
10
140
139
122
99
106
87
143
87
5
101
149
155
119
130
140
123
121
8
88
99
90
133
114
134
89
88
9
108
123
100
125
112
121
107
109
9
114
141
116
103
119
157
142
109
4
114
120
101
128
54
106
116
138
3
107
126
104
99
141
92
125
150
5
73
118
116
124
114
107
123
126
6
123
149
135
121
100
104
119
75
3
110
107
155
126
156
96
89
155
8
128
139
113
129
121
126
131
116
3
134
111
99
111
136
108
136
91
5
104
156
79
94
117
123
150
116
7
77
148
88
121
104
113
152
125
8
100
122
59
124
104
141
112
108
4
141
114
142
120
116
145
128
92
0
116
101
122
117
127
159
98
86
5
115
144
96
133
125
141
105
131
7
100
136
129
99
121
136
139
110
6
134
106
112
118
111
116
78
106
2
83
67
106
89
127
77
127
134
1
128
115
127
145
116
153
150
175
4
92
95
108
165
128
156
105
122
8
155
90
107
112
118
96
101
116
8
121
114
113
106
122
130
77
96
10
99
120
122
80
85
115
96
112
9
101
100
129
181
85
98
115
112
0
100
84
87
87
140
92
135
159
5
120
120
89
122
127
107
122
127
8
133
124
113
110
143
102
135
103
7
107
127
116
110
112
111
90
123
2
105
97
99
128
117
92
110
116
4
80
124
136
138
134
141
113
88
4
143
120
141
141
128
136
92
142
8
134
104
89
102
90
142
114
142
6
146
115
92
99
100
121
141
112
5
120
141
119
109
128
98
97
134
4
119
119
132
128
134
137
150
79
7
90
99
108
122
135
122
142
92
2
149
98
85
117
79
118
130
96
5
81
118
92
139
117
128
82
134
5
128
139
138
119
99
131
139
153
7
107
123
150
87
116
149
90
118
3
122
106
154
120
89
110
120
113
0
121
101
111
123
73
80
98
140
3
126
143
121
119
102
101
128
125
7
114
115
113
93
155
94
128
128
5
107
121
132
119
114
126
139
131
7
98
150
96
128
109
97
143
117
3
105
85
107
127
113
126
129
121
2
136
130
152
104
124
105
117
94
0
92
99
126
120
94
113
122
90
1
125
135
149
121
82
107
136
117
10
123
103
134
110
106
103
164
109
3
140
105
90
108
92
138
143
128
1
126
103
121
79
121
103
100
126
4
105
155
93
124
133
131
103
127
0
85
152
164
92
100
129
132
125
7
114
123
133
120
124
157
157
129
3
131
115
152
113
133
115
109
129
5
135
116
143
93
105
140
113
103
6
100
94
103
104
107
112
163
101
4
122
114
101
133
115
119
105
97
0
134
120
128
86
116
152
100
128
9
149
115
106
128
104
160
103
133
6
103
138
112
128
121
117
121
120
1
130
134
87
107
117
149
74
100
7
136
142
132
121
107
121
85
125
2
123
99
99
112
111
112
140
156
3
156
100
157
134
126
131
122
101
1
109
112
168
120
99
155
122
94
7
120
127
86
108
125
82
119
120
3
118
108
108
126
105
128
114
84
9
148
113
93
125
127
130
116
134
2
109
127
123
93
83
117
161
79
4
138
134
133
96
116
107
119
88
3
118
174
136
127
113
115
104
91
4
128
108
75
147
122
160
141
118
5
120
139
102
142
98
95
162
129
7
124
127
122
113
103
161
99
127
10
126
138
111
114
123
101
145
136
0
148
113
121
142
134
113
123
85
8
112
135
117
119
107
135
116
124
3
94
126
124
120
140
136
102
147
8
141
97
135
102
154
147
100
97
2
126
141
83
120
142
91
90
134
7
142
156
120
108
107
92
143
120
10
147
101
112
106
127
134
101
119
5
87
163
143
85
117
96
94
79
8
121
109
134
113
88
103
127
159
4
109
101
131
105
81
96
121
128
1
139
119
88
141
70
149
150
136
9
120
107
142
120
104
124
96
127
1
117
99
137
107
139
108
134
115
2
135
120
137
114
121
114
108
134
1
109
105
118
153
153
97
99
103
2
119
111
124
109
116
102
114
129
0
96
87
141
98
116
108
120
143
8
119
121
109
126
93
126
133
141
7
132
52
133
131
164
129
93
156
2
125
169
121
60
104
77
121
107
2
123
108
72
96
135
114
82
135
5
147
143
106
115
118
92
107
102
6
112
139
144
88
110
88
133
81
3
113
113
79
127
133
129
131
68
8
122
128
102
146
103
122
147
126
1
99
135
126
113
109
107
120
122
2
106
156
112
105
111
115
84
141
1
126
110
132
116
91
102
99
79
0
122
158
101
79
87
107
135
99
9
96
91
119
100
111
124
77
130
0
148
87
99
128
115
108
169
141
7
141
127
133
131
98
100
114
120
3
108
132
129
108
132
97
106
143
5
94
107
98
126
110
152
90
135
8
105
118
168
111
135
73
105
106
9
94
102
152
148
91
149
99
90
3
134
118
106
112
100
176
85
142
2
86
79
135
86
127
80
107
99
6
114
121
149
131
105
103
105
134
6
148
124
119
131
132
108
128
146
8
127
120
118
128
130
113
143
119
5
153
133
89
99
113
120
112
80
7
119
148
136
142
120
129
121
92
5
145
89
101
107
137
115
115
89
9
107
97
144
93
115
106
105
112
10
114
118
161
113
148
113
94
132
9
114
106
139
110
137
121
137
122
1
120
117
100
123
105
131
114
85
0
109
95
63
162
133
124
113
156
1
101
108
154
140
126
156
142
100
9
113
75
126
118
99
123
108
93
4
125
139
105
139
105
96
98
150
7
100
112
155
138
133
163
143
98

