14
7
6
8
4
1
2
6
6
7
4
6
7
4
3
0
3
2
10
3
9
1
6
4
2
5
0
90
147
116
134
126
79
129
130
4
131
108
92
108
100
141
98
127
3
139
113
139
127
120
113
98
94
7
136
94
92
116
121
132
111
109
8
122
138
133
134
121
100
106
100
6
148
86
120
111
147
121
110
146
6
127
133
94
101
102
107
168
145
7
128
138
122
133
121
114
128
98
1
115
75
110
118
105
121
112
163
7
121
102
143
157
130
146
99
82
1
171
128
118
121
101
140
143
102
8
145
90
118
77
111
142
132
112
6
136
72
147
110
103
148
77
101
9
121
120
94
146
98
150
78
98
2
122
108
127
124
115
112
120
122
2
149
104
115
100
120
133
106
116
6
112
165
123
119
136
121
124
96
9
146
114
113
106
101
129
119
121
0
127
134
131
107
108
86
131
97
9
145
117
95
95
126
132
148
128
2
99
89
135
124
104
130
152
175
1
82
120
89
152
100
94
122
112
5
156
129
130
99
91
127
118
129
5
156
121
149
155
145
135
130
100
10
157
117
146
105
136
108
112
98
9
114
105
122
144
121
124
105
95
0
144
83
111
111
103
111
100
127
9
125
135
92
114
110
133
128
100
2
112
122
112
135
101
107
100
97
7
101
105
99
138
128
113
89
152
0
111
105
124
92
116
106
92
100
7
118
111
129
124
163
107
108
85
9
109
106
133
101
114
120
89
136
4
98
126
132
146
124
87
140
112
2
134
106
92
149
119
107
126
109
10
177
120
104
117
145
96
107
68
10
121
130
120
115
121
86
108
100
8
112
108
112
126
90
94
127
107
1
99
114
119
99
122
101
106
91
2
136
149
124
72
123
121
68
111
8
114
148
142
136
140
113
137
106
3
132
127
138
109
128
149
100
96
5
91
127
108
122
124
119
141
100
2
127
113
109
120
87
127
134
119
8
137
141
113
139
114
109
113
148
6
88
94
148
117
142
134
133
95
8
129
95
110
133
138
111
99
128
7
98
128
127
121
79
90
131
104
5
78
122
110
140
113
110
86
136
2
102
133
84
127
121
126
133
142
4
99
144
94
177
118
122
127
97
1
114
143
92
142
149
120
133
107
2
119
166
93
138
106
71
112
120
9
121
138
120
120
111
95
100
123
5
131
115
101
141
143
134
108
122
1
114
86
142
92
71
136
86
132
0
96
150
94
142
99
121
141
79
8
99
96
88
103
85
88
107
95
7
115
120
113
126
125
120
131
137
4
114
123
89
132
105
146
123
106
3
127
132
140
98
127
135
81
157
7
135
127
156
127
114
123
122
105
4
120
87
113
94
99
91
115
116
0
122
121
103
139
98
89
108
127
1
123
137
102
134
119
91
117
92
6
141
106
141
97
147
98
114
109
2
120
128
135
135
108
134
117
75
9
132
106
82
158
106
108
109
132
10
147
106
163
134
136
146
183
94
4
105
145
124
156
113
62
135
113
6
142
112
106
121
131
99
78
103
6
128
163
156
141
105
89
128
122
2
124
64
105
136
68
179
82
122
6
135
122
114
117
106
102
129
146
9
90
125
149
77
129
102
111
125
6
119
107
128
92
119
131
122
141
5
91
121
91
107
102
129
113
104
2
118
127
79
118
119
134
114
151
9
91
166
142
114
100
107
128
112
1
105
103
109
119
99
149
113
107
8
125
126
113
111
114
106
99
93
3
149
135
143
123
100
113
96
107
8
120
131
154
126
114
83
71
129
8
157
107
138
132
141
111
104
95
5
114
137
87
98
122
117
114
117
6
103
136
107
139
128
111
142
98
7
149
106
92
99
138
153
113
141
2
139
124
149
112
127
100
133
161
1
115
76
106
86
139
107
114
148
6
119
97
137
126
121
95
99
135
7
136
141
80
121
105
90
91
123
6
144
116
110
130
137
114
120
113
9
134
149
130
106
79
93
91
108
6
115
116
133
111
142
78
121
106
4
88
106
115
125
112
114
106
126
3
85
107
124
149
152
118
107
128
8
176
80
112
139
107
100
104
141
7
121
135
135
110
103
111
99
108
10
102
104
90
119
118
99
125
88
5
100
104
111
142
130
115
94
133
5
137
134
88
102
114
128
87
141
5
79
95
126
121
140
135
121
101
2
93
124
81
120
107
101
142
140
6
125
134
120
132
99
101
122
135
7
80
129
143
113
119
99
116
102
6
128
116
130
105
100
114
127
177
1
122
119
154
92
120
87
80
128
8
110
150
134
109
120
119
96
157
8
150
101
106
122
134
135
149
93
4
85
113
111
134
135
154
141
127
4
97
122
120
93
146
79
134
83
5
142
91
109
118
115
118
109
127
8
82
114
71
119
113
113
93
126
7
107
96
152
111
150
126
129
132
8
116
115
115
152
117
121
173
129
7
131
105
124
132
127
91
146
127
3
144
116
134
143
100
110
147
119
9
113
86
113
123
127
102
115
98
2
120
124
126
97
106
108
107
121
7
94
123
112
112
114
117
139
100
4
176
149
130
99
144
118
97
110
7
91
142
115
103
141
120
140
106
1
106
113
97
96
115
116
124
111
8
115
78
108
114
134
123
108
101
5
150
85
142
96
114
87
120
133
3
82
120
101
120
135
115
122
133
9
127
114
114
121
144
153
136
113
2
113
116
141
121
109
120
164
109
1
73
130
130
86
147
111
132
98
4
139
65
109
128
99
94
93
120
0
134
113
112
119
109
139
116
115
0
75
105
140
102
95
80
120
135
1
120
79
121
121
109
149
130
127
7
109
128
116
115
163
121
143
118
4
152
117
115
109
108
123
72
106
1
125
141
115
168
103
106
187
85
1
106
109
114
134
114
107
130
132
9
125
148
107
140
130
77
97
121
4
122
99
148
114
103
115
128
68
6
135
154
132
86
143
99
126
78
1
106
118
148
117
134
128
127
138
4
121
94
131
124
91
140
90
155
1
124
116
157
99
81
122
107
131
2
112
85
115
109
73
186
134
106
8
114
116
130
121
142
101
135
127
2
72
103
131
136
133
129
120
131
4
127
131
100
150
127
112
114
135
4
160
85
76
131
155
107
144
119
2
139
112
92
124
133
108
121
143
9
126
142
86
118
155
113
140
138
5
121
100
98
91
107
119
106
129
4
142
120
115
123
128
101
72
129
0
111
99
138
129
99
129
101
116
4
129
92
127
129
101
105
111
93
0
136
94
121
120
129
87
157
136
5
129
86
147
142
139
92
141
149
8
117
120
117
114
136
99
93
142
5
91
121
125
107
123
119
125
98
4
124
113
129
118
101
136
120
106
8
140
116
164
97
113
129
114
109
5
99
106
119
107
133
124
128
85
5
107
149
118
105
99
92
110
122
2
130
137
101
114
105
156
131
120
3
126
120
146
120
142
73
98
135
6
132
139
114
113
143
116
126
112
0
138
147
120
110
74
130
106
105
8
136
111
122
78
134
128
98
89
9
99
144
92
106
127
88
132
60
3
128
107
70
124
86
116
133
121
9
108
126
105
142
113
78
100
169
7
167
127
116
119
121
106
83
148
2
136
108
123
131
130
109
85
127
3
101
115
119
155
89
112
116
108
0
118
120
100
96
106
114
149
99
4
116
96
147
73
132
127
116
129
6
133
122
108
142
126
108
147
71
9
117
107
141
147
123
158
119
138
7
120
78
109
122
113
124
130
101
8
157
129
150
155
108
96
120
94
1
116
116
141
123
149
112
126
129
5
124
118
120
149
100
141
89
121
9
105
100
130
99
144
92
101
133
6
126
105
135
79
144
103
96
122
6
122
129
89
120
137
130
127
121
0
123
137
105
148
119
155
91
112
8
142
154
125
122
153
99
122
101
1
91
99
103
150
100
120
86
100
4
126
144
148
88
98
126
114
126
1
130
84
97
135
116
104
132
98
9
123
102
94
98
131
91
117
108
4
146
114
125
134
121
92
107
123
3
107
113
106
105
107
142
103
115
6
79
101
115
99
121
111
119
93
3
96
112
116
134
106
102
124
128
3
104
139
115
93
143
129
134
100
0
107
107
100
144
91
107
126
77
3
71
118
87
127
118
87
126
114
3
144
136
135
128
124
136
115
92
3
129
90
100
153
101
123
81
120
0
118
141
155
136
137
138
130
115
2
108
107
126
142
108
124
133
108
1
100
109
121
84
78
95
122
127
0
134
135
101
104
127
91
143
147
4
127
126
100
140
111
168
94
80
7
91
116
121
122
93
130
106
137
9
107
148
168
100
141
80
121
128
10
146
123
146
126
109
91
90
122
5
123
102
85
167
93
82
108
163
2
103
134
118
108
164
134
128
121
8
106
90
106
107
170
92
120
114
0
95
134
109
113
82
125
113
107
10
88
110
137
113
138
119
94
138
4
110
88
116
111
126
109
108
148
3
73
124
92
109
133
138
154
156
6
102
156
142
102
107
107
98
136
5
150
113
139
96
110
120
108
129
4
94
101
145
126
137
133
120
144
2
87
100
152
96
87
127
128
109
7
122
91
111
116
122
136
108
98
8
97
121
109
119
135
119
99
110
6
108
141
126
95
92
134
88
119
2
112
92
116
142
98
129
106
101
3
104
104
121
100
106
126
108
109
4
83
134
95
105
108
115
139
135
6
120
86
119
113
106
90
113
85
9
95
71
120
121
115
140
138
106
6
133
131
155
115
140
129
126
113
0
128
125
102
114
113
161
91
113
9
119
98
107
123
100
151
117
121
1
102
127
115
95
144
126
113
120
10
78
91
127
128
143
85
123
135
8
129
131
103
115
109
95
141
146
5
98
91
127
98
108
119
140
150
1
120
98
114
140
93
114
141
79
4
149
123
127
143
115
135
127
111
5
136
103
100
96
87
109
106
123
1
104
114
108
115
102
78
116
142
6
131
120
122
107
121
118
147
87
10
79
67
101
114
119
80
101
91
5
94
100
141
120
98
94
102
101
0
124
152
109
115
134
89
107
135
1
118
131
90
148
136
122
139
128
1
135
111
132
127
121
90
120
136
6
107
77
148
116
115
100
64
114
7
127
148
128
99
121
105
77
159
7
142
113
79
111
115
89
91
97
2
92
123
105
134
93
104
111
122
3
110
108
150
87
98
119
168
127
1
92
127
90
109
138
125
124
122
8
145
86
109
129
138
136
135
128
6
105
127
135
99
111
120
113
92
10
109
146
152
61
123
127
122
107
1
152
145
129
100
125
121
90
67
4
148
108
104
128
119
98
128
97
5
82
119
120
118
129
133
87
78
0
110
112
107
89
92
129
134
145
5
92
120
61
109
88
96
128
132
6
115
146
129
115
121
125
145
97
7
85
109
136
139
132
121
122
111
1
118
162
98
107
121
163
106
124
10
128
100
129
81
115
117
107
73
10
142
115
106
77
122
100
117
114
2
99
104
133
121
90
118
78
143
6
114
82
96
133
114
159
111
123
1
113
137
127
118
122
106
112
147
3
135
131
130
159
171
142
148
122
5
142
135
137
113
127
113
97
96
7
100
125
102
112
79
130
109
135
8
128
96
143
139
72
115
99
112
5
78
115
121
121
111
132
98
122
3
135
125
149
113
119
92
106
95
5
141
107
109
74
102
98
93
99
5
141
97
124
105
131
80
132
107
5
103
128
158
96
114
88
59
115
8
126
100
111
89
121
109
142
121
4
132
116
97
119
131
142
120
92
1
81
149
109
92
141
71
123
114
4
90
131
103
131
140
127
135
100
1
137
109
143
91
118
122
135
120
1
111
128
119
56
139
117
116
135
1
100
119
134
114
148
97
98
141
5
111
134
130
159
95
115
121
105
4
101
87
135
119
148
100
150
87
10
142
117
119
66
128
85
100
114
7
82
126
135
155
93
129
157
139
7
101
114
102
95
150
135
124
106
2
125
87
134
78
109
125
136
115
2
127
74
112
100
114
112
120
101
8
95
92
109
108
124
97
141
122
8
82
158
102
124
113
86
104
134
1
171
102
80
101
125
132
122
76
2
115
116
108
81
94
154
96
126
9
156
137
155
122
78
101
127
156
7
121
128
121
120
95
136
128
81
4
110
118
133
114
131
83
82
96
7
115
116
114
120
130
98
129
146
1
86
107
154
107
110
82
85
119
8
133
125
141
101
135
107
134
100
9
85
95
149
105
144
114
165
155
8
119
141
100
111
94
101
146
105
3
83
109
148
82
112
159
106
92
5
106
105
134
134
133
107
176
122
8
73
145
136
107
128
86
84
120
1
112
101
88
122
119
103
132
115
8
109
125
81
129
99
119
99
145
8
124
114
94
141
70
107
96
106
3
100
100
111
112
118
133
142
127
2
91
99
116
119
138
130
135
113
3
108
149
94
126
142
150
123
107
6
136
71
113
116
142
111
148
121
8
111
87
127
142
124
115
117
91
3
128
108
119
114
144
98
109
85
5
122
128
102
91
141
159
134
89
3
117
122
117
106
107
105
100
124
2
120
128
119
127
113
101
102
103
6
146
129
148
148
107
115
131
125
7
156
125
131
109
120
96
88
125
0
126
108
107
118
79
126
104
108
1
127
131
136
125
122
113
99
114
7
157
108
138
94
106
136
120
122
5
147
90
150
128
88
110
117
95
0
156
100
97
142
122
82
108
146
5
78
82
107
119
106
105
145
127
8
141
114
91
88
133
128
98
93
0
128
99
106
154
84
122
139
114
4
131
103
114
177
116
160
106
98
7
93
123
110
119
154
116
157
121
3
147
118
115
139
89
142
144
106
3
129
119
138
121
139
122
94
92
1
108
107
117
141
141
164
141
92
1
101
108
108
119
93
98
133
119
7
106
113
116
88
122
133
120
128
5
101
98
128
105
127
129
114
108
1
101
133
129
124
118
113
124
137
3
147
82
130
79
103
98
134
106
3
129
98
107
137
122
121
121
125
7
116
122
103
100
98
115
135
112
6
120
137
119
131
91
113
101
103
6
126
115
125
112
106
91
114
102
6
110
135
109
91
127
111
97
115
1
113
135
121
106
138
129
117
110
9
132
109
120
119
128
113
143
144
7
148
124
142
120
134
109
141
129
6
153
122
136
120
134
116
116
147
3
119
100
107
163
108
123
112
116
4
108
86
115
118
98
101
102
94
1
108
108
115
98
97
126
122
110
7
92
84
141
115
147
118
126
148
7
133
105
126
101
133
98
117
84
7
157
114
112
116
131
128
163
116
4
128
114
141
105
106
117
78
100
4
85
85
129
93
92
116
108
91
1
128
128
134
106
89
138
104
107
7
99
82
159
135
93
113
108
113
6
85
136
130
143
99
135
131
109
3
98
143
100
147
64
94
127
107
6
95
108
114
101
111
98
99
105
2
144
135
141
112
140
125
120
105
1
107
105
151
93
126
120
64
146
5
141
82
87
130
99
101
82
131
10
112
152
100
149
121
117
101
89
5
97
143
102
130
142
155
125
135
10
88
141
125
137
128
142
149
135
0
119
157
95
98
79
152
134
154
8
134
142
93
114
113
114
138
123
6
82
132
103
97
140
160
148
90
3
131
111
106
123
71
133
105
166
9
131
121
118
123
71
87
155
127
6
91
109
86
99
99
86
112
121
10
105
86
110
149
107
150
98
126
6
111
107
126
124
92
123
122
119
6
118
128
135
163
116
128
127
134
9
129
114
127
141
108
116
110
135
3
128
111
138
87
128
133
114
109
0
99
104
89
107
120
112
139
114
10
100
104
90
103
129
94
133
114
4
84
120
106
96
118
141
147
128
1
128
133
114
124
80
112
137
100
4
100
102
152
147
122
108
89
114
4
117
142
127
126
138
127
107
105
3
122
142
109
156
103
134
72
117
9
127
114
132
117
114
103
106
146
0
148
90
119
127
133
101
144
118
4
109
149
105
93
135
94
104
86
3
124
124
112
86
107
81
94
146
2
132
114
80
134
91
100
114
100
3
119
134
107
126
138
106
67
121
7
146
144
162
99
115
107
128
89
7
116
78
182
147
103
127
136
147
7
113
138
107
122
142
106
66
128

