8
9
7
1
10
8
2
0
3
13
5
1
7
2
6
8
7
7
17
6
2
6
8
4
1
7
1
115
127
142
106
101
99
94
150
2
92
106
112
108
144
124
140
119
2
114
142
101
120
107
128
113
99
2
84
113
122
100
105
90
114
120
0
136
135
122
129
125
119
110
81
2
68
108
110
114
103
148
96
123
2
79
92
106
115
81
113
103
141
1
131
142
109
132
127
168
100
129
6
89
109
72
113
113
142
113
87
3
115
112
117
120
86
118
91
128
7
147
107
121
113
126
137
126
109
5
101
125
134
95
115
129
121
113
5
130
105
141
130
75
94
106
96
3
128
137
106
104
127
100
106
112
7
102
156
113
107
98
144
122
141
6
150
127
142
138
138
117
101
134
4
79
78
128
117
107
109
120
118
1
125
113
79
120
123
117
136
115
3
112
120
110
66
115
137
104
93
8
135
112
134
112
108
132
93
87
0
92
99
117
112
106
146
123
136
3
93
137
152
98
99
133
104
122
3
126
129
95
85
77
101
97
122
2
118
127
112
99
139
117
124
102
1
133
158
119
103
106
106
99
92
4
84
123
106
92
99
120
136
105
1
101
111
97
125
142
118
106
100
2
106
120
64
92
121
105
84
133
1
128
129
118
100
107
135
101
107
3
132
144
111
165
109
128
125
116
3
92
111
112
107
115
110
134
115
8
118
135
148
117
109
118
114
169
8
72
114
101
142
134
125
65
111
1
122
139
71
102
129
106
103
116
5
108
91
120
122
142
121
132
102
2
98
148
86
94
116
112
138
168
3
94
107
135
127
114
118
153
120
1
101
116
132
137
149
107
117
118
1
128
106
122
159
107
148
70
123
3
126
120
126
105
114
147
109
88
7
108
117
121
120
133
109
80
126
7
100
134
121
120
103
127
127
108
8
120
93
117
116
140
114
86
142
5
113
96
124
128
113
120
98
98
9
105
107
58
134
137
123
134
107
9
115
88
83
77
91
114
89
71
5
140
144
157
127
112
89
104
119
5
140
99
136
130
127
128
101
101
2
104
129
113
118
131
121
115
135
1
127
112
91
104
158
100
134
116
1
120
115
93
155
142
141
111
75
8
131
128
111
124
80
84
96
120
6
152
92
111
131
119
119
99
142
8
107
107
113
128
120
120
160
122
2
132
108
87
111
134
133
110
82
2
86
110
110
102
112
147
122
89
9
124
103
116
116
124
80
148
148
6
105
135
116
92
65
119
107
146
7
136
114
100
109
106
87
115
128
4
93
113
90
104
148
100
121
104
3
121
106
128
120
104
120
125
107
8
133
113
140
102
120
124
92
118
2
170
119
116
101
121
105
86
117
3
146
97
151
91
125
141
161
170
10
109
93
109
156
112
90
110
107
3
122
129
54
92
92
122
121
103
4
122
129
133
141
74
94
143
128
0
134
104
115
145
164
122
135
107
5
72
99
107
131
133
98
121
121
9
135
138
156
125
140
137
127
112
7
135
106
140
141
154
123
125
112
5
127
135
119
139
97
73
106
106
7
130
64
126
128
108
87
120
113
6
117
113
155
127
113
124
107
135
8
114
80
135
98
120
118
99
105
1
112
110
116
150
104
121
121
121
8
127
147
105
113
84
93
168
124
5
110
87
121
111
85
100
128
99
4
105
132
80
131
117
127
117
124
8
112
148
122
112
103
87
92
113
7
98
91
149
110
117
111
117
142
3
106
154
105
106
118
150
126
98
3
135
124
133
124
64
120
94
109
10
137
137
148
124
138
114
98
116
5
130
128
121
81
88
142
94
135
7
123
78
162
133
101
128
112
115
1
109
72
120
109
135
148
112
135
8
129
116
101
134
95
105
121
121
4
136
136
113
133
77
127
112
95
6
95
140
140
100
100
122
150
110
9
107
100
106
122
122
124
149
112
2
128
134
107
104
110
124
106
120
8
104
131
134
103
140
83
118
97
2
119
73
133
101
111
134
113
107
4
110
112
105
98
126
93
120
78
9
123
92
117
143
127
142
106
129
8
146
107
135
119
129
119
101
108
6
120
132
78
138
87
126
84
137
5
102
156
145
147
103
126
135
131
6
109
104
92
121
123
149
91
90
3
61
113
107
111
134
86
110
112
7
131
94
118
162
122
116
101
135
2
100
142
73
137
103
83
106
98
7
155
133
82
142
109
115
114
128
7
93
128
127
89
119
113
133
160
7
136
106
107
114
125
138
135
87
2
94
96
94
128
112
119
120
150
2
115
106
146
124
126
87
135
123
8
123
97
164
121
99
89
119
117
8
114
105
154
92
121
75
116
91
4
121
133
123
85
103
135
119
117
6
91
107
98
107
104
113
134
107
8
94
93
105
102
111
124
71
140
2
130
107
112
128
128
126
119
80
9
85
120
100
134
139
101
121
101
9
177
150
133
86
101
127
122
128
5
107
109
136
86
76
82
116
98
4
101
127
130
124
127
113
117
148
3
105
100
98
126
98
98
106
125
4
99
110
72
112
106
85
127
163
7
111
133
123
114
96
130
112
112
5
81
129
123
116
133
103
103
135
6
89
74
148
127
136
112
114
98
10
131
133
111
136
145
122
129
108
1
114
125
120
132
136
157
129
106
1
142
107
116
135
100
114
107
106
6
91
138
156
101
88
143
101
133
6
141
98
112
94
118
156
124
116
2
133
136
82
108
107
85
120
113
0
117
123
145
98
141
142
98
119
0
96
99
99
103
127
100
106
128
7
146
128
116
107
120
113
108
88
3
106
128
118
152
120
79
106
117
10
84
94
104
100
96
136
115
105
0
130
128
132
148
101
94
110
100
4
95
123
77
143
122
102
80
123
4
96
103
134
116
120
138
154
93
2
137
119
114
126
124
80
134
136
8
133
134
107
107
133
151
123
123
6
140
161
93
114
114
124
96
122
7
161
98
100
121
137
79
114
141
5
94
142
119
113
143
111
154
130
0
119
79
143
124
67
93
100
103
5
108
106
115
153
127
122
98
116
4
135
113
91
91
106
77
112
106
9
96
83
133
147
119
71
116
114
7
89
115
125
83
190
107
122
125
4
79
89
124
116
87
167
119
134
7
122
161
105
164
148
123
94
129
5
112
99
120
163
114
92
114
126
6
137
139
162
118
97
100
92
104
9
125
122
121
111
105
96
166
96
5
114
129
133
146
110
147
129
98
5
113
168
113
102
110
113
89
137
3
156
113
122
141
112
121
133
96
10
132
100
141
132
160
112
133
128
5
108
114
134
99
142
162
100
129
9
129
128
98
86
145
108
88
126
7
118
148
102
115
77
86
141
92
6
121
65
87
56
114
122
140
96
9
78
118
87
124
99
142
118
140
7
128
93
75
104
99
87
108
144
1
145
137
127
57
136
124
126
103
7
91
108
97
99
94
79
140
107
8
153
139
122
103
99
89
123
142
0
151
117
125
136
121
147
97
112
3
118
122
127
131
95
96
100
135
5
93
148
123
91
106
98
149
132
1
120
105
92
117
98
113
107
135
3
114
106
168
134
129
94
78
150
9
108
113
150
129
147
115
107
115
9
103
57
121
140
136
97
129
121
5
110
126
104
147
124
106
87
69
6
50
103
98
98
92
111
128
128
6
108
143
136
118
134
137
112
101
5
147
79
156
94
134
90
116
84
4
93
160
106
86
133
149
120
115
7
101
78
113
91
122
111
92
100
1
115
112
129
119
139
104
124
86
5
81
130
114
122
106
98
121
108
3
98
118
133
100
162
123
123
121
5
105
85
104
140
131
144
114
146
3
84
92
121
74
141
119
107
120
1
82
102
116
111
87
115
140
106
7
136
79
123
117
109
163
102
131
5
131
112
140
150
140
104
72
86
3
122
156
121
139
127
100
107
129
7
133
124
102
115
121
112
121
118
5
133
127
84
143
92
92
92
109
9
164
135
107
98
129
128
145
124
6
101
101
151
84
136
113
91
118
3
159
107
133
107
135
122
75
143
0
80
131
105
117
131
79
91
115
1
142
84
95
150
126
116
128
123
9
128
147
123
117
150
126
124
122
10
155
121
113
149
128
121
85
86
4
104
134
92
124
114
100
82
141
7
133
124
100
122
98
124
77
87
7
153
127
88
99
137
140
100
84
6
127
133
138
120
129
91
113
104
1
105
113
84
113
123
123
137
129
10
104
126
136
106
142
130
156
101
4
122
135
87
104
105
147
118
131
7
125
156
140
107
161
157
130
65
4
107
117
141
79
134
128
117
108
5
111
120
160
107
92
135
157
133
1
157
94
102
147
127
157
122
142
9
113
109
98
130
95
107
151
160
8
119
136
74
92
115
114
137
103
9
110
147
132
90
94
112
134
114
3
115
102
122
100
133
118
94
111
3
119
94
130
121
107
85
149
128
6
152
132
75
127
136
108
106
116
10
88
116
99
119
120
127
99
133
4
99
86
160
131
128
100
92
79
5
102
93
132
129
77
114
87
72
2
100
138
127
135
159
134
105
108
9
154
141
71
99
127
66
174
100
2
140
139
84
128
120
123
141
116
3
156
136
101
104
100
109
126
113
8
167
114
145
114
112
119
89
104
6
106
116
129
120
88
113
106
131
1
75
135
99
102
140
150
131
146
3
113
106
106
127
117
135
133
116
2
129
118
115
114
107
152
113
98
8
120
134
112
122
103
141
90
124
7
129
85
122
111
110
107
119
140
2
119
99
96
102
77
123
109
101
10
106
107
96
95
111
128
90
129
3
83
112
117
129
118
163
127
106
1
124
120
133
126
99
85
90
106
6
112
77
139
147
116
85
91
150
10
159
151
92
128
109
108
126
99
7
104
117
136
134
106
114
100
112
2
93
92
122
135
149
142
113
113
8
119
102
124
106
132
119
114
139
6
132
84
125
137
118
113
119
117
3
97
106
133
90
113
134
101
128
3
122
95
138
116
116
133
149
137
8
109
143
104
106
106
114
91
121
1
116
101
93
128
113
136
86
134
6
118
105
112
133
142
128
91
96
6
121
107
124
138
111
133
93
115
4
153
98
87
108
134
137
133
75
7
112
132
97
105
86
140
91
100
7
117
113
95
138
107
112
135
152
9
123
92
84
106
107
144
130
97
3
74
134
104
104
79
102
148
103
8
135
163
142
100
116
122
124
113
4
106
110
137
98
115
86
129
100
7
111
126
103
139
112
156
125
92
2
112
99
127
133
100
161
100
100
9
133
98
122
72
106
100
137
128
3
157
109
115
119
110
86
93
125
7
103
122
93
78
158
92
114
79
4
128
82
121
136
87
142
122
111
7
123
81
81
103
99
91
127
124
9
128
96
130
91
126
92
79
121
5
155
107
120
96
118
110
104
127
2
119
100
144
130
166
150
152
79
2
136
127
148
143
120
108
112
127
1
127
106
122
130
105
142
108
146
3
96
127
118
127
139
132
115
99
8
90
99
113
128
135
127
91
113
6
119
108
121
115
92
112
119
138
5
114
133
79
100
113
128
135
113
3
91
95
98
122
100
141
95
87
7
111
87
108
141
85
113
106
112
2
110
126
127
100
102
116
134
104
4
127
135
119
92
106
127
142
127
1
92
106
77
108
127
115
138
84
3
49
99
122
117
117
132
121
104
7
160
93
131
145
78
119
130
130
7
98
88
123
156
126
120
116
107
7
125
122
145
109
129
129
142
108
4
119
142
101
119
108
123
139
90
9
121
83
110
124
99
114
121
103
6
88
115
136
111
163
110
131
109
9
103
107
84
150
107
136
148
126
4
92
105
85
130
108
107
137
102
0
96
121
121
117
106
101
116
129
1
84
117
126
150
80
92
142
97
5
133
107
116
134
80
107
135
114
4
95
113
118
129
78
112
166
110
1
144
121
130
134
120
147
91
121
4
124
116
98
124
146
70
90
112
1
98
117
101
111
110
102
90
88
1
118
134
175
117
140
74
107
141
7
142
103
99
127
114
81
140
125
2
135
110
99
118
117
115
110
92
7
149
120
116
83
106
100
124
140
7
113
143
118
126
117
127
112
142
4
61
94
128
121
104
103
77
91
2
107
121
135
119
114
103
99
123
3
85
121
115
97
111
106
148
115
7
107
128
169
126
107
105
107
138
0
130
136
143
107
91
126
114
101
7
120
139
107
107
141
156
114
133
10
100
94
140
78
140
101
122
127
7
113
108
137
118
106
104
129
164
10
112
110
99
112
115
124
136
102
3
116
136
85
170
129
131
126
111
9
156
121
91
83
100
143
116
99
8
135
130
96
120
141
107
106
118
7
114
148
120
126
125
114
99
113
6
164
121
127
86
115
116
118
126
7
111
92
146
118
129
120
130
113
9
144
92
107
105
119
114
125
96
9
91
122
127
143
143
104
139
96
7
93
160
123
129
99
105
94
111
2
101
136
116
112
152
137
115
151
4
134
120
141
113
139
88
86
107
1
112
85
138
100
116
117
117
135
1
142
147
138
77
159
77
95
119
7
107
106
108
120
84
118
129
150
2
110
134
145
119
125
113
104
140
2
134
99
129
162
144
103
92
133
1
112
102
102
142
105
107
142
112
2
110
143
79
112
149
128
127
89
9
136
105
99
127
108
125
88
122
9
112
98
127
112
140
151
82
126
5
113
97
110
74
107
134
121
104
1
84
156
119
120
119
73
129
99
6
115
131
132
99
94
105
148
138
7
119
76
91
152
119
110
98
83
10
105
115
147
133
125
122
112
162
0
121
96
85
121
85
120
145
132
1
121
137
106
102
118
117
109
145
9
120
148
99
93
139
106
121
126
5
153
141
128
120
126
112
105
76
9
90
106
121
103
106
121
109
119
0
119
92
143
99
108
136
130
105
4
86
122
133
84
104
95
130
111
4
100
136
94
119
135
108
115
87
2
114
94
136
86
86
118
78
82
2
142
93
99
98
130
105
113
102
0
133
79
71
112
137
91
86
133
5
120
148
99
77
115
83
121
96
3
114
106
113
106
123
134
141
114
3
99
125
110
108
137
128
90
125
2
124
80
122
119
87
91
127
93
2
149
126
116
141
105
116
108
109
2
106
135
114
125
138
91
99
122
5
154
85
171
130
145
83
95
105
1
110
91
80
78
134
131
100
142
8
114
91
79
113
103
142
124
129
2
120
148
161
120
120
129
93
112
8
128
99
146
112
87
157
147
115
2
150
156
99
118
136
133
85
125
3
93
150
125
113
156
99
81
115
6
103
113
153
114
82
156
116
126
7
115
109
119
132
126
99
137
133
1
164
93
145
91
112
132
120
133
4
133
132
127
91
98
156
110
104
3
101
106
138
93
118
126
138
119
1
150
117
92
120
129
127
123
124
6
85
109
97
106
103
98
66
122
10
71
132
83
123
116
124
146
135
4
89
136
148
119
115
84
146
153
4
125
134
111
113
129
114
117
96
8
126
99
129
114
162
140
138
135
0
133
138
107
137
140
99
111
93
4
129
129
113
128
124
117
130
128
5
129
118
114
134
130
138
110
132
2
128
116
110
111
114
84
103
101
8
113
143
106
117
114
137
110
135
0
109
134
108
153
64
128
93
113
4
136
115
127
114
98
130
119
128
3
108
99
137
99
127
148
106
63
7
114
107
120
146
106
107
138
122
10
122
130
114
135
113
79
121
113
6
81
134
109
111
112
91
114
130
9
103
78
89
123
100
113
145
112
3
135
123
99
109
85
106
102
111
7
107
134
125
145
113
107
106
95
3
82
135
122
127
138
132
127
88
6
121
119
146
135
89
102
95
130
9
120
152
103
148
95
93
169
128
1
116
111
107
105
133
136
85
129
5
120
96
125
85
102
118
134
90
9
113
144
123
127
114
128
115
114
7
149
122
100
167
101
96
116
106
7
102
150
152
163
121
99
91
132
5
122
134
94
110
113
99
113
153
9
131
162
92
110
144
155
118
152
9
79
120
88
100
132
108
99
88
3
105
122
143
93
100
92
149
102
1
119
103
94
145
142
112
134
98
8
124
131
109
127
119
92
112
113
7
107
117
146
99
103
95
150
101

