8
2
7
8
3
7
0
5
6
10
0
4
5
10
9
8
8
1
11
7
4
7
3
1
3
4
6
130
101
126
118
93
108
109
103
5
148
102
139
126
108
80
114
126
6
119
128
100
108
149
101
145
108
5
120
146
84
92
114
107
107
119
6
131
73
130
102
137
133
133
110
5
109
110
135
129
120
105
116
95
0
93
121
121
127
114
125
161
125
8
114
115
107
92
91
134
110
118
5
141
95
152
127
88
123
125
108
2
139
144
130
124
91
118
135
114
2
96
118
67
98
115
147
70
108
4
163
121
128
113
108
70
87
102
6
131
122
92
109
122
92
122
85
9
116
94
141
129
107
128
113
98
3
113
100
136
164
105
94
89
133
10
149
85
160
119
106
100
86
116
3
101
71
110
145
143
99
95
139
10
134
84
143
131
126
126
103
109
4
105
102
120
128
97
127
107
120
2
111
114
94
148
126
87
96
92
7
120
131
88
86
158
120
130
134
3
107
120
106
127
162
125
127
135
5
120
85
132
129
112
131
141
103
3
108
123
137
121
116
78
130
120
7
112
146
145
138
134
148
119
109
5
113
108
114
105
112
112
147
101
3
134
86
128
106
84
159
107
100
1
157
105
141
116
90
117
133
124
6
162
129
120
164
75
113
108
99
3
121
122
114
106
94
121
93
127
8
112
118
125
127
80
115
99
110
5
126
73
109
117
80
84
114
149
0
86
121
127
113
127
109
115
121
3
83
113
72
117
99
125
114
107
7
98
135
128
145
78
114
108
135
7
98
138
92
102
100
107
115
122
7
133
121
133
89
130
96
98
104
2
105
135
113
135
106
107
119
116
10
106
107
79
154
124
93
139
139
8
98
127
141
127
91
135
98
93
3
112
114
129
96
139
114
107
118
4
89
112
144
155
107
79
106
126
9
148
133
155
141
154
124
113
125
7
107
113
95
132
73
112
114
163
9
128
135
136
106
100
106
127
109
4
100
130
128
118
111
126
122
159
2
128
133
84
109
122
162
107
117
3
98
112
151
72
115
109
100
119
4
78
83
105
102
115
73
149
147
6
114
97
135
98
145
94
114
150
1
99
100
146
121
116
124
121
116
4
113
118
113
111
103
150
127
150
6
136
126
105
95
122
132
96
117
7
112
113
122
72
164
133
106
101
2
85
116
122
120
127
99
98
110
4
123
154
149
114
142
135
100
106
10
113
149
92
121
133
119
108
120
4
132
135
105
116
120
95
104
147
2
125
98
113
115
120
119
84
91
7
152
136
81
84
119
104
113
148
7
128
112
102
85
82
131
113
95
7
124
133
119
135
88
115
100
101
1
104
90
81
143
148
114
121
118
4
106
119
99
125
138
106
119
103
7
148
114
128
110
86
114
153
128
8
121
120
98
139
122
151
121
128
1
121
77
134
103
115
84
133
121
2
89
145
134
111
111
133
128
113
6
106
149
88
151
135
106
103
105
5
122
86
77
106
92
112
100
101
10
89
132
69
85
147
133
117
121
3
97
128
106
126
100
127
99
124
3
150
98
117
120
98
119
112
125
1
149
102
139
119
148
148
114
116
10
116
84
112
114
106
126
154
138
3
125
140
140
94
126
100
71
149
5
94
133
106
110
120
91
117
138
1
153
105
134
137
113
137
107
137
4
127
128
109
132
99
126
72
128
3
135
116
134
113
111
101
83
99
8
72
117
98
90
145
134
154
124
0
124
117
85
149
104
129
111
110
5
82
178
86
100
123
114
88
116
7
138
100
80
150
141
85
120
123
3
157
121
135
98
110
105
126
112
3
141
108
111
114
130
132
105
140
1
111
143
107
129
114
125
93
120
0
128
113
95
94
107
124
125
113
7
111
99
95
97
125
98
78
119
4
133
118
99
113
110
146
113
88
1
94
86
114
159
107
142
122
109
8
117
98
116
115
92
108
126
73
8
107
135
147
119
120
113
165
113
9
131
128
118
83
106
109
99
128
7
124
107
103
122
107
123
94
113
4
154
96
98
112
135
118
163
134
3
126
92
116
107
128
144
121
161
6
116
147
76
129
132
73
106
105
9
80
149
106
112
103
111
112
104
1
143
114
128
115
80
101
113
89
8
143
121
121
121
122
108
150
84
2
104
103
131
92
136
165
134
108
7
120
113
108
128
153
91
136
133
3
127
147
109
88
98
159
113
135
6
102
121
103
75
120
128
130
70
2
101
106
84
100
125
74
125
130
2
120
139
128
171
107
140
89
82
7
104
94
115
136
142
107
133
89
1
105
116
127
152
111
94
105
121
7
93
120
106
93
103
106
80
107
2
120
144
133
134
93
101
119
91
1
148
134
123
127
107
102
145
136
1
72
133
121
141
108
100
103
115
6
91
136
98
128
91
92
115
99
6
84
109
130
120
105
101
107
120
5
138
114
114
127
149
108
81
141
1
144
123
126
156
112
113
97
138
3
84
121
93
106
111
144
112
113
4
101
103
92
164
116
109
136
97
8
89
140
99
120
121
102
134
128
7
144
131
127
119
93
63
83
103
4
92
106
128
92
138
137
84
116
7
122
78
150
118
120
56
76
92
2
84
109
78
111
131
107
112
117
3
92
110
121
153
158
120
107
149
4
128
113
120
120
63
111
134
131
10
129
129
117
100
131
108
147
130
3
66
87
97
95
117
107
130
111
6
127
130
114
113
139
116
129
124
1
110
110
124
94
113
121
142
98
5
134
147
135
113
114
106
113
105
3
115
103
94
129
106
131
141
134
2
120
106
132
98
120
115
141
87
9
86
104
128
134
117
137
107
115
1
127
142
78
122
129
121
126
96
6
107
104
135
120
139
105
70
141
3
114
97
113
102
104
88
112
100
8
120
95
115
85
111
85
137
166
3
119
121
105
136
107
110
127
161
1
127
128
108
151
86
130
156
126
6
150
160
121
127
141
128
120
101
1
128
107
98
107
86
127
83
113
9
118
119
126
126
90
120
102
106
5
115
132
107
157
119
138
115
71
10
94
99
115
102
100
156
129
112
6
155
154
132
107
122
93
105
111
1
149
101
91
85
92
119
126
108
8
83
103
82
117
121
114
115
134
3
161
143
90
104
121
51
140
126
2
120
169
98
130
155
136
98
129
3
96
106
113
98
154
149
108
133
1
114
85
103
158
76
122
101
125
9
110
131
125
156
103
86
120
105
5
127
124
100
149
109
130
98
134
10
128
85
113
84
115
121
146
135
7
115
91
133
82
104
139
142
106
7
67
116
105
105
101
123
99
121
2
127
124
112
132
104
148
123
118
6
115
135
147
91
94
128
139
101
6
107
136
128
113
122
169
85
108
5
110
131
103
106
128
107
149
121
8
120
114
112
107
134
73
162
93
9
111
103
127
113
150
108
102
137
8
135
145
103
140
140
98
116
155
6
130
146
116
134
131
119
135
122
7
156
90
95
102
152
126
159
155
0
148
120
135
118
108
86
105
136
9
108
86
94
147
140
89
102
109
6
85
107
119
85
101
121
76
115
1
136
94
120
129
101
103
112
106
0
166
70
104
118
119
141
138
120
3
128
135
93
112
126
78
125
129
6
120
129
120
113
126
87
109
99
0
146
158
115
124
155
85
91
129
9
123
109
134
136
141
141
122
112
2
112
133
113
128
87
133
114
124
10
121
95
130
114
107
116
112
131
8
113
135
133
88
105
119
119
112
2
127
133
113
113
122
140
114
119
9
155
84
101
107
115
93
114
142
6
127
128
86
128
127
114
109
121
0
149
78
117
85
121
142
112
134
9
116
88
135
126
102
133
126
131
2
134
129
104
113
76
136
105
119
1
121
138
89
109
120
118
106
134
9
114
84
115
106
102
103
117
107
8
91
115
121
155
126
114
112
146
6
152
122
91
81
130
130
120
148
0
125
120
94
124
91
129
117
145
8
142
82
97
91
73
136
93
89
3
159
113
120
134
106
141
152
137
5
86
127
144
122
140
91
131
130
1
122
142
110
128
100
86
115
78
8
127
142
87
143
116
140
78
82
0
84
144
102
124
101
94
78
101
8
95
129
123
121
81
138
140
105
1
135
101
129
122
112
178
143
132
3
99
128
94
93
95
99
114
128
10
79
111
103
129
131
75
136
122
5
145
131
126
94
156
142
142
143
5
98
82
128
146
64
124
136
140
7
79
117
68
116
79
114
119
107
5
132
121
146
146
80
83
132
148
0
84
131
104
112
143
134
137
139
5
130
78
147
116
110
146
113
150
9
136
99
147
122
141
134
132
100
2
98
118
134
128
99
93
133
112
5
120
142
120
88
152
143
149
125
8
115
129
120
114
127
141
127
118
0
100
121
123
80
138
117
97
135
3
78
99
114
121
131
136
107
148
7
85
134
120
132
83
126
146
112
2
95
71
86
97
87
92
120
109
4
139
97
106
124
134
163
87
140
10
101
81
157
130
132
156
146
115
4
77
136
111
150
115
121
122
133
2
109
79
105
135
133
135
116
106
7
127
148
138
85
130
115
127
127
9
91
118
107
114
88
109
117
119
7
121
127
138
122
124
113
120
117
10
87
95
92
148
128
103
141
83
3
90
112
127
114
107
127
142
120
3
127
102
143
125
157
109
87
93
2
115
120
98
99
105
123
113
81
6
146
115
150
126
152
121
82
115
6
130
93
107
97
99
147
90
106
4
135
107
116
150
90
108
120
119
2
104
122
141
98
86
140
113
139
3
106
153
139
140
129
107
97
148
9
142
71
124
78
149
78
122
120
7
113
91
126
115
138
88
114
102
10
119
139
121
108
93
105
122
121
3
133
124
95
116
107
77
136
146
8
119
99
93
107
129
107
110
122
1
124
125
125
106
143
143
135
122
9
100
91
97
145
129
93
128
105
1
129
97
114
118
157
102
129
98
4
97
112
106
131
108
149
121
123
6
111
139
121
112
128
117
164
107
1
156
136
113
91
113
139
134
154
0
107
86
117
86
162
101
142
132
5
117
108
78
104
101
128
121
111
6
135
130
129
81
152
109
134
104
9
121
105
108
148
91
124
148
113
6
128
95
107
80
129
120
112
135
4
116
145
110
97
127
118
122
124
5
138
118
140
127
137
127
134
136
3
119
99
117
164
127
130
78
126
3
127
136
106
122
101
126
125
116
3
149
93
101
121
104
121
110
102
1
112
105
84
91
114
102
142
134
8
144
114
119
100
120
131
106
101
8
80
138
113
121
114
109
109
103
9
109
123
113
105
118
125
112
134
6
117
90
101
131
110
113
135
122
4
117
105
146
133
105
121
100
111
9
96
111
129
171
133
129
89
98
5
96
99
135
138
132
125
102
131
10
104
87
108
148
91
123
113
114
0
100
119
115
138
124
104
84
117
6
85
114
92
114
132
142
93
149
3
116
107
110
110
106
163
108
131
9
91
106
100
106
93
135
155
101
4
115
150
148
120
106
129
116
72
6
103
136
147
129
112
166
134
138
2
101
135
115
129
123
131
108
113
6
123
107
127
142
82
125
125
107
7
108
139
137
98
120
130
106
120
5
134
119
121
100
140
127
106
142
9
121
108
101
108
112
118
119
105
6
121
163
108
111
128
140
121
135
9
111
99
120
127
125
128
114
127
3
114
121
142
73
121
108
107
112
9
133
155
94
85
134
85
105
132
0
115
92
116
99
65
127
117
107
0
131
115
108
120
131
116
128
112
2
98
123
118
144
113
109
55
122
6
135
74
131
148
101
88
105
134
0
132
118
109
92
120
109
112
130
2
128
111
120
111
132
143
106
114
0
149
127
106
119
99
127
86
124
7
136
123
99
133
90
128
120
109
5
111
117
116
112
95
96
97
134
6
110
110
112
109
112
127
98
119
10
106
144
99
106
123
128
86
73
9
101
148
155
81
158
100
108
142
4
92
129
113
109
141
136
137
142
9
124
119
112
98
121
85
133
128
4
119
115
98
120
106
114
128
127
6
110
106
110
107
104
121
129
65
6
96
127
120
127
83
117
151
124
9
144
140
125
91
118
112
113
128
2
85
152
91
121
125
122
128
122
4
135
111
121
119
119
119
96
115
1
154
127
122
108
128
147
131
138
2
131
101
110
100
100
96
122
108
3
117
133
103
106
114
146
92
107
9
98
128
115
94
100
127
127
94
7
148
118
99
116
132
115
94
105
1
124
99
119
94
125
121
109
109
3
100
128
104
97
97
110
113
136
8
92
121
139
96
103
71
120
95
4
127
96
93
112
152
114
94
99
8
140
119
108
112
119
142
128
113
1
116
154
105
115
121
101
113
102
7
94
130
100
124
138
118
104
99
1
124
135
114
164
105
99
131
93
1
142
83
86
128
130
135
119
135
2
109
128
122
125
139
85
127
147
7
106
64
100
127
128
129
126
131
9
105
97
140
115
128
95
108
99
5
120
112
119
85
98
105
107
133
1
135
105
133
155
116
134
114
109
7
148
127
126
88
140
124
108
140
7
141
100
133
113
106
92
99
134
4
120
123
119
103
132
112
121
116
6
115
149
134
136
153
124
92
106
9
112
87
100
121
121
97
135
119
2
92
94
150
115
133
126
147
141
9
102
140
124
120
87
141
155
93
4
114
100
108
96
86
139
121
128
2
137
88
138
103
150
124
114
124
7
119
99
102
135
99
96
131
113
5
122
136
102
158
92
92
92
87
2
118
99
137
99
148
84
119
114
6
99
93
120
134
147
116
106
106
6
129
140
126
166
112
120
106
148
6
105
106
140
121
82
116
125
150
8
80
146
118
115
131
136
132
101
8
144
125
100
77
91
101
109
90
9
106
128
127
143
78
141
106
119
5
121
73
92
128
128
131
122
136
0
128
119
115
139
101
112
129
126
2
151
100
111
108
126
112
95
91
9
148
107
131
104
138
100
146
142
2
89
101
120
107
99
85
112
112
2
105
105
50
106
140
113
143
125
3
117
134
144
140
126
133
142
103
5
99
99
95
113
105
121
111
127
9
99
128
112
132
110
97
85
155
0
121
82
120
134
110
115
123
112
1
99
94
106
96
130
109
113
160
7
134
90
136
104
128
83
127
113
8
96
132
85
123
117
103
87
148
3
127
111
133
136
110
149
108
118
5
95
126
112
96
136
114
110
113
1
106
119
115
127
119
154
115
131
10
89
85
125
122
134
122
107
114
8
99
93
140
115
136
78
121
114
7
140
93
124
102
100
108
92
118
7
122
128
87
82
108
123
137
124
6
86
102
112
126
122
120
129
138
5
88
77
93
109
106
105
121
93
6
117
104
133
113
115
107
131
161
3
135
118
114
115
98
113
96
132
5
133
105
104
90
110
127
106
113
8
112
85
134
100
101
99
128
147
4
144
121
97
114
113
125
142
142
2
129
115
134
99
107
118
120
85
8
129
148
101
135
161
144
114
154
1
131
148
120
108
122
107
113
121
2
106
121
102
113
119
123
119
129
4
153
130
129
131
86
122
138
137
8
161
114
117
139
120
120
112
116
7
136
84
108
154
126
119
123
94
7
121
118
106
100
113
92
113
122
3
99
122
142
104
126
121
94
132
7
131
122
129
108
107
90
148
105
1
130
115
86
120
88
118
120
120
4
129
127
128
117
130
102
116
93
4
92
72
96
126
60
99
72
105
4
126
85
99
111
135
108
120
75
10
149
98
106
104
147
115
112
123
2
118
126
129
84
135
114
150
93
9
125
109
121
141
120
109
99
106
10
120
102
141
100
109
114
127
129
1
142
121
77
92
163
115
137
110
0
69
101
106
136
103
116
73
146
8
103
106
109
125
142
91
128
123
2
106
93
99
119
144
121
138
95
3
94
115
140
120
98
121
125
114
3
132
116
146
106
121
142
133
113
1
110
115
97
125
92
91
88
111
1
107
126
116
89
133
88
120
120
1
115
174
114
88
131
124
89
148
9
148
151
85
145
149
81
85
148
8
107
123
130
120
112
157
113
103
8
128
97
105
108
120
147
93
149
7
135
108
138
125
129
121
118
78
9
99
128
134
127
111
155
122
101

