16
1
3
1
9
3
8
4
1
16
1
10
3
4
9
2
1
5
15
2
9
6
6
5
1
5
3
94
149
85
124
136
127
136
109
0
92
148
95
99
161
80
104
118
8
127
115
120
119
94
97
106
110
2
134
148
117
94
106
113
112
113
3
126
122
99
105
144
114
91
105
3
88
105
127
124
114
124
129
147
4
117
114
136
105
116
142
108
119
6
100
145
132
125
96
114
148
86
3
126
142
61
115
114
85
150
99
10
127
118
121
126
67
136
91
89
8
144
110
136
119
145
100
118
96
0
156
125
140
127
106
119
75
110
6
98
163
96
118
107
122
120
105
9
126
139
113
87
128
104
135
126
5
110
121
105
136
113
125
123
120
6
150
107
124
124
150
122
148
100
1
135
125
101
121
135
120
105
99
2
71
147
75
141
143
134
152
139
8
104
110
136
108
106
130
116
129
5
100
134
163
106
113
93
113
113
6
127
134
120
113
138
84
130
118
2
84
140
135
169
119
114
164
126
4
74
128
78
129
107
114
147
117
2
120
156
131
119
138
91
131
99
3
114
127
114
94
138
130
124
117
8
120
129
135
120
146
106
86
114
1
109
119
107
97
115
144
111
91
4
92
99
102
107
104
143
115
139
4
142
112
131
107
122
119
64
117
4
99
127
99
120
94
102
162
147
10
104
103
81
119
122
148
107
143
5
121
120
115
95
102
95
128
125
3
118
121
121
128
142
121
119
126
5
135
112
118
102
114
92
147
117
9
147
101
141
126
141
136
131
120
9
126
125
135
107
108
126
126
124
4
98
124
137
133
141
104
112
123
0
100
146
102
75
127
155
140
128
2
131
84
121
82
133
122
121
101
6
125
134
130
121
121
113
117
136
8
132
122
131
120
111
99
150
102
8
125
135
141
124
125
123
123
137
2
138
114
116
85
149
130
127
165
7
108
128
143
134
135
123
112
127
9
128
92
117
117
95
127
143
129
1
106
71
149
94
118
99
139
141
3
122
111
112
139
110
113
107
118
0
115
109
113
147
134
108
112
136
2
127
133
100
111
142
105
128
115
2
99
123
114
101
152
109
128
107
7
88
141
111
105
127
111
131
98
9
126
146
115
142
162
102
100
124
9
119
155
113
122
141
147
113
100
5
136
112
103
84
136
106
159
88
7
135
130
78
124
109
124
112
105
2
90
93
105
145
116
95
119
155
9
151
105
108
123
128
98
120
112
8
132
99
110
106
149
96
114
128
2
140
96
131
89
142
97
100
78
2
86
136
126
92
135
144
121
144
7
104
101
141
148
154
99
106
143
2
118
90
91
66
71
95
117
154
1
122
123
150
93
136
105
133
153
1
107
122
117
143
104
106
121
97
8
127
85
121
108
99
112
135
121
8
127
108
128
92
117
128
123
134
10
125
113
108
141
115
136
124
157
7
118
95
114
99
140
125
113
106
5
158
101
121
85
129
150
115
87
0
122
144
158
103
87
98
147
71
4
170
101
90
96
105
89
113
114
1
88
113
107
105
113
127
105
88
7
101
95
98
108
142
91
106
115
6
96
120
145
109
93
154
148
90
3
108
98
148
125
90
136
110
122
9
88
115
100
134
88
112
106
101
9
115
117
146
107
126
128
139
128
9
132
98
103
95
101
127
114
120
1
120
120
102
122
141
127
120
134
2
135
131
83
69
99
90
136
97
5
86
125
74
109
105
104
95
160
6
93
146
141
124
123
130
135
133
8
113
134
81
135
135
100
122
114
8
107
128
126
109
128
118
116
92
4
127
84
123
132
92
86
125
127
7
129
109
138
81
134
139
119
100
5
121
124
118
105
137
84
124
122
10
117
137
127
95
140
105
124
108
2
122
116
102
103
71
121
114
119
5
114
113
108
108
107
106
124
132
1
130
113
156
118
103
90
133
121
1
121
104
150
164
141
127
144
100
2
149
124
137
90
145
117
143
99
6
142
138
100
108
154
102
164
137
3
88
114
107
93
163
175
85
130
8
148
82
128
79
115
149
112
130
1
80
88
143
78
111
77
110
121
3
127
122
103
121
120
124
103
119
9
139
93
99
106
115
113
127
145
3
119
79
138
119
99
156
94
102
3
126
90
128
113
122
140
108
90
2
135
161
117
130
109
105
131
135
10
105
154
143
111
139
88
139
98
6
132
111
129
143
98
137
102
129
5
107
150
117
126
147
140
110
80
5
102
129
100
128
109
101
150
101
1
84
143
114
91
91
127
115
133
2
141
114
133
126
130
106
115
148
5
93
121
137
86
97
106
130
121
7
120
140
127
105
116
130
109
124
7
126
121
126
117
94
116
128
97
5
100
115
127
120
129
125
105
124
1
121
108
126
134
123
104
150
113
6
120
101
116
106
103
141
100
138
7
132
94
143
92
93
127
162
134
1
134
112
128
106
86
92
127
75
8
101
111
120
167
99
128
141
104
8
134
143
126
133
119
155
105
112
8
115
116
114
76
117
132
118
105
7
92
142
113
117
103
98
129
125
8
115
101
98
106
101
138
126
126
4
134
121
120
112
141
111
133
93
7
133
75
162
123
110
133
131
127
8
118
114
146
99
135
100
106
134
9
141
129
108
127
94
101
114
101
4
107
113
83
79
92
115
107
91
2
114
112
120
123
120
121
112
116
8
101
123
106
111
178
91
107
92
4
120
130
78
124
81
107
114
131
6
119
78
108
135
94
129
129
96
2
122
143
159
91
110
132
130
98
7
92
121
124
126
97
115
99
142
3
116
138
129
136
129
128
111
115
5
135
134
127
121
110
96
147
114
10
147
106
156
135
113
119
152
112
8
116
75
124
79
120
108
136
106
3
134
99
111
125
97
92
128
111
7
104
120
120
115
122
93
95
99
5
105
87
92
107
128
112
94
117
3
109
102
112
110
141
146
126
102
0
109
99
114
125
83
118
135
115
8
115
129
94
114
142
114
121
124
2
117
99
135
163
98
91
96
127
9
123
114
125
112
84
70
122
102
7
114
116
103
127
104
100
112
106
8
108
122
120
80
106
120
158
110
3
117
116
137
136
161
104
164
83
5
85
90
67
96
56
107
95
124
2
96
83
116
99
141
87
136
152
6
136
128
127
102
147
95
126
119
3
86
126
149
114
108
127
108
129
9
94
93
136
65
117
118
97
129
7
79
100
97
119
124
82
92
132
7
132
124
106
95
143
90
127
92
4
97
129
124
140
111
131
108
121
0
128
141
136
108
108
127
126
99
5
119
88
115
126
104
101
153
158
1
107
136
121
127
109
121
101
126
1
119
112
121
88
121
121
121
105
6
118
118
133
126
86
96
141
112
3
92
74
71
108
119
109
102
139
8
136
124
116
146
115
128
113
128
9
149
125
123
106
100
87
69
91
8
105
93
130
130
116
120
102
162
0
132
95
128
94
126
145
91
139
3
123
121
136
104
118
144
121
154
3
98
120
118
141
114
85
87
130
3
145
122
114
101
114
113
110
99
6
95
135
112
116
119
48
119
97
1
154
138
106
127
101
135
122
134
5
149
143
154
129
154
105
94
99
0
129
118
117
87
112
68
127
92
9
101
130
147
105
118
122
134
108
8
136
106
132
152
100
120
94
156
3
99
125
138
125
121
70
92
92
2
105
111
121
88
112
98
100
108
1
114
115
122
99
150
94
131
107
8
116
153
110
112
143
87
131
86
1
114
134
130
114
97
98
107
75
3
136
128
125
120
141
106
155
136
3
109
128
142
161
122
134
105
107
8
129
123
156
132
123
127
107
133
9
129
102
139
105
115
79
78
120
0
116
107
119
126
138
119
120
132
3
81
111
145
99
112
127
128
98
2
91
128
110
98
114
121
99
78
2
93
110
113
134
139
93
105
145
2
85
128
112
122
81
113
98
134
9
98
124
118
135
104
136
74
164
5
114
99
106
127
126
112
92
107
9
105
146
92
135
142
133
123
112
4
120
127
151
142
89
121
101
99
3
109
90
152
115
82
98
134
147
4
144
128
149
113
119
117
113
122
3
138
125
113
98
102
136
133
109
9
119
78
113
106
130
119
115
108
4
125
132
120
136
108
123
107
112
2
137
141
81
138
136
135
151
81
2
134
129
140
121
131
104
106
86
8
108
107
121
131
125
119
145
126
3
128
118
91
93
141
172
149
100
1
117
109
129
94
100
132
155
113
4
99
116
102
100
110
78
100
150
7
128
102
122
113
80
108
117
151
10
171
121
106
79
142
141
139
117
7
129
114
108
89
133
124
92
78
7
133
99
85
94
143
85
90
91
5
121
116
86
128
96
84
128
147
1
155
110
122
77
98
127
97
86
2
104
94
137
125
131
155
130
128
3
128
129
103
113
107
127
130
125
9
92
95
106
108
104
79
86
70
2
133
140
156
99
103
129
88
141
9
79
114
115
117
125
136
107
120
8
112
90
128
111
108
102
86
115
8
132
126
125
137
71
141
138
128
8
101
100
113
125
93
112
148
122
3
102
113
132
113
110
134
100
144
8
91
120
103
88
145
150
121
124
7
139
126
145
135
126
105
105
162
1
97
90
84
114
94
106
101
127
7
172
134
120
117
107
120
100
137
5
128
131
84
165
155
116
141
113
1
129
162
106
78
100
134
90
115
4
139
105
114
86
128
101
105
98
5
86
97
143
116
91
96
112
117
10
105
135
102
115
92
138
148
118
9
108
104
94
100
104
135
124
126
3
134
116
121
121
108
103
89
115
9
114
134
121
92
118
121
139
124
3
104
105
108
148
121
99
144
102
7
97
106
107
107
86
122
98
123
4
93
92
83
99
154
114
79
106
4
71
98
136
122
140
101
116
155
9
141
86
111
120
91
85
165
112
1
112
91
127
100
73
136
98
128
3
122
115
121
121
131
138
106
147
9
94
99
92
110
101
108
148
120
2
113
96
117
99
111
142
135
148
8
116
140
137
129
133
141
78
149
9
137
105
136
134
125
103
135
146
1
116
110
143
143
83
113
114
94
2
113
93
130
113
114
94
120
123
9
164
124
100
119
112
150
145
135
4
116
135
102
124
113
126
90
150
7
124
106
149
146
106
99
146
135
3
99
93
85
134
142
75
130
100
5
112
87
128
86
141
90
119
134
9
135
139
101
107
120
108
86
136
10
131
108
113
146
110
113
106
122
3
107
136
119
90
77
134
127
112
4
106
91
112
107
131
105
122
128
7
96
154
86
121
142
102
108
94
5
92
125
128
140
92
135
78
147
1
126
125
132
113
99
142
114
92
9
115
129
147
111
115
96
170
100
1
92
148
119
105
114
143
140
95
5
107
118
117
123
113
140
118
109
4
155
125
114
103
107
110
112
138
5
102
128
145
134
112
136
143
121
5
128
86
89
156
138
120
129
130
7
135
127
156
125
120
146
124
113
3
120
88
116
157
104
115
110
148
2
126
108
150
134
97
136
133
84
7
126
94
99
114
135
119
79
162
5
84
132
106
157
108
102
127
98
10
111
142
119
100
142
96
84
142
8
121
127
124
125
95
146
141
84
6
132
78
146
106
118
121
98
125
9
139
169
127
135
88
108
121
127
9
126
95
121
78
154
149
70
115
1
127
99
123
106
146
100
113
136
5
144
137
111
125
97
110
79
92
3
95
93
129
70
71
113
128
118
7
143
104
95
156
91
99
115
61
4
118
109
56
103
144
106
83
136
1
165
117
58
129
127
120
86
102
5
142
156
114
159
74
134
133
105
4
122
143
136
126
99
148
118
79
9
142
127
116
126
71
129
110
124
6
127
141
84
128
148
119
116
111
8
136
108
110
135
147
74
150
117
4
91
125
142
142
100
126
81
99
5
148
111
106
113
96
99
114
113
0
96
124
129
105
140
134
125
134
8
114
144
113
117
109
107
112
107
2
107
103
113
112
120
103
125
118
8
120
145
103
114
140
140
128
133
5
86
100
120
110
109
104
164
119
3
97
107
104
133
105
127
127
93
6
115
134
131
94
93
90
128
96
4
119
155
120
144
136
97
142
104
4
107
121
95
133
119
132
117
69
3
100
129
105
91
92
113
91
114
9
123
98
125
133
113
111
120
146
4
114
154
150
142
94
85
105
91
2
91
87
106
135
145
105
123
107
9
101
97
112
100
112
93
127
85
7
100
124
171
108
118
136
111
126
7
119
140
112
157
85
99
105
113
2
114
133
139
102
155
129
81
135
5
94
120
125
128
122
106
118
149
2
126
113
134
96
122
125
142
117
4
107
98
107
119
102
152
122
107
8
97
168
85
107
90
117
137
123
8
128
158
113
129
130
106
124
100
2
113
142
137
86
100
116
156
131
7
135
107
91
129
128
123
141
93
1
116
126
127
111
110
131
140
88
0
86
149
157
107
140
113
105
149
7
120
128
117
104
121
99
113
121
1
65
104
123
137
120
153
65
117
9
144
117
109
106
110
92
104
93
10
135
147
88
149
136
139
135
114
9
142
101
160
140
111
124
114
121
2
87
126
158
104
99
112
120
107
7
127
134
150
159
153
121
128
93
9
122
125
105
98
99
108
116
141
7
112
129
102
117
141
97
139
126
5
126
134
141
80
155
141
138
126
1
74
151
130
77
122
127
133
130
9
135
127
107
115
159
94
113
128
8
147
136
154
136
129
100
62
134
9
107
136
99
156
126
95
148
144
9
93
143
120
84
126
117
84
99
10
86
148
121
109
88
114
98
70
3
119
115
118
103
114
138
102
86
2
123
109
112
71
102
88
166
144
2
105
120
110
93
112
92
106
134
4
94
83
130
133
120
109
93
119
3
108
76
136
127
121
116
93
126
4
100
79
128
97
137
99
111
98
0
112
82
160
78
134
114
136
159
8
101
116
120
97
146
107
107
109
7
143
153
97
78
115
103
113
90
7
145
127
123
95
122
79
113
126
8
102
102
92
142
150
147
120
116
4
111
110
134
132
70
99
129
78
6
151
109
128
103
109
138
96
106
3
160
124
150
132
114
120
126
120
4
96
147
115
120
119
106
107
119
9
146
75
114
137
97
100
69
93
2
139
123
99
131
138
86
122
113
2
120
97
112
143
78
119
126
120
9
122
116
125
114
117
107
101
156
7
98
109
128
95
121
93
127
134
2
135
136
141
100
113
134
148
113
5
128
150
111
145
136
111
135
92
1
136
105
93
126
61
127
147
77
4
132
121
100
139
106
137
113
115
3
113
85
125
116
98
98
109
115
8
119
114
125
120
115
104
87
156
0
108
106
103
93
161
128
77
127
0
131
115
134
140
114
86
120
141
6
137
113
72
77
130
134
93
138
9
106
125
160
114
129
82
127
86
2
134
128
119
102
106
150
91
104
9
104
156
106
105
99
115
150
148
5
107
122
118
95
115
127
134
110
10
116
112
149
122
100
127
76
127
1
120
131
126
148
94
133
111
127
4
139
111
136
125
127
111
142
129
9
108
112
121
101
128
100
148
85
5
78
148
133
114
118
140
106
73
3
134
86
154
102
100
119
103
109
10
98
136
145
99
129
120
105
105
2
107
127
143
127
118
141
128
128
9
116
140
127
109
142
127
109
120
4
114
124
122
126
142
114
102
97
2
120
134
155
108
121
129
124
118
8
125
110
121
130
123
113
73
149
1
109
127
147
126
120
90
118
107
0
114
83
135
139
76
113
129
98
7
103
114
142
162
103
134
124
84
8
141
118
88
94
87
104
128
125
4
112
104
148
71
98
128
150
72
1
134
99
94
139
85
157
114
129
6
140
86
95
130
113
159
137
127
3
95
116
115
121
108
129
100
113
10
118
78
106
106
104
93
116
128
2
105
123
144
121
107
92
128
124
9
79
105
101
105
141
161
111
121
9
149
136
98
131
127
98
136
162
7
79
88
143
112
102
61
92
99
1
102
126
123
117
115
113
103
103
3
102
116
154
115
115
105
142
90
3
115
138
121
117
149
116
133
85
5
100
124
136
140
110
100
125
132
7
100
115
156
113
118
108
142
87
4
110
133
128
119
147
117
136
79

