13
2
9
10
1
1
8
7
1
8
2
9
3
1
1
6
8
5
9
10
3
1
8
3
7
9
9
143
105
141
85
132
82
91
107
7
122
125
141
113
123
127
111
120
1
122
126
99
130
85
113
131
98
3
133
114
149
133
106
86
128
99
0
107
131
150
117
120
102
136
119
3
119
121
100
134
87
104
122
163
1
114
152
139
121
113
82
75
126
8
77
95
108
106
129
148
150
93
3
108
129
73
120
130
121
68
97
8
126
91
71
115
119
100
120
86
7
134
99
127
117
121
131
124
89
9
123
85
90
130
120
136
128
92
7
87
135
121
69
134
141
120
133
2
133
97
100
112
121
98
141
153
6
142
171
129
125
124
87
129
112
6
112
101
125
100
101
127
114
108
7
116
141
125
107
91
100
95
128
4
118
128
76
92
113
122
107
113
2
116
136
112
129
113
93
102
132
5
164
147
109
99
123
128
134
149
8
114
128
121
162
109
112
145
114
6
95
157
139
128
128
148
115
83
5
154
100
122
133
145
114
93
113
6
157
99
141
85
95
114
112
120
8
100
113
136
103
130
101
122
96
1
111
141
116
142
113
100
120
71
8
78
139
136
141
115
99
147
150
4
74
104
143
113
141
125
130
136
4
119
125
113
144
153
134
119
113
6
98
161
149
97
116
94
145
121
5
141
112
88
134
99
136
147
103
7
156
99
161
119
78
103
121
105
2
114
117
106
119
122
119
90
107
6
101
106
105
93
110
134
106
113
8
117
105
108
128
151
124
116
144
7
99
144
144
113
141
113
116
122
2
135
114
85
123
85
106
140
140
7
128
79
150
101
169
118
75
156
4
96
111
113
108
79
110
121
112
1
106
148
114
137
137
116
133
134
1
99
128
111
126
142
145
141
126
1
117
135
139
107
117
155
152
106
5
117
106
109
120
115
150
129
142
8
143
107
137
84
101
71
107
134
7
149
95
101
122
102
86
117
93
1
113
86
79
140
121
116
107
132
8
140
154
110
128
121
135
136
144
9
119
113
159
108
75
127
102
135
3
64
114
120
130
131
81
113
126
0
118
121
85
155
127
95
141
149
6
105
125
156
100
107
122
92
119
1
93
125
139
84
107
125
91
92
4
113
107
123
144
128
128
123
134
7
150
124
89
132
135
130
111
108
3
74
109
123
101
139
121
55
88
2
139
113
86
114
134
99
114
95
2
117
107
101
125
110
107
132
101
1
97
128
94
138
114
98
140
119
10
128
122
98
148
145
133
100
117
6
85
105
119
115
176
132
127
91
5
127
114
122
148
122
86
145
134
7
85
142
127
130
111
123
101
105
9
137
86
134
141
116
111
113
115
0
127
91
148
146
126
112
93
139
9
125
137
114
108
107
152
162
106
7
139
117
128
119
119
89
122
143
6
156
143
93
105
121
95
136
136
10
137
89
99
127
160
92
135
119
4
134
138
121
92
107
142
122
113
2
150
120
109
128
122
113
129
138
2
122
123
112
143
122
121
111
88
1
100
82
131
113
99
114
142
133
7
101
135
76
126
120
85
90
101
1
78
94
130
110
98
78
117
133
2
116
81
106
122
112
113
117
119
1
127
105
90
131
127
104
117
100
4
107
127
126
135
113
132
126
138
3
84
112
126
148
142
115
83
106
3
124
86
131
113
157
96
80
121
3
125
93
108
125
127
114
111
146
4
126
98
104
105
93
74
120
107
4
119
127
102
113
126
145
141
142
4
121
133
94
127
115
80
136
98
7
76
113
125
125
105
98
122
121
4
104
94
130
111
113
121
117
86
8
120
127
117
127
134
88
135
147
4
106
93
106
96
114
106
75
100
5
108
105
102
133
102
94
129
128
9
121
114
110
128
130
120
105
120
4
87
120
100
107
99
59
161
142
7
100
108
107
103
108
88
84
129
8
138
111
82
120
98
115
142
94
8
123
134
84
71
114
129
120
120
0
93
75
130
150
118
153
164
81
1
124
107
127
108
79
116
112
107
1
108
110
89
129
117
145
140
121
1
110
70
108
113
93
156
92
107
1
79
118
75
108
119
131
106
92
5
100
104
122
141
150
117
120
134
0
137
118
142
163
145
90
143
111
0
142
100
127
114
116
109
129
108
1
125
133
127
94
113
111
130
147
9
102
164
99
128
112
149
135
129
6
155
117
117
119
141
123
93
119
10
99
99
109
124
123
121
119
118
3
143
136
132
110
115
97
104
150
8
80
155
111
128
101
79
117
134
6
122
134
139
117
126
71
108
94
1
136
150
83
124
94
114
140
97
7
109
91
127
100
160
127
88
120
0
139
119
102
85
122
111
112
78
7
92
147
111
140
117
119
114
101
7
120
132
128
73
140
83
125
139
4
127
101
143
87
126
133
141
118
4
119
129
132
93
101
69
126
83
1
101
133
115
110
112
132
142
107
8
66
85
124
142
119
105
134
111
2
117
117
122
123
115
95
90
116
10
120
114
120
127
105
113
103
175
2
100
120
98
115
104
118
110
107
6
107
145
131
73
119
145
133
127
9
119
129
115
95
94
127
134
112
10
124
135
113
117
111
90
142
143
1
119
120
130
124
118
100
112
124
6
120
120
189
120
120
120
79
82
1
108
118
135
121
95
144
100
119
10
143
111
134
100
117
70
91
123
9
122
107
125
119
126
128
115
127
9
112
107
133
91
105
101
147
112
8
105
100
122
141
115
115
105
113
7
119
143
143
123
118
141
73
145
9
103
132
110
121
145
85
148
119
5
91
89
154
119
114
127
141
133
2
74
117
125
100
128
104
85
143
4
151
126
124
111
109
135
102
134
6
138
136
115
104
77
120
121
120
1
86
108
138
115
107
83
92
108
4
122
140
127
115
93
127
133
147
5
110
122
125
97
116
107
117
132
9
121
181
134
113
111
100
113
113
4
121
93
113
140
110
84
125
147
9
98
107
100
74
158
94
115
134
3
103
109
84
100
95
143
152
84
3
108
140
74
140
131
128
95
102
6
133
126
141
126
135
119
153
93
2
117
87
107
112
81
133
115
112
0
115
82
124
90
107
127
120
125
8
149
100
107
128
93
140
138
107
7
93
134
142
84
114
134
110
100
7
102
118
109
135
106
107
100
91
9
119
87
87
123
120
132
88
116
9
114
79
136
102
147
131
121
127
3
104
134
142
169
118
149
93
141
2
119
109
86
127
109
88
136
119
0
147
139
135
114
115
73
153
99
4
121
143
170
114
102
133
114
78
2
93
107
115
128
135
113
150
129
1
126
113
119
145
97
112
134
125
6
104
103
141
46
106
129
114
97
4
123
126
147
106
134
118
127
162
1
113
103
136
100
145
107
120
134
7
137
122
131
133
142
125
85
140
2
88
129
116
120
130
149
130
139
0
119
85
119
122
135
135
115
108
5
123
102
126
116
137
128
129
109
9
114
170
75
97
132
107
141
98
8
111
135
97
145
94
137
128
106
6
115
106
149
129
124
114
91
96
0
129
107
153
128
111
101
112
143
0
134
112
121
107
91
92
101
113
8
105
137
142
92
157
130
114
115
7
108
101
97
118
100
135
113
157
0
144
106
114
106
115
115
121
118
1
79
135
86
115
86
122
107
126
5
139
115
92
112
105
143
81
104
8
135
134
136
111
94
121
50
125
1
84
136
136
100
105
144
126
114
9
119
129
114
117
78
100
129
102
8
133
112
124
139
155
142
106
133
7
105
72
115
92
68
136
111
99
3
113
96
176
143
136
112
107
86
8
113
120
112
108
95
108
94
127
1
80
127
82
76
100
117
112
106
4
117
123
123
149
132
111
101
141
6
104
114
148
143
106
71
96
132
3
121
108
120
132
127
129
125
65
8
99
129
112
103
139
102
92
104
9
169
149
127
102
138
114
118
126
4
107
124
141
106
115
126
108
142
3
108
112
131
122
154
127
95
113
9
103
100
93
136
116
96
107
85
3
126
121
112
154
106
139
106
129
3
87
133
117
156
94
86
113
107
1
128
105
116
135
99
115
126
114
1
101
142
111
108
143
111
136
101
4
155
115
141
102
100
135
142
112
5
119
113
137
98
117
147
106
113
9
119
120
121
111
137
126
102
119
3
115
89
113
154
118
98
113
107
2
122
132
135
99
131
105
93
114
4
85
113
100
136
144
110
128
96
6
116
115
96
82
138
113
121
149
7
98
111
106
82
127
115
84
105
9
115
104
101
108
99
143
113
97
3
117
115
131
128
98
83
131
117
5
134
137
115
117
95
110
101
121
1
111
93
121
129
100
99
81
94
4
118
98
130
128
155
114
129
138
9
119
100
126
163
141
120
124
133
9
166
111
149
89
124
65
93
141
1
87
141
111
106
112
115
134
143
7
116
98
100
136
112
148
133
126
8
160
93
96
110
149
120
108
151
3
94
117
141
173
115
141
119
123
1
131
105
73
109
99
94
98
107
3
113
127
126
94
123
103
113
138
3
106
124
118
118
125
109
134
118
3
101
101
157
83
127
157
110
92
8
91
85
143
101
111
78
135
124
9
114
125
100
92
118
66
107
96
4
119
95
124
114
85
105
110
99
5
119
143
136
136
135
85
134
147
10
108
127
116
106
133
134
112
109
2
163
121
126
111
141
136
120
111
1
105
128
97
94
87
135
101
135
10
141
111
81
122
98
109
145
137
10
113
74
106
86
93
136
113
133
6
115
119
92
87
99
127
112
133
4
124
108
129
135
119
101
117
103
9
102
116
107
106
123
119
149
92
3
116
109
136
129
126
115
120
122
4
140
148
104
127
103
114
114
131
3
133
127
147
162
114
152
150
147
6
143
90
112
113
80
128
126
143
7
95
107
120
102
156
114
106
125
2
99
58
127
177
93
89
120
80
4
92
103
98
140
127
120
160
117
6
109
112
104
131
91
117
134
102
7
125
111
170
121
108
107
127
116
3
117
108
104
125
163
119
100
121
3
106
109
95
124
105
120
113
156
9
79
81
133
85
145
113
128
116
10
117
101
120
120
139
136
125
129
2
103
121
69
123
132
136
105
80
9
135
128
127
133
134
79
122
102
10
130
105
124
130
127
152
105
103
5
127
102
152
127
121
131
136
139
3
113
124
165
119
137
104
91
101
9
114
122
119
142
140
110
139
117
2
126
116
108
121
77
113
114
94
6
92
92
113
125
113
121
118
139
1
140
128
141
117
118
105
123
148
6
135
109
101
95
118
106
135
132
8
128
126
112
128
139
142
111
94
5
123
113
118
92
108
110
126
133
3
78
113
150
130
110
136
85
109
8
106
142
123
99
113
105
91
78
3
153
140
132
118
127
95
124
123
9
112
127
141
134
104
129
136
114
2
93
128
107
142
134
156
76
137
5
101
99
115
108
100
149
136
100
8
114
136
125
120
129
113
109
97
8
94
129
140
120
146
106
136
136
6
113
117
123
153
142
119
138
115
3
156
124
121
128
108
120
72
132
6
139
132
71
129
108
134
142
113
9
124
84
85
116
93
133
121
121
0
127
121
134
99
100
122
89
135
4
80
107
113
159
128
122
139
131
0
135
117
106
134
127
123
105
107
10
132
120
118
110
116
136
112
129
3
113
124
108
147
136
89
141
86
6
105
171
127
110
127
119
149
106
1
89
98
109
110
114
130
111
115
3
119
135
110
93
110
126
134
114
7
92
127
156
82
95
128
126
147
10
124
117
108
130
124
114
132
120
10
108
114
131
141
98
131
136
120
5
119
135
127
134
129
115
104
130
9
118
86
86
108
124
128
86
92
0
92
131
118
126
84
121
118
148
9
127
102
120
101
133
130
114
64
6
128
133
107
116
133
119
100
135
4
122
121
115
127
121
122
114
116
4
119
71
128
135
125
118
148
89
7
128
106
113
92
122
130
135
114
3
97
105
170
88
128
142
100
59
3
119
111
140
124
159
93
96
113
7
128
122
116
71
100
150
148
113
3
111
145
142
106
108
108
135
117
6
119
102
103
119
136
105
88
92
6
149
113
99
134
148
134
86
108
9
119
114
119
108
101
95
136
97
7
143
115
114
122
111
112
128
114
8
99
141
108
103
89
86
132
153
5
108
122
129
121
126
118
65
100
8
136
74
107
135
120
139
102
113
7
127
120
103
99
103
122
150
134
2
127
104
121
94
121
85
142
156
10
114
92
101
153
113
99
135
134
6
128
126
110
80
148
117
123
112
9
114
135
121
119
66
121
63
86
1
111
128
99
142
85
122
128
121
3
108
127
112
108
129
92
102
127
3
85
99
76
94
114
140
105
123
7
71
100
113
110
136
142
107
138
3
121
79
95
142
100
139
122
91
5
170
109
147
96
99
126
160
94
7
86
97
95
124
126
129
102
125
3
137
87
119
126
98
105
113
83
10
114
80
100
144
121
87
133
120
5
106
134
104
113
107
106
141
120
2
106
81
92
102
100
89
128
124
3
113
105
121
152
93
124
130
124
7
122
142
133
110
152
63
114
113
4
111
119
132
144
86
152
97
102
10
107
80
108
90
131
112
132
102
8
85
85
101
135
113
127
84
79
4
108
111
140
128
100
118
126
138
9
112
149
106
122
119
102
91
106
3
117
125
81
118
137
121
91
133
7
122
107
116
136
141
79
158
105
10
129
84
143
87
85
102
113
139
4
141
123
116
102
134
105
120
86
4
112
122
136
112
164
94
140
122
7
141
142
101
163
116
106
128
132
0
123
95
93
135
107
99
114
112
2
85
100
116
107
105
117
108
143
8
104
142
100
118
126
100
133
92
1
107
145
112
129
156
157
122
134
9
148
170
59
111
155
138
119
98
10
107
112
107
149
120
132
142
105
8
111
119
123
106
113
99
101
125
6
79
114
113
93
96
108
149
128
6
112
130
126
147
94
139
77
129
9
148
121
142
96
107
83
136
143
1
119
117
113
115
82
134
147
104
9
113
140
108
113
78
114
121
97
9
95
94
112
171
126
113
136
110
10
114
120
91
108
80
100
90
100
3
134
131
150
85
117
104
129
114
5
111
100
129
135
78
114
137
53
4
108
127
96
141
92
169
159
136
4
147
112
120
88
110
152
120
110
2
130
112
96
120
129
125
160
98
4
190
127
114
122
96
137
128
129
7
86
125
123
132
95
102
92
104
9
126
113
114
94
101
126
106
111
1
133
118
135
136
105
142
108
122
3
129
148
121
121
85
157
100
92
8
111
114
138
70
113
148
120
85
9
141
113
156
104
92
127
120
92
9
96
92
106
91
137
156
121
124
9
96
120
144
106
109
86
142
133
3
62
144
52
131
142
89
78
109
1
127
102
142
156
150
111
119
106
9
124
177
97
111
116
121
128
93
1
103
99
126
115
120
105
101
114
9
85
91
115
142
101
113
142
119
8
72
130
134
113
142
129
132
84
2
129
110
112
142
120
132
118
96
8
157
142
133
135
101
110
125
145
3
105
139
142
119
135
130
100
128
2
121
106
105
146
97
123
101
116
9
138
94
121
101
73
112
129
119
8
129
122
143
104
77
113
114
131
1
96
138
135
133
92
125
91
134
2
136
105
113
58
111
93
148
90
2
136
115
110
120
77
101
126
104
6
117
100
142
114
147
127
126
128
7
142
92
101
139
164
121
143
115
8
99
121
70
127
128
119
110
86
3
113
106
113
90
97
78
121
90
4
75
121
126
123
93
119
107
106
2
107
140
110
133
158
116
105
135
3
119
57
120
141
107
98
143
100
5
130
120
149
132
121
121
129
93
7
114
104
125
98
136
101
169
128
6
58
126
114
101
108
114
141
121
8
111
111
115
106
147
72
105
100
1
128
147
114
136
164
64
91
111
8
100
148
130
115
140
143
113
130
4
134
99
103
130
135
129
90
126
9
147
147
89
142
91
58
126
123
6
114
101
103
106
125
139
122
118
1
114
123
132
131
124
103
143
141
10
129
136
142
101
120
123
121
151
4
125
137
134
127
63
129
139
133
4
113
99
135
137
106
120
156
158
2
134
126
134
100
116
126
116
156

