12
0
1
7
9
7
3
7
4
12
9
4
9
4
2
6
8
7
12
2
5
6
5
1
0
6
4
108
100
157
127
83
99
96
121
2
58
127
101
76
99
151
89
123
6
120
85
115
118
135
119
93
109
2
104
108
97
112
88
134
99
111
4
117
125
127
113
121
126
122
71
9
131
107
134
107
113
140
103
146
5
108
155
68
140
112
162
143
92
6
114
99
119
143
113
114
125
134
0
108
96
120
110
116
106
99
129
9
116
126
104
135
122
95
105
127
3
141
110
128
119
119
82
100
113
9
127
134
106
120
119
114
119
120
1
164
95
140
117
128
156
110
128
7
124
96
116
138
116
146
129
126
3
75
125
162
111
137
103
134
85
8
122
107
129
121
127
121
117
168
6
105
78
106
150
129
113
139
119
2
94
114
114
122
141
102
135
102
2
121
99
107
112
131
96
124
124
3
142
124
133
112
117
109
116
103
3
126
115
113
120
153
92
142
136
4
116
110
124
121
128
106
101
122
2
102
120
143
106
142
109
135
152
8
80
101
137
79
129
128
135
130
8
122
134
171
138
139
128
121
119
7
99
105
122
106
111
114
150
138
2
130
98
118
86
157
114
111
135
7
109
94
129
92
104
115
86
105
4
82
105
124
158
115
138
78
112
4
129
100
142
127
92
89
152
85
8
126
107
167
146
108
89
106
121
5
134
134
109
95
102
126
106
107
5
142
100
105
101
141
92
150
141
5
110
115
97
116
119
103
103
116
3
113
106
140
100
142
139
106
115
2
111
126
113
121
96
121
104
143
9
134
107
120
88
137
147
126
94
7
124
133
126
121
121
117
113
135
1
108
132
94
89
140
99
107
159
3
102
126
114
146
120
115
102
107
4
99
86
123
80
100
106
127
154
9
98
119
156
141
99
147
138
98
2
99
109
133
127
86
85
129
104
9
127
141
102
113
92
114
120
141
2
81
91
113
105
130
130
115
100
4
125
105
128
130
78
114
123
94
6
112
157
135
128
128
120
99
79
1
109
123
99
128
93
108
141
81
10
83
99
118
90
100
131
132
80
1
104
116
79
94
130
93
121
129
7
141
105
143
89
104
112
102
137
0
106
127
129
145
120
99
123
120
6
126
143
86
112
141
108
134
105
8
106
135
115
116
115
121
100
87
4
112
87
107
157
118
113
102
140
7
119
112
70
142
77
86
122
125
7
145
139
130
90
135
72
105
114
0
101
155
166
118
128
116
102
86
5
96
88
126
159
121
126
132
142
4
106
109
98
133
128
158
109
125
5
141
114
107
112
156
126
70
90
9
79
107
129
122
87
123
113
128
7
112
121
111
115
155
110
119
155
8
109
134
108
92
141
100
71
114
8
118
120
106
98
154
107
92
99
1
114
154
90
122
86
135
135
110
5
113
95
69
137
163
118
178
124
0
125
87
102
107
117
129
137
93
9
170
132
105
147
123
148
104
114
8
112
112
181
78
114
105
122
117
8
127
95
93
102
142
139
150
162
2
121
121
112
132
126
92
129
92
1
121
99
106
107
134
115
130
140
6
104
117
135
87
99
81
129
116
1
106
111
122
85
122
109
92
73
8
122
122
94
145
131
141
155
121
4
145
122
110
169
99
128
147
82
8
98
105
141
112
158
135
128
136
1
137
94
110
101
89
129
126
130
10
156
107
131
108
102
113
134
145
2
117
108
147
151
114
87
93
91
6
100
126
169
125
160
99
100
98
0
131
113
104
80
122
139
162
114
3
121
143
104
106
120
115
133
73
1
133
107
111
107
91
99
120
127
4
156
99
103
101
136
99
80
123
3
119
100
126
83
101
99
136
138
7
135
136
80
105
120
127
82
125
5
145
131
113
107
121
121
156
112
2
139
127
121
121
134
148
91
118
8
144
119
119
80
92
141
107
113
10
100
140
125
127
93
107
105
87
10
91
107
128
100
116
121
145
104
7
121
105
123
89
113
119
96
124
5
100
112
118
110
135
147
97
111
10
145
106
117
75
128
102
125
120
5
86
145
112
94
123
107
92
122
8
95
114
118
93
127
128
148
120
3
105
135
105
140
157
133
99
135
10
141
129
94
86
89
110
107
126
8
93
86
116
133
120
135
119
103
5
113
84
127
112
135
112
147
137
6
121
104
128
126
128
112
98
159
8
126
96
147
148
89
99
124
109
7
143
111
153
119
114
126
112
92
10
150
110
109
129
120
112
130
120
1
132
135
133
125
108
65
116
122
6
95
131
136
107
129
117
139
116
9
86
113
97
82
116
91
101
104
7
106
119
110
129
107
113
91
106
2
93
126
108
132
106
85
134
99
2
94
119
126
121
118
155
135
103
2
155
119
109
113
133
110
149
130
7
136
144
139
118
107
121
150
134
2
126
125
98
115
132
110
101
131
2
151
107
59
128
129
115
119
124
4
84
134
108
78
107
105
108
131
1
144
119
140
100
86
152
112
107
9
104
112
101
135
120
122
136
106
8
107
102
109
131
140
115
98
127
7
127
114
87
108
86
114
112
94
9
101
132
105
126
115
121
114
121
8
74
156
128
134
104
173
113
104
3
131
135
116
118
149
129
119
136
2
101
148
78
87
99
115
91
107
1
163
93
111
115
104
128
120
144
2
108
114
130
156
129
119
127
130
2
109
112
130
116
121
128
135
121
6
132
90
116
116
100
116
99
96
7
115
99
99
83
121
111
116
146
5
93
121
133
129
80
118
120
105
6
120
114
143
110
146
121
129
154
8
97
113
113
74
122
118
141
150
3
108
142
161
107
118
121
117
143
4
126
107
113
109
112
141
145
143
10
154
131
126
121
109
100
158
122
8
70
140
126
100
162
80
101
115
7
114
87
107
128
111
122
117
133
9
106
120
82
103
127
122
95
127
8
120
119
131
103
141
122
131
65
6
113
114
121
127
64
101
134
101
7
123
100
111
107
118
92
89
125
2
112
112
104
125
117
127
134
126
5
84
126
133
134
70
126
122
155
4
120
174
105
128
100
138
98
93
6
92
132
86
141
106
126
121
149
4
73
99
135
134
144
112
109
152
7
99
114
98
133
152
97
93
120
4
154
120
127
135
131
125
134
113
4
117
116
116
142
115
98
132
147
9
98
85
121
98
114
112
102
98
9
103
149
92
113
67
132
118
105
0
111
125
115
102
107
119
122
74
7
135
106
133
136
108
156
121
150
2
106
106
134
111
117
120
142
98
5
101
129
123
131
136
83
137
123
3
95
78
156
78
98
114
120
122
2
129
111
145
112
114
99
92
77
9
160
107
141
124
86
149
140
122
0
99
140
116
157
159
117
134
116
1
88
128
101
114
119
136
146
112
6
131
109
134
128
107
94
119
100
7
123
152
147
83
98
151
87
147
8
103
145
105
120
113
93
100
120
9
133
140
95
121
134
115
119
144
1
119
126
105
177
129
115
124
101
3
148
91
88
113
130
127
88
105
9
141
125
119
121
137
116
133
135
4
103
126
139
149
128
106
116
93
8
105
127
102
130
105
141
111
120
0
157
58
151
143
102
120
106
87
8
107
125
72
137
91
100
110
115
3
110
141
135
98
126
148
100
131
3
120
75
98
102
155
105
113
113
6
136
119
114
120
129
140
130
80
8
129
134
117
114
138
117
112
95
8
120
121
133
126
94
114
123
129
3
120
123
115
114
127
125
73
106
3
147
148
139
132
129
91
97
155
7
112
122
103
94
126
101
95
100
7
127
110
129
82
143
114
117
97
3
111
107
125
85
141
103
111
117
3
101
111
103
122
116
113
95
123
1
80
117
149
104
105
107
97
109
1
130
105
134
131
100
81
139
136
4
138
107
93
129
141
85
99
117
9
96
120
129
87
113
112
135
117
2
110
136
99
140
96
97
112
131
4
167
160
123
125
142
133
121
117
9
88
107
110
128
114
111
94
128
8
143
123
115
134
103
106
133
131
1
138
117
106
135
98
119
95
143
6
112
110
84
153
113
141
98
93
4
56
128
85
119
134
141
146
100
4
101
118
110
87
118
105
134
131
10
116
87
119
114
121
117
148
105
1
141
114
142
131
132
104
93
114
1
118
80
149
136
106
87
131
102
4
106
149
120
108
113
120
112
95
2
111
116
135
87
84
122
108
126
8
115
106
133
123
125
133
132
127
8
95
96
126
133
157
115
102
171
1
122
161
112
141
100
134
98
147
2
89
116
143
118
108
126
90
113
3
129
139
100
73
90
124
149
115
6
104
150
152
111
86
176
126
127
10
92
126
145
74
122
123
82
127
1
109
107
108
107
85
128
154
93
6
119
99
109
111
61
127
136
114
1
95
122
96
90
111
135
92
126
3
155
91
96
111
142
67
134
127
5
85
136
127
100
114
121
126
93
4
126
113
153
114
87
106
153
128
5
121
125
78
154
116
99
122
81
3
114
106
100
118
98
126
146
118
4
152
111
92
113
115
78
76
107
5
136
128
91
124
128
149
127
137
6
108
92
112
141
91
155
100
82
9
101
115
124
73
141
131
99
85
8
150
157
120
132
111
139
148
124
8
124
134
140
125
119
93
126
118
6
86
114
127
102
148
141
106
121
7
103
111
97
121
133
133
106
148
3
141
140
125
132
138
96
168
104
4
78
141
103
128
128
99
126
140
3
142
119
114
142
116
105
134
93
8
114
129
112
107
152
114
119
115
0
90
127
115
129
122
117
113
122
0
114
147
101
101
119
106
113
126
3
70
111
106
98
109
125
110
128
1
118
90
123
119
139
152
86
123
3
107
100
110
93
135
134
106
153
1
114
96
134
89
122
88
96
66
9
80
86
138
119
122
111
114
117
5
151
105
140
97
84
129
89
114
7
81
135
127
86
116
143
89
122
9
153
89
119
91
113
113
150
119
4
151
83
91
120
108
135
122
167
5
147
142
87
129
103
142
112
103
8
121
133
123
124
103
108
119
135
8
109
106
108
103
106
150
136
105
5
87
127
127
120
106
112
111
134
4
118
134
113
109
133
93
123
90
7
140
160
122
109
136
92
119
104
2
94
121
124
111
107
120
80
131
4
110
143
129
84
107
133
105
117
6
150
140
137
69
112
145
113
102
2
79
163
96
86
108
117
127
148
0
110
107
100
130
143
104
71
126
6
106
106
121
138
126
128
108
126
2
147
107
93
106
128
114
133
128
7
118
105
122
114
135
113
128
106
7
111
89
135
123
87
143
141
124
8
121
129
62
85
107
117
87
122
9
153
134
121
119
92
158
89
142
10
142
104
114
120
75
134
98
111
9
147
117
99
114
137
83
109
134
3
94
97
131
133
155
139
152
114
9
134
141
172
106
86
127
146
125
2
128
93
150
119
158
108
91
78
9
114
107
110
88
85
95
140
115
7
79
117
79
134
111
73
136
120
7
76
125
107
133
123
147
118
130
9
115
82
140
65
128
127
113
119
8
92
120
81
113
136
103
99
128
1
113
88
152
124
151
117
163
121
4
157
94
106
146
153
145
136
151
2
106
94
150
130
118
100
113
150
0
77
126
124
134
99
67
93
103
7
134
138
105
138
130
136
135
106
4
114
105
142
122
114
118
121
146
4
134
123
128
115
101
139
115
98
3
121
149
130
105
154
117
75
122
1
114
132
112
100
160
86
149
117
5
135
132
121
106
100
108
92
100
8
101
119
133
94
93
98
103
98
2
120
92
124
87
100
123
111
140
3
135
144
130
97
77
126
106
85
3
102
100
142
107
140
94
116
70
2
139
141
140
139
128
113
109
92
5
129
116
89
109
109
134
134
100
3
93
95
121
79
107
93
83
113
5
111
98
121
85
95
100
105
126
10
113
100
104
107
160
114
95
117
4
126
107
123
85
122
126
85
113
4
132
137
114
126
107
74
113
124
2
117
75
131
99
107
85
117
132
6
143
121
100
148
128
155
101
109
2
156
130
105
99
91
121
89
91
2
94
118
83
126
113
133
122
124
9
129
79
112
76
128
121
117
100
9
155
113
126
136
99
125
126
147
5
128
114
154
135
130
98
102
126
7
103
103
127
107
115
126
108
123
3
102
107
140
125
132
112
92
118
9
97
74
90
138
97
139
120
122
5
123
114
129
99
154
97
142
114
3
105
108
128
103
116
102
118
127
8
99
106
109
119
120
90
119
134
5
124
112
107
132
139
112
128
136
4
122
155
100
120
114
94
127
98
8
122
87
127
105
110
119
125
126
3
114
105
129
86
114
133
91
102
0
121
103
123
114
121
112
126
105
1
112
110
135
117
101
156
98
138
3
129
113
120
118
104
141
129
127
2
135
99
137
135
107
125
109
105
3
106
113
103
152
111
99
103
119
8
127
100
114
78
101
119
112
99
6
117
148
158
121
78
152
101
99
3
136
105
129
126
108
101
121
127
4
106
79
99
108
113
153
83
117
6
130
113
108
129
129
111
122
104
0
148
105
97
128
129
102
131
112
9
126
102
120
107
82
113
84
130
5
131
178
141
117
115
122
108
120
4
117
147
67
100
106
121
130
110
7
121
86
140
98
146
95
72
147
8
141
142
116
106
147
121
107
155
6
87
113
132
100
124
130
126
80
8
137
85
121
125
105
115
127
137
3
145
99
124
81
162
131
118
121
2
150
71
141
103
64
157
116
130
1
140
133
113
84
136
123
124
121
8
127
113
102
122
134
104
106
114
0
92
133
100
118
140
93
85
135
6
100
120
109
127
93
129
88
143
5
119
104
105
109
124
125
125
137
7
129
149
131
96
99
108
111
77
6
107
112
113
122
114
65
140
112
2
120
131
134
125
102
92
121
112
10
136
92
109
108
125
137
114
83
8
121
86
60
106
89
66
117
108
4
102
120
144
128
97
127
135
92
2
106
104
126
119
142
127
75
120
9
129
73
106
129
126
111
124
129
3
109
149
113
92
94
132
115
145
6
104
85
127
86
134
107
99
163
9
121
92
97
103
132
106
121
118
5
140
114
164
135
114
121
88
99
4
140
83
107
97
100
118
126
132
3
121
123
119
92
97
142
126
107
6
133
107
84
143
125
81
150
140
7
120
134
133
119
93
114
113
143
5
85
100
102
110
96
125
132
160
5
172
101
92
124
140
100
136
116
7
82
92
103
120
114
125
155
139
8
99
157
136
107
139
127
118
65
4
73
79
108
113
121
100
131
108
4
130
100
130
118
120
116
121
136
8
107
119
125
100
115
115
94
136
10
142
130
91
131
100
78
125
129
8
102
92
135
118
85
140
147
135
5
120
140
90
121
124
112
123
141
5
86
128
154
114
114
143
108
112
1
85
149
108
137
120
119
93
133
2
96
104
136
155
133
100
148
153
9
115
127
101
118
129
127
138
123
3
129
133
92
92
139
131
115
103
6
112
139
115
148
84
63
119
129
8
85
112
65
108
97
131
121
69
9
136
108
113
97
114
112
96
93
6
106
116
121
132
107
161
134
113
6
123
96
123
91
106
62
98
152
7
127
99
134
156
113
97
107
92
9
108
99
134
99
128
130
84
143
8
126
121
76
141
100
114
125
125
5
164
96
64
103
100
132
78
123
1
162
149
87
109
110
127
94
124
9
94
98
108
129
119
111
136
155
6
113
149
115
118
132
106
131
140
7
119
94
110
81
129
113
114
130
10
134
138
120
118
136
113
105
131
7
115
92
137
128
146
151
90
164
1
98
108
121
100
97
123
94
123
8
120
94
124
78
108
97
136
122
10
102
168
104
74
127
167
103
112
10
148
114
97
160
130
106
128
143
8
115
138
133
117
164
125
101
128
4
135
113
79
107
86
142
110
87
6
131
106
93
112
121
136
128
100
6
147
100
118
129
141
110
102
106
6
105
100
157
78
112
132
95
120
8
93
86
113
107
126
90
85
114
1
108
108
144
133
100
105
98
89
2
103
140
107
155
166
100
126
111
7
129
129
143
118
150
114
83
129
9
110
102
118
128
100
149
113
121
10
130
112
105
157
127
112
112
154
9
130
130
138
115
148
116
77
135

