14
3
10
6
0
1
2
4
9
15
5
8
7
9
1
5
9
10
10
4
10
0
9
10
3
7
9
150
121
118
126
142
123
99
128
1
98
100
99
119
154
121
149
142
8
128
72
170
110
65
70
114
108
6
38
142
121
127
91
85
65
121
9
106
89
91
70
121
120
99
92
7
143
114
99
141
105
130
120
114
1
97
134
113
106
119
93
121
129
7
141
129
132
110
133
108
150
76
6
131
122
86
162
97
86
105
133
5
151
126
120
118
98
137
108
104
4
120
139
115
169
121
122
149
120
10
114
107
104
122
141
119
143
108
10
113
100
121
140
89
92
85
134
1
84
107
148
101
106
170
108
106
2
132
120
115
93
109
128
94
154
5
128
92
100
123
78
118
107
75
10
87
123
97
112
143
72
135
128
9
122
138
115
140
125
106
106
93
7
98
133
115
117
121
105
107
162
6
129
105
107
126
99
119
104
106
5
155
91
99
151
114
115
144
116
9
120
149
95
135
112
91
130
129
8
143
111
131
149
114
106
103
114
8
126
73
107
109
129
137
106
114
9
145
109
138
90
114
104
75
126
7
109
111
94
129
100
120
143
129
2
109
101
104
134
114
140
106
119
7
95
92
127
170
102
106
98
103
5
106
117
126
135
134
86
101
128
3
134
106
114
100
123
136
141
102
4
127
116
87
119
146
93
152
93
9
105
139
112
132
123
95
142
110
2
100
144
100
88
99
105
120
106
5
80
117
114
127
127
97
124
116
1
119
134
134
114
82
92
135
98
3
102
113
133
114
122
160
130
105
1
97
101
114
125
135
128
127
117
1
78
133
98
65
101
123
101
112
6
135
143
102
101
102
107
120
150
3
87
90
133
106
119
103
126
124
0
137
130
127
106
88
112
142
141
0
103
123
156
107
117
107
132
90
8
119
128
148
99
89
155
140
71
5
120
129
140
160
108
129
131
85
4
127
122
108
106
89
114
108
93
4
141
88
85
98
150
142
129
109
3
137
147
121
105
114
108
92
155
2
96
139
104
108
111
128
117
114
5
117
114
142
124
84
108
104
120
9
121
101
97
127
131
148
162
142
9
113
96
136
102
121
127
124
93
0
124
110
107
116
133
146
94
99
1
128
117
115
105
105
111
93
110
7
163
86
95
121
119
121
135
148
8
155
121
134
163
154
98
122
130
7
122
139
127
103
159
128
97
157
1
146
125
78
135
135
91
143
119
7
114
117
98
88
124
120
119
121
7
136
110
101
70
126
88
102
89
10
114
110
133
126
156
134
135
92
2
137
116
122
149
82
126
112
126
5
98
119
136
141
114
99
98
90
5
116
127
120
132
100
139
75
107
9
102
164
117
114
119
117
85
142
4
80
104
106
88
154
127
138
153
9
103
107
113
145
115
115
112
124
8
110
126
120
128
125
146
105
116
8
100
126
114
108
131
148
155
98
5
125
117
91
134
106
105
72
134
0
120
98
93
115
137
107
105
136
2
111
124
135
137
125
119
104
107
9
122
159
100
118
117
110
137
136
3
94
129
127
101
129
113
124
113
8
123
128
92
93
130
112
103
119
2
109
112
142
113
81
98
149
99
3
151
114
133
120
104
99
133
136
9
121
121
142
108
114
115
76
129
0
135
114
146
92
88
135
79
142
3
98
96
85
105
141
98
135
116
1
136
105
158
132
98
98
121
95
4
100
149
117
136
119
132
117
127
6
135
102
141
130
124
101
120
130
0
133
148
137
78
102
108
124
128
9
120
127
101
116
122
86
88
101
2
91
87
126
151
87
107
142
84
10
142
103
115
117
108
98
150
126
9
101
115
159
152
94
113
120
110
7
108
81
118
134
126
145
102
107
3
133
135
117
106
108
93
135
99
8
154
93
129
91
142
114
91
83
6
74
115
120
149
142
129
99
105
7
100
119
127
96
99
142
141
139
5
114
128
137
61
101
115
122
113
2
92
113
141
127
120
120
114
81
3
139
109
82
114
136
157
118
123
6
124
94
99
118
116
78
91
114
3
101
107
162
98
146
90
86
132
0
102
100
126
102
98
97
128
105
9
91
113
135
128
86
96
135
59
3
110
144
129
99
127
143
121
114
2
107
135
87
101
128
114
107
114
10
91
127
126
120
126
140
121
133
7
97
123
122
127
105
135
123
86
5
114
96
112
86
119
110
122
134
3
68
108
123
127
127
114
120
126
4
137
120
95
112
110
153
114
111
5
130
107
99
145
94
107
139
118
9
99
99
108
113
99
144
142
178
7
101
88
102
89
134
127
100
123
7
164
105
103
113
113
127
105
101
5
133
103
128
146
91
71
111
114
4
80
106
102
95
128
119
78
99
4
114
94
128
147
104
78
156
135
7
108
110
108
134
84
43
106
115
6
105
120
122
125
135
147
116
122
10
91
106
144
120
142
120
135
101
5
122
127
121
124
119
103
103
115
4
114
139
160
143
133
125
132
128
2
99
98
127
134
117
142
134
93
3
140
123
60
135
108
134
110
122
7
134
114
91
107
149
111
86
96
7
117
81
101
132
118
70
83
114
1
100
122
134
132
142
117
126
127
2
102
114
134
108
100
102
118
114
6
106
98
65
143
111
121
112
126
5
136
113
100
124
96
118
113
108
4
129
114
127
120
116
122
70
119
6
115
144
135
135
118
149
111
120
5
116
99
138
160
142
112
113
119
3
129
91
74
87
100
113
92
121
4
114
159
105
106
113
77
104
119
6
81
137
122
131
104
161
119
120
2
70
99
112
78
106
116
74
76
8
97
136
111
122
65
77
121
128
10
128
89
120
121
116
122
99
100
7
107
136
119
93
83
110
113
121
0
121
93
108
100
122
149
127
115
5
94
141
140
109
148
106
162
141
4
134
107
104
115
149
128
158
106
6
129
92
149
131
115
97
104
140
10
107
116
112
93
99
99
141
112
5
113
128
120
105
112
101
124
156
9
127
111
108
115
113
132
148
135
4
130
91
155
132
151
104
143
126
5
153
129
123
94
118
95
132
95
3
92
131
120
114
149
91
131
106
4
137
85
124
117
106
152
149
114
4
124
108
127
106
141
108
119
123
2
134
96
80
78
140
133
142
133
2
90
120
121
149
109
105
112
114
6
107
111
79
121
139
94
141
130
2
82
109
130
116
85
72
100
143
6
108
138
103
107
112
121
104
94
1
143
134
112
129
110
148
61
118
1
116
105
102
45
93
105
130
113
7
120
137
149
126
120
122
107
115
8
94
130
114
129
99
115
91
112
4
99
118
118
115
136
121
110
111
4
135
126
101
151
135
128
142
140
7
111
93
98
136
115
98
104
102
4
113
102
145
107
86
122
118
99
9
104
105
114
114
104
91
125
120
9
141
139
98
107
112
143
115
113
2
102
148
142
132
108
87
80
128
1
115
133
99
124
96
107
120
121
5
126
106
104
142
113
78
100
99
10
114
122
121
105
122
149
89
136
5
60
105
127
126
110
138
102
140
9
108
146
106
105
121
125
160
98
3
149
136
149
113
150
99
53
127
9
120
114
101
103
130
108
112
128
6
122
127
136
80
117
131
95
133
7
127
116
163
128
101
131
113
129
7
120
116
115
133
127
92
84
100
8
78
124
101
117
100
141
90
91
3
117
125
117
96
93
92
137
135
9
134
122
144
99
94
124
117
130
9
112
122
62
130
122
98
77
106
5
145
134
136
154
115
114
92
105
10
106
160
129
110
133
69
115
71
2
135
136
99
120
116
120
125
122
5
78
136
130
104
155
94
101
141
8
141
97
145
145
154
102
100
136
6
101
141
124
105
136
122
119
92
6
147
111
110
129
104
106
76
78
1
115
114
109
149
112
122
106
113
6
149
85
141
114
103
117
72
121
0
121
132
102
67
88
131
99
110
1
124
106
101
119
130
117
91
121
6
90
125
102
95
130
117
121
176
0
120
140
136
121
160
160
120
149
4
132
116
130
136
112
106
91
85
4
116
150
115
128
104
150
120
124
3
129
96
71
117
102
120
121
99
1
92
88
108
129
136
99
155
84
7
121
121
105
118
102
128
130
120
6
88
143
105
144
108
114
128
91
1
90
128
128
114
117
117
99
120
8
121
76
142
130
112
122
148
130
7
138
144
124
103
159
109
135
122
6
92
109
92
117
64
132
142
149
9
142
121
142
135
134
123
109
112
3
107
107
122
109
125
129
107
129
8
140
92
123
135
99
149
100
127
8
87
88
108
110
143
113
116
111
9
91
113
144
140
141
129
97
119
4
105
86
82
107
143
133
131
120
9
139
100
140
124
129
122
122
91
6
96
107
148
108
107
141
112
113
4
98
124
106
135
149
89
145
119
2
122
153
123
107
122
150
121
126
5
122
119
114
113
135
83
96
94
8
119
126
127
150
112
117
127
119
6
122
83
134
154
100
126
134
140
1
121
121
98
117
149
127
122
121
0
113
80
95
100
120
133
113
140
3
105
128
153
117
129
99
130
104
3
80
138
139
161
88
96
120
133
1
87
154
112
107
146
109
126
112
10
114
119
65
104
128
130
107
119
7
102
124
103
156
125
123
101
100
6
117
133
140
118
130
147
120
128
2
85
118
159
108
113
114
134
134
5
133
110
109
86
128
142
142
118
1
123
131
93
115
96
100
106
98
10
107
113
127
156
50
114
134
115
7
143
114
116
162
102
85
99
101
5
138
139
99
146
127
139
142
93
10
112
71
125
128
109
102
139
136
9
111
114
118
135
128
120
120
101
2
71
108
113
129
121
109
127
121
6
128
112
125
142
114
148
98
91
3
114
99
156
72
97
97
127
93
8
90
160
124
112
133
136
108
140
1
105
81
114
127
94
113
115
150
4
128
105
98
125
105
128
99
119
5
107
102
119
107
100
129
122
127
9
142
132
125
119
142
100
140
149
2
139
98
106
99
118
128
121
98
6
108
85
81
125
93
162
121
143
6
100
122
148
134
135
99
79
141
2
112
111
121
114
87
94
100
110
9
151
98
91
126
88
106
124
108
6
115
136
72
123
121
107
106
120
3
128
134
107
116
123
128
110
126
7
136
106
124
135
114
103
100
128
8
106
129
140
125
108
112
85
99
4
122
158
99
101
133
139
118
120
1
81
90
115
142
117
107
128
128
8
136
93
86
113
117
116
156
126
7
96
86
141
127
125
57
105
116
3
86
113
138
142
79
136
122
94
0
128
127
141
127
110
148
122
135
4
119
168
141
155
118
144
153
125
0
100
101
116
120
135
94
106
98
1
86
104
128
141
122
149
156
106
6
95
94
126
98
92
122
110
98
4
145
89
130
115
131
116
100
133
5
118
155
82
97
97
121
141
108
9
107
128
113
102
96
106
118
135
2
96
92
110
119
148
118
92
107
3
115
101
121
80
132
116
105
112
5
129
135
114
100
106
112
98
113
6
108
128
100
99
106
104
121
124
9
108
146
127
107
87
127
106
119
1
120
92
105
88
137
103
112
131
2
126
156
79
122
100
108
96
102
1
92
93
87
156
162
92
114
149
1
126
120
95
127
136
97
126
121
4
140
138
104
107
143
117
124
132
9
138
116
89
126
112
143
127
114
2
156
138
107
124
101
113
139
143
6
121
115
124
141
139
123
98
154
1
69
66
116
137
113
92
149
135
5
146
122
127
142
97
143
103
132
0
107
93
122
105
110
134
97
105
1
116
142
153
100
104
115
105
107
8
130
88
111
107
126
102
115
115
5
88
127
103
86
140
133
105
133
1
120
103
98
113
163
133
94
126
4
110
111
115
98
114
113
93
149
7
114
114
124
119
114
148
133
135
5
143
106
117
149
136
109
121
84
1
116
119
90
107
113
122
116
80
6
129
114
100
121
99
111
135
92
6
130
111
140
126
154
104
108
100
1
130
86
108
106
158
104
140
111
5
140
111
100
118
111
105
145
121
10
143
120
109
126
109
97
150
131
4
142
118
86
84
101
127
72
148
4
160
103
106
92
132
166
112
91
2
114
116
95
107
74
121
131
97
5
135
114
124
129
64
121
129
92
0
106
108
150
108
133
85
102
121
6
114
112
112
113
108
138
155
107
7
149
140
133
134
95
90
122
102
1
94
135
122
119
144
115
88
119
4
86
128
100
104
87
123
108
121
3
119
97
143
102
122
103
98
102
9
134
118
57
117
78
136
100
136
9
140
153
114
107
92
135
79
88
4
120
129
100
130
95
98
85
148
2
110
120
117
122
114
142
106
120
3
121
113
125
127
107
104
98
120
10
135
102
92
141
116
120
160
119
9
92
123
111
120
115
71
88
140
4
105
138
123
119
128
124
100
115
9
84
127
128
94
115
114
123
79
4
107
81
99
141
113
122
141
132
4
87
113
126
128
105
108
136
123
8
126
108
88
103
99
107
145
99
10
106
133
99
128
143
136
169
144
3
78
120
123
178
119
114
105
105
3
131
108
134
119
109
143
157
84
3
85
126
106
131
116
137
154
127
10
109
147
127
121
98
70
123
121
9
119
150
101
72
105
125
138
121
3
99
71
134
146
109
121
150
118
5
122
153
141
107
119
119
120
107
4
168
120
111
114
145
138
109
113
8
101
127
167
89
130
125
112
121
6
116
150
114
127
114
145
96
98
6
69
93
145
79
106
72
96
106
1
147
127
111
123
106
117
121
124
6
126
94
114
134
147
115
129
100
2
85
76
91
112
129
116
143
110
4
77
131
84
122
103
135
101
94
6
106
105
129
115
140
110
100
84
6
176
142
108
136
115
159
142
78
2
101
105
114
128
121
113
140
114
10
134
137
119
169
127
106
79
78
8
137
97
139
104
76
130
116
121
8
124
130
106
140
86
96
91
87
5
144
121
125
118
150
92
120
129
7
89
103
90
108
125
126
121
121
8
115
114
116
148
105
144
119
128
1
99
133
120
86
85
85
108
116
2
92
111
154
112
128
120
168
106
4
113
119
126
81
128
94
135
105
4
91
112
118
142
118
78
121
117
9
106
126
91
101
98
118
111
114
10
113
144
115
134
116
115
86
85
8
148
139
101
107
122
126
110
128
6
81
99
129
115
107
106
121
132
9
119
112
146
91
140
121
99
134
4
77
117
109
121
134
129
129
148
8
136
127
135
153
130
120
117
163
8
121
128
93
98
134
110
107
103
7
117
147
145
134
82
115
103
105
2
108
127
121
112
138
94
143
127
6
107
121
116
119
169
99
155
143
2
144
123
126
154
95
121
105
104
2
124
149
73
121
90
118
99
123
2
135
66
128
144
114
85
113
98
9
88
131
121
80
155
114
137
99
5
108
92
117
123
104
117
90
91
4
113
147
149
97
120
127
131
127
2
117
126
93
71
110
129
121
99
10
107
72
111
115
107
155
131
139
9
66
95
134
116
128
121
115
119
3
94
127
102
123
129
135
124
114
7
146
104
102
156
107
105
113
127
1
115
115
125
106
126
91
115
128
3
72
98
126
141
78
115
124
113
7
57
139
123
160
130
110
92
104
7
140
109
163
131
120
106
119
117
8
108
118
92
122
120
143
122
154
7
151
83
86
147
106
156
145
108
9
95
119
121
100
128
121
142
124
8
97
148
118
106
142
98
100
86
7
123
116
137
121
113
110
129
89
9
116
99
125
140
141
142
142
122
3
116
91
114
92
135
122
141
133
8
141
147
127
113
125
141
147
78
0
161
114
75
106
96
153
113
106
2
160
150
127
165
121
134
133
98
8
122
92
135
155
96
91
121
107
10
142
140
104
120
113
131
122
135
10
120
113
154
129
123
114
74
93
5
114
121
114
94
150
121
128
131
4
134
124
113
109
128
96
122
151
5
121
90
148
134
115
141
129
128
8
142
112
115
111
108
97
86
92
3
156
129
126
136
106
110
82
112
7
138
145
69
133
101
104
140
118
0
105
130
105
79
135
113
141
93
3
135
91
108
127
128
108
128
122
6
126
69
98
86
119
124
112
117
0
112
134
108
72
134
117
138
86
5
133
94
113
125
129
112
121
120

