11
10
4
4
5
2
7
8
2
14
1
10
3
9
2
6
5
5
15
0
4
6
4
2
10
6
10
78
124
144
122
126
129
126
121
0
128
155
140
131
124
116
107
137
1
127
135
115
85
128
114
96
104
8
118
110
102
121
81
116
109
101
4
136
115
108
100
104
128
100
129
3
127
136
95
134
99
134
113
108
7
94
137
100
136
140
85
114
108
7
86
94
82
103
111
98
112
146
2
128
118
144
129
127
113
137
107
9
131
120
134
126
79
113
107
112
7
111
150
126
112
105
135
103
117
6
113
105
139
135
122
126
127
123
1
147
121
122
100
143
86
112
163
3
106
91
91
120
112
113
135
99
0
142
129
95
135
104
134
98
91
3
125
133
106
146
112
110
140
156
9
98
126
141
84
97
115
142
99
3
91
129
108
125
112
143
84
162
2
116
122
129
96
96
119
90
75
6
126
129
131
120
107
98
96
96
7
114
110
110
101
109
108
121
91
0
113
133
164
109
80
99
129
67
7
94
112
105
107
127
129
138
105
3
129
142
95
85
38
78
111
95
4
126
123
122
109
94
76
136
123
6
102
100
119
92
84
107
105
142
3
92
109
113
118
95
94
119
143
2
132
113
112
128
149
93
107
80
1
120
97
99
102
93
59
94
99
5
63
127
106
109
123
84
117
147
7
131
157
138
117
124
93
102
128
4
148
100
139
107
91
133
164
94
6
128
97
126
99
124
148
107
106
0
129
84
97
104
109
87
141
138
8
127
135
120
134
113
125
90
107
1
145
105
109
128
77
147
113
122
1
102
126
91
86
115
163
135
57
2
141
155
131
139
142
105
162
97
5
99
144
69
123
121
122
127
133
9
126
121
134
129
136
108
118
141
4
123
112
106
109
148
142
98
77
2
92
92
112
106
92
149
126
86
4
101
133
135
112
121
66
125
140
4
142
99
141
112
142
146
128
86
1
131
134
154
158
118
124
91
133
6
133
114
117
92
112
131
104
122
9
106
154
112
140
120
118
121
114
8
120
119
133
169
165
112
126
142
10
136
87
102
116
140
108
91
97
9
73
183
112
77
99
112
114
143
4
122
110
108
74
165
131
112
134
9
114
116
78
136
117
130
116
109
5
119
157
109
125
119
65
127
106
8
131
120
132
134
144
113
95
109
6
111
93
94
128
64
123
107
114
7
127
110
106
104
105
112
167
92
2
107
121
129
106
96
90
88
135
5
81
122
124
108
173
75
112
120
4
135
128
120
113
99
106
127
125
1
112
104
119
84
141
106
97
95
6
134
113
149
108
112
98
108
98
9
148
162
129
141
100
105
107
86
2
108
92
113
111
124
89
136
103
6
124
129
134
126
159
144
112
120
2
146
120
106
143
144
118
120
100
3
122
104
88
100
138
80
86
125
6
108
109
121
139
152
100
118
127
4
100
142
100
101
123
100
93
139
10
136
141
119
155
116
113
87
161
2
89
99
131
174
119
102
101
123
4
142
107
89
121
131
114
159
123
9
114
106
115
82
135
149
127
161
7
115
134
115
117
135
119
106
139
4
139
132
97
100
148
161
141
127
9
121
132
107
99
124
106
118
121
2
137
147
100
92
99
136
153
117
2
109
124
112
123
132
132
110
113
7
90
98
101
120
175
148
153
122
5
127
134
112
99
94
126
146
122
6
115
114
168
85
68
107
127
105
5
134
110
121
121
141
126
137
120
8
100
92
109
107
128
82
135
122
1
116
119
112
129
95
107
121
117
2
87
71
138
85
107
143
115
132
7
113
144
141
118
120
136
112
121
8
94
101
147
93
141
134
130
155
3
137
107
102
70
105
109
129
139
6
127
124
122
121
94
126
126
139
3
99
107
131
136
134
72
100
113
6
142
116
88
94
87
113
89
107
0
128
125
72
112
108
107
109
99
8
79
122
127
132
151
126
128
107
0
109
83
123
124
117
131
60
107
3
138
99
105
115
133
123
117
112
9
119
112
136
133
124
122
146
152
1
103
106
150
119
131
85
123
89
8
141
133
86
108
128
127
117
94
2
120
107
122
111
122
113
113
103
3
92
136
112
128
139
103
113
107
4
106
133
116
107
134
124
139
136
5
100
108
93
105
123
140
126
130
8
106
131
115
149
108
127
155
129
6
128
122
99
136
135
88
142
111
1
133
110
69
133
108
119
110
146
3
120
117
158
103
117
129
156
124
7
77
129
120
99
130
100
95
73
8
107
120
82
115
122
126
119
85
9
121
79
141
111
133
96
113
139
5
134
116
175
100
138
139
100
155
10
101
104
95
115
111
126
121
105
8
127
131
117
94
95
94
126
125
7
113
93
142
106
133
100
111
114
3
107
91
110
134
86
100
75
104
4
135
85
76
112
112
137
120
89
7
104
113
116
106
94
155
124
162
8
133
111
128
101
99
100
125
121
4
96
149
79
125
114
142
94
145
5
92
129
112
92
112
114
91
152
1
142
150
94
131
112
96
128
118
8
121
122
95
117
130
116
122
89
7
115
115
115
126
127
134
123
119
5
132
119
135
132
122
114
122
146
6
130
135
93
88
121
107
142
99
6
139
113
108
128
135
104
137
124
7
126
95
132
95
116
127
128
103
2
130
136
114
122
80
105
98
128
3
109
113
90
135
100
113
103
103
3
147
120
155
99
115
135
130
141
0
118
134
85
129
144
133
132
124
8
120
112
116
87
94
131
139
121
5
130
158
108
120
118
88
147
99
6
119
108
102
86
96
82
118
107
1
113
73
119
110
79
162
122
113
6
112
112
133
100
132
99
112
132
2
135
142
135
140
141
120
98
102
3
139
113
139
105
131
110
121
80
8
96
108
86
92
128
99
100
142
8
123
142
141
113
150
111
93
119
4
124
97
86
131
163
127
154
149
0
105
148
141
99
106
150
91
86
10
107
119
133
134
125
101
85
141
3
127
121
136
112
126
135
83
114
6
78
120
135
135
160
114
119
113
9
85
120
127
99
115
99
108
156
7
106
115
119
148
114
98
94
114
3
134
126
122
76
119
120
121
110
9
112
114
77
107
113
125
125
104
1
131
131
114
113
108
135
99
85
10
104
109
80
106
106
125
115
96
4
112
100
73
112
98
120
110
142
1
87
128
70
122
107
135
110
111
9
130
109
112
125
135
112
144
130
9
108
108
128
82
85
128
121
87
0
128
112
113
90
126
106
84
135
7
107
148
114
129
114
107
121
108
6
102
106
120
147
120
113
89
136
10
107
128
114
129
108
128
135
123
8
128
127
104
122
142
166
113
86
2
127
112
144
104
141
127
135
92
7
113
121
124
91
123
109
97
126
8
131
76
107
112
129
145
144
125
9
113
118
111
125
127
149
169
116
6
79
116
115
115
131
111
124
136
3
115
107
155
156
129
144
105
122
7
84
163
130
87
101
130
114
153
4
116
125
142
134
106
87
108
111
3
116
84
149
135
92
149
152
164
8
142
120
107
83
109
134
152
121
4
108
158
111
110
123
107
114
127
1
100
120
170
91
132
136
114
138
7
98
118
112
120
134
141
85
133
2
112
158
110
150
100
115
132
135
0
153
128
90
134
85
136
135
103
4
106
141
74
153
109
128
119
142
9
115
141
163
122
106
155
143
144
5
106
170
106
104
156
142
112
89
9
101
139
118
99
78
105
125
122
2
101
104
117
135
135
92
147
77
8
96
138
127
162
112
97
103
142
4
96
88
111
134
114
92
142
142
7
79
122
70
129
76
95
138
117
8
118
138
142
129
109
127
123
177
8
122
114
85
153
149
117
159
109
2
152
136
135
98
129
114
94
142
1
142
128
50
120
115
126
147
118
2
130
131
107
111
126
122
126
105
1
105
105
145
113
117
132
97
115
5
169
118
107
106
71
145
103
100
10
99
117
142
108
135
137
86
153
7
75
140
112
92
97
114
101
117
6
158
134
84
78
114
107
128
132
3
100
115
135
113
115
94
126
116
2
121
134
114
114
126
117
119
127
7
137
131
154
96
120
107
92
131
6
93
103
121
80
127
108
126
128
6
116
115
130
92
125
133
136
108
9
113
120
126
106
132
166
100
125
4
103
106
107
123
118
159
113
106
3
112
157
95
108
109
137
108
106
4
129
90
97
124
105
72
78
137
5
120
110
121
91
120
114
86
95
3
136
147
87
113
127
108
112
117
2
106
87
150
147
109
123
131
118
5
162
112
80
80
158
116
151
90
4
108
159
135
119
148
95
131
133
5
122
113
122
120
113
118
124
116
4
115
121
91
106
92
127
133
117
5
106
149
114
120
115
102
106
143
0
108
120
122
124
100
119
105
122
9
111
108
125
121
78
113
124
100
9
119
149
120
120
105
120
131
136
4
83
132
122
53
94
112
84
127
7
103
132
129
121
101
105
132
119
5
91
93
128
122
126
103
114
88
4
120
121
112
126
154
121
99
92
7
77
120
136
126
136
115
140
148
1
129
93
125
128
129
110
124
156
3
99
124
126
121
133
106
132
116
3
84
147
106
112
153
68
106
119
0
112
120
86
110
106
103
103
106
1
136
127
80
103
170
103
90
141
7
106
149
108
101
91
114
139
120
8
95
127
133
143
66
112
109
110
0
128
131
113
123
123
106
87
117
1
127
149
118
90
70
96
128
78
0
134
134
127
97
111
134
79
127
6
130
131
123
122
100
144
104
84
4
113
128
146
121
147
128
116
137
9
115
169
124
119
85
107
134
145
8
136
100
127
107
107
120
129
87
3
98
73
165
121
122
123
114
120
8
123
105
113
105
107
107
121
96
7
119
122
146
116
119
125
108
120
3
106
133
119
127
126
156
115
99
9
135
95
128
119
119
140
106
99
1
137
92
123
114
94
106
119
103
6
126
122
132
116
104
106
88
121
8
140
112
114
100
128
110
113
148
5
123
96
115
113
121
142
86
107
3
82
62
113
121
125
127
113
135
4
149
120
140
118
120
129
108
99
1
103
137
142
107
126
134
125
115
9
129
105
130
106
141
125
124
87
4
143
88
122
85
177
101
110
98
7
110
134
124
134
128
79
129
99
8
92
135
131
87
145
78
138
120
5
133
132
138
92
136
85
133
122
4
84
141
137
142
84
112
125
101
2
112
113
100
105
135
110
160
92
4
138
111
122
109
135
86
124
97
8
122
113
132
100
122
126
107
107
8
122
93
118
114
128
54
92
104
6
148
128
131
78
110
113
82
143
9
142
117
125
119
98
112
125
127
1
152
140
111
126
114
120
138
113
4
121
129
107
100
140
99
119
137
0
119
122
91
130
135
127
107
132
3
120
129
125
113
113
107
125
114
2
87
107
134
127
139
107
113
121
9
152
113
105
126
128
103
118
103
4
175
103
174
120
134
87
111
127
0
107
106
107
115
94
121
150
158
6
109
144
107
92
114
113
94
97
3
143
68
79
105
117
123
92
125
6
142
133
110
122
133
113
98
107
8
112
134
113
138
117
120
103
169
2
134
98
69
107
116
109
130
138
10
78
91
116
65
149
100
122
120
4
102
107
71
121
115
98
119
156
7
89
132
131
143
112
104
95
118
7
118
86
119
115
127
105
143
117
7
120
119
99
140
142
101
122
99
4
133
122
96
136
123
125
121
106
7
93
85
92
81
148
102
135
137
10
126
108
134
91
104
114
105
81
0
129
97
93
120
113
121
118
98
1
118
99
112
113
135
155
101
103
2
120
151
111
141
140
102
111
96
8
143
110
90
121
128
116
108
130
5
125
127
125
132
91
139
102
120
4
117
113
154
120
133
114
103
101
5
119
107
128
96
122
133
102
119
8
120
122
106
108
98
114
104
90
3
99
103
104
155
120
91
114
104
8
139
125
114
89
135
127
113
113
8
103
120
122
114
107
124
93
126
3
90
88
154
130
140
125
120
134
1
106
115
108
108
114
89
138
118
7
143
104
141
110
146
115
131
106
9
135
124
110
99
120
143
123
145
2
126
145
115
132
109
148
133
105
3
115
142
175
156
86
122
134
123
7
152
90
113
136
127
82
120
134
1
134
76
114
94
99
115
104
106
1
95
116
127
94
119
126
150
105
10
130
114
135
114
77
86
137
101
8
114
118
143
85
119
103
131
155
9
135
145
106
118
117
138
111
115
2
83
149
135
134
136
121
122
107
3
105
111
175
127
94
140
131
94
2
113
112
106
125
85
113
79
119
6
108
107
110
143
119
62
89
84
0
134
135
115
96
110
147
106
89
7
116
112
119
125
134
116
105
126
3
120
93
127
141
109
128
108
139
4
95
120
110
153
149
92
141
90
3
68
122
149
132
107
112
106
132
7
150
118
119
95
91
128
136
103
2
118
123
123
106
80
141
128
141
8
132
140
112
98
142
136
131
134
2
93
113
156
121
130
111
143
111
10
110
123
144
148
176
132
177
106
0
120
135
99
118
119
119
142
162
8
84
116
120
110
128
158
153
78
7
122
169
160
128
107
120
147
107
4
121
98
142
146
110
93
117
99
3
134
115
84
154
91
69
109
121
1
105
113
120
130
113
91
99
101
6
127
151
127
105
119
147
150
119
3
122
98
113
115
102
138
123
141
4
114
153
78
96
162
127
129
121
7
126
143
99
109
122
118
155
126
2
98
144
93
105
120
119
140
64
7
117
86
127
126
94
117
113
154
2
99
99
85
95
108
139
102
136
2
100
97
171
107
133
142
138
122
7
101
121
103
104
145
126
109
114
5
147
127
108
126
154
135
137
123
7
113
146
116
135
134
115
100
133
3
81
118
140
128
124
121
95
134
2
86
133
107
142
141
143
113
121
3
134
143
107
100
126
129
86
145
7
78
109
136
129
157
134
148
90
5
122
115
111
123
127
108
93
134
8
134
114
135
121
108
138
141
83
0
107
120
123
163
125
115
99
82
9
86
148
124
141
134
128
126
100
7
94
109
123
97
126
123
115
113
3
110
126
124
114
93
112
111
99
4
91
112
107
91
105
120
132
94
3
124
142
101
105
111
139
96
80
1
95
117
132
76
115
134
100
106
4
137
100
99
112
127
107
129
162
1
142
84
107
153
82
110
127
99
9
100
117
94
115
92
106
97
134
3
95
124
142
140
125
80
119
137
4
105
61
121
132
83
146
86
127
6
111
148
150
140
114
131
111
125
0
95
101
100
140
112
104
89
110
2
87
107
79
87
156
136
115
82
9
136
95
122
94
126
116
69
115
5
130
131
133
84
114
122
147
113
10
120
148
106
91
97
122
110
114
6
133
119
127
106
110
128
116
97
8
72
110
86
106
85
125
100
94
3
156
89
80
134
119
142
125
105
9
92
134
120
109
108
150
105
128
1
121
104
116
114
129
80
103
123
7
104
134
109
127
103
114
90
114
7
103
115
132
112
111
86
109
130
2
101
116
43
134
115
105
89
115
6
91
115
148
122
126
94
167
49
1
100
105
81
127
106
92
155
102
7
77
141
91
93
63
68
122
100
10
118
114
114
137
114
148
105
88
5
87
100
146
123
156
141
146
136
3
121
146
105
108
112
90
128
119
8
128
129
163
148
169
134
139
136
1
130
112
121
117
142
130
128
94
4
106
124
109
101
85
126
135
115
1
124
81
93
110
128
129
99
113
1
120
97
109
113
92
163
114
123
5
93
113
133
136
100
164
128
106
8
117
122
110
115
140
107
126
144
3
91
128
100
78
77
88
100
114
10
121
108
121
120
95
96
137
100
9
89
78
129
100
107
96
121
101
0
102
108
100
120
103
101
119
110
6
110
109
129
135
153
103
88
81
6
143
79
121
112
119
100
166
109
2
109
112
149
88
128
130
91
133
10
135
106
138
111
120
131
163
94
9
99
134
85
80
101
129
126
108
2
90
112
121
117
96
126
126
116
0
100
127
121
120
128
122
99
126
8
132
85
126
134
115
161
128
116
4
142
140
91
140
128
132
145
149
10
127
125
114
120
106
134
122
91
4
126
108
129
86
101
117
127
96
6
148
136
93
135
128
129
141
146

