7
8
2
10
3
1
4
1
6
13
3
1
0
4
1
9
6
10
10
8
2
1
1
3
1
3
10
143
92
121
117
128
157
146
101
1
114
128
114
100
118
107
86
123
4
106
113
134
143
127
106
134
124
6
122
146
100
108
140
103
157
141
8
116
137
97
128
112
108
103
149
9
112
139
115
141
79
105
134
131
10
85
120
150
84
108
114
139
118
7
122
125
154
121
79
153
84
118
8
117
120
82
126
98
106
82
154
1
113
86
130
103
93
82
127
107
5
116
115
157
75
113
65
126
126
3
109
119
100
127
99
133
113
104
3
100
93
78
100
101
123
84
128
0
163
114
119
101
121
132
76
188
3
99
127
107
143
93
110
98
95
1
102
88
150
94
93
102
148
88
2
113
149
127
125
110
103
91
98
5
164
114
86
113
149
92
99
122
9
95
97
143
106
147
89
121
114
2
135
95
116
107
93
127
65
116
10
105
87
118
134
140
137
64
117
8
104
120
133
72
132
121
113
110
2
147
129
112
112
150
94
160
127
7
134
79
130
132
115
107
134
102
3
143
86
82
121
127
140
100
86
1
122
118
100
117
86
141
74
132
8
108
113
110
108
134
99
100
126
3
118
109
133
123
81
108
105
99
1
113
145
112
98
100
119
91
104
7
140
128
114
124
105
111
107
134
3
135
156
92
118
123
154
127
134
4
115
107
67
119
129
107
132
105
5
111
132
99
114
117
108
93
109
7
154
110
161
111
147
120
112
112
3
116
101
124
161
91
156
128
106
6
146
116
120
105
121
140
98
142
6
155
74
92
114
116
134
84
110
9
102
112
126
112
143
138
119
139
5
120
120
121
145
146
100
99
134
4
101
95
99
105
78
131
126
133
1
117
130
128
85
128
113
116
150
9
115
128
147
134
135
138
147
112
1
113
135
100
116
113
99
140
126
9
85
120
100
130
152
79
114
90
5
127
112
148
126
147
83
143
113
8
121
121
94
106
127
95
121
94
9
100
133
116
99
130
115
125
137
3
117
111
113
108
91
113
111
119
7
126
130
80
68
144
117
109
134
0
109
126
110
95
92
105
112
141
3
113
94
143
106
106
104
101
94
7
147
121
107
108
108
141
137
129
7
96
81
103
147
70
56
133
109
7
122
112
121
96
107
129
155
139
1
147
118
85
140
130
149
80
136
9
120
111
136
114
126
93
129
110
8
144
99
145
94
120
115
120
123
1
87
95
110
119
136
103
116
141
7
80
98
86
105
113
127
141
126
3
93
135
140
117
103
142
102
113
10
120
151
111
146
105
161
143
86
8
136
158
134
134
150
113
157
113
6
146
148
114
135
111
134
134
119
10
93
127
112
126
129
93
134
143
2
93
141
128
121
120
135
118
127
8
143
157
129
126
128
91
98
133
2
87
120
102
78
129
118
107
137
8
140
107
107
114
83
108
86
86
3
125
115
107
108
100
127
128
96
5
132
136
128
157
136
100
128
99
0
143
139
127
113
120
108
93
113
6
99
94
134
139
111
148
102
112
7
131
107
117
130
130
135
131
127
6
136
141
123
130
117
135
123
86
4
111
120
116
115
163
141
128
106
4
140
89
118
99
128
86
115
175
5
96
120
113
106
136
109
121
122
9
123
123
86
133
90
105
110
139
10
121
111
140
126
114
113
128
114
4
107
93
145
113
118
147
120
106
4
129
117
113
128
109
96
160
115
7
106
102
86
117
101
147
101
118
5
100
112
132
67
85
101
132
121
4
116
128
123
120
99
124
138
116
9
122
111
130
125
116
141
138
135
8
77
143
118
100
149
136
86
98
5
114
92
111
114
106
128
132
88
4
90
114
121
121
105
102
110
104
1
85
132
167
86
127
100
144
141
5
114
133
83
93
127
136
157
119
6
81
142
88
85
92
99
115
138
2
120
93
150
175
136
126
134
77
7
119
101
141
119
91
119
95
110
6
125
132
109
116
127
131
114
121
8
105
107
146
119
133
108
85
144
9
110
120
133
89
92
100
149
107
7
134
106
144
123
90
115
105
89
0
76
129
121
142
121
106
112
116
4
117
111
121
94
139
115
130
135
2
131
106
156
159
126
92
122
82
8
139
113
145
127
128
111
100
103
9
123
129
96
96
107
127
115
154
3
146
129
134
105
91
121
150
86
6
113
127
108
125
111
114
115
144
1
84
120
80
99
70
145
133
114
2
117
132
136
128
131
113
135
141
2
116
135
111
100
85
113
115
138
8
164
129
66
127
134
99
117
138
8
128
80
123
128
78
106
91
161
5
125
114
124
131
78
128
125
103
1
119
92
84
118
97
136
134
104
2
106
98
120
93
109
128
108
121
9
112
142
78
66
128
112
98
117
4
109
123
103
132
126
108
117
114
9
106
133
147
111
142
107
143
110
8
121
106
124
134
144
116
120
144
8
134
136
99
123
114
123
126
150
2
120
99
149
122
115
122
122
110
8
110
100
127
120
106
127
94
110
9
126
109
140
121
130
128
122
134
2
93
94
110
128
116
113
105
98
3
108
121
135
114
149
77
99
124
8
120
105
144
111
87
145
124
118
9
125
113
152
107
139
149
142
121
7
122
115
114
117
102
123
120
141
0
121
110
101
110
121
146
105
123
7
148
79
124
132
135
124
117
73
9
122
127
113
99
114
127
122
146
9
131
133
126
135
127
133
87
126
6
124
116
89
85
121
117
104
122
4
94
116
135
123
133
124
130
153
7
157
164
104
102
114
118
128
122
7
96
150
117
106
138
76
100
147
6
114
131
115
86
132
121
87
149
10
110
85
129
141
96
141
169
99
9
100
122
107
154
135
112
87
114
9
103
123
150
142
111
123
121
79
3
132
116
127
103
120
117
86
134
6
106
133
137
104
125
106
149
121
2
149
122
85
137
129
94
106
142
9
110
108
130
126
102
119
118
126
10
113
126
146
92
113
120
95
92
1
130
102
141
114
96
139
94
125
1
100
122
135
89
121
91
114
67
6
142
77
111
121
113
136
149
106
3
70
98
114
129
95
125
80
101
5
120
127
150
111
105
138
113
111
0
115
156
111
92
110
126
132
128
3
105
79
118
108
119
140
110
135
7
78
113
116
98
131
92
79
140
9
143
119
92
122
169
95
122
100
2
67
111
96
91
124
100
123
114
1
135
86
134
108
89
84
120
108
4
133
107
121
126
124
129
103
137
1
135
107
110
133
94
99
116
120
3
113
142
126
135
89
103
77
115
6
75
145
108
79
112
124
119
122
5
127
123
82
127
113
120
91
149
3
107
100
105
143
121
117
101
106
10
129
128
108
129
119
106
75
149
5
104
116
155
141
151
134
163
133
7
128
143
134
102
134
98
106
114
8
112
127
130
108
134
135
140
114
0
144
115
140
113
119
105
86
85
6
87
120
120
113
113
115
123
122
7
154
103
91
108
141
145
108
119
1
145
90
129
86
122
108
126
117
2
128
118
131
114
72
121
99
143
5
100
143
120
141
73
121
101
124
3
111
87
132
124
141
113
73
86
7
128
120
77
121
152
133
106
142
7
103
120
112
116
80
118
144
102
4
112
143
125
106
99
125
106
150
1
120
114
129
133
128
103
113
121
8
99
106
167
109
126
73
145
134
1
150
116
89
122
129
115
113
106
0
143
170
97
115
134
77
124
131
5
90
106
85
101
173
77
149
89
9
123
83
73
114
109
111
122
101
8
122
114
129
129
106
130
132
111
7
95
93
106
120
114
128
109
93
6
113
112
105
139
106
93
60
119
5
114
110
123
100
130
106
115
126
5
129
113
123
92
112
103
130
106
1
107
111
141
119
128
113
149
114
8
93
118
123
148
131
84
137
126
1
107
160
127
126
92
139
86
148
10
93
99
112
92
147
101
127
103
3
124
122
117
107
120
128
145
163
7
131
126
105
137
101
126
134
88
3
119
113
106
117
128
114
97
100
7
115
106
126
114
147
113
146
159
1
146
93
113
101
136
86
127
71
2
138
135
115
111
142
106
94
113
2
107
145
169
118
123
117
121
109
7
86
114
116
160
168
133
136
105
8
120
140
90
131
129
82
133
149
5
114
122
103
136
118
111
87
88
1
112
114
119
86
136
152
160
109
7
101
108
107
87
112
113
129
98
6
159
95
127
122
105
122
99
105
3
92
141
96
140
84
141
160
109
8
79
117
119
120
110
136
107
144
4
98
114
113
123
133
121
115
146
1
92
115
88
111
154
95
108
98
0
111
113
106
148
121
80
74
111
1
150
154
113
114
81
146
98
107
10
91
126
103
147
122
119
121
128
9
86
139
104
131
125
103
83
134
8
101
72
142
106
95
73
114
119
9
90
142
98
106
104
122
155
159
0
120
87
87
116
127
117
139
107
9
116
100
135
126
130
143
122
96
4
114
133
99
124
98
188
66
143
7
128
149
106
106
113
130
115
121
2
98
100
90
106
107
103
116
170
0
91
133
82
112
126
115
122
124
10
156
135
93
98
115
127
117
134
4
100
143
149
107
148
129
93
114
6
117
166
136
108
126
82
158
113
8
120
95
94
123
91
91
92
127
8
148
112
134
118
128
135
122
113
6
107
101
147
100
106
81
121
113
8
99
128
91
119
105
106
112
136
2
89
106
86
135
116
156
94
119
7
143
138
86
113
100
154
135
94
4
125
120
142
148
122
121
95
108
1
115
106
127
134
101
158
127
122
1
131
97
125
135
131
107
112
176
6
102
119
100
86
144
126
79
134
6
114
125
112
113
97
96
114
106
10
104
126
86
100
113
99
89
93
9
143
134
110
119
128
131
105
102
2
105
141
128
100
160
106
136
128
6
141
102
113
169
135
110
106
136
4
75
108
103
133
92
99
85
119
2
114
142
118
115
114
118
116
124
8
75
124
105
140
75
127
138
123
10
129
158
150
149
105
135
93
112
1
156
79
110
97
105
137
119
120
7
112
103
105
121
108
111
119
78
10
116
98
132
85
143
122
94
118
9
109
97
149
114
93
93
144
101
2
126
141
119
110
93
113
95
116
4
122
119
117
99
105
107
113
110
6
108
142
139
113
115
147
107
106
2
163
107
150
121
106
104
140
106
3
124
150
153
121
120
123
115
115
5
136
143
132
125
114
106
144
126
3
107
125
141
139
109
164
111
125
8
127
111
114
117
113
113
156
114
2
123
153
127
100
85
109
120
128
6
127
144
142
140
93
125
106
152
0
113
149
116
135
121
112
122
124
9
148
128
106
120
125
111
66
154
7
138
85
134
100
99
120
143
122
6
135
112
108
133
123
127
180
159
3
141
86
107
135
95
121
130
85
3
143
129
98
116
123
91
155
130
1
122
144
156
125
124
127
106
98
6
121
119
75
135
74
130
120
135
7
126
113
135
136
125
119
121
146
4
112
119
138
122
122
141
88
97
8
142
142
128
98
105
100
156
129
8
72
131
94
124
118
127
86
120
0
141
100
168
119
100
85
113
140
1
123
106
110
86
165
91
136
94
1
117
148
107
142
111
133
144
136
9
113
135
135
148
74
85
124
87
8
142
127
122
131
93
87
120
148
7
106
86
91
108
78
108
101
78
2
134
97
112
112
155
113
141
160
5
114
79
97
132
117
58
145
131
4
107
95
135
110
134
127
134
128
8
137
101
113
135
141
85
128
119
2
127
109
78
126
105
121
93
108
5
145
92
100
144
118
109
114
127
5
123
106
122
111
137
107
86
100
5
107
89
108
118
85
133
120
96
6
125
93
127
127
124
112
91
98
1
92
136
92
114
100
99
104
102
7
134
106
123
114
111
142
140
112
5
144
87
135
127
154
106
106
159
9
121
120
106
101
127
100
105
124
4
150
91
115
104
118
131
128
95
7
119
100
115
142
120
122
99
113
3
105
101
128
118
117
121
126
139
2
150
106
141
136
100
144
124
78
6
103
130
127
145
123
99
127
114
4
95
136
164
127
120
106
136
133
7
148
106
144
128
147
124
114
92
9
93
96
85
85
126
99
101
99
5
115
146
119
103
90
128
93
89
2
77
93
119
115
114
123
120
113
1
115
122
126
120
124
134
116
100
8
129
100
115
107
135
112
97
133
9
144
99
122
120
125
140
133
124
9
114
103
104
138
140
111
94
146
4
133
130
101
133
140
139
118
114
7
120
129
129
118
87
113
95
93
7
125
147
138
95
135
150
113
136
10
111
120
130
130
133
113
160
102
4
131
94
116
105
115
110
134
129
8
127
142
112
143
107
128
88
86
8
110
106
113
93
120
123
125
142
7
88
129
109
135
91
117
128
133
0
145
106
113
83
136
122
104
114
2
99
138
117
139
128
127
113
101
8
142
78
134
111
162
120
115
124
7
103
126
163
93
76
106
162
126
1
107
135
114
136
128
127
119
121
0
124
107
113
133
70
89
122
125
8
101
106
92
84
111
104
90
106
7
140
140
155
98
134
147
93
124
10
112
107
112
111
81
130
98
100
6
132
120
107
108
113
123
118
114
0
126
134
103
113
86
141
110
90
2
127
114
114
82
108
97
111
109
0
111
141
106
145
109
99
109
84
9
143
142
100
129
137
156
120
121
2
130
96
104
104
122
145
122
106
9
112
118
126
89
122
133
176
67
4
109
112
109
139
114
146
91
134
6
136
91
83
105
93
113
139
127
2
104
72
109
127
93
113
122
102
8
142
127
120
98
78
114
92
119
5
131
125
139
163
109
138
126
133
0
130
141
156
77
161
78
126
86
2
136
83
113
137
139
99
97
148
0
142
107
101
126
124
100
114
51
6
107
127
120
121
94
160
99
136
9
107
79
78
136
145
99
142
79
2
57
137
150
115
135
106
120
124
8
128
106
128
105
132
149
125
127
5
111
93
140
97
131
122
146
79
5
76
111
158
112
121
120
103
127
3
92
107
107
126
136
123
136
117
3
112
120
118
133
124
129
114
120
1
105
134
101
131
169
103
75
105
9
120
131
122
119
86
136
139
107
7
145
127
103
105
88
112
142
100
1
124
134
117
125
127
120
112
92
5
96
117
99
121
125
141
122
86
1
85
93
114
100
106
148
109
92
6
100
62
157
156
148
99
89
131
2
85
107
112
121
108
149
118
115
4
112
117
128
98
90
106
134
102
6
142
56
109
113
109
120
108
121
7
100
119
80
99
114
118
111
132
7
104
129
148
118
128
116
149
111
8
136
103
113
124
92
148
142
103
8
119
98
107
100
99
122
129
86
3
140
128
120
94
120
102
111
148
3
128
103
98
95
109
119
129
102
5
124
129
106
106
128
140
136
122
4
133
86
111
127
114
128
133
81
9
110
123
112
124
128
100
143
114
1
127
98
114
127
141
90
110
124
2
92
97
90
131
116
161
134
134
7
86
121
142
109
126
99
123
102
8
91
125
120
95
110
116
91
92
9
100
104
112
135
106
142
106
115
7
137
134
128
94
105
143
106
161
2
104
132
129
114
106
147
122
132
8
148
103
133
136
92
113
108
100
7
139
143
128
146
107
99
118
115
7
135
147
122
87
135
128
117
106
5
107
133
77
100
148
164
131
107
6
88
124
120
129
123
135
122
163
1
90
105
108
132
133
93
102
128
7
120
76
128
121
93
106
110
98
4
106
105
127
102
135
149
121
105
6
116
96
145
107
117
113
109
132
6
97
107
131
155
107
148
131
106
1
123
97
113
135
126
98
106
130
3
106
101
117
135
107
133
121
98
7
90
119
127
115
124
121
116
133
4
115
133
146
97
118
82
106
101
0
153
103
104
71
114
113
126
113
1
132
103
114
105
121
114
114
94
3
117
98
96
145
121
119
114
115
6
97
147
93
117
75
107
118
129
3
121
112
134
106
100
116
129
123
6
142
120
182
98
114
89
113
119
7
94
132
141
106
136
101
111
116
1
86
116
121
128
127
106
98
127
1
169
99
101
108
95
130
87
102
6
129
122
141
122
114
107
141
104
10
87
122
120
128
125
107
105
127
3
177
101
102
108
96
133
86
105

