13
2
0
2
5
7
5
8
3
10
9
5
5
3
7
2
5
2
9
5
2
5
1
7
6
3
0
118
93
84
89
119
127
137
133
3
136
128
93
113
120
142
134
104
6
137
119
121
114
127
112
130
112
4
148
132
100
87
138
129
125
120
6
100
120
121
120
90
100
96
85
7
94
123
109
108
83
105
122
140
7
126
92
115
120
142
107
99
143
3
152
111
119
92
109
163
84
116
10
139
120
81
133
79
116
88
142
6
95
99
119
116
99
106
121
100
1
136
120
143
130
117
100
95
80
1
121
124
170
113
143
163
103
90
6
117
116
99
116
111
101
93
124
6
121
151
119
135
111
114
110
105
7
96
72
120
107
113
104
88
148
0
94
120
104
99
140
107
133
85
1
105
114
89
111
122
103
105
130
5
122
100
105
107
123
135
89
137
9
119
98
100
113
129
77
113
94
8
134
106
110
141
119
128
86
125
10
134
120
123
124
119
121
102
148
5
134
127
99
151
120
143
105
126
3
110
87
116
99
121
74
109
122
5
107
140
123
114
106
149
90
113
0
161
113
99
80
92
81
143
133
7
122
136
73
129
157
106
123
146
6
104
66
138
122
117
108
98
128
7
123
154
154
123
133
77
88
91
4
112
144
107
94
113
100
118
104
6
114
113
122
149
126
130
121
108
0
115
114
101
118
101
113
117
121
7
155
109
108
127
128
120
151
105
9
142
105
119
129
132
112
70
127
4
106
119
101
127
163
108
135
123
6
135
136
104
106
120
99
147
131
2
120
120
134
117
116
140
126
134
4
121
128
162
93
96
94
122
121
9
114
85
57
72
133
101
122
99
9
131
132
151
106
147
149
125
136
9
108
99
143
100
113
100
120
127
6
63
134
134
132
114
128
143
133
5
99
118
120
107
120
105
113
92
8
127
105
167
126
120
102
131
107
3
141
125
105
119
127
113
90
102
10
135
85
98
128
124
121
107
134
9
142
134
112
144
84
96
157
85
3
75
107
105
120
98
94
116
77
3
155
115
113
144
122
92
107
153
2
112
107
149
135
86
107
91
105
2
127
168
147
99
134
102
118
134
9
121
105
148
105
136
124
106
124
1
142
86
146
116
86
136
75
105
5
86
96
116
142
136
131
123
107
6
106
100
91
110
122
120
152
121
7
105
100
73
128
79
112
113
105
6
107
105
86
100
147
79
115
94
10
119
98
149
110
124
129
136
94
2
114
87
139
121
124
140
77
130
3
104
105
142
135
125
119
117
135
6
110
115
104
130
121
119
130
134
7
139
150
115
108
128
140
134
136
9
85
121
100
131
78
132
102
96
2
72
120
134
113
134
102
93
120
8
145
77
134
98
124
106
102
155
6
132
131
136
100
106
115
113
113
3
103
108
154
128
98
114
121
128
6
92
98
99
129
115
113
152
119
10
135
81
123
121
106
99
93
121
1
86
135
141
149
133
146
112
135
6
116
144
135
120
104
144
87
98
2
131
125
119
143
117
82
106
106
8
110
106
102
106
157
123
92
140
2
94
109
115
134
104
121
134
115
9
107
100
85
100
79
117
115
92
4
109
164
140
130
133
106
130
100
5
115
113
161
119
84
141
78
95
9
125
93
114
96
89
109
117
117
8
99
120
112
145
92
109
133
133
4
140
91
142
147
94
121
121
127
3
118
98
108
92
78
156
66
150
4
116
106
160
147
98
154
156
126
8
108
132
117
111
121
80
114
114
9
124
127
84
118
111
131
132
145
10
183
121
93
134
92
85
107
96
6
138
70
107
98
97
141
125
107
5
100
134
137
121
118
120
125
133
8
129
117
122
121
145
106
117
121
3
78
86
103
126
107
95
178
132
8
75
98
139
121
116
128
104
133
5
105
57
142
129
120
120
71
113
3
155
132
98
112
116
113
135
102
9
132
106
138
73
107
129
131
128
1
129
91
144
94
128
102
95
105
5
158
107
128
87
105
133
136
117
5
126
144
121
99
110
101
142
123
1
84
91
140
105
115
128
105
148
3
141
105
99
112
73
127
112
132
1
119
110
150
134
111
130
101
88
6
125
126
156
142
113
84
137
107
1
112
85
120
112
126
120
92
132
7
114
131
114
109
166
86
132
116
3
79
120
140
121
161
98
133
78
6
133
101
119
124
92
115
134
133
9
127
128
93
129
96
135
115
82
8
120
111
148
127
136
101
114
141
6
96
127
138
134
89
100
98
125
3
128
142
133
91
123
117
125
116
5
133
95
124
143
149
105
157
121
4
128
145
105
126
122
121
120
131
6
114
113
91
114
106
86
150
90
3
142
130
162
115
97
119
121
184
6
108
97
111
124
142
134
123
126
8
100
97
117
138
139
122
62
99
8
115
128
134
93
99
122
127
100
5
93
171
93
106
99
141
87
131
7
90
123
134
106
123
132
127
99
3
147
122
127
138
74
89
93
131
3
102
141
144
108
100
120
113
107
8
134
116
122
112
128
91
77
98
2
153
121
114
121
126
121
121
102
6
118
136
108
99
119
86
101
145
3
124
80
116
105
113
93
121
166
6
122
120
76
119
124
128
128
113
2
143
108
97
114
142
121
106
146
4
100
108
109
118
127
119
130
119
2
149
128
139
108
121
77
114
77
6
141
101
134
145
86
107
107
121
9
122
113
83
137
132
121
97
118
0
139
123
155
134
132
128
112
124
5
143
155
104
133
120
87
108
174
5
131
161
119
86
150
105
148
137
1
113
137
111
92
115
156
101
129
7
142
107
136
109
139
83
113
98
9
134
142
141
107
136
119
128
131
7
140
142
111
124
109
107
116
108
1
119
98
126
150
87
113
135
88
9
100
97
154
77
110
121
91
141
9
102
132
119
89
99
103
135
134
4
93
129
129
117
78
113
92
128
1
123
97
126
120
139
126
111
145
9
134
124
112
101
129
134
127
108
3
132
136
107
136
119
107
125
105
7
112
108
91
113
121
148
135
125
2
113
139
131
109
113
107
121
102
2
136
92
118
111
136
109
120
111
3
122
90
110
95
140
88
116
141
2
133
101
118
102
97
128
139
135
0
125
129
127
114
150
105
131
97
4
97
99
106
108
155
111
106
104
2
107
117
74
125
122
103
142
136
2
108
107
101
126
106
145
119
120
6
96
100
114
110
142
133
133
105
5
141
91
110
104
120
155
107
105
5
128
131
114
113
115
134
161
121
1
115
126
107
148
129
93
120
148
7
125
107
87
117
107
112
127
106
6
121
119
79
129
133
132
143
107
9
124
112
129
155
130
108
123
132
2
109
75
155
106
123
135
135
116
1
149
121
126
93
126
136
86
96
8
107
106
96
130
139
69
113
135
8
117
112
136
134
93
111
84
115
4
109
129
101
142
107
82
106
137
4
113
128
120
101
101
89
93
118
3
118
127
77
73
112
153
139
105
7
109
126
110
93
136
157
123
104
2
108
106
79
101
137
113
145
114
4
131
86
129
127
138
135
107
113
9
116
135
127
103
98
147
99
130
6
127
123
111
133
128
80
113
120
6
128
125
142
175
127
111
146
140
4
134
106
63
146
133
108
107
114
1
129
88
135
99
120
127
112
145
2
127
114
107
118
102
103
119
141
4
135
140
117
127
98
128
107
127
5
99
113
115
117
157
142
135
111
4
129
110
155
147
103
120
121
111
0
129
88
120
120
149
128
171
126
2
116
154
120
108
99
122
145
113
6
104
112
70
75
157
108
126
133
2
114
117
120
86
117
129
140
96
6
126
135
128
71
114
122
132
113
5
106
139
134
92
78
102
128
87
7
121
109
121
129
77
141
107
126
5
140
112
133
156
90
107
156
121
5
109
183
99
105
93
137
139
107
3
130
114
130
101
123
103
161
139
6
118
99
165
147
116
104
107
125
6
93
147
135
122
77
138
141
147
3
78
124
152
138
110
121
121
130
2
92
124
120
121
117
156
93
124
3
157
107
98
137
135
93
156
149
4
102
150
127
131
119
142
107
108
2
149
123
112
87
109
93
113
113
4
148
100
149
117
141
113
105
121
8
108
140
91
106
88
103
120
95
3
93
147
107
121
113
136
96
99
10
127
118
122
121
104
92
108
96
6
115
111
108
89
104
150
127
106
3
106
132
138
135
129
125
112
101
7
116
78
130
105
107
118
151
120
9
127
114
106
120
108
124
112
131
8
112
112
114
112
109
113
110
128
10
123
118
122
110
108
92
100
132
6
119
135
106
128
114
127
95
107
3
92
70
120
113
128
120
70
128
9
97
116
109
105
107
113
141
126
9
135
97
83
137
119
122
110
88
7
137
143
136
121
149
116
112
146
8
126
148
141
129
122
86
107
116
4
110
106
114
114
106
110
133
125
8
138
125
121
113
80
120
110
108
2
148
124
116
80
116
113
107
100
2
101
113
112
82
126
157
93
150
5
128
100
135
91
138
119
115
125
1
91
128
116
163
145
126
100
94
8
86
82
116
139
128
143
103
130
1
142
87
130
105
109
142
126
85
9
119
114
106
134
123
102
121
122
0
134
133
115
159
108
118
172
146
9
135
113
147
107
99
113
86
108
10
130
96
111
113
113
103
127
102
7
129
96
99
143
102
97
121
107
8
102
127
162
127
95
100
168
122
8
127
139
120
136
130
170
85
102
7
132
115
142
113
95
111
117
128
4
147
119
85
133
95
100
114
140
7
136
148
134
114
99
120
124
132
10
81
141
112
82
102
84
108
75
4
162
156
93
162
126
135
129
108
9
94
106
128
88
119
99
113
122
7
111
102
111
116
162
99
124
138
9
101
103
94
142
104
90
119
127
5
100
108
140
139
128
97
127
100
3
128
115
92
127
147
78
114
129
4
79
96
147
108
116
113
145
126
8
103
132
137
112
94
129
107
133
1
104
110
139
121
115
141
87
137
6
99
128
136
120
105
127
100
117
3
88
97
156
99
105
131
139
126
2
131
129
146
106
106
119
113
136
8
97
99
135
115
106
133
123
116
9
97
98
93
115
129
145
95
91
4
105
107
122
132
140
95
120
110
9
103
133
106
137
113
126
100
133
2
95
128
86
113
116
120
89
90
1
100
91
92
129
133
121
154
111
9
116
132
107
119
133
108
103
145
6
131
127
98
120
114
175
145
101
8
119
120
82
120
113
142
119
153
2
141
129
100
105
118
140
147
146
9
118
134
83
124
164
122
142
84
8
134
99
79
99
136
118
161
131
0
127
127
141
122
72
114
93
125
6
112
156
118
112
135
119
70
128
1
121
96
116
115
139
137
173
86
8
106
137
154
119
125
134
137
113
10
85
88
127
108
120
123
118
127
8
127
115
94
128
121
121
86
107
8
117
105
127
137
112
147
77
112
9
116
114
104
143
118
78
146
87
3
100
140
86
99
115
121
77
88
9
124
129
120
99
145
98
129
86
8
112
133
162
121
116
151
128
124
2
150
150
82
89
135
85
99
89
1
115
132
103
106
130
141
106
113
6
125
116
119
118
113
107
123
147
6
133
103
111
117
141
123
122
170
6
90
121
99
86
110
95
96
110
8
133
102
156
117
113
128
110
101
5
151
144
90
107
110
141
126
94
4
128
124
108
121
89
105
114
124
2
93
79
139
98
128
119
149
157
6
137
112
138
125
141
129
118
99
1
123
99
123
170
94
121
127
119
4
115
142
105
113
94
122
125
116
5
133
110
106
86
97
158
105
112
2
138
98
148
127
92
151
132
142
8
107
111
128
107
134
99
121
98
7
107
118
94
112
95
123
106
101
6
108
112
149
85
120
107
133
124
2
105
149
123
107
129
128
149
150
0
107
169
114
107
143
128
104
121
0
121
96
114
129
126
108
121
130
2
164
90
121
101
105
152
121
93
1
137
136
101
125
135
136
99
99
2
104
106
169
94
93
93
96
113
1
128
130
121
106
119
115
79
99
8
133
140
121
136
132
151
82
106
8
127
101
114
109
144
87
129
100
1
85
114
83
164
112
117
121
104
8
117
129
135
122
147
130
112
136
8
106
105
140
127
128
124
125
110
5
87
125
99
160
133
91
118
144
5
131
135
86
124
110
120
120
134
8
143
84
122
107
99
120
136
98
7
103
101
128
121
134
85
131
136
2
123
143
86
116
125
135
107
98
3
129
99
118
108
122
165
120
108
4
128
80
106
114
115
148
120
135
8
116
128
112
114
105
135
85
106
1
111
96
109
127
105
106
148
113
5
163
142
108
119
122
116
107
103
6
131
114
132
113
140
78
128
151
4
140
108
80
65
93
113
134
85
6
134
134
112
69
118
93
85
95
0
109
95
108
92
105
141
157
50
7
155
151
122
126
127
120
121
142
1
86
137
105
108
134
102
136
111
5
150
108
124
86
117
97
112
127
5
86
121
56
83
147
113
120
114
3
141
133
128
133
107
117
103
126
7
108
98
113
115
145
103
115
99
5
93
93
108
126
112
121
110
140
8
128
101
107
87
107
111
156
122
1
111
137
169
64
89
121
128
111
2
128
121
132
140
83
158
119
151
4
113
166
79
138
113
131
94
120
1
118
99
107
114
120
138
122
147
5
78
137
90
91
109
112
97
86
5
117
140
148
149
102
126
127
89
1
117
105
135
114
124
125
120
126
9
141
162
91
115
111
136
113
124
8
141
141
128
98
90
118
109
154
6
82
93
92
96
126
98
86
112
1
126
132
123
93
107
120
122
121
3
113
112
76
122
151
113
141
92
3
118
116
106
127
142
115
115
82
5
101
100
140
113
121
120
132
137
6
100
114
129
131
85
93
105
113
7
120
141
113
115
136
101
124
121
6
121
108
102
126
99
134
152
149
5
101
98
91
120
121
154
93
136
3
126
142
97
148
131
143
130
110
2
100
140
119
133
144
93
144
142
4
123
108
114
106
130
129
149
121
8
114
154
107
151
119
110
147
133
10
113
94
96
125
114
107
141
94
10
106
105
129
106
118
120
107
99
7
117
124
111
92
113
96
127
85
2
107
114
128
92
111
114
120
131
3
148
96
167
92
119
106
107
97
4
140
123
92
119
135
99
65
120
1
112
111
114
80
124
101
120
89
9
121
113
112
106
132
136
105
116
5
91
99
121
101
107
136
135
126
0
164
133
60
115
103
106
99
110
7
147
131
92
105
118
63
123
125
4
127
117
118
128
92
96
105
125
7
115
72
134
125
85
109
148
113
6
140
72
105
121
106
112
129
104
4
82
107
99
141
128
117
135
118
1
135
113
121
115
99
110
123
141
7
115
95
172
138
126
100
149
100
5
120
129
113
147
117
107
128
104
3
153
92
134
128
130
116
141
131
0
128
99
125
85
91
96
124
99
9
114
119
87
101
80
126
126
121
2
113
114
82
138
157
86
111
130
7
113
121
127
100
129
133
129
100
7
105
118
117
133
92
116
133
127
6
136
115
103
126
111
139
137
120
8
116
145
155
141
100
92
92
142
7
120
121
148
91
126
87
120
91
5
115
100
92
92
100
88
112
153
1
103
145
106
112
130
120
129
106
6
119
177
99
85
105
116
81
132
10
158
100
114
143
106
134
154
128
0
106
157
92
133
143
119
137
120
2
114
129
91
127
164
130
136
111
1
112
117
116
95
86
110
88
105
0
123
116
129
98
122
106
143
143
6
94
91
157
143
134
129
121
141
3
83
134
130
122
104
119
108
111
3
126
126
110
112
91
113
127
133
8
105
158
126
114
114
112
102
99
5
99
141
109
110
152
110
115
141
0
110
125
154
107
159
127
157
103
4
108
99
117
136
142
97
96
107
5
113
143
133
113
115
129
114
96
6
113
133
98
111
110
122
126
145
10
115
106
106
173
134
130
154
146
5
128
109
153
115
147
99
132
104
1
163
91
108
88
92
78
120
124
9
131
150
128
135
114
89
156
99
3
93
128
157
92
132
141
133
147
3
127
142
70
135
114
119
99
121
0
155
51
147
127
91
142
110
121
0
92
135
154
87
130
146
136
144
8
123
141
67
139
114
127
104
123

