14
8
4
8
8
7
8
3
6
16
3
4
8
2
1
5
9
7
10
9
1
4
7
9
4
6
3
78
118
134
132
140
134
135
101
3
129
126
114
155
122
128
135
128
2
96
100
126
107
87
127
128
128
2
115
107
121
80
84
135
121
97
8
99
132
105
128
149
87
120
98
2
116
99
107
93
93
122
153
127
0
77
118
107
78
106
120
85
146
5
149
128
122
109
141
126
134
100
2
123
111
115
132
123
83
117
119
2
124
102
114
142
128
149
115
136
6
132
114
97
162
130
108
114
121
1
102
127
125
104
102
103
134
163
2
102
114
107
127
99
146
153
118
5
113
107
146
101
146
127
114
124
9
124
142
98
148
151
133
118
83
2
163
132
143
131
115
155
107
122
6
113
133
114
116
108
147
146
117
3
142
122
134
139
87
99
142
141
3
97
154
121
134
115
141
127
130
1
105
156
133
124
149
104
134
107
4
150
102
120
102
114
71
125
126
10
108
157
105
120
131
135
122
143
9
147
99
108
134
138
137
137
140
3
122
88
153
106
143
137
118
110
6
146
148
108
125
118
86
104
99
3
120
113
122
114
144
85
129
124
8
98
85
127
86
138
103
96
127
2
86
135
128
111
128
104
133
138
8
126
115
91
117
114
116
182
116
1
108
128
121
118
121
115
142
98
3
102
92
78
97
149
93
123
115
2
137
113
114
138
99
94
104
122
2
95
95
115
115
153
92
94
124
5
131
85
104
93
114
135
120
98
3
151
113
119
119
92
114
105
108
8
97
92
106
127
106
89
153
119
5
109
137
141
130
95
92
130
115
3
88
108
116
133
99
96
92
125
10
98
119
99
109
136
106
133
150
2
113
87
114
148
131
126
117
110
1
129
123
105
94
105
89
122
111
6
78
115
110
142
127
114
126
118
2
116
129
139
105
113
100
135
121
8
121
145
120
96
115
135
140
155
8
121
111
122
120
102
108
132
127
8
140
127
118
111
110
157
119
113
7
103
88
100
105
116
124
114
68
4
158
107
85
106
125
120
110
162
10
124
115
127
94
137
136
118
115
3
94
114
145
154
113
161
112
100
7
142
123
113
135
128
116
111
114
8
113
71
93
107
120
107
182
134
7
135
142
129
126
84
100
95
100
6
154
117
106
112
127
133
126
93
9
82
138
105
135
67
149
86
123
1
100
138
142
133
157
106
141
107
2
148
122
103
131
149
102
140
114
8
100
125
106
126
134
131
100
135
7
85
156
137
75
131
126
104
121
0
107
91
127
70
143
128
139
67
2
100
140
108
116
108
99
58
117
6
96
126
105
94
129
125
117
114
6
97
128
157
98
155
135
113
115
2
139
113
79
108
148
131
91
108
4
90
116
119
163
101
113
85
78
0
99
94
127
156
124
99
86
78
2
148
127
107
152
103
140
125
106
8
126
136
116
146
150
129
153
111
1
130
106
113
121
153
142
154
162
4
102
117
107
134
101
140
95
110
9
106
110
136
136
145
143
114
79
6
158
94
129
125
174
120
93
127
5
105
132
123
105
82
119
115
132
3
87
134
121
137
128
120
99
141
9
96
149
122
126
123
112
100
116
0
126
140
120
120
113
117
109
105
9
127
122
128
127
108
123
129
94
7
137
114
107
130
107
135
83
119
2
134
123
114
119
141
117
121
110
2
95
121
120
100
130
138
133
150
2
119
106
134
118
108
76
107
107
1
106
113
91
114
137
132
80
84
3
98
114
114
132
126
119
114
78
7
113
121
114
91
107
106
95
100
3
121
105
122
122
114
119
118
120
9
113
128
102
98
94
135
115
127
1
131
116
91
105
118
78
127
132
2
128
121
142
139
141
94
113
140
7
129
123
96
116
130
109
101
115
4
119
109
135
143
99
121
133
137
2
83
112
151
109
114
84
120
101
4
132
84
139
144
111
115
121
143
8
100
134
127
140
118
90
93
102
2
107
94
95
140
121
108
112
94
6
104
127
127
119
104
122
113
114
8
136
90
94
90
93
116
106
93
6
74
113
101
127
112
114
112
105
10
130
155
123
141
110
94
78
136
2
113
106
128
86
117
118
117
157
2
106
74
128
138
98
102
113
158
7
118
101
112
104
94
119
108
117
5
100
105
114
84
89
96
120
118
4
122
99
92
104
125
123
68
101
6
134
128
115
122
151
126
88
139
5
119
135
127
123
106
138
113
157
10
79
117
114
88
118
108
147
142
3
140
133
75
107
127
135
106
98
0
92
126
131
149
131
91
125
108
6
136
113
73
139
127
134
105
128
6
93
83
161
120
135
90
128
93
4
126
137
102
126
130
120
99
97
0
65
115
155
130
129
102
142
85
6
103
126
101
118
115
112
104
93
9
94
86
95
127
136
107
149
134
5
78
164
117
104
101
102
136
145
7
162
104
100
114
138
112
100
136
1
128
62
134
106
127
85
126
121
6
131
119
103
98
143
136
98
120
1
99
100
102
121
93
127
110
147
4
129
109
118
122
102
161
127
52
9
99
99
136
128
136
119
127
87
6
120
126
142
92
141
108
118
113
5
122
114
133
102
97
101
86
115
7
120
108
136
113
107
109
131
121
3
114
102
135
91
117
113
156
131
5
109
136
128
124
92
125
133
111
9
127
128
114
116
76
139
122
119
8
149
131
128
93
109
105
140
104
3
173
132
119
128
121
126
135
158
7
81
111
120
106
157
148
128
136
2
100
116
150
109
150
121
134
148
3
114
128
127
106
76
106
84
75
8
122
102
56
170
105
107
85
110
7
99
137
109
100
129
92
116
106
9
49
128
128
86
117
99
111
106
8
86
124
112
99
154
127
100
126
3
107
128
103
93
120
98
145
129
9
113
108
128
122
115
127
98
141
3
91
70
129
137
123
105
141
152
9
106
94
109
102
113
88
118
137
9
134
118
129
142
122
108
114
121
3
106
148
117
108
129
122
140
147
9
132
92
160
157
100
72
132
112
9
126
122
138
119
103
128
125
121
0
126
157
100
101
146
102
101
117
0
92
127
90
116
109
142
86
79
9
131
116
121
101
139
67
132
94
7
148
142
132
109
167
128
131
149
0
96
99
140
141
95
79
103
112
1
100
99
122
131
114
71
163
132
4
119
146
98
107
103
125
107
107
5
110
106
154
126
106
133
169
121
5
135
85
98
109
118
103
150
134
9
124
127
128
126
133
122
105
135
10
136
121
185
114
106
115
99
116
1
129
117
128
148
79
126
123
119
0
107
98
92
130
108
98
145
138
7
138
81
128
118
64
101
121
119
2
96
98
123
107
116
94
89
93
7
139
117
138
79
99
106
119
106
9
128
149
110
98
121
132
92
126
8
127
118
120
66
104
59
92
92
1
127
105
128
106
143
134
133
79
5
80
138
110
74
90
119
127
105
9
110
121
120
126
147
120
100
154
8
105
136
97
91
85
138
101
131
3
99
126
106
117
116
134
101
136
6
113
125
135
112
109
128
93
147
7
120
109
93
109
94
127
78
127
6
118
126
142
149
101
134
106
132
1
131
138
113
120
134
133
128
137
6
122
90
87
110
117
113
112
105
6
155
116
125
105
114
122
92
101
4
145
122
110
117
127
147
122
79
7
129
120
148
161
160
100
101
118
10
103
141
101
114
135
94
106
97
7
127
126
65
102
114
108
132
118
1
114
99
130
114
122
99
121
137
0
121
147
120
101
146
91
129
131
7
111
151
132
106
140
93
97
112
6
99
108
101
133
111
129
106
100
5
129
100
107
114
123
138
59
120
9
110
115
118
122
123
98
131
136
5
84
121
98
111
106
116
119
130
2
114
122
107
135
116
102
130
146
8
113
73
136
101
107
82
121
109
4
114
107
143
133
152
119
155
102
6
148
165
105
135
141
118
86
107
2
136
105
77
86
107
108
134
123
9
160
94
112
128
128
140
86
134
2
138
141
135
136
101
111
100
132
6
144
70
115
99
98
113
105
95
4
128
145
112
110
141
108
135
105
9
113
108
106
128
110
109
112
156
2
76
77
120
138
114
136
135
70
5
162
106
140
121
127
114
111
86
1
70
100
120
95
86
142
156
126
4
81
129
109
117
123
145
110
112
7
80
116
133
140
106
73
105
121
2
122
145
163
84
115
114
110
154
9
126
93
103
123
84
131
72
129
3
117
127
132
153
104
114
98
141
6
149
123
142
134
100
103
87
122
4
92
149
110
121
134
114
133
113
4
143
145
113
99
128
106
142
116
3
126
122
129
112
133
128
156
106
2
119
113
134
100
119
116
96
99
5
111
80
100
115
100
105
108
129
2
140
124
99
115
108
115
115
96
4
113
105
121
86
122
128
146
104
4
149
95
97
113
121
114
131
97
8
128
94
122
96
116
127
142
127
2
128
107
146
97
115
131
119
114
7
137
121
129
71
106
112
105
100
5
104
118
127
108
113
116
86
109
2
127
156
142
109
83
135
139
139
6
99
113
125
139
79
143
115
100
2
105
128
124
91
132
119
99
99
7
97
128
127
92
115
97
112
136
4
120
124
157
116
135
115
108
107
6
129
122
86
106
156
118
77
132
3
117
154
129
118
142
122
100
148
2
156
133
134
136
132
99
90
79
4
108
95
129
106
105
140
134
57
7
123
118
134
113
115
108
100
119
5
99
80
128
149
107
128
119
96
9
92
112
124
99
98
108
127
132
3
75
140
86
157
96
122
127
127
6
137
108
72
121
148
155
106
114
3
136
91
132
129
116
85
105
124
2
88
145
143
77
102
115
128
105
2
141
120
122
106
93
127
108
113
6
117
132
108
139
150
159
114
70
7
180
111
98
113
130
102
108
112
5
143
155
136
131
107
79
96
127
9
118
124
123
150
132
120
107
130
6
115
96
98
118
135
99
105
78
3
153
110
139
106
120
139
94
115
4
118
123
138
145
86
99
96
121
2
114
108
121
96
172
113
129
147
9
87
68
123
86
112
92
134
132
5
140
138
134
79
119
122
96
125
8
127
85
118
104
112
128
122
99
3
122
108
136
118
133
120
122
112
10
127
125
120
145
128
126
126
109
7
121
101
93
102
99
108
135
134
1
102
107
95
127
115
93
110
136
6
126
129
145
118
94
70
129
115
1
101
107
115
86
142
134
135
127
8
94
97
149
101
122
84
107
135
5
88
121
101
113
120
127
164
121
8
118
92
141
107
117
112
111
129
6
120
125
100
137
85
92
141
103
6
135
98
126
132
140
107
134
120
2
80
90
106
126
140
108
80
113
5
131
99
122
105
105
117
141
105
3
128
105
121
127
127
113
135
124
4
99
116
90
116
99
121
119
108
1
108
98
133
105
100
99
141
80
1
104
119
107
114
71
101
176
124
5
156
136
138
124
112
128
136
124
9
107
112
147
92
156
101
134
109
7
113
119
99
98
76
110
135
133
1
101
132
98
141
82
153
99
127
7
110
142
141
104
92
128
133
104
9
132
135
141
126
107
99
120
65
2
136
119
117
143
146
142
119
116
8
136
129
93
112
84
119
111
79
6
115
112
106
130
93
131
144
113
6
100
128
79
111
134
155
125
139
6
99
142
125
63
149
101
136
88
5
113
85
100
84
140
130
154
142
2
113
100
106
76
114
150
143
141
6
80
133
124
123
100
122
91
143
1
156
112
148
151
120
75
129
96
0
106
141
100
106
126
135
163
115
5
155
129
112
127
145
114
127
120
7
117
119
126
112
106
126
135
101
9
119
99
106
161
130
108
70
98
3
145
145
99
117
123
127
97
106
7
112
75
126
99
92
139
108
101
3
132
115
133
94
117
112
134
127
4
141
98
112
113
102
133
122
115
4
86
93
133
77
128
111
106
98
5
129
90
102
102
152
121
142
119
5
158
156
105
138
113
103
124
119
4
117
136
127
101
137
148
98
133
1
136
100
104
113
118
119
128
129
10
78
120
145
103
110
119
108
127
4
109
124
102
98
105
124
140
82
2
119
81
127
136
84
123
70
134
2
115
135
134
128
141
134
105
105
4
77
101
135
95
138
120
131
112
7
99
120
132
154
122
132
118
120
9
81
106
113
114
119
123
98
73
6
128
110
110
119
114
106
132
121
3
141
132
132
161
121
134
114
163
8
124
39
118
106
87
128
132
94
8
113
105
96
107
132
137
91
131
1
112
127
85
135
106
94
100
117
2
121
129
125
125
135
127
105
128
4
115
113
103
126
137
113
156
149
7
79
127
121
109
91
121
112
117
1
143
113
108
144
143
102
88
108
8
105
135
93
100
127
101
113
128
9
148
136
101
121
94
107
133
136
0
113
123
129
111
131
111
136
119
3
125
82
130
121
113
118
90
93
8
110
79
161
140
134
107
128
105
1
125
122
155
114
107
119
158
144
5
148
105
71
142
149
142
87
98
2
141
135
103
108
135
120
121
101
1
135
114
101
126
127
116
121
91
1
96
136
134
113
113
113
101
124
3
127
128
96
117
134
134
87
131
8
151
145
120
118
144
102
118
108
3
111
106
121
114
120
123
123
99
6
107
132
119
122
109
120
129
107
3
99
106
68
98
148
153
113
114
6
111
133
110
100
149
127
111
117
2
99
121
120
86
114
156
132
120
4
135
113
131
111
108
114
135
107
7
112
136
127
120
131
85
126
114
7
114
106
77
113
155
168
113
143
3
56
111
113
89
92
113
134
131
3
133
104
112
108
85
113
113
107
7
133
143
89
93
144
97
110
101
3
113
116
138
94
118
98
120
140
9
154
84
107
127
124
136
79
156
10
123
134
104
131
78
88
124
71
7
79
93
105
121
145
149
101
121
6
120
127
146
137
118
127
128
105
1
109
105
107
118
87
123
113
120
3
145
139
120
107
125
143
119
128
1
111
95
108
72
121
136
128
163
6
112
105
117
118
149
109
108
84
1
123
115
112
105
115
136
109
161
10
108
111
95
84
110
142
105
109
0
129
113
122
92
94
127
96
106
3
92
128
103
107
78
157
114
108
7
136
119
102
115
114
104
92
106
9
104
119
94
116
106
95
132
92
3
103
103
100
148
93
106
104
110
9
106
119
127
106
140
113
136
106
4
151
131
146
99
94
128
120
80
5
119
142
110
128
118
98
132
127
8
142
107
87
145
114
90
128
140
5
148
104
65
109
117
134
120
131
1
100
100
103
138
134
117
136
117
8
80
114
114
114
136
112
113
108
1
94
111
128
101
105
131
107
106
2
119
127
125
135
89
106
125
105
6
135
125
99
131
135
124
120
93
7
114
148
116
99
127
128
144
135
6
105
149
106
115
115
122
132
130
3
134
126
149
88
107
119
154
95
5
94
111
117
92
157
112
123
93
5
140
71
115
121
119
114
135
114
8
130
115
99
71
113
120
135
96
6
112
111
117
114
166
113
116
119
5
135
155
71
164
98
115
133
126
9
142
118
121
136
116
119
124
102
9
93
126
116
137
106
103
135
140
7
86
86
112
101
113
122
127
123
9
115
123
108
123
128
96
103
137
5
141
154
163
108
123
108
126
142
7
129
118
121
142
132
118
75
103
3
107
104
122
113
127
113
93
106
10
113
131
155
115
83
120
120
91
7
127
138
99
114
101
128
106
138
4
102
157
123
152
136
84
105
143
2
127
134
100
98
113
116
116
117
0
121
140
87
121
91
91
135
107
3
107
118
127
132
128
109
144
110
0
137
122
100
112
100
93
114
139
6
127
122
129
126
114
87
112
107
7
102
124
84
116
120
110
143
120
7
120
144
162
112
100
106
120
103
2
127
142
103
117
135
114
127
87
2
141
122
124
148
112
153
112
102
9
121
103
104
106
116
115
138
65
9
121
111
140
120
135
102
86
124
4
132
130
142
105
107
103
127
121
6
137
98
120
120
114
134
122
104
2
122
120
128
119
110
105
132
118
5
129
130
113
124
134
85
77
134
10
111
123
113
94
78
135
113
128
9
100
83
128
136
131
99
142
121
5
118
130
92
141
113
124
117
109
7
110
123
114
90
83
138
112
129

