16
4
10
9
4
1
8
5
8
9
5
6
8
4
1
9
7
7
12
5
2
3
7
5
3
10
7
125
86
128
107
106
120
126
102
5
150
101
136
125
97
125
155
113
3
101
106
126
129
101
95
140
134
4
102
107
143
140
91
116
126
88
7
113
113
134
86
125
127
110
169
10
134
100
130
142
161
106
73
105
7
114
66
97
120
85
94
142
150
1
130
100
114
139
125
107
138
115
2
115
147
131
93
114
129
122
101
6
93
145
119
105
156
165
97
138
7
113
122
101
94
124
99
91
110
1
111
85
159
92
136
135
90
108
3
137
133
135
132
107
107
120
111
6
119
139
107
125
148
124
94
106
6
119
126
125
63
123
148
121
115
5
92
157
95
144
124
126
133
106
6
113
139
115
94
108
143
111
122
7
115
79
138
145
146
148
116
107
2
130
114
97
110
104
121
116
135
3
114
134
115
111
146
109
105
95
1
127
130
125
105
132
106
114
134
0
118
147
125
139
133
130
126
82
7
127
99
85
140
123
106
101
115
7
123
119
86
124
132
104
104
127
0
112
128
123
94
152
121
126
121
4
103
108
135
106
113
146
155
123
10
120
128
106
109
87
107
91
152
8
120
100
144
114
83
121
93
114
4
92
99
101
133
144
113
135
110
6
95
135
108
107
141
99
130
133
5
121
120
113
139
126
95
115
85
7
106
118
112
117
108
107
146
125
0
112
113
117
153
81
87
104
119
6
99
117
143
146
108
99
118
154
9
115
129
113
115
99
80
133
103
3
147
98
107
119
143
85
137
128
7
152
144
143
127
145
103
119
127
4
121
115
159
109
119
129
106
105
5
115
149
118
120
71
86
113
133
8
141
153
135
91
101
100
43
138
8
113
123
124
65
99
121
121
141
5
134
127
184
108
120
143
126
119
8
139
109
124
148
127
105
161
137
7
106
111
103
131
119
93
148
81
8
113
126
162
99
92
128
90
112
6
113
95
101
149
126
99
114
115
2
108
131
113
123
93
112
100
91
7
139
113
106
107
100
145
168
126
9
83
140
128
112
150
114
112
134
2
103
92
130
122
99
162
121
106
0
142
115
158
87
100
78
134
108
2
130
110
137
89
115
122
136
105
8
81
134
140
129
68
85
148
98
1
127
105
101
108
117
138
118
99
1
142
80
103
71
163
124
107
108
5
145
182
99
126
110
138
105
105
5
72
145
104
121
101
103
132
118
8
137
110
134
104
130
98
139
129
6
137
120
116
117
108
132
122
94
8
91
100
117
106
134
141
86
104
10
89
119
83
81
125
100
150
79
1
104
100
118
121
97
86
128
93
1
140
113
113
122
116
127
129
121
7
117
98
98
110
79
104
151
145
6
133
134
137
147
141
154
108
141
0
119
150
105
134
117
107
118
120
4
148
95
82
119
114
99
154
108
9
85
107
83
117
115
93
121
139
2
78
144
74
105
155
129
97
129
6
128
151
110
121
105
117
102
136
1
94
121
134
93
109
107
101
141
10
135
93
113
144
100
122
149
108
4
145
135
117
142
110
92
138
134
4
121
134
114
109
135
134
111
145
4
134
98
121
110
120
95
112
108
3
130
170
100
141
126
85
136
105
8
129
148
125
113
85
91
106
95
7
114
106
113
65
163
126
97
98
7
114
157
115
109
127
86
104
143
5
140
92
153
154
111
127
116
118
6
107
138
135
94
123
134
91
115
5
102
142
134
142
106
102
99
92
4
105
92
121
105
99
118
133
117
1
125
122
133
106
104
92
93
93
8
122
163
106
113
128
140
121
114
10
133
155
102
93
93
121
169
93
6
106
170
120
80
139
108
120
121
8
122
100
130
181
73
101
119
138
9
141
137
118
113
100
135
112
66
1
124
99
174
101
102
143
109
147
9
112
141
137
129
100
134
115
134
6
129
163
149
113
91
141
102
98
4
85
120
109
115
67
106
140
128
0
121
117
85
98
78
136
113
152
1
127
106
95
119
158
116
101
125
0
88
114
103
115
96
121
118
134
7
86
82
128
86
133
116
119
93
3
112
101
119
128
113
101
108
147
6
101
113
120
108
135
112
114
131
3
113
114
92
118
142
122
109
128
2
105
123
128
79
122
148
87
127
8
99
127
140
114
115
75
135
91
2
135
77
126
106
140
127
126
137
7
128
105
76
148
121
107
114
135
8
156
97
137
128
122
109
103
149
5
139
113
113
135
121
120
99
128
6
150
80
94
92
109
88
130
100
9
111
120
127
88
119
104
100
146
6
98
128
104
124
138
94
129
115
2
96
156
155
128
88
168
101
99
6
139
118
86
151
93
107
131
145
3
95
115
107
126
92
105
118
127
3
106
115
141
92
120
133
124
124
9
115
132
97
130
106
122
114
144
7
87
126
140
112
86
112
134
134
1
112
127
106
103
86
135
92
121
6
145
93
111
102
64
143
94
116
4
86
100
126
132
95
106
119
128
4
118
107
136
111
105
142
68
112
1
134
101
123
134
109
114
114
104
7
136
78
110
126
130
116
121
141
5
113
86
118
119
100
112
92
147
8
143
137
126
83
140
126
117
113
2
84
105
109
144
121
82
131
121
6
96
108
135
106
170
146
121
137
1
140
86
120
133
100
136
92
161
9
104
76
85
95
109
108
118
91
2
128
140
82
115
119
132
123
71
10
100
121
134
128
107
136
131
147
1
142
134
147
117
135
121
138
99
4
125
127
100
164
123
127
129
113
3
68
92
110
127
135
148
131
125
2
125
112
126
154
92
107
149
149
6
101
84
114
142
138
109
97
113
0
111
113
126
124
119
125
103
120
3
128
140
110
99
114
141
115
137
7
100
134
105
106
134
78
109
94
8
116
130
148
136
83
120
135
140
0
114
101
110
105
89
100
97
121
5
99
127
113
141
148
154
141
112
1
112
114
119
100
98
100
148
135
5
110
87
115
184
110
127
141
119
4
112
70
91
153
91
108
94
103
4
113
115
143
132
132
134
141
129
6
122
115
131
127
156
121
92
120
9
93
140
120
118
106
95
108
115
5
71
116
123
140
131
126
110
130
10
108
111
110
107
93
126
80
123
4
85
131
106
130
142
133
108
106
4
143
113
101
128
121
106
109
109
4
118
128
77
113
121
140
146
146
1
115
154
146
128
156
150
79
85
9
136
129
129
117
108
128
125
60
3
127
102
118
119
135
143
74
119
7
95
99
113
81
108
108
117
120
0
126
103
72
151
102
142
122
101
7
110
120
133
95
96
123
123
114
7
129
127
143
121
128
126
114
133
7
118
128
145
151
160
85
115
94
9
106
124
134
124
103
128
128
110
6
105
136
109
95
135
115
85
131
5
114
86
123
131
167
115
104
129
8
154
78
120
128
157
75
103
136
8
121
145
98
154
140
112
106
121
3
68
107
125
119
139
88
135
104
5
117
97
126
126
68
134
128
131
8
120
114
124
108
128
93
107
113
3
108
158
109
123
98
128
114
141
7
93
95
140
99
109
111
122
118
9
125
116
112
79
135
127
123
96
5
112
126
147
112
128
112
120
129
9
107
137
98
97
125
97
70
93
10
126
114
92
90
127
125
145
114
5
157
146
100
84
112
127
125
107
0
121
122
105
136
150
122
143
134
8
116
114
93
115
89
123
107
98
7
134
132
86
105
124
117
119
99
9
90
106
99
135
133
129
76
126
5
147
92
104
136
129
123
57
112
0
109
108
93
115
129
102
104
124
3
96
114
152
104
117
102
135
124
9
120
114
113
99
129
99
133
128
1
138
136
110
117
133
98
126
118
5
130
110
86
105
114
90
135
127
8
117
148
128
141
76
105
151
127
2
122
130
127
93
119
120
116
111
5
100
117
119
94
116
105
103
117
5
118
135
99
127
126
133
89
106
9
111
106
121
159
142
157
140
105
9
135
136
143
123
102
127
113
131
7
133
141
134
93
79
113
121
123
10
104
94
156
101
90
122
135
150
2
149
106
107
81
95
99
117
102
6
128
146
93
102
110
111
153
128
3
88
127
113
120
123
128
107
108
3
116
109
128
119
134
134
101
78
8
137
92
117
114
100
124
120
99
4
123
98
100
117
141
144
120
120
9
140
147
129
118
103
156
129
127
1
84
119
87
80
111
108
121
143
3
141
114
93
138
133
108
101
99
4
74
161
108
95
124
105
108
119
2
98
140
101
129
151
81
96
102
4
135
155
74
100
134
123
113
144
1
133
117
99
113
130
150
78
127
0
105
140
133
75
111
86
92
105
2
99
105
87
127
125
104
94
97
9
127
79
94
92
98
100
143
134
10
94
76
114
121
118
102
134
137
3
150
107
141
106
70
101
112
93
4
104
102
122
121
95
130
122
139
6
86
123
113
99
119
119
106
125
9
128
92
100
135
133
125
126
138
4
124
86
141
116
121
112
150
112
8
107
129
112
108
101
109
85
135
1
124
108
94
95
91
86
113
114
9
117
121
131
114
124
127
125
111
5
148
108
122
123
128
121
140
99
10
127
126
148
107
132
135
118
143
1
136
155
113
131
87
126
98
135
1
107
141
136
101
121
92
114
132
0
132
152
119
116
122
116
127
101
2
121
109
111
135
140
122
116
102
7
140
114
98
118
95
93
98
99
7
92
91
119
142
103
159
155
103
9
122
127
148
145
142
122
148
102
2
99
112
142
86
133
71
145
117
1
142
115
143
129
105
134
118
135
5
145
105
135
109
78
138
113
126
9
101
158
111
54
99
115
123
117
8
112
154
103
142
106
128
135
152
9
106
106
136
120
141
149
77
102
5
137
121
134
71
121
98
99
108
4
113
122
106
117
101
109
115
112
3
132
128
141
125
121
133
102
141
0
104
131
119
135
129
106
114
139
1
119
125
114
78
98
128
83
132
2
118
102
142
127
127
102
115
143
1
89
78
106
107
121
114
109
97
7
106
123
102
113
153
107
106
104
7
164
98
100
102
105
115
106
122
9
127
156
130
137
128
107
79
119
8
156
126
135
135
117
91
132
128
3
147
110
107
131
116
111
85
118
10
128
108
123
106
121
93
142
127
3
101
105
134
106
158
95
116
72
4
128
120
125
108
129
127
88
137
9
143
114
114
97
86
142
156
163
1
99
83
103
140
135
127
90
153
3
113
116
89
93
95
75
79
105
3
86
121
128
66
107
92
133
127
4
92
106
139
85
117
138
113
124
10
111
116
122
99
127
134
127
128
10
113
113
113
128
112
98
101
67
4
107
96
128
82
130
117
101
134
5
140
109
98
95
107
95
114
93
8
107
128
138
106
148
142
119
129
9
101
135
78
126
156
148
126
121
2
95
120
120
115
71
101
125
119
6
110
141
114
135
114
114
96
140
5
114
87
86
109
136
127
146
129
2
100
130
91
104
144
113
124
134
6
142
108
184
119
107
120
126
105
2
137
140
83
84
106
146
137
107
1
143
129
81
97
114
116
159
143
2
123
137
116
131
119
156
84
127
1
117
101
107
112
122
121
114
126
9
87
106
136
115
112
120
106
100
6
129
141
155
97
110
119
150
146
3
108
129
105
113
111
71
137
147
3
127
158
114
89
114
127
128
122
1
128
95
108
120
131
113
119
134
8
84
158
105
123
105
120
86
84
8
118
136
108
100
94
100
127
96
10
127
103
116
135
107
98
109
131
5
52
101
116
105
129
117
112
91
1
97
96
148
129
120
96
119
124
7
118
103
84
108
99
108
123
115
7
94
113
117
143
133
105
107
117
9
105
128
108
86
125
128
109
126
8
114
122
154
88
100
139
101
115
4
105
119
80
138
114
113
108
104
2
118
127
95
92
107
115
132
109
3
110
111
71
108
149
149
99
115
8
98
156
132
124
134
119
115
154
6
114
84
127
141
117
84
150
116
7
127
106
93
118
110
72
89
119
9
126
102
126
142
150
134
92
121
2
148
98
114
129
108
122
116
93
1
109
122
63
125
104
134
121
142
6
92
128
151
117
128
112
76
134
10
113
136
114
111
121
120
117
104
2
96
100
110
115
73
136
115
122
9
134
92
111
136
122
127
156
112
1
76
94
121
104
126
120
88
147
5
124
155
137
128
114
128
118
84
5
149
105
163
112
134
132
115
133
10
119
115
128
111
101
141
123
96
9
167
115
115
129
145
140
103
90
6
140
111
115
94
101
112
136
126
4
99
118
101
136
104
126
133
126
3
124
86
135
127
128
138
100
114
9
100
90
117
143
106
100
123
137
9
93
134
167
64
96
111
113
143
5
134
149
137
104
160
101
121
134
1
94
120
107
126
94
93
99
113
3
113
122
135
93
92
140
117
121
7
85
135
97
131
157
120
108
116
0
113
158
71
94
87
105
147
119
1
93
100
115
111
114
121
128
126
3
98
129
94
94
115
114
93
104
2
149
146
117
127
107
131
133
129
6
156
119
134
137
120
123
144
106
2
159
126
163
115
100
121
115
140
3
126
134
129
168
95
103
102
114
4
127
100
124
105
115
113
94
94
1
148
71
127
106
105
148
109
105
8
99
129
111
102
107
97
124
142
7
118
117
99
84
125
158
129
125
5
115
73
162
127
115
145
154
106
7
113
145
145
93
150
92
128
77
9
148
136
129
111
138
127
122
101
7
119
126
120
122
118
105
126
123
1
128
91
111
128
100
141
145
135
9
128
119
86
142
128
116
117
149
1
137
106
107
110
136
112
129
120
3
103
100
108
113
139
122
127
155
4
80
99
102
143
92
133
101
99
9
100
126
151
96
88
126
121
94
5
107
87
113
112
99
128
134
128
7
142
105
127
98
106
134
93
168
4
87
96
154
111
136
136
72
108
9
108
113
130
148
109
81
117
116
3
119
119
111
102
129
101
122
114
9
126
108
156
113
144
110
132
133
0
137
93
108
145
87
114
111
113
4
131
70
97
106
111
112
149
112
7
121
145
121
133
108
89
163
113
10
80
128
121
108
148
103
137
126
6
138
148
163
154
112
113
84
128
5
113
91
134
97
122
99
85
134
4
138
105
86
119
127
106
113
115
9
109
112
128
163
121
124
98
99
5
127
84
136
112
141
101
113
108
9
136
119
86
113
112
107
110
141
9
101
107
125
106
121
92
113
85
8
99
63
148
101
106
113
138
122
3
119
102
141
141
139
139
103
104
9
133
129
120
107
132
124
132
159
9
110
124
91
123
138
142
94
87
7
123
144
116
121
128
110
140
135
1
150
91
116
131
135
100
135
157
2
140
116
176
128
98
154
115
85
3
145
96
129
125
118
137
115
132
2
79
85
130
143
93
122
91
142
2
112
122
101
141
94
132
120
157
6
119
121
156
119
117
119
140
110
1
147
120
104
130
113
135
134
144
6
134
107
120
134
134
86
98
138
8
146
129
96
127
148
128
148
105
5
127
135
99
112
130
137
104
120
6
132
86
104
107
91
91
126
125
5
107
80
116
148
96
166
117
120
7
113
113
145
127
129
96
135
135
4
98
141
86
122
120
108
119
116
7
117
124
100
148
91
85
85
115
3
126
121
110
137
166
113
127
125
3
96
140
122
66
120
106
105
126
2
135
91
93
99
128
119
142
108
5
158
126
93
119
106
151
91
136
5
120
104
100
120
109
129
115
155
5
128
126
105
87
114
103
147
125
0
99
114
100
108
128
130
119
99
10
139
125
145
133
155
149
94
77
8
114
106
124
134
122
113
112
86
2
148
134
127
113
80
71
108
103
5
120
131
136
135
141
126
109
106
3
83
99
77
125
137
107
108
113
6
112
115
77
136
86
127
101
142
9
76
152
149
124
102
93
117
131
4
83
92
139
71
106
110
121
155
7
128
111
122
131
136
84
102
122
1
121
77
141
146
133
118
134
110
1
96
74
136
115
141
118
120
126
8
134
117
100
87
127
102
56
122
4
169
112
154
121
129
114
78
100
4
118
137
86
125
128
132
99
120
10
101
80
98
93
91
132
128
121
3
122
167
87
135
124
114
106
148
2
118
142
86
120
124
135
107
120

