16
6
7
7
0
8
6
6
6
9
7
8
9
9
4
10
5
5
14
4
4
6
8
8
6
9
1
113
166
113
89
131
107
121
106
8
105
122
116
113
89
110
120
123
0
163
122
159
75
122
149
123
121
8
130
114
112
114
96
127
98
129
1
108
103
103
136
143
117
97
122
4
98
118
88
108
113
113
113
134
1
113
125
107
77
107
117
139
82
4
86
112
108
134
170
129
79
128
5
136
141
116
109
128
133
76
127
3
119
140
129
104
121
122
133
150
3
110
85
98
101
158
161
96
131
10
115
128
120
137
138
136
134
105
2
150
120
109
86
108
97
114
113
6
114
104
151
128
126
111
78
114
9
128
132
135
134
102
115
118
105
10
92
129
130
85
85
140
107
117
7
117
103
142
97
125
97
120
126
7
120
95
140
106
113
137
131
127
3
136
124
92
99
106
127
118
83
8
93
112
114
112
93
130
93
126
6
108
130
129
105
110
92
112
117
4
119
101
119
91
89
117
89
154
5
116
128
143
122
120
98
133
100
5
112
138
106
109
121
142
113
135
5
110
115
98
157
99
141
108
112
4
103
159
147
109
124
99
130
106
7
146
114
118
142
82
106
114
104
7
134
123
148
109
133
129
66
135
10
125
92
134
97
134
127
135
109
2
120
126
98
136
152
192
86
97
7
110
134
90
102
118
121
135
55
8
128
113
117
139
120
129
130
107
2
126
107
101
164
123
127
124
165
9
141
135
139
93
142
106
87
141
7
88
110
106
101
145
109
113
88
6
162
109
129
113
126
124
117
79
1
139
80
121
99
127
77
105
100
10
116
128
128
100
129
111
99
106
7
117
106
150
85
108
136
133
78
1
107
129
106
151
115
115
127
128
1
113
120
146
122
119
92
134
129
7
129
119
115
129
142
125
127
94
0
100
114
122
115
114
155
100
110
3
126
127
108
143
102
109
88
110
1
159
114
86
133
131
107
113
93
5
107
162
134
102
102
145
120
121
1
128
98
134
112
126
117
129
124
8
96
127
129
112
90
121
67
100
8
149
126
112
141
97
136
109
92
9
87
119
69
90
127
149
127
155
5
135
102
139
92
91
132
133
112
10
99
113
105
117
126
107
119
134
1
111
93
121
113
85
88
140
112
2
143
144
99
117
115
123
122
116
3
121
90
128
125
127
123
125
98
2
94
140
130
121
133
117
126
106
5
129
105
144
100
104
102
132
91
4
99
103
128
127
106
94
128
141
7
106
114
110
126
100
140
125
115
8
116
143
124
86
127
97
119
112
5
127
133
110
125
120
108
123
123
2
136
114
98
105
101
123
115
147
8
93
89
113
70
152
136
128
144
0
101
144
74
118
142
128
85
123
2
68
127
108
128
162
108
133
123
8
108
121
116
146
118
107
120
127
2
111
156
128
155
114
94
88
87
2
105
83
136
152
132
99
136
143
2
135
133
112
64
112
104
144
121
1
89
114
108
105
149
101
115
93
9
138
136
130
132
142
135
114
135
2
99
93
108
84
120
127
148
131
2
102
111
111
121
121
112
92
135
8
91
142
147
104
141
155
118
123
8
56
117
116
101
159
87
112
116
9
106
113
105
85
108
115
161
120
6
137
68
92
107
142
119
77
165
6
105
132
85
125
130
112
149
106
7
135
126
92
154
92
106
109
117
0
141
124
113
122
154
100
106
123
6
123
133
105
77
132
106
120
129
8
105
154
72
129
131
126
141
134
7
154
85
128
118
101
103
124
149
6
113
143
113
113
127
86
99
120
9
114
87
109
92
119
111
112
140
1
126
102
104
167
121
113
141
104
3
91
87
137
111
65
99
104
108
5
119
103
112
113
129
130
133
115
4
99
125
110
111
149
128
138
146
8
104
117
117
128
101
120
96
112
6
101
145
115
142
136
113
124
115
5
111
101
148
133
136
131
138
96
5
108
134
88
113
132
110
85
111
3
111
155
124
120
101
161
149
117
2
90
121
91
140
86
115
141
118
8
115
100
112
132
126
136
74
117
2
100
106
113
115
147
143
93
123
7
94
112
106
128
91
122
127
84
7
132
107
126
100
92
129
117
113
3
62
148
107
85
72
113
93
120
1
94
149
114
80
90
104
114
85
9
108
106
155
123
100
120
117
118
1
140
101
110
134
131
107
93
107
6
142
111
123
116
113
126
105
108
7
94
134
117
114
76
148
113
149
1
118
143
140
121
105
126
127
115
3
108
122
97
108
129
101
87
110
5
127
126
126
126
114
132
127
122
5
84
123
77
126
88
105
137
133
8
126
116
124
110
101
149
81
120
6
129
121
87
82
93
106
111
121
3
106
135
99
121
81
137
109
123
9
107
127
96
96
85
96
114
115
8
105
94
166
107
141
120
123
122
7
107
106
132
94
120
127
161
121
3
97
112
140
133
66
121
91
105
8
126
141
104
115
119
99
152
86
1
92
119
92
102
104
116
103
126
9
123
163
92
101
140
96
64
131
1
106
144
144
118
100
143
132
100
8
108
175
96
101
87
127
106
99
5
134
123
104
109
80
108
110
94
10
105
69
119
109
140
113
77
151
2
110
123
94
135
102
114
131
127
8
131
93
103
130
96
121
93
99
8
120
92
133
113
82
128
117
98
2
120
134
120
126
107
87
108
125
4
107
85
109
132
113
87
124
165
0
120
141
89
110
120
107
112
137
3
107
148
106
119
118
137
93
107
2
71
100
93
140
137
113
109
161
9
133
115
134
100
143
149
111
102
2
121
112
133
112
98
127
149
128
5
113
134
70
106
123
86
126
128
7
133
98
107
112
87
117
108
136
3
110
121
120
106
118
112
84
115
9
83
118
103
120
113
93
120
148
8
107
117
104
79
143
86
100
76
8
106
132
114
113
155
112
115
128
3
107
103
114
117
134
105
87
141
2
113
129
135
119
86
117
113
109
3
140
71
105
122
103
127
141
130
3
93
105
91
136
107
135
114
146
3
93
112
99
131
81
116
116
137
7
110
114
97
120
133
174
151
113
3
104
122
107
116
94
101
85
139
8
110
133
114
102
134
178
105
97
5
121
126
108
99
164
123
74
99
4
99
102
113
129
123
153
108
83
2
92
142
139
152
145
133
103
105
5
140
78
101
121
93
112
142
134
0
109
106
100
98
148
125
127
118
1
93
125
100
146
102
105
114
103
1
134
137
133
93
85
136
129
119
9
160
125
116
127
136
81
136
114
1
120
107
86
114
66
113
137
152
6
107
94
114
115
120
74
119
161
4
83
91
80
120
95
138
96
108
2
111
99
110
134
120
131
125
123
8
86
127
77
100
117
130
81
124
2
86
77
129
70
143
128
130
110
5
134
73
126
162
118
116
92
92
6
100
115
154
93
119
93
110
100
7
89
159
123
102
114
127
80
120
9
114
104
119
134
106
119
95
141
4
120
105
139
121
117
94
155
137
2
125
114
102
135
138
101
156
86
8
107
91
149
165
138
125
96
132
8
125
93
133
119
79
98
127
138
9
128
97
141
112
90
120
142
112
4
137
124
113
93
120
118
102
119
1
93
93
129
106
116
130
137
124
3
91
92
119
130
171
151
114
121
9
103
109
94
117
103
108
172
122
2
142
107
93
134
119
111
114
126
1
129
128
111
72
95
115
113
89
1
120
111
121
105
111
151
115
126
7
124
122
99
103
138
93
106
115
9
171
145
100
106
106
123
106
128
6
105
82
92
125
119
120
108
81
9
116
92
107
113
99
107
121
90
2
106
141
93
91
150
68
116
89
2
128
144
112
135
138
82
108
107
3
123
114
87
130
134
106
141
108
7
126
107
141
86
131
87
107
134
8
120
102
136
117
107
142
128
129
7
155
189
93
117
111
129
107
95
8
64
140
123
79
80
121
87
123
10
123
116
128
127
155
119
95
85
9
100
114
119
154
100
113
90
94
5
107
123
106
128
92
95
119
155
6
108
91
133
99
86
141
134
157
5
141
157
121
127
71
110
136
131
0
94
135
134
115
103
154
85
125
5
117
132
162
105
93
120
154
126
0
128
111
107
77
119
97
135
141
7
108
136
121
142
126
106
133
101
9
93
144
94
177
103
130
98
69
3
115
101
143
123
117
90
146
113
3
98
128
129
111
123
178
134
93
2
127
97
113
99
142
122
124
127
2
106
108
135
111
98
112
131
105
4
98
78
126
144
120
121
121
127
10
134
112
124
96
86
117
147
131
7
121
140
128
135
100
90
148
106
5
107
133
163
124
138
91
130
162
9
103
110
115
107
101
169
109
121
1
132
93
97
164
88
119
115
86
2
135
86
107
113
89
149
119
136
2
91
133
117
106
153
97
108
125
10
101
118
134
104
84
108
90
119
9
104
99
106
128
122
115
120
103
7
135
110
122
98
153
124
98
142
8
114
111
113
121
142
113
80
119
4
97
140
133
122
113
101
127
120
1
97
114
115
109
102
138
116
141
5
101
128
84
128
122
121
123
93
3
139
122
107
109
113
128
95
114
5
120
112
126
134
108
138
95
135
10
107
99
92
167
119
85
131
129
1
130
154
84
126
107
107
122
63
5
148
150
128
106
113
80
84
141
1
140
77
122
132
110
114
100
149
4
121
133
119
99
131
121
97
107
2
106
138
76
149
108
102
134
121
7
92
109
136
113
121
143
106
113
3
99
90
136
125
136
109
128
106
4
121
114
119
118
120
121
99
128
8
136
100
107
84
72
97
137
126
2
98
116
111
80
114
122
116
81
2
137
101
108
95
80
97
100
103
1
100
113
135
98
127
117
100
115
2
135
150
136
120
120
98
128
152
5
101
104
121
125
113
104
99
142
9
135
100
122
112
152
126
134
92
2
121
108
95
122
147
106
91
111
8
85
114
120
126
122
108
128
116
9
122
161
109
155
114
138
100
103
8
114
124
162
127
111
133
90
117
5
120
108
135
101
132
95
114
111
2
146
133
148
91
120
114
114
125
3
92
116
106
112
111
114
91
108
4
132
92
107
103
161
163
116
133
9
92
136
120
136
122
140
126
118
5
87
113
133
119
140
120
113
90
1
108
120
112
119
153
121
128
95
7
79
125
109
112
104
128
91
156
9
144
112
64
134
99
121
141
105
1
135
93
61
107
155
145
136
139
4
117
99
137
109
97
93
157
109
5
113
85
102
154
102
147
121
88
9
141
123
136
90
128
107
124
113
8
152
149
135
100
134
116
120
133
7
92
108
105
117
94
137
93
113
3
99
104
149
169
133
99
126
121
1
128
90
131
129
121
142
85
112
5
123
103
97
125
114
99
140
136
0
143
140
141
115
143
97
114
134
8
114
105
107
119
128
138
111
132
6
121
101
131
86
115
122
100
121
8
87
142
125
111
121
120
109
104
3
99
93
120
133
138
124
107
115
0
118
128
119
120
137
95
99
114
8
134
121
106
130
93
139
140
136
1
128
114
140
135
110
114
113
154
5
110
105
108
124
97
135
117
111
8
131
102
112
148
115
122
148
113
5
102
90
97
130
134
134
120
77
5
125
124
147
136
108
112
100
132
10
91
129
101
176
114
124
114
122
3
85
113
93
79
123
104
146
133
7
132
139
129
109
94
112
108
130
6
120
123
122
105
146
112
100
111
4
127
102
143
127
127
134
94
85
2
150
101
109
121
114
140
104
96
9
100
112
124
106
102
139
133
146
4
128
96
155
106
134
102
124
99
3
110
167
106
140
93
140
134
133
5
153
120
85
99
101
88
114
94
2
129
123
135
105
138
106
123
134
5
123
124
130
102
118
112
148
111
5
93
141
58
122
101
118
142
114
1
122
116
120
133
93
156
95
107
5
131
113
121
105
115
122
136
114
8
108
129
122
155
127
79
115
124
3
150
88
139
155
64
93
147
136
9
114
112
140
101
79
87
112
115
9
152
126
106
90
112
74
148
149
4
146
84
86
137
83
126
113
130
9
140
86
134
107
127
142
146
124
7
151
118
113
142
114
121
159
108
10
105
128
103
149
136
106
127
126
3
135
98
120
111
137
101
91
115
3
109
131
99
141
121
139
155
127
6
126
133
134
107
90
96
156
106
6
100
124
124
134
135
107
113
87
0
144
128
98
129
103
115
140
87
8
102
109
127
135
125
113
121
102
1
126
120
142
91
140
84
107
141
0
91
94
114
157
134
118
131
118
0
126
100
98
99
136
148
147
105
1
134
122
108
86
126
107
107
100
8
129
135
101
87
102
92
139
123
7
141
108
104
122
85
115
134
91
1
127
121
106
99
142
88
113
143
8
148
147
99
107
112
119
91
92
0
113
147
111
93
140
111
124
140
10
89
94
111
107
132
138
103
121
7
115
107
106
140
124
141
120
115
9
125
98
119
74
139
134
107
99
10
135
125
132
109
126
79
101
146
9
107
113
113
85
132
128
113
113
9
109
118
140
133
129
118
138
133
7
134
124
107
137
125
97
115
118
8
141
126
106
133
126
135
116
85
3
114
78
111
106
128
144
116
123
0
86
92
92
147
143
119
140
115
5
115
112
120
121
121
140
107
99
6
79
112
113
128
124
119
99
123
7
101
138
137
84
108
129
113
139
9
120
107
122
108
118
93
106
129
9
91
104
132
98
132
114
97
117
2
107
111
166
107
125
126
70
108
6
126
134
113
83
144
128
112
164
9
149
95
134
115
126
114
85
140
2
157
93
122
124
147
132
149
102
6
126
127
134
118
112
101
107
79
10
126
100
119
114
147
120
105
129
1
118
108
123
134
107
126
137
112
1
120
102
98
121
149
116
144
100
9
128
129
163
121
121
122
101
118
8
88
112
135
137
116
135
120
115
4
120
93
97
105
114
105
109
112
10
99
93
124
84
117
109
63
84
6
127
111
127
134
85
142
98
135
4
85
107
100
133
116
121
92
85
10
117
128
123
101
98
153
101
109
9
127
108
100
100
114
127
98
140
1
141
118
82
129
91
104
134
85
6
105
143
138
136
129
151
90
119
1
117
112
100
140
120
132
109
123
2
108
95
127
121
128
120
92
114
8
117
134
89
120
124
99
143
96
2
105
121
114
134
115
129
153
102
5
169
143
133
136
128
132
135
117
4
116
126
147
89
143
124
84
107
1
125
141
94
132
114
122
138
100
5
136
139
97
136
96
120
128
97
8
119
93
113
77
102
106
117
115
2
89
129
161
98
143
92
140
120
7
123
128
129
159
134
138
101
101
7
133
128
142
100
112
133
175
107
0
120
137
134
73
108
147
111
106
10
135
106
97
77
107
113
114
99
7
100
135
155
98
92
65
126
118
10
135
106
107
122
99
99
133
75
1
109
134
144
100
146
148
102
115
6
141
88
120
111
131
123
135
138
6
85
121
95
106
132
133
98
122
2
93
130
85
154
121
127
98
81
1
114
72
135
142
119
160
72
150
3
113
157
114
150
106
85
120
121
10
95
128
120
80
106
127
114
120
1
101
128
138
86
143
128
105
128
0
153
100
85
101
133
142
130
71
7
112
122
126
141
125
121
112
125
1
101
98
112
138
85
84
78
83
3
112
144
147
149
143
126
112
139
3
135
123
130
146
122
94
151
134
6
141
108
128
124
142
94
137
99
5
106
110
116
96
138
107
117
106
2
167
128
134
106
91
111
112
131
6
148
113
110
120
157
115
116
147
6
155
128
110
106
126
113
143
80
9
101
108
116
155
124
112
143
150
9
166
150
133
131
127
98
121
153
3
132
121
106
108
139
95
107
148
2
110
95
116
121
103
124
120
111
9
121
129
121
143
94
126
129
127
5
123
119
130
98
136
159
86
87
9
133
143
141
120
127
103
128
92
2
124
110
88
114
112
147
105
128
3
95
98
98
95
64
106
119
105
3
140
156
125
130
147
126
85
114
3
84
102
121
72
145
92
90
96
8
105
110
147
127
125
121
107
121
1
140
122
107
143
120
119
137
125
9
141
156
160
94
122
120
93
92
6
87
129
112
125
124
100
121
102
3
135
121
108
142
118
122
139
129

