10
10
7
4
7
8
2
1
4
15
9
3
10
2
3
6
2
8
15
2
0
0
7
4
7
1
10
115
126
136
92
114
139
110
135
6
112
143
160
127
103
110
127
163
5
95
106
152
113
150
99
145
112
1
94
139
120
131
137
129
110
149
9
121
115
77
113
77
138
101
122
6
154
100
106
99
150
114
131
124
9
130
106
110
123
93
121
111
109
4
134
83
121
93
107
175
121
44
3
80
107
115
106
138
102
121
99
0
129
99
111
102
110
94
137
99
6
79
115
106
116
136
122
113
93
7
134
122
92
119
151
142
106
128
8
127
122
90
136
119
126
116
127
3
94
124
71
89
99
134
122
115
3
120
97
105
124
100
148
93
93
6
124
78
117
78
109
120
128
132
3
115
127
141
102
134
85
77
126
0
115
82
100
121
133
128
109
127
5
120
115
93
143
128
126
111
93
4
115
104
109
126
97
96
120
121
6
105
113
87
86
107
146
88
122
10
101
128
167
151
99
106
143
134
7
134
112
107
111
107
106
125
131
6
93
119
107
93
132
98
153
128
0
102
138
120
105
111
85
126
143
3
127
121
128
105
132
69
91
106
7
137
116
151
113
103
123
70
139
4
97
102
148
116
133
113
98
107
8
144
119
132
120
108
137
100
109
9
129
133
106
107
84
136
123
124
9
142
91
116
115
119
114
133
121
1
99
140
121
87
147
162
111
73
6
134
141
91
114
157
121
141
89
10
111
109
110
100
102
121
88
72
5
80
141
110
115
115
162
125
142
9
142
171
94
176
138
122
146
131
9
109
100
86
96
78
147
108
126
7
105
150
62
120
160
98
112
113
3
121
93
138
139
98
122
120
102
5
120
143
126
96
154
136
115
124
4
142
130
117
112
109
113
87
117
9
145
139
136
127
148
120
138
85
4
125
138
125
109
126
99
123
143
5
151
129
135
79
71
92
123
146
6
143
108
89
91
123
108
122
89
9
132
149
109
96
111
102
94
124
7
142
120
130
108
110
118
99
136
10
110
105
126
126
148
127
103
92
7
122
135
119
112
134
100
125
97
4
114
134
106
122
87
127
124
119
10
92
117
65
138
121
127
118
125
2
140
133
81
118
130
122
110
124
3
122
131
109
85
108
111
130
108
4
106
116
124
162
82
129
88
113
1
112
106
120
132
85
63
149
106
7
129
139
131
108
133
114
116
107
2
144
136
76
134
135
128
108
119
4
108
127
115
97
114
120
112
164
7
113
108
106
143
107
141
116
94
3
122
121
109
129
125
106
141
103
6
93
142
88
125
93
129
76
87
5
80
126
114
112
112
110
149
85
3
99
122
99
113
139
147
142
100
2
91
132
128
131
105
121
121
113
5
135
135
115
110
129
136
128
128
2
107
90
118
144
119
131
103
162
8
73
106
146
121
100
129
151
112
9
127
162
140
140
90
100
120
120
0
110
113
132
117
98
128
133
98
1
66
81
116
63
119
111
111
125
10
127
112
77
114
99
112
79
162
1
103
103
113
138
78
123
117
147
5
118
85
103
135
161
128
111
121
3
112
121
141
120
104
112
115
97
8
72
138
86
115
93
147
62
131
7
134
124
132
120
122
65
58
114
4
120
93
151
141
139
123
100
146
4
141
122
153
106
84
101
96
115
1
114
142
126
86
141
133
107
121
6
132
115
89
116
108
121
137
88
4
100
112
106
100
93
76
135
119
9
96
113
100
108
90
114
129
133
1
113
122
133
98
95
101
90
98
2
127
126
137
73
123
92
163
138
5
92
129
136
121
93
136
89
106
4
104
107
141
107
68
135
161
86
2
139
101
137
115
134
134
125
128
8
98
151
97
101
134
129
120
127
0
106
110
114
108
100
144
104
101
5
106
96
107
114
100
112
110
103
5
130
112
117
124
129
105
123
121
1
144
159
138
131
137
140
102
122
2
92
114
122
77
132
105
93
119
2
100
125
158
120
122
138
150
129
8
133
132
115
102
119
116
120
134
7
91
117
109
114
112
80
107
108
3
111
93
134
143
129
120
99
105
0
140
113
150
100
132
98
111
116
2
107
135
134
136
149
167
131
113
1
108
143
119
123
118
128
115
118
3
136
126
118
84
170
131
81
78
8
82
103
93
108
102
123
114
98
4
105
101
141
99
116
115
109
124
8
121
131
87
82
109
161
117
157
2
131
127
118
107
131
119
139
128
7
132
93
114
142
114
95
119
119
2
107
87
101
147
100
134
103
153
3
100
98
99
126
129
123
121
131
1
106
87
127
123
109
106
100
85
4
92
122
122
121
104
119
120
128
7
115
99
117
111
120
150
109
111
7
118
105
141
130
96
118
119
113
6
126
92
155
138
134
123
78
131
3
99
135
117
163
93
107
107
121
4
141
136
115
120
126
133
118
118
6
121
148
101
86
119
131
95
107
2
90
100
112
130
126
92
107
92
4
112
107
129
106
102
125
113
91
1
70
102
117
112
162
72
72
117
1
127
128
105
142
91
112
97
141
4
93
101
110
93
100
134
99
120
3
103
126
91
102
126
121
142
107
3
119
100
88
112
125
127
124
130
1
132
105
150
87
99
108
114
80
1
87
114
130
107
127
124
140
94
3
85
64
92
106
130
115
117
127
1
132
134
127
114
115
112
134
129
9
124
85
113
120
103
126
129
140
3
128
118
127
120
71
110
110
98
0
136
121
123
121
129
94
93
114
2
107
130
116
121
121
113
117
103
1
116
104
98
133
108
111
105
131
10
102
161
120
120
149
124
114
118
8
123
140
68
94
99
111
92
105
8
114
141
99
135
103
92
154
89
4
99
75
121
96
99
105
103
127
7
129
119
135
103
154
134
101
133
6
147
148
100
135
142
110
134
109
3
122
101
126
127
114
94
123
92
10
148
106
108
119
106
135
111
86
2
108
116
123
140
79
92
116
98
1
108
128
105
105
121
114
128
115
10
103
120
113
116
105
90
117
129
3
139
132
135
100
118
116
111
112
8
105
108
159
114
84
88
136
141
10
133
108
117
124
105
99
121
114
1
100
94
109
104
75
138
154
122
10
89
115
142
157
74
105
142
90
10
104
134
146
113
105
98
95
113
2
64
107
88
117
107
157
92
131
10
108
130
124
141
95
116
107
101
8
129
122
111
95
138
105
123
124
2
96
97
118
122
119
118
104
100
5
138
100
124
139
72
151
128
129
7
86
125
143
93
102
124
140
119
9
134
133
99
80
107
128
118
141
7
118
130
113
117
87
133
162
142
10
131
102
96
115
99
89
129
160
8
107
114
144
93
141
131
141
113
3
114
103
120
96
133
97
111
127
5
115
154
167
114
141
115
102
147
4
99
52
104
83
101
129
118
105
9
95
111
117
143
136
141
107
104
7
149
116
125
101
86
126
135
98
3
145
135
134
126
88
94
104
106
10
133
108
122
99
113
118
85
158
5
143
128
130
118
108
121
128
134
2
121
117
127
111
85
96
134
108
2
112
87
111
106
136
124
122
128
10
156
119
92
112
113
78
121
118
3
121
99
112
52
135
111
122
101
3
124
108
120
98
104
105
143
98
5
143
142
121
139
109
131
112
162
4
94
99
93
141
150
106
105
92
2
112
114
126
100
119
97
147
130
5
84
104
134
131
93
156
118
109
10
121
104
140
128
99
117
114
127
1
143
114
117
70
114
112
95
151
1
106
107
100
103
133
107
126
121
0
119
100
109
99
135
120
127
121
5
113
121
128
63
102
127
127
127
2
119
109
132
128
99
109
118
108
4
101
147
117
108
102
128
105
92
2
86
149
121
105
108
133
93
132
8
78
123
107
79
145
70
135
124
10
127
131
80
157
161
109
107
99
8
101
106
92
97
126
98
129
148
5
99
107
113
96
101
142
108
101
10
110
118
132
99
95
113
100
105
3
128
138
129
105
106
120
121
100
0
96
128
59
105
132
142
127
106
10
106
122
108
105
85
126
77
100
1
150
107
162
107
134
135
97
105
5
93
127
71
99
127
155
127
130
8
172
115
130
120
100
121
138
114
0
119
118
122
158
129
120
99
136
8
80
126
150
113
107
148
135
155
4
112
155
127
164
120
113
127
108
1
172
128
86
116
112
98
114
133
7
108
113
121
106
124
132
107
92
7
112
140
136
120
67
118
136
129
1
121
101
156
135
75
114
84
113
6
137
156
124
113
101
124
99
119
0
119
130
117
148
133
101
122
113
8
106
133
142
78
101
113
110
121
5
115
107
102
140
101
106
147
94
8
113
129
93
117
164
65
85
113
1
105
155
119
125
113
101
137
123
7
111
127
101
115
115
108
93
147
4
113
93
127
125
143
107
141
127
2
132
119
110
93
114
112
79
119
10
113
131
95
120
141
134
105
111
2
103
70
130
116
154
131
99
105
2
118
111
84
94
128
146
125
106
4
134
132
133
127
114
102
92
120
8
86
116
104
113
121
114
105
82
5
121
107
100
135
106
154
92
129
5
150
156
86
122
107
162
143
86
3
115
148
105
122
124
108
92
99
5
151
146
116
151
85
128
67
103
1
120
103
102
121
135
121
130
123
3
150
135
113
131
135
95
105
127
5
136
182
119
106
145
117
113
118
1
109
135
144
119
101
111
151
84
9
127
152
129
106
87
128
129
138
6
106
85
115
99
135
112
118
93
8
106
104
93
130
115
127
148
121
0
132
134
136
84
100
107
107
134
2
137
101
113
90
110
86
77
108
3
106
105
128
135
142
91
111
102
9
119
74
86
70
121
128
114
154
1
118
115
131
119
133
141
140
94
4
100
128
77
127
145
122
132
109
3
93
96
121
74
110
116
131
112
9
81
113
122
114
98
123
120
108
3
90
139
102
133
93
150
127
135
0
114
111
121
110
107
105
96
126
9
117
117
115
99
107
135
105
129
8
158
138
142
105
114
89
108
126
3
140
113
116
120
130
93
177
115
1
143
112
121
102
92
121
105
121
2
163
138
122
86
85
156
122
127
8
123
79
114
100
106
127
132
100
9
130
124
95
93
104
108
128
90
2
85
106
131
136
120
108
141
127
2
109
105
86
111
99
148
78
106
7
108
122
141
145
122
91
105
103
9
113
104
142
113
105
131
120
119
8
163
133
125
156
119
143
147
105
9
95
95
125
128
129
124
103
103
8
126
96
120
154
129
105
142
115
4
113
117
116
154
106
125
142
115
5
95
100
134
136
107
134
99
96
8
106
120
105
90
78
113
122
114
4
105
127
118
138
98
157
114
125
9
144
94
109
91
114
110
108
83
1
142
96
114
121
155
106
92
136
2
90
92
122
105
119
136
104
133
6
159
112
99
94
149
118
128
112
0
95
130
118
93
99
114
133
120
1
114
122
141
138
103
151
80
77
4
120
102
107
93
116
94
120
99
8
85
84
104
134
120
97
109
134
3
121
156
117
106
137
103
101
77
3
101
121
116
89
124
134
128
106
9
87
99
92
116
130
106
101
118
10
141
104
120
118
113
115
106
147
7
141
87
119
117
106
166
123
115
9
126
94
124
128
145
84
106
109
4
95
147
112
146
126
115
93
129
0
131
107
120
111
86
129
134
139
7
102
129
139
107
105
107
100
121
10
143
153
121
147
126
146
77
125
2
114
124
122
116
136
128
100
105
7
143
128
106
103
141
94
92
128
5
128
141
123
120
91
132
109
108
4
93
134
88
110
163
116
95
96
1
121
139
83
143
122
127
101
124
6
107
90
120
120
142
142
118
98
6
126
109
125
114
121
115
126
138
7
148
154
124
129
90
148
121
112
7
143
73
96
127
143
119
85
105
4
139
75
144
140
168
128
108
94
5
96
112
121
129
127
129
121
122
3
142
100
122
110
120
110
126
115
7
99
118
120
102
155
99
111
90
10
106
126
139
106
92
123
134
86
6
114
112
98
114
128
107
128
93
8
104
120
120
121
122
121
122
110
3
106
117
127
104
134
87
93
86
1
106
80
101
142
141
117
102
98
7
121
102
113
123
119
71
127
85
6
117
135
156
110
104
99
120
79
7
98
108
140
115
118
122
82
120
8
114
106
133
140
106
114
100
120
2
105
96
122
116
110
128
118
123
8
111
122
85
150
120
107
149
130
1
135
92
114
163
120
121
131
144
8
96
136
138
72
99
107
93
108
10
121
120
99
106
138
140
128
119
3
134
134
120
92
112
121
101
127
2
140
136
111
144
158
101
140
122
4
103
121
136
131
113
114
65
112
0
100
88
120
119
109
121
57
116
8
72
119
148
99
132
108
90
121
3
121
113
100
100
92
106
120
98
4
120
130
124
108
118
126
112
111
5
118
141
121
107
147
141
102
85
8
111
100
108
91
113
114
121
97
3
118
104
73
104
126
127
130
118
8
142
153
92
88
86
113
86
100
9
113
116
95
105
107
113
78
106
2
130
161
63
121
121
128
113
72
1
117
91
116
148
100
113
153
138
9
92
88
137
134
112
93
115
109
10
136
113
124
121
133
147
143
138
6
93
119
133
119
105
72
153
104
3
127
132
124
136
67
69
156
72
10
165
106
121
122
107
96
133
128
2
117
115
108
111
120
136
132
122
4
147
92
130
114
130
114
142
119
2
100
136
96
149
129
127
148
128
6
107
107
100
127
94
128
87
114
9
98
127
106
136
91
97
110
94
1
137
131
135
105
103
142
128
120
6
120
112
121
123
156
141
114
110
1
99
97
128
90
141
116
138
133
6
130
108
113
118
146
115
101
136
7
157
117
107
131
138
115
124
115
5
106
91
103
106
147
78
162
113
6
117
124
155
121
110
120
106
120
3
108
94
109
113
87
99
119
106
8
112
122
126
119
139
102
146
100
9
107
92
109
106
109
120
121
155
10
121
114
129
129
120
92
59
94
8
123
139
114
79
107
92
119
141
8
133
101
109
118
142
109
123
127
9
113
91
91
146
155
86
94
150
9
119
106
121
114
132
109
117
114
2
105
132
89
91
122
98
116
92
3
127
117
142
154
113
118
145
114
9
165
128
103
123
138
133
71
140
0
112
113
133
105
93
124
114
106
8
110
113
110
101
111
149
100
102
1
138
153
140
87
134
125
119
124
8
100
119
129
121
141
149
110
99
3
104
163
128
106
114
148
104
138
6
146
106
114
114
85
113
142
86
1
128
127
65
97
134
107
153
98
10
126
88
113
116
115
113
115
138
4
100
135
89
110
141
64
115
123
5
138
106
103
114
134
99
99
131
9
141
124
140
140
122
127
112
138
8
104
136
96
124
128
117
126
123
7
146
107
87
114
120
150
117
102
4
118
115
80
77
141
117
112
140
6
128
159
143
111
138
126
105
109
2
127
111
127
147
130
121
82
81
1
110
102
107
123
92
155
129
143
6
113
131
114
114
84
94
109
108
6
111
115
98
120
93
142
117
126
3
172
139
149
129
151
113
92
134
2
121
106
110
106
163
125
114
141
9
131
139
142
109
113
80
124
120
9
98
78
154
98
100
121
96
100
7
148
111
73
85
101
119
121
128
3
129
85
128
127
110
121
113
77
8
93
118
127
122
87
121
126
126
10
113
124
126
99
135
85
105
119
0
136
128
141
93
125
80
97
125
8
84
101
105
126
122
87
118
132
3
100
113
137
97
128
127
148
102
4
139
146
140
106
126
134
143
40
3
71
119
100
98
156
109
87
114
8
121
134
93
104
117
116
104
113
5
132
132
122
82
120
94
159
127
9
97
129
136
114
132
131
131
113
5
128
108
147
128
120
110
134
129
5
106
148
105
85
136
93
123
106
10
93
106
129
89
141
116
116
138
4
110
118
107
114
121
91
184
65
2
150
118
112
141
149
118
113
129
9
114
126
125
131
112
115
134
142
7
99
156
135
121
135
140
79
94
8
93
112
83
106
107
120
110
116
3
87
106
127
114
143
84
108
87
4
121
148
111
145
100
87
105
127
3
135
148
143
141
106
124
119
105
8
136
137
115
78
134
100
113
112
5
123
157
109
147
97
91
100
128

