13
10
5
8
8
1
10
5
7
17
0
6
8
0
4
5
9
2
16
8
8
8
8
7
2
8
3
135
102
119
108
102
111
98
143
7
156
105
93
101
129
82
105
103
2
119
143
169
142
156
115
114
117
2
126
124
114
109
88
113
147
106
5
103
84
115
95
119
135
118
142
3
121
127
86
123
116
139
103
114
5
78
107
78
96
109
98
112
137
1
66
97
160
109
120
116
133
105
9
108
143
148
116
106
120
100
128
10
102
118
138
101
129
82
72
112
4
134
127
164
133
123
128
115
116
3
127
114
103
116
125
79
128
99
1
107
114
87
128
128
120
79
155
9
120
99
104
119
98
90
128
89
2
128
115
108
126
95
128
88
120
1
116
113
154
100
118
93
135
133
10
96
99
110
120
98
93
122
148
8
114
121
104
151
113
120
93
122
1
114
118
113
93
85
98
104
78
3
110
145
85
92
119
105
128
93
1
115
121
130
93
106
113
110
93
10
93
126
160
137
141
94
98
128
7
87
102
99
82
127
136
127
122
7
123
147
100
107
121
162
143
103
6
109
124
148
118
159
112
106
86
3
129
119
108
90
101
140
110
113
8
127
80
106
103
74
105
98
94
2
155
100
122
102
100
107
122
119
9
129
140
118
116
131
94
64
113
4
106
116
101
140
162
128
135
89
6
155
80
140
118
142
95
115
111
5
100
106
115
120
135
116
103
143
5
111
133
99
143
113
113
122
126
5
124
113
98
113
149
139
119
136
6
106
106
79
93
82
129
87
131
4
122
100
95
127
135
154
121
150
3
125
108
116
111
129
122
125
78
4
114
127
145
106
84
141
96
149
3
105
118
121
123
119
94
112
109
2
133
102
119
97
128
136
141
124
4
156
113
126
114
128
121
98
129
7
96
178
113
126
106
120
102
140
1
82
144
140
107
98
189
106
92
3
134
113
128
115
98
106
91
115
7
127
118
107
129
116
138
158
113
7
143
116
113
108
73
133
127
120
0
112
84
119
94
106
130
100
147
9
134
145
128
89
121
106
107
78
4
106
111
85
111
105
153
95
97
7
121
125
79
140
145
105
114
86
3
86
79
130
145
105
96
132
106
9
142
121
108
118
115
93
119
122
0
131
110
101
93
93
93
85
129
8
119
105
123
121
135
99
125
101
6
125
115
134
104
111
87
125
120
3
137
95
121
157
102
118
120
121
10
115
65
113
81
126
76
125
141
9
115
136
120
122
107
90
95
135
0
137
98
137
121
92
147
133
132
10
132
164
98
88
110
112
134
130
7
126
128
134
135
134
127
102
121
5
94
73
128
116
146
129
125
117
6
135
134
144
117
144
109
126
123
6
100
79
94
135
136
130
129
163
8
143
81
104
121
103
120
154
93
1
121
171
64
95
99
146
132
131
6
81
146
113
111
117
128
106
58
9
153
90
103
120
138
124
100
128
7
120
102
100
127
125
106
92
103
5
135
122
132
136
98
123
129
105
6
143
124
51
136
130
161
91
177
2
132
88
127
109
121
143
120
127
6
118
113
98
111
128
114
74
99
8
72
84
144
162
140
93
85
129
10
110
97
102
113
102
105
98
130
7
137
99
120
101
108
87
128
135
9
128
142
94
106
121
107
128
124
5
119
110
68
120
98
127
141
119
6
138
134
112
123
136
114
99
107
10
120
128
112
141
129
144
122
125
7
111
94
128
146
104
105
101
162
5
108
112
149
140
127
112
92
141
0
149
127
109
106
108
99
127
99
4
124
100
120
99
119
126
126
141
8
136
112
134
112
127
118
85
86
7
111
93
99
142
99
95
122
147
7
101
140
115
94
100
135
126
129
2
93
114
112
98
87
121
106
135
5
94
122
98
135
146
167
116
97
6
118
121
133
132
80
77
96
161
6
143
100
138
131
120
132
142
114
1
116
118
97
125
134
127
108
103
2
96
105
117
126
120
133
117
166
4
132
105
85
92
109
139
95
117
8
122
104
117
114
117
81
136
128
1
112
99
106
125
108
140
146
128
4
97
135
94
119
120
158
101
116
6
138
85
119
126
129
99
94
90
2
114
105
113
118
108
69
72
74
10
132
120
112
91
114
138
124
114
1
113
113
113
113
121
135
128
120
4
115
104
142
71
121
104
125
122
9
150
102
138
89
134
73
105
136
0
95
138
95
120
119
127
106
130
5
122
100
127
129
129
135
127
111
5
120
147
115
148
137
126
141
102
0
132
142
164
135
170
112
150
112
4
119
95
103
124
113
106
105
113
8
136
129
134
140
90
129
110
120
3
102
157
107
101
118
115
138
118
1
116
101
113
130
111
110
148
114
5
173
121
114
129
153
135
138
111
5
121
93
147
112
101
155
107
126
6
115
125
108
99
156
114
127
125
3
121
100
105
119
131
112
134
134
9
98
117
112
125
164
149
84
115
7
120
117
106
107
82
94
112
113
8
118
127
133
100
92
115
108
89
7
126
165
132
112
112
118
123
131
8
77
121
128
114
100
128
111
106
9
142
114
134
83
134
106
141
100
2
106
109
90
162
125
83
86
107
4
130
122
98
147
144
141
109
100
6
117
126
126
124
101
137
91
126
7
139
57
116
127
92
91
84
142
1
105
140
134
84
135
106
122
126
4
69
136
125
106
76
107
115
112
2
102
72
100
99
103
113
114
131
7
95
113
158
123
102
158
134
117
8
125
107
108
128
100
115
114
84
10
128
95
131
133
123
97
127
122
0
121
133
93
108
112
114
115
106
4
129
130
127
167
108
109
100
114
8
129
141
110
154
127
155
115
129
2
132
118
127
135
103
86
134
117
4
97
127
92
134
144
98
99
101
9
122
126
102
104
102
117
65
135
2
132
116
119
120
92
105
106
136
10
107
118
121
121
118
126
163
96
2
86
152
136
122
150
115
129
115
5
115
143
107
109
98
101
126
127
8
85
74
120
114
140
148
163
102
7
162
126
99
109
127
99
99
141
9
133
134
134
156
114
112
147
118
8
92
136
130
79
99
101
132
100
7
100
120
141
114
113
134
137
92
0
114
111
106
87
129
92
142
137
9
93
135
113
136
105
124
135
139
6
118
109
140
142
75
116
106
104
4
105
117
106
110
154
145
149
129
6
149
86
106
130
112
118
149
106
9
130
113
119
120
134
136
98
132
0
170
112
99
100
118
130
128
122
8
126
93
144
145
107
101
128
120
2
107
127
109
124
125
113
90
103
5
107
143
92
118
100
107
98
66
5
105
127
140
167
128
93
114
96
4
109
143
123
135
156
141
131
156
8
136
139
154
127
93
155
112
84
9
131
121
127
154
112
105
137
119
6
120
111
135
113
128
112
118
89
2
143
105
151
86
94
106
114
98
5
127
149
101
99
98
115
124
145
2
86
104
113
68
112
130
113
121
3
114
138
85
95
99
112
143
83
8
128
94
143
108
102
141
100
126
6
125
130
129
140
119
92
93
107
6
154
134
135
122
134
108
108
105
8
140
107
121
118
122
137
116
121
10
147
154
78
106
96
147
109
126
3
112
129
116
101
154
110
130
98
8
100
71
118
130
91
107
136
119
6
95
131
98
121
105
94
150
108
3
115
101
117
134
129
110
132
91
6
106
128
103
105
109
143
121
155
7
134
110
93
126
142
149
166
109
7
81
108
128
141
126
76
112
100
2
108
150
106
87
134
126
133
117
10
129
125
115
95
118
142
142
93
7
127
93
146
136
125
99
132
133
8
106
106
129
106
110
92
98
103
2
116
96
153
115
86
91
107
106
6
133
115
127
140
106
117
133
107
1
102
145
109
126
93
107
126
118
3
142
79
79
116
113
128
155
100
7
100
78
133
105
91
115
108
128
6
129
95
108
118
88
78
113
105
5
119
101
110
151
96
103
114
94
9
106
128
115
111
132
146
130
114
6
84
91
120
138
101
82
74
129
9
99
134
112
126
113
122
142
131
5
74
136
128
134
86
98
107
92
1
106
96
118
106
100
118
124
142
2
149
105
143
108
159
100
118
126
6
93
95
137
147
127
86
114
100
5
159
122
146
112
124
141
132
115
5
113
135
134
157
119
118
114
146
4
107
148
137
128
91
136
107
106
1
115
123
119
117
143
121
128
108
9
121
128
119
136
136
127
141
100
10
83
134
127
106
106
94
124
133
1
82
96
113
128
128
97
142
105
5
133
97
122
105
138
77
118
133
7
146
100
140
114
107
134
170
83
1
83
136
129
106
138
138
94
117
3
133
106
120
104
120
113
129
133
4
122
130
136
135
143
94
130
114
4
86
93
127
147
161
97
147
128
9
140
108
78
146
136
132
113
93
3
123
113
149
100
107
138
77
122
4
109
112
108
94
72
114
108
102
1
132
143
120
135
122
112
116
127
4
141
107
133
140
141
106
86
139
4
124
98
138
113
100
136
142
134
4
112
125
145
133
86
72
98
127
2
83
114
135
136
107
102
67
107
5
87
129
94
82
79
128
129
93
7
128
127
98
147
113
134
79
106
2
86
128
98
105
135
106
116
138
9
129
135
153
122
101
124
119
149
6
110
132
113
102
116
116
135
93
7
133
122
130
101
136
80
92
92
7
122
120
118
101
116
121
140
102
4
113
125
143
121
139
135
150
135
2
159
143
90
106
102
143
128
143
9
115
176
112
114
142
123
135
107
10
101
132
130
112
88
95
120
84
8
143
109
137
118
91
124
99
106
0
105
100
130
92
109
107
85
114
1
68
147
121
93
71
121
83
148
4
101
90
150
116
102
132
90
121
0
85
114
129
142
118
99
103
128
7
114
140
115
113
105
101
98
89
8
114
125
101
86
98
132
121
147
7
112
119
93
100
96
136
120
159
2
106
133
129
128
129
115
109
118
3
127
112
112
127
120
108
115
67
1
99
128
82
141
80
133
153
126
10
82
116
148
111
93
126
112
94
9
129
118
80
69
117
89
93
133
0
124
114
92
123
81
128
125
92
6
115
132
119
128
94
105
99
108
4
78
110
85
142
95
117
115
115
3
127
156
143
112
133
107
120
92
10
101
133
123
114
105
115
122
123
2
78
101
72
121
93
91
100
127
5
128
149
127
96
127
86
110
120
4
100
152
123
119
131
108
129
106
6
116
116
95
91
108
100
109
134
5
102
90
149
129
154
100
136
95
2
100
159
57
157
99
121
120
131
7
114
117
119
115
137
129
114
133
5
126
90
95
138
139
116
101
147
4
116
120
99
112
135
123
114
114
2
120
109
72
114
116
135
93
101
10
130
139
108
112
115
134
118
132
2
117
112
128
137
108
111
71
121
1
111
133
112
136
157
105
104
144
3
135
80
115
112
150
98
134
156
1
133
89
130
126
120
109
120
157
7
109
110
112
71
98
79
133
113
7
139
95
134
170
111
149
92
123
2
142
101
92
145
114
97
126
136
2
124
90
126
131
153
142
107
107
8
122
124
135
112
138
129
119
130
5
127
134
106
113
120
125
101
121
1
91
126
101
107
114
107
143
109
9
142
169
113
142
106
108
129
130
9
96
131
121
104
116
95
120
135
1
102
101
143
99
112
112
85
99
9
113
127
105
124
95
113
128
77
5
117
107
104
133
147
99
114
119
7
115
107
140
113
100
108
107
105
2
105
110
118
163
154
98
120
91
0
116
102
129
113
133
113
115
105
10
128
116
137
134
121
136
132
104
6
143
135
125
104
101
58
72
99
0
85
103
137
98
116
132
138
136
0
145
108
105
144
135
125
119
130
3
120
102
124
106
142
116
117
97
5
105
92
84
113
123
99
125
120
4
119
119
121
119
94
109
92
115
7
129
86
135
122
133
125
114
107
7
96
133
113
92
126
87
95
102
5
111
149
136
116
87
88
161
86
3
156
91
153
114
101
144
113
88
9
143
130
169
109
128
107
125
101
9
110
122
85
65
73
122
105
128
7
113
112
107
90
74
99
146
121
2
143
91
101
119
92
140
134
88
2
124
110
137
118
94
121
118
93
4
128
136
107
113
140
133
127
71
7
129
119
101
106
143
110
107
108
6
114
125
102
135
114
114
107
133
8
103
93
91
122
109
110
129
122
0
118
158
92
79
80
113
149
111
9
107
150
123
98
100
142
121
131
5
121
103
98
114
135
145
137
113
1
157
105
105
114
119
106
120
129
3
88
135
120
165
121
130
142
128
9
93
115
103
103
144
93
121
124
3
104
124
95
121
130
72
65
143
3
127
91
86
143
135
113
98
101
4
153
95
117
107
113
112
107
84
8
141
131
117
113
124
149
98
120
6
121
141
90
135
131
150
112
131
1
113
114
124
107
116
113
105
140
9
129
122
103
121
111
119
132
82
9
134
98
142
107
108
94
113
105
8
134
119
100
98
85
99
118
106
6
89
101
106
140
99
64
59
126
9
107
98
141
141
127
108
157
86
2
93
93
130
147
89
111
120
91
4
118
120
153
78
96
142
110
112
5
127
115
120
93
142
106
118
115
5
130
99
109
98
98
105
141
93
1
161
101
143
111
104
113
93
101
8
153
112
100
122
118
131
120
107
2
114
92
123
116
129
101
106
148
0
115
100
87
148
119
101
125
119
8
113
98
103
99
72
99
119
98
5
137
119
99
119
143
84
84
117
1
132
112
128
158
139
100
120
123
0
120
156
118
137
134
98
121
161
7
141
107
105
140
83
141
53
115
4
95
113
130
129
108
113
69
127
3
130
113
123
92
133
113
94
129
7
99
155
145
115
134
88
85
96
3
120
114
133
119
164
85
94
142
6
119
131
155
114
158
113
133
82
9
96
143
134
155
121
98
115
160
2
136
161
106
107
134
124
113
123
3
100
105
118
104
155
91
99
118
7
136
128
115
84
101
122
126
140
6
105
128
142
117
119
146
128
176
1
142
121
127
115
87
110
134
85
3
106
92
134
143
106
100
134
81
9
133
92
134
122
100
122
121
113
8
98
125
88
125
136
129
104
93
5
129
138
90
154
125
124
121
125
7
89
126
104
106
133
94
132
107
3
125
129
143
134
99
135
101
122
1
114
130
148
121
82
112
101
121
9
107
125
149
136
174
107
150
128
7
89
97
106
119
107
123
128
108
4
149
102
125
162
112
131
119
117
1
149
134
129
120
129
137
120
129
2
106
112
127
101
117
108
125
149
9
93
139
81
92
147
137
121
129
4
125
113
89
131
109
111
120
141
5
108
115
138
135
122
96
129
116
9
123
153
72
113
123
114
129
107
8
105
114
122
126
142
116
92
140
4
117
112
121
105
127
120
114
130
2
98
124
100
177
120
126
110
94
7
139
125
104
140
142
121
113
142
7
121
93
92
120
120
133
120
109
6
120
126
140
113
113
73
141
117
2
139
127
122
142
105
137
120
93
6
118
122
152
89
121
133
154
103
5
139
114
121
124
120
139
118
122
8
103
114
107
91
149
129
102
95
7
155
135
140
119
115
111
106
113
1
128
136
117
138
99
93
136
161
9
137
134
116
110
105
126
104
74
3
143
100
162
108
156
113
83
108
4
110
99
113
137
128
128
112
104
5
136
119
139
101
164
157
111
133
2
98
127
111
125
105
74
127
127
6
150
107
115
121
101
119
90
142
7
112
126
107
84
105
117
149
101
4
135
121
128
101
119
146
129
126
1
126
140
73
109
109
101
125
98
5
142
104
121
153
104
86
150
137
7
150
108
127
105
108
156
120
134
6
92
112
113
112
99
100
135
95
9
139
125
93
97
93
114
114
122
4
120
87
99
101
119
133
93
111
9
125
85
158
105
128
101
119
93
10
126
110
143
105
74
113
107
109
3
120
106
106
113
135
100
128
136
8
110
115
147
71
143
112
84
118
0
80
118
117
113
114
87
126
105
1
93
160
152
170
121
127
91
121
5
112
91
121
138
100
119
104
128
7
141
147
118
100
148
125
96
116
6
147
122
111
125
120
113
149
128
9
129
148
156
137
130
92
137
133
7
107
136
99
100
148
83
109
136
2
140
125
107
121
113
111
149
124

