8
2
6
6
0
5
1
5
6
11
7
1
4
10
8
7
7
2
13
0
9
6
8
3
8
4
2
133
141
135
127
93
135
131
130
2
113
76
145
96
99
122
93
109
1
98
113
106
81
88
107
123
111
5
134
86
137
128
96
115
104
123
10
131
97
112
134
120
102
122
108
10
85
122
148
132
110
124
107
137
1
139
126
144
95
142
99
121
93
2
119
134
152
79
168
100
116
135
7
94
149
144
116
156
155
99
147
5
102
104
142
118
96
130
100
127
1
131
117
107
126
125
99
125
141
2
123
91
121
101
91
134
103
98
8
124
150
115
118
168
135
98
113
7
100
99
129
99
172
100
114
96
5
132
107
150
121
177
116
141
129
6
127
113
120
134
112
123
107
112
4
101
110
78
110
134
91
86
130
5
99
108
136
97
92
140
107
145
0
135
110
113
113
128
140
127
139
4
124
127
83
107
127
111
104
93
1
129
124
128
115
103
117
101
117
4
88
92
103
124
112
106
133
95
1
139
114
107
131
140
113
142
150
5
120
116
159
121
94
113
106
92
8
97
88
115
78
155
108
99
162
3
85
120
112
123
99
111
128
86
4
144
128
100
121
52
99
136
128
9
108
106
131
142
117
107
126
99
4
124
114
96
107
89
166
134
94
7
129
99
100
116
67
106
135
79
9
98
123
116
128
118
119
135
122
2
106
109
120
141
89
126
96
115
2
158
105
82
136
120
120
141
93
7
114
100
135
92
111
133
106
81
9
129
111
119
130
133
123
129
123
2
134
135
108
81
142
110
123
128
3
84
134
113
93
115
128
79
124
6
96
96
127
115
154
95
113
99
7
115
135
97
108
134
132
86
125
7
102
133
140
145
156
71
163
122
7
119
121
111
98
125
138
97
99
0
92
127
128
113
110
86
92
109
8
91
107
150
111
84
100
139
137
1
117
115
128
110
147
72
134
77
5
142
122
110
141
75
138
134
135
1
107
141
105
103
124
91
100
111
6
125
124
118
134
107
114
141
110
4
135
122
141
118
129
134
135
116
6
132
112
109
88
164
134
120
150
3
94
107
119
97
113
152
127
122
7
128
110
149
138
124
163
90
120
1
95
132
112
87
131
94
109
143
4
112
125
134
104
102
107
128
113
2
88
109
121
90
139
94
120
114
9
112
102
132
95
112
156
121
141
9
108
110
114
87
114
115
131
153
10
126
86
115
148
71
112
136
120
2
125
118
114
80
113
155
125
113
9
113
144
110
109
93
102
99
96
9
101
101
124
139
131
113
122
107
6
116
114
113
120
132
136
157
119
1
100
127
93
108
165
101
156
129
9
91
95
139
114
120
127
141
105
6
147
124
108
143
112
144
137
128
8
93
91
135
128
128
100
107
152
3
94
131
126
114
104
106
108
98
3
131
100
121
135
123
92
113
128
5
73
114
119
101
64
135
95
141
1
133
113
164
113
106
138
130
121
8
125
112
112
141
92
111
141
104
1
108
115
70
91
124
121
135
107
5
127
142
95
120
146
162
147
99
6
129
114
110
106
84
155
100
107
0
128
140
122
148
136
141
121
121
9
136
132
120
114
142
185
93
115
4
99
149
82
87
94
50
143
83
3
98
119
138
50
149
85
124
153
7
142
125
125
107
132
99
103
126
1
135
93
104
169
114
120
110
169
7
112
119
126
114
135
128
120
146
6
127
114
159
113
109
148
132
114
8
94
130
134
87
110
91
95
104
8
96
121
119
126
120
112
132
106
3
145
107
119
98
125
116
144
101
5
106
107
90
99
131
84
148
135
8
105
143
150
114
93
121
98
105
5
129
99
126
120
108
104
132
107
4
96
134
107
94
160
122
114
122
3
148
136
133
125
77
110
120
103
4
123
113
107
134
107
158
137
140
10
107
113
102
141
107
103
108
134
2
92
129
115
144
73
149
107
139
5
120
112
148
106
145
127
150
136
1
119
113
141
113
107
118
119
152
9
114
119
131
126
147
107
102
129
5
134
142
138
132
120
141
152
113
9
99
101
121
107
139
150
101
108
1
129
101
127
147
119
85
108
120
5
143
142
150
87
96
115
149
119
2
101
86
67
87
78
113
127
128
10
116
127
99
136
125
167
92
120
6
146
109
117
148
107
120
107
145
5
163
127
88
123
108
99
108
108
9
113
88
127
106
129
113
107
140
8
147
101
125
118
124
92
105
132
1
109
84
110
127
85
100
130
133
3
134
120
122
99
106
87
108
106
6
125
138
115
142
127
144
146
127
6
143
82
136
100
96
142
131
128
6
113
109
156
125
101
99
87
99
3
128
107
162
112
113
125
110
93
5
102
129
115
112
100
130
121
91
3
141
104
114
98
133
81
79
135
9
105
128
115
130
110
84
121
124
6
112
70
84
98
98
158
100
148
2
108
132
119
107
96
153
91
126
2
100
117
109
108
134
114
133
153
7
86
126
115
110
127
131
128
121
4
122
138
150
102
107
87
92
128
9
149
129
121
107
136
104
126
139
0
120
111
106
134
100
100
134
111
9
100
96
81
176
105
140
102
103
1
137
106
128
115
121
127
105
140
8
129
124
110
112
87
118
118
131
10
134
97
106
152
94
131
130
123
4
121
103
87
126
102
119
122
114
10
111
142
125
94
156
122
148
148
3
152
110
121
101
106
92
106
131
8
123
118
141
110
115
133
121
104
7
94
105
111
121
111
105
92
130
3
126
84
122
108
149
93
100
97
4
140
97
107
114
92
135
139
121
5
105
108
110
136
118
139
148
150
3
109
90
92
130
134
142
124
113
8
94
116
78
136
127
115
113
115
2
90
121
104
109
73
136
86
134
2
125
117
111
105
106
118
118
143
10
95
120
123
134
71
125
141
135
5
149
123
101
121
102
93
123
134
8
110
111
113
127
106
104
140
94
7
152
125
147
157
132
92
124
118
6
121
121
122
107
127
137
93
132
10
115
133
115
150
101
98
145
119
3
154
115
131
140
110
81
119
138
1
107
111
113
94
90
146
106
89
6
87
134
96
99
98
131
173
113
1
120
91
134
145
114
135
118
107
1
112
112
122
136
134
158
129
89
6
101
108
129
92
127
135
114
127
4
105
136
156
106
127
113
103
113
5
124
151
130
110
105
119
113
79
0
125
129
78
120
138
139
116
120
3
134
132
115
134
105
113
103
74
7
117
116
133
83
108
102
140
118
2
125
89
108
99
113
128
100
114
8
109
141
114
116
147
131
119
121
4
114
102
89
73
94
142
100
92
3
109
99
76
106
113
108
148
119
10
86
120
118
122
115
140
119
79
5
130
143
133
125
97
112
150
104
0
107
113
136
121
127
128
144
99
3
128
116
127
146
140
114
99
108
3
129
107
143
112
140
86
116
100
4
80
104
77
91
103
80
85
139
3
125
141
126
111
109
159
130
137
1
144
119
107
112
103
129
128
141
8
136
110
127
98
105
99
79
79
10
111
141
161
145
142
84
108
120
10
148
84
104
92
101
100
122
153
2
149
118
102
84
119
119
107
128
9
113
126
123
140
136
119
137
79
7
132
102
154
109
136
100
127
92
6
135
88
99
56
126
117
119
98
6
113
77
116
135
135
108
127
148
9
138
99
160
99
105
100
109
109
6
145
123
121
132
117
135
105
135
2
111
134
121
130
127
142
137
167
2
123
97
130
133
77
112
163
73
2
116
151
96
113
131
135
148
120
6
106
112
121
107
100
106
117
104
8
120
96
139
135
120
116
128
166
3
107
119
142
131
114
78
116
96
3
107
93
126
77
130
95
97
121
8
131
169
120
90
127
130
118
128
9
93
137
154
89
137
100
127
80
7
138
109
107
113
115
104
123
95
5
112
143
100
114
78
117
140
116
4
115
119
108
153
119
136
99
100
8
106
118
166
130
82
113
131
92
6
142
122
160
110
92
149
98
107
5
122
108
156
112
128
121
106
107
7
113
111
134
100
127
112
134
128
1
89
112
128
117
139
117
76
152
7
106
123
115
111
90
127
81
126
5
118
98
136
140
140
96
138
91
8
133
99
135
107
103
155
130
148
2
117
57
150
120
109
122
109
113
5
117
112
125
108
128
135
111
113
7
175
99
140
129
135
142
103
159
9
85
113
72
110
107
118
147
121
3
105
92
105
91
110
106
122
111
5
86
102
85
87
95
131
91
149
1
122
112
157
95
113
116
83
125
1
126
155
81
154
85
146
132
108
3
97
128
113
98
77
99
134
128
4
133
112
96
134
142
118
127
140
7
142
154
113
141
146
144
103
100
9
84
156
92
140
120
89
141
136
3
105
135
126
110
150
100
120
113
8
85
106
109
136
92
115
126
95
4
114
135
129
115
121
111
87
109
2
148
87
107
96
143
152
106
101
8
121
108
78
113
92
90
155
100
9
108
149
160
125
143
126
124
135
8
136
128
154
105
93
116
124
119
9
114
147
99
126
105
113
134
141
4
107
92
137
115
91
136
134
113
3
122
121
130
134
111
101
107
127
5
115
107
87
147
149
133
78
100
8
113
133
122
126
115
134
98
145
6
129
120
93
102
127
133
101
100
5
129
113
131
110
119
136
155
123
1
122
127
119
95
141
142
140
135
5
106
100
145
125
104
137
118
106
0
107
145
134
129
96
96
117
89
8
113
126
94
113
106
107
117
107
3
132
79
107
91
162
135
94
100
1
104
131
119
132
85
146
91
113
9
131
113
104
130
115
103
98
131
5
99
114
125
166
125
113
91
113
8
111
128
95
100
105
91
114
136
1
132
124
134
113
99
92
147
142
5
117
124
141
137
103
118
115
82
1
117
132
96
93
92
109
135
119
3
52
99
111
122
137
115
141
99
6
141
139
156
87
157
131
119
112
8
122
104
115
114
125
101
142
121
0
99
75
107
129
129
129
141
102
1
105
112
120
151
142
93
103
127
6
112
107
81
105
113
99
116
128
9
79
120
114
114
117
106
117
141
7
112
139
121
86
163
101
114
129
5
100
116
117
155
113
81
69
122
9
146
78
142
150
110
102
128
91
3
86
122
133
106
100
134
124
147
4
126
95
136
169
119
118
133
119
8
122
101
115
139
125
122
113
115
8
107
86
103
87
113
99
106
107
8
98
91
150
99
123
86
92
162
1
97
124
99
120
136
91
100
156
8
143
134
113
133
172
136
105
136
1
107
98
92
127
133
75
127
104
2
130
127
121
80
90
108
104
152
5
114
85
138
130
149
98
161
99
2
100
132
128
98
109
137
120
156
4
92
100
135
121
125
141
108
119
1
88
123
140
123
132
128
113
92
4
142
137
144
139
136
136
143
115
7
106
154
96
151
130
111
114
127
7
100
132
92
135
116
149
132
124
9
126
112
132
90
101
128
89
107
8
75
99
143
97
102
123
99
105
6
109
106
113
94
107
71
135
136
3
86
113
88
121
87
98
114
141
10
102
109
166
127
137
85
126
99
5
148
92
114
81
146
148
91
89
2
100
119
131
122
141
85
99
100
6
114
168
127
146
141
121
93
103
6
134
112
98
104
115
110
134
120
8
142
141
113
98
122
134
106
136
2
82
129
141
93
85
154
108
107
4
92
196
112
82
80
142
146
99
3
93
136
111
99
128
92
106
92
4
128
105
113
81
108
105
143
85
2
127
126
107
133
101
137
112
102
7
80
103
94
97
116
106
113
125
3
126
134
100
115
135
121
134
139
0
114
151
94
115
127
133
115
127
6
106
118
119
89
89
108
133
116
6
143
148
110
114
129
106
129
103
1
126
138
169
106
93
129
154
152
2
96
106
135
114
113
131
101
106
5
111
115
91
149
106
114
108
119
4
121
123
105
77
137
114
121
97
1
136
128
99
100
113
97
96
163
8
124
123
108
124
127
112
92
120
1
122
71
121
107
119
104
115
91
6
127
121
127
120
149
123
125
104
9
135
134
174
91
141
133
164
122
8
134
145
164
113
113
143
96
105
0
93
126
108
95
79
120
123
97
6
98
147
107
151
141
100
106
141
7
148
143
135
107
109
107
150
132
1
117
140
106
147
121
113
92
129
10
91
133
148
114
135
94
140
121
1
134
146
129
148
107
145
131
143
4
120
97
87
90
106
146
110
149
7
140
118
107
119
155
110
149
120
8
103
129
118
136
134
131
134
98
9
135
122
134
129
136
115
102
133
0
104
90
114
134
131
134
133
142
10
110
139
122
114
134
127
144
37
7
130
124
143
80
112
117
130
105
5
125
106
120
148
127
121
88
113
4
154
104
116
129
102
114
128
145
5
147
114
161
106
105
99
81
94
2
136
111
123
127
121
107
77
93
5
79
87
129
117
98
113
125
108
7
147
132
96
101
151
102
118
69
0
97
119
102
122
116
135
114
112
1
133
96
72
145
116
114
117
120
8
125
112
116
150
136
108
141
125
6
105
151
143
129
126
129
126
127
5
134
94
93
112
94
103
94
119
6
107
129
127
99
104
126
116
144
3
137
98
99
118
111
142
129
87
8
128
136
113
138
65
98
112
163
1
121
148
138
140
103
99
85
122
4
114
110
98
120
107
154
138
135
1
114
123
100
88
129
87
136
115
5
132
78
82
144
104
137
101
114
9
87
95
107
136
95
115
135
108
3
121
114
119
122
111
145
78
106
1
148
145
133
141
93
126
130
88
1
129
114
120
99
115
105
114
121
6
84
132
105
117
97
82
133
135
9
127
102
143
152
102
137
149
83
3
107
118
128
100
126
143
100
118
3
131
146
141
104
153
126
129
114
3
107
114
127
109
161
110
125
120
7
150
97
120
166
126
108
108
93
7
112
126
85
109
96
102
121
132
6
129
157
126
119
149
89
126
117
3
161
121
107
112
127
115
89
115
10
120
141
114
78
94
130
121
127
3
116
126
122
146
114
123
122
118
7
109
114
116
107
85
86
124
149
2
71
100
119
178
129
101
123
124
1
95
123
113
134
155
98
112
147
5
74
97
131
114
115
137
129
105
5
71
77
112
86
111
121
122
113
4
141
124
148
147
131
119
132
120
0
92
116
112
105
116
106
138
133
7
105
135
105
130
100
89
153
142
8
141
85
156
107
126
141
127
99
1
109
88
178
96
99
141
108
125
0
95
137
127
95
166
132
136
143
6
137
97
142
147
146
118
119
108
6
133
94
89
143
74
108
114
71
3
146
168
142
98
129
71
155
109
1
95
100
113
123
141
139
126
116
6
115
136
88
130
102
122
141
105
2
129
89
111
95
90
109
128
121
8
105
92
133
85
118
131
137
113
2
78
115
134
95
102
92
120
100
8
95
100
145
112
121
116
88
104
5
123
99
134
134
97
132
120
135
8
107
112
123
112
101
92
105
106
9
149
141
88
130
96
150
150
111
4
128
143
105
144
141
152
92
98
7
117
152
100
119
112
140
105
141
3
108
92
117
130
105
112
115
98
6
102
121
89
106
140
118
112
122
8
163
95
132
120
92
133
122
101
6
104
104
108
115
104
129
114
119
1
114
115
131
98
121
109
132
126
4
150
159
119
99
143
142
126
117
0
112
130
117
85
118
123
94
100
2
129
108
130
132
77
79
99
134
10
113
134
113
101
95
105
109
131
9
104
92
79
84
71
154
127
81
4
99
128
124
80
119
114
132
110
9
107
100
113
159
112
115
134
132
6
125
109
115
126
107
105
100
97
8
119
142
116
121
128
133
107
86
5
110
110
119
94
100
72
148
136
9
114
135
114
129
118
99
100
106
2
143
129
120
133
112
124
152
104
3
99
111
154
136
114
63
117
123
2
98
93
101
84
118
119
101
85
6
132
122
104
141
119
122
102
109
4
119
93
63
128
129
112
52
98
0
101
143
143
98
107
134
77
151
3
84
91
109
93
136
108
83
139
6
60
157
132
118
144
129
112
128
0
111
176
103
94
100
144
105
125
8
110
103
101
107
142
114
128
114
3
115
138
118
90
113
138
113
106
7
100
121
137
114
110
133
128
89
2
113
108
104
107
142
112
121
112

