11
9
8
5
8
7
9
6
6
12
7
6
5
9
2
10
4
3
7
4
1
10
1
8
7
1
3
129
121
109
158
112
143
114
91
1
134
99
131
99
116
119
137
91
3
119
122
127
133
133
122
146
141
3
153
114
152
115
93
127
168
101
4
126
115
104
86
98
128
99
97
2
122
86
118
111
117
156
148
141
0
111
93
108
157
115
134
101
148
7
100
157
78
100
107
141
121
140
6
166
130
99
96
112
115
107
122
7
140
107
117
116
93
86
119
135
8
122
109
127
135
91
162
132
125
9
108
114
163
119
136
107
100
155
4
106
122
118
106
154
81
107
115
6
110
90
103
122
107
133
114
119
7
101
121
113
138
121
175
135
87
6
122
136
113
136
119
147
122
134
2
147
116
113
119
147
76
99
134
9
120
122
113
122
149
130
78
112
1
105
89
105
113
108
136
143
88
2
129
139
134
126
102
112
154
91
3
113
120
126
128
127
126
104
78
1
115
130
110
85
104
135
86
156
8
107
120
130
106
100
110
112
87
5
86
104
104
93
103
110
118
131
10
113
112
108
133
132
93
148
128
2
113
128
109
89
113
81
135
128
2
96
126
136
146
98
126
125
111
7
147
108
109
105
99
141
143
92
7
115
159
109
110
110
101
107
155
1
119
142
92
110
106
58
99
118
8
124
121
78
103
133
142
144
115
2
98
128
154
150
107
106
135
109
8
108
134
108
134
119
133
141
120
10
110
120
118
124
110
142
114
146
8
139
150
99
128
135
78
145
113
9
95
120
99
106
110
127
125
94
10
101
85
84
141
105
122
81
127
9
88
122
91
123
115
108
105
132
2
107
99
127
111
136
107
110
131
2
113
106
122
106
100
100
107
145
9
109
69
107
114
148
115
121
120
0
77
112
107
96
100
96
107
126
9
112
163
92
91
86
126
102
103
0
120
139
120
141
140
111
123
102
7
134
136
94
135
81
137
108
121
6
102
106
93
107
114
134
120
125
7
136
103
99
101
125
84
105
115
6
121
104
118
137
94
99
79
73
1
149
109
100
142
128
125
114
131
2
87
132
112
114
94
150
141
138
7
153
156
89
103
129
85
125
134
1
114
143
96
142
123
121
107
122
7
129
127
101
79
103
113
126
98
0
111
130
128
151
109
149
101
92
9
122
100
122
127
84
72
115
129
7
158
82
135
126
102
89
136
140
2
113
93
102
85
143
136
134
149
0
128
92
133
133
100
115
129
96
3
122
142
140
133
119
140
115
85
3
142
115
134
135
101
101
107
120
3
122
126
99
164
123
136
123
92
4
87
127
115
116
142
124
131
116
1
80
75
116
79
93
135
75
68
4
142
99
128
129
71
154
141
107
8
93
111
140
129
120
110
116
141
3
102
86
104
135
135
133
123
106
7
91
115
106
107
103
138
142
136
8
121
99
134
158
108
105
102
136
7
128
89
103
108
92
120
127
115
10
114
108
124
99
91
96
94
119
9
112
129
122
110
120
129
116
129
2
99
122
100
116
113
150
114
141
6
135
139
119
150
114
133
154
94
10
114
100
112
125
114
119
122
135
0
101
107
114
106
127
72
147
100
4
107
81
118
78
97
145
95
100
6
114
79
79
132
105
121
108
91
8
122
134
117
99
120
137
132
112
5
132
94
142
78
119
116
108
150
5
106
62
155
103
106
113
145
140
7
133
81
115
99
98
134
161
113
8
84
91
126
96
140
117
128
135
9
112
113
99
138
116
99
116
134
1
122
102
94
116
163
132
111
109
1
113
107
107
122
114
107
85
103
1
102
110
130
147
101
95
74
149
1
107
97
118
124
124
109
124
104
6
162
87
140
127
97
142
135
158
2
132
93
101
120
87
127
92
101
7
137
110
149
107
119
128
133
128
0
120
106
105
113
154
113
134
93
7
133
92
98
91
120
127
133
113
9
113
149
100
114
114
121
142
99
2
141
95
143
127
142
91
121
143
2
105
131
86
117
114
139
109
96
6
123
103
97
131
93
115
138
98
10
156
115
151
120
121
128
143
136
7
119
103
140
80
121
99
116
99
5
109
71
124
129
143
120
122
119
10
102
109
117
111
71
105
162
100
4
137
139
115
119
104
113
136
135
1
92
63
148
113
67
126
151
124
10
134
115
141
114
114
121
95
118
6
107
141
152
146
105
119
95
129
3
92
107
142
79
129
94
107
118
5
85
121
105
113
129
132
92
101
8
115
105
126
109
112
124
93
117
8
104
124
110
153
136
150
119
144
3
114
137
148
124
145
97
141
140
8
114
127
136
143
99
126
105
109
3
95
120
88
111
112
110
97
114
2
91
113
125
109
66
128
95
97
10
80
118
138
129
114
115
99
82
4
133
134
147
78
145
79
105
141
8
103
43
131
130
128
148
114
99
4
103
123
117
129
136
142
120
114
9
92
108
94
114
122
145
127
113
8
105
142
136
139
115
124
120
135
8
93
121
121
126
92
121
85
119
8
133
113
87
121
114
126
100
105
6
123
108
117
113
108
100
101
107
0
113
107
122
107
74
124
86
99
1
117
94
120
142
110
88
125
93
10
97
130
141
112
140
95
98
110
8
89
94
112
142
109
128
131
156
3
100
154
152
112
115
106
128
115
5
109
121
122
169
149
88
145
97
9
131
127
116
95
140
105
142
123
1
98
142
87
122
98
81
136
120
7
124
126
63
93
143
92
106
100
6
112
110
130
102
115
122
74
103
9
85
106
121
129
129
106
132
121
3
148
133
127
114
126
106
107
119
3
112
121
116
99
79
94
109
113
0
143
123
70
109
112
120
149
147
2
100
103
104
134
100
107
127
121
7
130
111
107
116
101
90
114
129
3
156
149
149
85
124
126
157
104
9
122
113
123
92
120
106
101
110
6
126
97
155
136
105
122
104
106
9
121
85
106
114
118
58
106
105
2
162
88
101
94
139
120
129
139
8
152
96
94
100
123
147
78
127
3
120
117
114
100
134
149
148
113
8
122
100
108
96
116
109
124
105
1
108
127
95
105
142
141
111
111
3
125
155
108
131
134
140
137
115
9
110
98
128
151
138
128
112
107
1
121
109
102
111
115
141
134
113
0
132
114
133
112
115
113
108
111
4
140
120
105
126
110
126
155
122
1
99
117
142
129
88
110
104
122
7
148
129
107
137
114
93
124
118
4
127
143
170
97
120
128
147
120
6
154
136
112
85
129
119
128
113
1
129
133
115
125
147
129
128
112
8
97
99
112
99
124
95
92
113
8
123
113
113
108
97
104
148
136
6
147
85
84
147
123
94
95
140
6
114
170
128
131
109
105
142
134
3
78
136
120
110
85
140
113
102
8
122
113
86
123
80
113
91
104
1
104
118
173
115
148
94
96
108
7
127
104
108
124
95
92
94
127
2
137
121
146
135
106
127
105
125
3
132
86
136
134
83
96
138
128
3
105
113
88
106
107
86
115
100
6
84
155
87
111
141
127
120
123
8
91
86
142
101
127
121
142
142
5
85
104
149
124
111
108
110
116
3
109
88
96
131
108
104
117
115
1
150
112
124
121
99
149
112
132
9
154
119
132
102
130
140
108
136
8
79
87
165
136
100
93
134
118
5
108
98
123
120
102
141
98
127
8
106
136
126
96
134
131
134
114
4
85
121
136
129
124
123
115
115
1
139
160
114
131
107
127
123
86
8
115
146
112
99
71
114
104
128
1
127
120
106
114
110
128
128
139
3
110
171
182
107
101
96
88
115
5
67
136
121
101
114
121
66
121
5
119
113
121
150
95
130
96
150
7
138
163
124
94
107
90
141
79
10
133
114
113
105
134
137
133
114
9
141
80
116
137
134
146
156
101
6
101
91
111
124
116
126
122
83
6
113
114
107
121
121
115
99
97
8
120
115
143
107
118
116
153
107
10
100
136
123
98
101
125
101
107
1
106
92
118
105
128
115
119
140
2
81
78
98
104
135
114
127
94
8
121
110
154
110
73
116
128
129
7
109
126
105
164
109
68
104
92
7
128
137
133
114
125
118
145
95
9
113
114
133
122
141
110
132
114
8
138
115
119
114
63
125
85
106
0
132
93
72
138
100
108
140
122
2
87
163
113
62
113
123
143
94
4
129
139
119
105
89
118
106
124
3
113
100
114
128
120
140
128
157
10
106
148
125
84
92
123
129
154
1
147
106
95
127
121
89
73
93
10
108
124
117
120
101
118
137
101
7
184
138
142
82
135
130
121
83
5
136
80
106
107
135
108
120
118
7
135
110
78
122
118
119
134
148
7
80
128
109
82
91
99
105
125
6
104
121
111
92
129
121
112
122
9
107
106
152
99
135
164
121
117
8
99
83
113
106
107
66
107
135
6
107
149
147
114
129
129
120
121
4
138
118
110
121
136
71
98
112
2
119
138
112
119
100
149
102
92
5
135
96
68
105
134
98
122
113
6
141
150
122
128
134
85
114
102
5
119
120
131
99
121
139
111
139
4
135
152
111
130
127
142
126
95
5
113
139
132
136
119
127
114
121
2
99
108
110
111
138
104
125
135
9
106
141
149
93
119
108
120
146
1
127
123
96
156
163
135
123
93
4
132
135
140
119
123
80
96
170
2
120
92
97
119
107
112
124
139
8
103
153
95
144
115
136
155
138
6
146
158
103
141
133
93
112
108
1
107
124
138
103
139
98
136
135
2
115
70
104
80
120
120
120
100
4
105
123
70
126
99
94
124
107
2
120
156
75
93
58
119
72
82
2
123
123
110
121
152
126
124
127
8
94
140
117
129
120
110
112
46
6
149
148
125
129
133
97
107
94
2
130
126
129
147
119
101
111
84
2
126
131
111
110
108
101
102
105
7
97
147
105
145
125
145
104
105
7
127
121
148
99
119
91
92
152
1
121
85
97
92
76
148
101
91
5
98
129
152
114
79
118
91
70
2
111
122
108
78
126
121
127
94
4
85
68
128
117
113
143
110
106
5
119
146
124
134
126
116
142
127
7
115
121
136
126
113
124
107
135
9
119
120
115
109
107
108
79
134
4
131
100
95
81
97
131
105
159
7
127
94
112
120
153
99
91
147
3
98
99
92
99
114
106
122
114
6
87
98
95
124
106
115
118
118
8
148
92
152
106
99
119
126
90
3
126
127
121
122
113
107
103
129
4
91
126
143
147
107
128
107
119
7
114
85
107
129
103
112
171
148
7
140
82
142
121
109
113
107
130
1
95
70
117
121
98
115
108
142
8
158
120
120
139
79
113
116
120
3
142
121
136
120
117
120
132
92
10
107
134
127
132
91
84
116
106
9
137
141
154
110
109
127
134
125
4
147
108
120
106
90
101
142
143
8
126
113
157
130
106
149
132
115
1
137
107
110
108
85
113
120
91
1
129
129
112
128
122
138
120
108
10
127
143
102
109
106
142
101
100
3
121
135
130
117
120
113
95
115
1
128
130
113
105
152
109
119
120
1
143
142
111
114
176
160
98
108
3
120
142
114
107
120
106
112
152
1
140
96
126
87
94
73
98
88
3
135
136
134
111
100
135
84
105
3
119
128
121
114
125
120
121
113
5
117
121
96
131
120
121
94
86
3
143
135
129
110
125
121
108
111
7
119
126
106
110
86
107
122
122
4
112
128
109
134
116
94
106
114
1
88
110
136
99
92
127
73
113
0
108
116
128
147
154
133
121
117
6
121
106
118
68
112
84
127
115
1
113
115
141
112
126
136
106
94
8
103
120
122
146
70
86
130
113
5
133
129
120
130
140
143
94
71
6
96
153
120
113
86
127
73
122
9
100
108
106
139
137
134
99
93
2
151
116
100
142
74
99
109
115
6
112
128
160
94
120
150
95
91
3
126
78
115
127
96
134
85
119
6
107
124
121
134
125
72
107
115
0
118
106
98
118
104
83
136
117
3
116
124
105
138
126
121
169
119
8
141
114
71
114
85
114
138
98
1
139
94
102
93
84
153
115
126
3
106
150
113
96
113
159
119
109
10
126
100
100
81
118
85
97
124
2
108
111
163
135
101
108
126
107
5
98
118
130
130
130
132
126
107
2
142
99
105
125
126
114
134
129
8
91
106
112
106
120
95
115
117
5
108
104
114
127
141
116
140
105
8
141
150
141
119
120
85
119
142
1
133
86
103
162
145
119
117
103
7
100
119
148
105
129
115
143
126
5
122
123
121
82
88
129
128
108
9
156
137
111
109
98
148
126
126
6
106
116
112
74
98
128
109
121
8
130
115
125
92
99
98
137
116
5
111
84
105
99
114
99
100
129
2
106
79
116
127
141
102
119
120
2
97
93
141
148
106
138
149
106
5
112
107
128
111
109
70
142
116
9
128
87
149
135
144
113
116
105
6
101
114
111
116
115
113
121
128
3
128
110
121
142
141
118
150
107
9
97
125
113
166
111
147
116
150
0
160
107
110
106
130
127
87
111
3
111
82
119
101
106
125
137
119
0
114
92
97
104
107
85
119
67
4
91
139
139
120
112
80
108
118
0
115
107
128
97
136
100
169
113
7
111
128
94
126
121
117
136
92
6
137
100
127
104
148
135
113
117
9
133
124
136
99
93
120
91
107
9
113
117
126
98
112
107
157
109
2
108
110
100
108
114
140
75
127
6
118
76
136
142
144
126
106
157
7
105
127
130
87
104
154
113
106
4
108
93
114
135
110
126
111
136
6
127
128
132
141
109
89
125
107
1
93
161
122
115
144
62
142
147
2
112
95
120
118
87
141
143
102
7
120
134
134
78
85
127
111
148
8
155
87
124
135
141
120
148
124
0
138
103
112
98
99
134
104
114
3
112
103
113
126
105
112
100
109
2
113
128
122
130
136
114
120
114
7
109
147
148
147
69
116
109
131
5
126
105
149
122
115
124
148
106
10
120
148
115
149
73
120
110
123
2
113
129
98
134
145
109
122
113
6
127
170
97
125
178
87
110
127
0
113
115
175
117
130
120
90
173
4
114
71
92
113
99
103
135
71
4
128
121
142
142
78
142
109
133
4
124
157
90
127
122
104
123
119
9
111
101
93
101
109
127
150
112
3
128
121
85
142
121
105
104
128
6
142
146
129
121
114
161
98
114
10
113
136
169
91
141
119
107
117
7
106
129
98
120
128
137
134
116
9
142
104
154
142
135
132
149
100
1
94
106
128
79
117
124
120
114
7
116
125
104
114
121
105
130
101
2
110
58
126
101
90
134
154
114
6
100
121
133
106
135
117
108
107
7
125
130
131
72
150
86
108
127
6
99
102
129
127
111
161
120
125
9
156
111
127
111
112
136
145
107
3
112
73
98
101
133
98
114
107
7
114
104
107
121
143
97
115
128
2
113
124
136
104
128
100
104
109
9
107
58
126
84
115
87
120
120
8
123
125
117
152
100
151
130
98
9
120
117
120
129
137
91
149
94
7
101
101
92
100
120
107
98
101
4
132
103
121
100
118
126
99
144
8
151
147
133
156
92
85
134
114
10
107
79
133
101
135
90
99
133
10
125
110
64
114
121
119
90
106
5
79
90
120
120
150
111
142
100
2
80
101
108
92
125
101
161
104
5
113
123
120
134
161
142
115
101
9
113
105
126
105
108
92
88
99
10
133
78
113
129
99
143
100
135
2
110
135
136
150
121
126
141
164
5
87
117
138
156
128
132
113
116
8
108
126
105
114
95
103
139
94
4
128
108
101
48
115
148
98
64
5
62
106
124
126
115
150
107
121
2
102
85
88
154
109
102
114
129
4
126
121
110
137
154
141
79
136
1
120
160
133
114
114
137
98
127
8
133
94
112
104
102
107
101
95
8
131
115
104
114
93
100
117
122
2
80
80
86
103
107
132
156
135
4
101
113
101
95
90
122
92
155
0
113
104
135
159
120
103
118
107
9
122
131
133
112
85
133
140
121
5
90
112
128
119
110
140
114
127
6
131
120
83
133
115
135
126
131
6
145
162
159
129
110
122
163
128
6
76
88
93
140
110
127
109
132
8
134
120
81
135
114
138
129
129

