15
3
2
3
6
2
1
5
0
8
7
2
2
5
3
1
2
6
9
7
2
9
7
4
4
6
5
99
134
116
101
112
99
136
139
5
132
113
129
88
138
100
113
132
2
129
96
122
107
112
56
121
64
2
112
117
115
128
106
105
112
100
7
146
107
101
83
122
94
77
120
7
106
133
78
90
91
113
123
113
7
93
136
113
91
112
90
130
99
7
122
103
141
105
100
119
168
98
8
121
140
100
88
99
128
101
99
0
107
90
117
104
92
135
117
64
3
128
160
130
103
106
114
128
142
6
110
100
128
129
123
100
98
111
10
111
136
119
95
145
126
107
120
1
100
99
86
148
87
130
137
126
4
114
136
152
108
89
112
121
122
8
118
110
146
114
85
144
96
120
8
89
142
123
130
127
99
100
110
3
138
70
88
109
121
156
93
121
6
91
113
96
120
86
143
98
135
8
155
121
113
132
123
85
139
114
10
145
95
119
120
97
141
115
87
0
119
106
126
112
99
149
121
121
7
129
138
133
92
130
117
146
99
4
67
122
142
123
131
115
100
154
8
93
116
119
114
120
146
88
123
0
117
126
149
117
105
140
117
110
8
115
143
110
104
118
86
125
136
9
101
75
118
124
170
89
113
109
10
108
102
119
124
124
118
138
131
0
121
155
101
109
126
94
115
149
1
82
99
117
100
120
134
89
125
4
132
129
91
114
105
149
99
84
7
117
88
99
133
132
102
76
104
1
130
110
54
111
107
99
121
90
8
114
135
133
126
121
121
121
108
1
124
132
121
111
128
104
138
113
4
129
125
129
130
87
134
98
146
7
98
75
102
110
105
123
163
92
8
113
92
73
115
133
133
101
77
7
122
121
142
108
126
115
135
131
3
113
128
71
116
129
131
102
94
7
107
119
132
123
117
122
88
131
5
108
91
128
132
82
116
116
116
3
143
109
107
150
118
126
120
108
10
135
115
122
118
99
85
115
100
6
100
156
132
121
155
117
118
113
9
132
150
127
120
101
115
141
141
9
109
106
133
146
130
89
106
112
9
137
120
107
87
111
135
104
115
5
106
95
94
119
108
130
107
104
3
120
96
99
131
120
111
140
109
9
108
155
107
136
112
132
127
135
7
129
106
131
127
116
110
104
102
3
94
117
134
160
118
125
137
109
4
101
130
113
164
102
132
155
152
9
92
124
147
150
144
149
140
134
7
125
95
113
149
93
99
64
120
4
120
137
135
110
150
109
123
120
3
128
142
93
107
144
94
143
134
2
105
134
133
109
121
148
121
106
10
122
97
174
111
100
136
138
111
3
106
120
137
154
150
106
94
135
6
137
114
113
125
122
107
135
84
7
126
119
119
143
140
123
118
114
7
94
94
81
80
123
112
133
141
3
106
119
142
109
113
80
101
147
4
119
100
95
114
124
104
133
97
1
115
111
121
99
120
129
120
123
2
114
154
103
122
113
129
113
119
8
131
157
79
154
121
121
93
163
10
106
106
149
156
97
145
115
123
2
104
93
120
95
134
99
126
141
6
129
148
107
91
114
106
135
115
3
133
65
102
94
142
99
114
131
1
154
112
102
130
83
88
133
160
7
126
107
99
134
91
124
162
153
3
121
142
159
88
141
92
85
123
4
137
107
129
115
155
111
136
89
0
127
125
86
135
121
151
154
108
7
157
149
121
121
97
97
155
168
6
79
150
120
129
120
122
101
83
9
113
106
101
107
127
109
80
94
9
131
119
112
120
134
127
124
106
7
128
98
128
129
114
127
120
79
10
132
140
120
125
94
99
108
128
6
115
103
113
113
92
148
128
81
7
151
90
125
132
100
98
106
160
4
105
148
124
113
106
79
138
126
4
134
132
128
110
118
129
95
106
0
102
100
128
114
127
120
85
72
4
126
105
112
121
129
132
80
87
1
114
129
129
140
122
122
114
131
2
158
92
154
105
135
105
119
112
1
112
140
116
114
145
135
114
128
1
135
135
146
128
148
126
100
114
1
98
70
110
78
126
135
120
127
3
112
108
93
120
99
128
108
114
3
107
156
110
127
134
106
99
106
3
115
92
79
131
156
148
110
114
7
119
112
92
119
110
82
92
110
10
123
123
103
86
122
71
96
119
1
83
97
100
118
143
149
138
114
3
121
136
109
127
118
105
113
113
2
99
91
112
112
141
132
141
113
6
171
106
128
148
127
117
101
113
6
95
88
106
146
153
100
108
113
9
124
124
129
141
124
141
143
108
3
98
114
123
129
104
125
119
86
4
98
102
105
120
65
110
128
91
9
119
141
155
83
91
131
134
109
3
114
132
127
122
86
100
120
142
5
84
105
116
80
102
148
126
117
5
121
136
64
116
105
153
100
113
9
143
112
119
92
95
135
146
130
10
128
108
132
108
144
120
116
80
3
144
126
153
95
118
155
80
120
9
119
107
139
115
102
128
133
108
8
125
108
114
129
87
142
99
125
7
138
136
92
151
126
137
112
131
1
141
154
83
117
92
114
114
121
9
97
90
87
113
143
107
113
92
2
124
148
117
114
140
107
130
110
5
131
100
97
117
87
150
150
135
0
100
171
126
129
116
85
117
86
9
146
131
128
145
134
98
113
136
5
145
82
143
111
125
137
120
125
6
100
109
127
133
115
131
107
117
7
84
106
124
108
105
125
157
117
8
136
116
113
87
130
142
156
118
6
120
107
99
115
115
85
120
114
8
107
101
125
127
112
97
91
130
6
76
122
124
119
129
112
105
120
9
60
60
119
106
121
118
96
124
5
120
135
114
107
117
115
123
104
10
117
130
135
143
112
103
124
128
0
111
87
101
96
99
127
110
111
2
122
136
116
155
109
119
113
137
5
126
85
136
94
127
141
88
118
5
125
93
141
106
115
57
99
99
6
121
131
78
113
127
91
102
147
8
140
124
139
117
130
136
136
135
6
114
150
120
113
99
123
142
94
7
153
127
136
129
121
122
122
99
3
127
113
127
122
146
121
93
87
5
137
107
101
97
113
110
116
82
8
141
124
114
103
115
121
116
119
5
107
127
110
90
131
108
99
109
6
91
91
150
142
135
79
134
84
10
119
138
103
124
115
114
118
133
5
122
106
116
109
93
110
112
101
9
102
124
113
106
126
132
158
105
2
105
109
126
97
108
156
116
124
9
132
145
143
100
121
145
97
125
1
144
100
141
113
147
90
105
116
0
140
126
110
132
117
100
121
114
5
119
126
119
135
99
132
129
119
10
106
132
130
136
102
111
109
100
9
107
135
137
101
98
123
147
143
0
138
111
112
141
88
118
135
107
0
133
97
111
118
145
119
105
140
1
126
119
108
95
158
115
134
92
7
121
130
120
112
91
95
131
86
4
127
108
117
97
119
135
93
125
7
96
102
77
79
154
134
110
75
6
112
95
78
127
127
112
73
106
3
109
136
107
116
134
118
133
108
1
147
115
93
97
121
109
72
114
1
129
109
121
106
114
85
113
110
10
182
150
80
122
119
107
122
101
5
101
141
135
115
84
143
132
121
9
142
123
113
120
133
123
127
106
7
106
123
107
123
92
121
108
130
10
132
142
95
137
112
147
149
140
9
156
125
125
141
155
114
138
144
6
109
154
111
126
99
134
115
113
7
116
108
119
74
102
130
92
86
7
132
100
154
128
113
122
83
116
6
125
117
98
125
86
127
101
108
1
116
86
156
151
103
121
130
123
5
112
129
85
107
125
140
110
123
9
141
104
124
112
127
145
162
105
9
127
125
110
138
126
106
117
94
6
107
128
146
127
92
129
145
131
3
143
90
119
128
132
127
128
111
0
129
108
124
159
108
77
80
83
4
104
102
132
143
100
85
116
115
1
121
120
83
128
115
113
108
135
8
122
101
93
110
147
121
118
99
0
128
137
112
112
125
87
113
86
1
99
107
106
120
120
106
113
138
9
103
135
125
144
123
120
132
84
4
131
112
113
128
132
142
147
109
6
142
111
101
119
154
139
120
146
2
86
88
130
138
114
126
157
103
5
148
122
132
99
103
141
81
142
2
84
126
118
116
123
89
123
150
10
135
86
107
119
123
119
106
140
8
121
83
121
130
168
102
142
119
2
127
124
72
113
106
103
108
132
2
95
128
86
78
112
141
129
138
8
147
100
78
149
100
127
147
102
7
129
121
136
95
77
112
124
138
7
97
106
88
120
98
133
127
117
9
85
107
53
128
118
135
71
136
7
92
145
101
85
143
161
98
115
9
101
126
129
127
88
134
72
136
0
149
132
134
128
108
142
129
102
7
120
150
112
122
96
113
134
143
2
107
122
82
128
140
129
111
144
6
137
140
123
101
122
129
105
115
3
101
114
157
110
119
119
129
85
1
85
104
134
124
91
134
109
113
3
134
88
128
90
124
107
121
116
2
119
107
95
128
125
127
143
108
7
139
118
135
122
70
129
109
114
9
119
128
120
129
101
126
148
120
9
141
131
133
124
139
113
113
121
4
131
87
111
98
138
68
107
127
8
124
104
115
154
70
112
82
92
0
128
107
122
114
101
124
107
104
7
103
108
148
148
144
132
118
86
1
128
121
103
139
113
65
129
140
5
115
98
100
104
116
94
154
128
3
124
129
98
97
101
163
141
77
8
153
115
141
131
93
89
120
145
7
114
116
135
156
119
114
111
132
0
103
94
88
122
106
110
106
122
1
108
100
120
107
131
100
120
106
3
129
156
118
84
119
134
127
123
3
142
100
156
152
125
107
142
132
8
115
131
123
129
128
135
99
141
5
96
109
140
75
127
141
113
121
2
97
114
84
108
136
130
106
120
6
137
149
125
89
124
137
142
120
8
135
134
170
91
154
107
101
113
7
97
116
110
111
120
113
134
140
2
129
97
122
91
129
140
144
128
3
126
133
77
98
114
136
109
146
4
102
131
106
142
92
122
117
77
5
122
121
142
92
137
114
107
103
4
135
95
96
122
107
101
113
124
4
119
143
113
156
99
92
106
133
2
77
137
106
115
93
120
129
153
7
113
85
132
105
153
130
107
88
5
131
120
145
90
148
118
107
128
9
111
125
106
115
77
135
127
114
4
100
103
99
110
121
112
81
127
3
109
146
128
173
127
119
117
134
10
126
124
114
149
96
155
147
95
7
139
99
109
122
85
130
113
98
6
115
121
133
78
127
156
136
125
2
112
162
96
138
139
120
135
105
1
148
120
122
99
121
138
80
78
1
137
114
121
99
134
133
93
119
3
124
132
107
116
119
123
127
157
4
109
128
100
120
93
99
89
149
1
142
105
128
121
128
116
130
108
10
147
161
107
121
140
136
125
171
8
100
136
107
101
150
101
87
104
4
80
81
93
91
154
95
121
130
1
110
110
162
166
124
90
114
114
3
143
97
143
84
119
100
153
104
5
134
132
100
115
127
82
105
113
7
122
149
99
126
148
128
107
113
8
93
107
149
163
93
161
134
111
10
110
143
119
87
126
122
71
64
5
90
101
107
126
145
117
136
117
6
88
113
105
99
99
127
94
155
7
135
146
110
119
120
120
72
109
6
137
137
64
129
107
113
110
128
2
128
105
98
135
155
143
107
101
6
108
129
135
119
93
98
134
115
1
116
129
139
111
142
134
160
100
2
107
117
129
126
118
142
133
154
4
114
148
108
104
142
168
83
125
3
78
95
134
126
141
128
100
127
2
107
100
100
103
90
120
84
126
6
114
135
106
136
118
121
105
104
8
93
163
130
86
112
105
85
98
8
107
153
114
106
131
122
104
146
4
157
129
120
137
137
79
83
89
0
135
125
155
114
97
175
111
108
7
122
163
101
126
87
106
108
120
5
130
121
121
142
64
79
111
116
10
126
85
132
115
126
123
140
86
4
122
101
130
99
108
85
112
120
4
100
107
135
148
138
121
128
126
9
120
89
108
121
133
120
122
135
3
126
91
99
101
128
101
107
120
7
124
140
114
138
112
127
106
133
4
145
116
135
102
83
113
135
134
5
99
143
110
94
140
135
91
126
8
140
129
149
98
105
106
123
94
7
165
126
100
106
126
79
129
121
2
134
146
118
114
93
107
107
114
3
93
100
99
93
114
103
105
100
8
147
91
126
88
99
85
107
113
2
119
105
107
115
120
91
133
133
7
99
106
103
99
89
112
121
106
5
90
141
135
129
141
93
124
122
9
118
106
62
107
146
126
127
165
1
52
73
80
107
142
141
112
92
7
131
121
128
106
135
112
139
95
6
113
108
116
133
131
121
116
137
1
92
110
125
109
112
127
142
124
4
126
143
82
107
129
102
105
93
9
140
100
128
152
107
99
141
112
6
119
89
128
95
93
85
152
116
7
121
114
140
113
94
129
137
107
4
126
121
99
66
133
111
106
134
6
93
114
112
85
126
99
110
100
7
106
121
104
108
121
148
100
106
4
117
106
117
137
126
118
137
103
10
110
126
123
137
160
84
122
101
0
119
85
117
121
111
112
98
127
1
101
87
124
112
134
94
94
155
5
149
130
134
114
139
108
101
127
1
64
119
144
113
85
104
148
141
6
141
87
138
132
120
99
97
114
7
111
136
128
123
110
127
113
140
1
126
98
106
126
72
106
122
99
4
90
124
87
120
123
99
116
127
5
109
114
114
112
112
113
100
119
6
85
94
107
150
122
129
115
106
10
114
129
120
146
81
117
119
84
5
134
108
73
121
141
144
93
114
9
120
121
93
104
115
128
119
90
2
118
108
141
76
135
141
129
125
9
111
103
134
84
119
111
105
103
8
85
98
143
91
96
173
119
126
4
135
134
142
71
102
113
108
139
2
92
139
94
86
153
106
121
138
3
106
116
126
147
127
157
106
93
2
107
126
141
135
149
117
136
101
3
101
109
130
87
92
98
126
121
8
60
125
93
133
137
137
106
108
3
111
106
138
95
122
125
114
164
8
93
138
114
156
150
105
118
118
3
105
120
107
143
134
127
104
124
6
123
129
121
102
152
110
140
128
5
101
151
107
115
98
140
128
127
6
148
120
85
107
129
124
153
125
4
85
128
50
99
107
147
127
95
9
91
106
94
119
93
131
117
125
8
146
86
106
85
87
141
94
115
9
91
134
129
120
133
134
118
126
3
106
98
110
148
124
121
128
97
4
92
129
106
123
141
99
134
146
5
126
85
127
100
87
141
154
114
5
122
107
115
131
130
120
103
111
6
137
105
82
127
106
92
103
147
1
107
138
142
116
121
140
121
107
7
166
103
137
121
163
143
126
96
4
114
128
123
86
124
127
150
95
6
133
87
172
111
110
118
79
113
0
96
108
85
84
142
104
129
148
5
111
110
91
108
100
135
87
107
8
122
68
94
101
107
96
92
129
1
103
114
109
162
118
116
155
104
9
120
145
91
128
100
112
109
130
9
112
135
135
99
120
99
89
128
4
164
113
64
111
116
107
140
98
7
143
131
136
101
125
90
104
85
6
124
127
105
92
122
131
105
108
5
107
112
95
99
78
115
123
116
5
91
106
134
142
139
149
129
127
6
106
79
104
118
120
116
126
121
4
153
177
128
98
100
81
128
107
5
110
139
94
142
89
150
121
108
9
130
169
127
51
131
125
66
115
6
153
105
114
144
144
138
108
113
4
122
156
106
103
134
122
102
110
2
134
86
100
115
110
108
136
108
6
93
86
95
108
79
145
141
109
4
112
119
110
119
117
120
112
107
7
134
107
107
123
127
110
115
145
4
121
85
128
115
119
102
156
157
3
116
95
75
125
107
112
120
81
4
101
149
100
144
120
117
91
132
9
93
108
135
171
100
126
155
104
4
106
75
135
132
98
65
132
161
7
85
126
113
129
113
127
114
150
9
135
112
94
135
108
119
120
125
4
120
103
95
135
123
126
112
106
3
113
96
101
123
99
97
144
108
5
95
127
125
130
134
119
54
128
4
113
155
120
98
118
127
123
128
3
103
125
132
156
100
162
113
106
5
112
59
128
164
135
114
116
170
7
107
161
119
94
122
123
124
133

