13
10
8
8
9
1
2
5
3
9
2
0
9
5
10
0
4
10
7
6
9
4
5
2
3
4
7
124
144
93
89
121
126
120
115
9
106
103
87
128
119
111
101
143
8
142
120
84
110
127
85
167
93
6
154
140
85
103
116
148
98
115
1
86
116
130
113
125
82
135
157
6
98
88
141
105
114
127
86
130
7
114
127
160
126
115
112
125
115
9
128
101
127
140
129
74
141
94
1
109
135
104
108
98
107
87
100
4
68
105
117
92
113
114
117
127
3
131
138
102
110
107
130
78
125
6
88
127
131
143
142
111
147
122
8
134
121
127
101
115
139
132
140
6
113
95
115
110
102
134
107
109
9
96
133
120
114
113
128
119
94
0
111
91
102
151
127
117
129
107
5
129
114
121
118
117
107
119
128
7
119
139
105
84
77
96
131
119
7
107
97
114
130
114
134
114
82
1
103
119
90
137
111
135
131
120
6
129
131
122
113
76
99
85
173
4
88
107
116
93
128
148
93
111
4
144
72
139
128
125
125
123
95
3
124
106
118
114
150
101
134
87
5
113
121
138
91
97
127
120
117
9
121
117
107
118
132
114
102
106
10
115
151
96
141
118
72
108
132
1
107
113
106
120
112
142
135
83
9
122
122
116
89
103
129
96
92
0
131
134
156
119
107
112
112
142
1
118
115
99
107
112
109
148
121
6
73
115
132
99
156
87
127
150
7
76
128
118
133
105
141
136
102
6
93
136
73
100
77
158
98
146
5
115
127
143
116
133
102
84
86
4
133
99
119
103
136
144
162
82
3
118
119
92
129
154
111
113
149
7
107
141
127
143
113
88
148
170
0
100
99
109
122
144
110
128
93
3
128
128
164
110
99
121
99
98
3
114
99
122
114
143
105
130
116
9
92
108
184
108
128
133
118
106
8
135
104
150
133
159
129
120
119
3
105
110
125
86
160
118
139
93
8
118
123
156
162
110
111
147
97
5
120
103
122
140
100
72
128
128
6
109
97
132
77
96
127
126
132
2
105
110
105
86
120
112
135
133
9
94
112
138
118
134
130
134
119
4
102
91
156
116
78
117
138
128
8
122
108
107
111
110
103
125
132
0
93
96
106
121
113
106
119
107
7
98
142
126
93
155
127
138
128
9
103
170
130
108
149
100
117
141
8
84
91
84
113
148
98
112
107
1
92
128
113
147
115
122
132
161
6
136
112
120
147
79
107
155
144
5
127
128
94
124
118
134
103
135
5
120
146
128
121
123
98
100
86
6
101
106
88
120
139
122
125
114
3
92
129
127
119
83
138
164
128
7
111
110
114
126
94
121
142
108
10
120
125
105
123
86
122
135
130
1
146
143
149
113
137
111
102
111
2
135
98
153
98
135
99
69
116
2
140
116
106
130
108
108
110
120
4
100
148
96
140
147
121
111
122
0
100
119
65
124
117
116
155
155
4
113
134
106
134
114
117
118
98
5
102
107
134
134
138
100
115
114
6
95
117
126
138
115
128
161
125
5
143
119
86
122
125
108
84
127
7
144
101
114
99
129
132
120
143
5
142
110
134
100
159
98
113
99
3
106
142
135
118
164
103
102
129
8
133
92
140
93
81
132
152
123
3
161
119
87
90
125
126
108
130
8
106
101
142
80
119
160
135
121
0
91
113
118
138
122
144
141
96
9
135
114
99
139
131
159
120
87
6
113
70
105
95
114
119
106
104
3
110
141
120
96
108
114
114
108
1
72
119
113
102
121
121
112
101
2
148
106
136
127
100
130
78
101
1
114
93
102
93
146
119
86
106
8
108
115
115
141
129
100
86
123
6
106
142
94
92
106
120
98
136
4
121
88
101
121
127
110
128
100
8
109
114
126
112
105
143
118
120
1
89
113
122
91
117
137
147
97
3
114
136
134
151
59
123
112
123
6
120
133
99
115
126
132
111
120
0
111
141
112
129
115
127
145
147
8
138
92
80
106
85
159
90
138
9
118
139
71
115
116
110
149
142
7
145
101
88
156
64
123
135
91
5
122
114
110
107
120
135
122
115
0
118
117
92
141
81
114
115
117
1
63
117
113
99
132
106
78
115
1
149
136
102
149
141
122
126
76
10
149
129
99
98
147
115
120
92
6
92
110
127
120
99
74
107
121
5
128
134
100
84
125
141
119
109
9
95
85
78
134
122
144
91
150
2
104
100
128
136
92
140
153
94
9
63
133
121
148
153
107
120
134
5
144
103
111
103
134
108
133
87
2
98
107
111
125
92
109
111
97
6
114
128
116
134
114
151
119
136
5
156
121
108
152
104
125
107
94
0
112
93
100
96
124
104
133
110
0
92
117
92
119
117
136
100
106
6
116
131
103
104
114
131
109
151
3
150
115
155
111
131
107
133
106
4
107
96
121
149
155
108
105
98
4
143
132
86
156
114
94
93
115
0
98
148
112
87
138
123
148
144
4
114
94
131
90
117
114
128
169
3
87
115
120
112
105
108
120
136
10
101
160
121
128
128
128
140
125
4
97
121
112
107
131
136
155
121
7
128
98
118
125
119
168
122
154
8
85
130
106
70
128
71
114
113
4
86
112
99
77
129
129
128
101
4
130
86
128
120
129
151
123
105
5
116
107
97
108
153
106
112
125
8
120
126
132
93
148
136
115
119
9
107
114
115
89
104
137
142
129
9
141
101
131
156
110
117
137
124
9
117
136
127
133
134
102
107
127
5
121
94
150
77
126
67
142
158
2
128
112
122
126
112
98
137
95
6
105
125
135
140
87
85
143
102
9
102
80
129
98
115
121
126
127
0
117
91
108
111
99
102
101
156
1
140
112
106
100
73
92
137
113
4
109
137
98
154
87
151
93
132
10
120
128
135
133
149
126
138
153
1
135
135
75
111
112
113
142
128
3
120
135
106
106
131
122
143
101
3
115
134
129
105
105
150
148
139
1
129
92
134
107
106
119
126
91
3
111
86
113
109
125
150
92
122
7
107
134
116
111
125
115
105
96
8
126
135
134
120
84
145
100
121
9
106
97
149
149
127
128
168
99
4
123
134
106
130
148
101
106
103
0
120
120
126
113
121
92
142
107
3
122
113
135
111
107
126
107
103
8
150
120
107
98
134
120
133
111
7
136
120
131
99
141
89
152
91
8
94
84
122
128
96
114
91
100
3
107
121
127
108
111
128
117
116
1
130
138
149
139
112
97
143
121
7
119
103
122
134
106
127
92
100
10
121
121
143
67
102
134
111
115
5
125
114
151
125
147
113
126
85
7
141
79
115
128
121
121
127
119
9
103
97
90
108
145
85
154
109
1
97
116
121
123
138
140
114
138
5
162
94
118
109
99
130
106
106
6
106
111
147
110
154
89
134
107
5
85
132
124
164
153
92
98
112
1
84
89
69
129
121
157
117
81
3
165
105
85
128
93
121
140
131
7
156
85
144
92
121
119
133
110
3
84
134
118
121
112
117
106
127
8
101
135
135
113
120
141
129
91
4
127
112
126
56
131
112
115
149
10
127
87
117
120
133
117
85
121
8
116
130
113
127
109
122
140
92
4
108
149
71
123
143
107
101
85
9
123
98
146
126
144
128
149
102
6
148
114
102
114
129
138
92
112
1
127
113
152
134
113
135
86
86
4
107
127
87
100
120
162
93
122
4
100
136
113
59
117
106
118
61
10
94
118
103
141
134
162
143
99
5
149
159
156
122
133
106
77
116
9
127
107
110
115
136
100
153
84
8
81
99
118
117
94
93
98
126
4
149
91
150
105
111
120
135
152
0
141
114
122
131
113
84
135
119
5
110
132
166
113
124
86
152
134
5
82
108
126
129
115
100
135
124
7
144
92
116
155
91
102
142
136
3
103
137
106
119
140
142
118
113
0
103
125
121
134
112
114
144
136
6
148
133
121
140
121
130
116
108
8
112
112
124
64
135
104
100
145
1
89
135
103
112
86
136
95
129
2
118
118
104
127
115
148
142
135
8
147
142
118
107
107
107
120
171
6
114
93
147
128
142
146
120
91
7
106
85
128
148
111
122
114
114
0
134
140
143
115
120
102
134
134
4
93
118
124
115
145
100
134
103
7
127
128
117
124
136
114
123
109
3
100
108
91
75
113
114
113
79
6
132
122
126
113
140
111
114
119
5
86
146
166
120
105
123
101
148
7
156
114
128
93
115
118
101
111
10
120
87
105
113
99
113
100
123
7
98
127
140
116
86
144
106
107
0
131
114
124
126
141
72
112
130
8
107
125
97
121
98
136
114
106
7
146
171
144
132
123
128
121
109
9
86
147
79
113
92
107
94
138
2
129
122
125
108
110
89
87
101
1
101
90
102
107
132
98
114
107
5
118
116
136
124
133
100
105
100
5
121
100
140
131
146
113
126
121
2
99
92
128
91
146
160
98
112
6
99
111
117
170
128
128
104
112
3
161
134
111
132
127
156
113
118
6
114
100
122
100
114
110
99
101
7
111
142
106
134
149
111
88
115
3
122
132
106
152
130
129
142
143
4
105
108
126
97
77
122
127
147
6
122
128
64
100
129
101
106
132
2
138
147
76
91
100
87
118
105
5
140
121
133
102
114
114
124
106
8
126
135
86
125
123
115
112
135
7
143
130
139
85
87
114
108
87
2
132
147
105
92
130
142
98
146
3
153
112
118
118
105
80
77
121
1
120
105
86
106
125
138
98
126
5
112
107
113
103
113
107
121
113
4
73
138
142
176
162
96
140
126
9
123
145
124
114
171
135
155
98
5
102
99
99
122
104
94
85
92
7
111
111
122
147
103
154
149
100
0
96
111
129
121
103
119
149
123
4
147
87
106
126
121
111
124
126
6
107
129
129
112
126
129
99
92
4
85
115
113
152
123
134
95
108
3
107
110
112
133
148
121
127
113
8
107
127
141
98
134
98
105
133
1
107
119
128
140
142
116
112
107
2
132
111
94
109
121
85
98
121
0
134
128
110
98
119
128
102
116
1
142
131
129
95
133
115
130
127
7
107
131
122
77
126
124
142
113
2
131
107
135
141
85
161
112
94
1
112
119
113
112
156
80
106
142
9
129
137
119
112
103
94
115
75
6
110
93
103
121
106
141
127
127
1
116
79
107
107
114
133
100
131
5
136
102
135
128
127
127
78
164
3
128
126
121
131
71
104
89
117
6
125
80
159
120
85
141
93
130
9
104
123
90
120
98
134
126
103
8
111
86
135
102
120
114
129
99
6
110
141
101
116
134
107
126
122
4
141
112
93
71
125
114
129
114
7
120
142
111
144
140
118
148
66
4
108
78
120
120
122
76
112
92
3
107
123
146
113
140
127
161
120
4
165
91
128
87
113
111
121
100
0
113
119
111
105
134
101
133
111
5
150
126
141
112
123
136
165
126
3
105
87
134
136
113
87
122
125
3
100
115
108
83
119
127
119
142
9
106
104
76
103
122
136
125
121
2
150
70
129
128
137
109
133
119
1
120
91
114
113
114
155
134
159
3
111
131
93
120
130
149
86
106
4
129
127
140
119
126
106
155
118
8
133
121
110
129
93
117
107
89
0
133
131
108
120
140
99
121
115
0
109
122
121
135
91
81
117
101
3
159
115
120
130
136
136
127
86
7
116
151
99
106
103
130
138
138
2
114
105
120
147
100
89
90
117
1
113
118
107
105
100
80
133
111
3
100
129
86
121
112
98
122
121
6
87
113
126
77
127
136
146
116
6
136
110
109
156
102
127
135
97
2
93
110
104
121
120
128
101
134
4
121
96
141
133
124
141
162
108
0
128
99
93
99
94
90
86
135
7
137
127
150
109
115
173
124
114
1
140
119
92
112
102
101
135
143
3
121
135
133
143
93
120
122
110
6
91
77
112
155
148
128
129
99
7
114
121
92
117
104
90
122
139
10
136
112
117
91
99
88
127
139
7
94
136
147
95
100
87
100
110
0
148
100
107
92
92
129
132
113
6
104
127
160
135
115
120
115
149
2
98
99
146
116
121
127
127
114
4
98
133
72
126
80
119
129
128
3
135
136
85
105
122
106
133
128
7
98
141
113
121
110
96
99
107
6
105
106
71
122
120
96
122
157
0
102
98
107
108
111
129
107
163
8
120
119
126
119
163
113
63
107
8
120
177
99
155
114
128
122
121
9
121
99
114
133
141
115
106
108
3
129
100
127
108
113
116
112
141
0
117
135
156
126
101
142
118
107
1
117
146
115
112
117
122
108
135
7
108
121
103
147
149
135
133
110
0
159
105
115
130
125
125
127
120
6
138
108
103
125
140
111
124
137
2
122
105
100
148
123
140
139
124
1
87
119
114
108
89
109
108
119
0
126
126
109
96
143
124
151
142
2
95
87
86
103
128
141
128
145
0
131
109
99
140
138
94
102
105
1
127
91
138
112
157
156
99
147
7
102
121
135
155
114
113
108
124
8
88
134
106
74
130
98
66
95
9
94
88
138
85
122
97
134
154
4
134
87
131
112
101
110
92
135
2
106
118
110
128
98
105
124
138
2
142
128
142
127
79
93
107
127
7
141
113
143
118
139
125
108
115
1
98
118
122
125
100
137
95
150
2
80
107
124
155
103
96
133
115
1
135
98
112
85
135
128
107
136
6
108
120
128
142
77
117
97
127
5
109
93
125
114
134
120
112
120
5
107
106
107
152
101
93
90
113
1
150
97
108
95
100
112
135
135
3
107
113
114
145
122
101
142
126
4
105
136
110
93
114
107
124
80
7
110
104
122
148
100
136
141
77
1
113
169
119
120
120
109
136
142
6
117
133
80
99
128
116
120
131
9
139
110
113
127
104
102
108
112
9
136
135
84
142
148
146
114
92
9
131
122
110
120
99
98
127
97
10
114
128
128
133
135
115
149
130
6
116
112
92
88
125
183
101
96
1
112
80
130
66
120
87
107
99
10
105
108
113
141
121
137
122
102
4
129
126
89
98
103
104
134
99
1
128
84
96
135
121
119
106
149
4
111
118
83
99
136
128
139
116
7
134
127
127
128
102
119
146
114
9
100
88
81
85
135
105
134
104
7
128
138
116
106
125
78
107
128
7
107
114
114
121
113
143
112
134
4
128
124
134
132
101
142
120
99
9
155
115
87
161
114
96
129
92
10
144
96
113
114
125
128
101
112
8
132
126
135
98
103
98
155
98
3
133
135
156
128
114
107
92
102
4
91
114
115
116
87
102
84
78
4
116
100
84
122
133
107
129
120
5
136
64
114
76
97
122
114
102
3
128
125
115
104
141
93
118
95
1
92
128
124
92
119
123
131
88
8
120
122
140
100
116
146
99
136
4
119
129
99
120
125
142
115
114
1
133
104
131
125
116
127
119
160
3
107
115
136
128
103
156
114
129
4
120
136
144
99
121
122
126
111
8
98
101
141
148
127
122
135
134
2
98
123
120
107
138
129
105
149
0
127
124
83
123
108
126
142
106
5
125
85
120
153
71
146
95
121
10
158
135
121
115
103
169
137
127
9
145
134
155
85
109
111
117
108
3
129
126
112
136
148
112
108
106
6
123
105
101
114
118
155
113
127
5
105
130
131
150
95
98
124
101
8
119
91
125
138
170
120
107
127
7
143
146
126
163
135
106
108
110
3
148
114
110
134
99
106
124
113
2
110
125
129
169
147
79
126
117
7
119
78
116
102
117
127
114
124
10
150
95
138
110
121
107
114
135
9
106
114
128
135
132
131
107
113
2
100
123
108
126
104
116
84
118
2
101
148
95
100
113
128
122
126
2
115
133
110
136
125
130
94
107
6
137
111
116
62
149
110
138
124
4
93
115
114
134
100
99
107
137
8
93
115
150
103
136
133
131
120
5
78
133
130
120
104
107
85
133
4
141
128
125
96
126
114
112
114
8
98
127
103
121
142
128
138
111
5
99
92
73
129
116
137
121
102
8
114
138
94
64
133
112
97
101
1
103
133
92
98
135
114
115
127
5
107
97
109
129
117
127
96
93
2
105
106
79
125
115
112
112
86
2
108
134
98
94
128
115
112
126

