14
1
9
2
1
6
4
5
1
8
4
7
5
5
7
7
8
1
11
7
6
9
7
4
9
9
8
135
140
114
110
140
118
99
105
10
120
118
95
136
122
124
91
104
8
104
101
100
121
112
131
105
121
5
119
144
118
130
115
130
110
113
6
113
127
149
104
110
108
125
128
3
81
100
71
107
121
102
126
100
6
141
105
117
141
87
107
137
77
1
125
121
91
102
136
104
136
110
6
122
99
120
121
109
117
98
134
9
102
134
136
138
129
140
109
112
6
136
119
78
122
98
103
147
107
6
153
108
140
118
110
108
122
121
5
127
115
156
114
106
115
170
141
1
49
142
147
95
148
124
113
120
1
114
153
71
120
113
105
136
85
9
128
114
124
164
91
134
96
141
1
130
98
150
126
94
145
116
102
6
99
143
116
97
122
102
110
147
5
116
113
121
105
132
98
138
130
3
119
135
106
107
101
125
113
104
8
99
106
121
108
115
139
99
138
4
111
107
106
93
135
178
148
133
3
84
113
113
114
81
136
105
141
2
105
161
138
123
72
87
157
120
4
95
85
107
122
112
124
141
96
6
93
133
124
82
127
145
141
134
6
114
84
146
146
78
136
128
106
9
136
124
87
105
145
87
141
91
10
60
126
117
100
146
75
108
138
0
121
107
128
127
113
123
128
122
7
125
126
101
97
132
127
107
104
1
104
80
113
92
113
101
115
97
9
110
114
107
111
107
96
76
135
8
120
129
86
100
114
121
118
118
0
112
117
87
113
110
111
134
83
3
100
105
120
91
140
113
80
126
9
100
92
127
122
129
71
92
114
10
150
129
143
141
91
91
108
110
6
94
94
111
101
91
109
133
121
9
106
116
71
92
115
116
155
127
10
136
155
92
132
99
124
131
115
2
100
120
72
131
155
100
134
85
9
134
145
133
120
164
110
130
115
2
121
117
110
147
118
108
114
101
7
134
128
84
72
112
100
100
109
1
148
149
142
98
135
126
119
72
7
101
144
114
117
109
112
134
129
3
113
130
126
148
116
129
149
114
5
104
119
78
110
109
105
75
77
5
111
72
73
117
157
128
124
113
2
127
113
106
122
100
118
163
104
1
113
155
69
145
106
122
101
115
8
106
126
103
116
126
158
126
101
9
85
113
133
140
124
127
132
114
9
80
102
125
93
121
139
155
101
4
121
120
127
105
114
107
133
128
2
124
86
120
125
97
115
121
121
10
80
87
90
134
127
110
116
129
3
113
110
112
125
135
115
114
88
7
119
125
148
114
124
111
119
156
9
152
105
151
89
124
130
160
122
8
148
140
119
138
137
129
122
108
4
92
103
94
83
107
118
92
100
8
99
87
153
121
120
111
155
103
5
112
122
125
82
127
122
102
108
7
102
107
109
142
109
116
136
110
9
86
93
108
99
119
126
135
120
1
128
127
113
147
122
85
95
116
9
86
135
126
69
112
92
162
109
7
136
113
119
113
121
101
130
156
5
101
149
85
120
107
129
111
93
8
92
121
120
91
109
86
99
135
7
103
155
107
114
124
129
154
105
7
100
113
119
113
120
86
135
107
0
107
90
107
122
122
121
103
99
0
91
143
113
102
84
100
117
90
10
106
102
125
141
114
123
133
82
10
137
99
97
82
122
98
107
132
5
108
128
108
154
98
121
100
104
1
107
94
114
116
105
101
105
118
1
112
109
107
72
121
100
139
136
9
127
113
140
126
135
126
97
130
1
109
149
86
122
98
107
109
114
8
112
128
112
94
119
109
100
88
0
126
114
140
109
129
128
102
117
1
111
132
98
126
105
141
87
144
6
124
100
92
74
134
128
102
145
4
127
113
160
140
107
112
99
123
6
115
109
97
83
121
106
134
95
8
108
112
121
131
183
83
103
123
2
132
135
123
141
121
118
140
112
5
105
71
157
151
132
108
146
116
4
127
127
120
100
117
139
93
132
1
138
85
150
113
92
131
150
129
8
78
102
133
114
125
112
148
130
8
128
144
133
83
96
86
121
110
5
134
109
150
118
107
118
100
100
5
138
100
135
119
127
130
122
94
4
99
138
134
113
101
86
128
154
3
129
78
113
116
134
143
104
100
10
76
103
113
122
108
114
135
82
2
98
146
118
136
94
129
122
110
2
106
99
128
111
119
120
111
106
9
141
136
163
108
111
91
100
73
10
147
111
127
133
107
144
114
118
0
140
117
152
130
83
98
94
92
7
98
133
127
113
102
105
123
121
3
87
100
106
141
109
128
148
118
9
99
138
100
111
146
141
142
128
5
122
121
100
127
120
117
121
107
0
130
121
113
107
128
86
147
124
9
129
116
98
126
123
135
140
128
2
141
135
94
108
128
114
114
99
1
122
148
106
120
124
92
155
126
8
102
109
71
113
117
135
143
114
2
121
141
122
143
92
91
143
100
10
108
141
92
128
94
98
84
134
5
143
93
118
132
99
91
130
123
5
105
108
88
120
159
94
159
80
4
120
170
100
154
108
140
87
152
7
99
117
110
94
126
98
71
112
2
100
80
112
141
90
155
146
90
3
141
135
93
78
139
131
155
83
0
143
121
118
86
135
100
98
122
5
127
92
120
115
96
140
98
133
6
140
123
93
99
113
74
93
125
5
107
112
119
128
128
127
132
106
1
107
84
106
133
123
123
123
118
2
118
66
107
87
105
134
140
139
3
142
127
89
78
114
99
116
120
1
134
100
74
126
93
98
126
102
10
95
133
104
121
112
116
112
106
2
132
117
80
93
142
109
139
135
5
105
137
121
120
122
81
127
113
7
110
127
133
98
116
128
99
131
1
112
72
155
110
141
91
137
92
9
93
113
126
127
148
115
149
100
2
136
134
98
148
99
126
147
107
7
107
121
100
108
127
143
122
128
5
121
138
142
136
122
122
76
117
9
142
127
113
114
122
113
146
91
1
135
117
127
127
139
64
92
101
8
92
134
84
79
107
114
120
137
4
101
117
100
120
79
103
144
143
2
105
112
121
92
109
122
96
128
3
99
107
133
110
81
127
137
108
2
133
135
138
134
98
133
134
127
5
122
117
85
126
91
99
122
127
3
97
121
101
135
62
127
108
84
1
101
122
147
150
121
127
91
127
9
106
175
161
138
147
95
119
139
0
117
144
162
127
120
129
106
162
1
115
121
119
73
79
119
136
90
5
145
108
108
131
121
121
127
92
1
106
115
71
135
115
72
141
123
3
97
97
115
119
121
120
107
141
7
105
129
117
100
97
128
158
107
8
133
92
133
136
87
134
96
95
10
120
138
128
120
98
176
139
85
5
121
79
121
120
122
99
117
129
10
78
79
93
89
141
135
88
143
6
85
101
127
91
135
106
156
127
7
140
121
156
107
148
108
85
112
6
134
101
148
107
127
158
112
114
6
88
85
113
137
116
148
122
114
4
141
111
135
126
113
129
106
133
10
119
101
157
94
93
119
141
117
8
122
159
123
103
99
112
125
121
3
123
113
157
99
112
106
107
148
4
145
123
92
111
106
132
99
78
6
155
111
127
127
100
123
105
115
2
107
112
124
115
158
118
101
118
4
98
114
112
97
121
108
107
143
9
149
105
139
114
107
131
74
148
4
111
115
104
130
150
104
131
138
10
91
111
115
106
119
141
113
73
4
104
121
106
129
117
140
142
108
9
129
114
115
116
113
121
101
133
5
93
143
66
166
106
128
108
150
0
107
93
132
127
156
128
108
118
6
139
103
109
122
99
163
128
122
9
95
130
99
117
106
102
86
104
5
118
122
126
115
121
133
134
113
5
74
115
135
122
109
116
123
107
3
135
129
117
113
108
113
86
127
6
90
101
113
117
141
116
126
93
9
127
80
99
130
150
135
127
134
8
141
138
101
114
87
114
105
128
8
123
157
144
92
65
113
143
107
4
118
126
101
118
139
87
100
119
3
123
114
99
97
124
101
112
139
1
135
125
138
99
101
100
135
106
4
118
122
89
86
125
105
106
126
4
117
118
133
84
114
124
103
120
4
133
113
101
89
121
99
130
128
4
132
141
78
101
117
123
132
141
9
84
127
101
81
110
102
118
115
5
121
126
117
99
126
86
170
157
6
128
137
107
136
135
131
73
135
9
127
112
141
87
113
107
121
111
4
105
128
172
144
105
111
131
133
8
119
108
110
61
124
123
151
141
6
141
132
104
84
138
128
132
159
1
120
114
121
62
133
113
86
108
2
111
105
141
92
105
85
105
121
1
102
100
164
138
114
134
93
104
10
138
110
152
134
157
129
108
120
4
117
121
136
112
150
99
111
110
3
132
119
116
92
101
133
128
111
4
107
97
87
138
135
156
106
121
9
95
110
64
136
128
107
89
111
5
92
125
113
105
117
113
121
78
2
126
115
121
130
102
134
103
107
3
162
139
119
98
100
92
105
114
4
109
86
134
131
129
91
130
117
4
111
122
109
142
147
147
112
101
0
108
109
86
150
141
120
127
107
7
152
116
72
108
105
147
138
81
6
113
134
105
121
92
120
105
117
6
102
114
137
127
122
100
93
123
1
79
100
102
97
138
129
163
113
9
108
144
115
121
113
134
145
128
4
114
136
119
152
103
128
114
140
1
139
133
130
114
120
141
92
117
8
133
114
147
108
137
141
120
136
4
143
115
127
107
76
114
100
96
3
108
130
119
149
126
76
105
80
0
130
146
114
128
123
107
93
135
6
98
107
140
122
89
129
124
121
8
120
105
108
155
148
105
142
114
6
103
117
121
112
111
94
121
103
9
90
151
110
123
98
146
133
133
4
120
107
91
96
133
101
145
135
7
124
113
115
99
162
93
116
109
6
145
118
106
107
112
135
121
122
7
140
114
140
80
99
138
86
116
8
161
113
152
102
136
89
84
162
6
174
122
118
118
167
83
149
123
9
94
78
121
134
163
115
127
98
4
134
106
78
88
105
108
96
127
4
111
128
110
132
136
121
107
117
4
128
94
114
128
124
93
151
116
4
131
164
86
120
138
107
131
115
10
87
129
140
92
127
114
156
124
6
111
130
90
114
100
133
113
121
0
114
132
105
110
149
119
133
114
2
128
114
144
101
137
108
140
114
8
106
118
128
126
86
138
105
120
1
98
103
130
137
92
157
82
103
4
127
113
79
125
134
143
114
106
3
139
140
146
118
117
114
118
134
1
82
85
126
97
128
123
126
109
7
120
124
106
138
77
108
124
152
1
119
70
104
96
83
107
142
133
9
88
142
101
121
135
96
111
161
8
168
121
123
108
103
155
120
87
9
115
141
123
98
131
156
126
110
2
136
141
121
90
143
129
121
98
8
129
137
142
99
112
124
111
115
3
127
78
112
108
94
128
105
107
4
108
131
135
145
124
132
100
106
6
145
142
111
108
125
100
147
149
8
90
74
150
99
124
108
112
118
6
110
113
91
104
81
82
145
158
9
82
156
103
92
119
126
114
126
7
121
144
98
105
87
142
100
107
3
93
120
116
141
127
156
149
100
3
141
107
100
88
127
145
107
77
4
89
104
128
134
132
115
115
122
2
117
149
123
122
90
148
132
92
7
81
97
83
141
116
114
99
93
2
127
103
113
79
140
94
115
106
3
115
98
121
126
141
119
120
141
2
114
117
121
92
120
129
113
124
2
99
106
93
79
87
134
122
128
7
114
130
114
100
126
121
91
116
1
78
93
127
150
111
133
106
135
4
98
92
129
127
117
136
128
98
3
123
134
117
129
119
108
123
129
9
119
106
84
92
131
123
121
133
2
101
102
151
140
70
92
121
135
2
99
114
79
113
96
133
93
126
8
107
119
125
100
173
103
135
117
2
124
125
109
136
146
74
62
123
6
146
105
94
109
104
100
106
112
0
136
118
100
113
106
151
105
86
4
134
113
127
106
98
124
142
85
4
134
133
125
115
109
97
108
98
3
92
96
116
118
111
114
108
117
7
88
97
126
103
118
149
114
176
1
107
82
114
113
149
121
95
86
8
118
113
113
152
99
127
119
150
1
146
99
120
107
113
119
135
154
6
121
140
110
135
157
135
128
102
9
81
141
73
114
110
119
119
121
7
110
114
106
148
127
86
149
127
2
119
86
86
115
132
101
133
152
3
119
122
134
69
111
111
122
113
4
99
166
103
146
105
108
103
105
5
119
135
112
78
124
104
108
145
8
133
95
163
103
114
107
100
122
7
144
138
112
134
133
135
119
72
0
106
72
118
120
104
130
96
91
7
107
108
92
124
121
133
109
113
2
110
126
127
124
108
112
143
129
8
118
137
114
121
121
91
91
121
1
156
134
108
112
113
122
119
91
10
145
137
95
101
128
118
162
83
2
116
128
114
121
124
106
98
105
2
120
104
127
117
113
98
132
120
7
84
123
152
149
106
86
141
108
2
105
97
120
96
101
102
112
113
9
121
122
107
94
155
101
152
120
3
95
144
160
107
110
72
118
118
3
119
126
107
101
142
120
87
143
7
110
104
98
101
105
122
90
114
1
105
127
154
123
88
141
133
134
2
103
114
122
114
107
95
130
136
2
93
119
119
83
121
132
164
131
5
79
90
112
96
109
130
121
122
4
124
143
100
126
93
113
91
143
2
135
61
133
100
106
108
138
111
1
110
85
143
128
107
105
92
115
3
119
104
113
97
136
109
86
113
6
79
79
127
134
89
106
111
121
2
113
102
121
138
107
99
132
100
0
110
79
90
134
130
125
151
136
2
89
121
100
104
139
125
133
114
4
128
118
127
141
101
117
132
146
7
130
114
129
129
124
108
130
74
6
137
134
127
106
127
131
76
129
0
118
137
112
130
126
119
73
135
1
88
149
100
132
114
136
148
120
1
131
126
115
152
86
118
84
141
5
107
98
88
121
106
125
99
136
9
87
92
108
71
114
84
138
123
9
125
129
120
128
110
141
111
138
1
104
96
143
113
115
125
101
93
3
124
99
114
127
127
142
157
139
3
112
141
120
78
113
104
100
129
2
97
127
126
86
119
117
121
96
8
119
120
111
146
127
98
142
120
3
178
113
100
128
126
97
97
101
10
123
107
92
141
100
112
135
127
3
145
106
154
81
147
105
140
118
5
146
116
127
115
142
102
112
134
4
96
127
127
86
120
110
104
127
8
99
114
137
126
123
95
141
116
4
137
125
126
118
157
121
103
134
2
91
140
123
147
121
100
115
127
5
78
142
137
126
106
75
136
113
8
149
126
113
94
126
138
127
118
7
148
135
119
109
127
95
160
103
7
119
99
147
168
132
113
141
136
7
113
106
103
107
113
116
98
77
4
112
153
140
134
110
115
126
122
5
157
159
121
116
129
77
113
143
8
141
87
135
100
127
104
99
75
1
127
115
125
119
100
85
115
132
10
103
136
120
135
100
121
105
128
3
105
122
115
145
131
107
158
107
9
128
145
130
118
146
110
135
132
8
133
105
116
105
155
109
137
123
5
135
136
107
99
140
85
140
90
3
131
116
112
116
107
125
109
140
5
121
83
136
120
117
127
144
78
3
143
84
119
135
144
108
96
162
3
121
118
149
122
107
99
73
94
10
127
135
101
118
87
97
136
142
10
116
156
132
102
117
104
119
141
3
83
130
147
80
93
116
119
134
10
106
126
124
119
121
133
113
106
3
122
125
114
111
81
115
111
135
7
87
81
106
85
72
109
101
116
7
91
127
126
125
142
105
67
101
7
169
101
126
119
156
142
116
132
1
128
142
107
141
120
96
96
127
1
121
111
101
98
129
121
135
106
3
92
95
132
114
142
129
123
112
10
93
111
128
145
120
124
136
128
8
91
115
147
118
107
127
156
114
4
141
98
128
143
116
112
133
95
2
125
104
107
135
154
126
79
118
7
65
101
124
124
128
79
137
131
0
128
100
109
150
111
147
120
113
6
148
92
140
88
143
75
134
71
7
119
107
121
172
61
142
136
130
1
103
140
91
129
71
106
114
114
8
104
97
91
107
152
114
133
119
3
124
99
121
178
56
143
139
129

