8
2
6
1
9
7
2
10
10
17
7
8
2
8
8
8
8
1
13
9
8
6
8
4
7
4
2
136
120
133
98
122
85
147
87
5
132
142
132
113
134
106
129
107
0
114
93
103
87
126
129
127
111
0
143
92
134
122
125
100
121
130
1
138
144
111
127
125
115
117
128
2
157
175
108
126
116
77
91
101
7
158
123
77
131
157
129
139
134
4
114
107
99
135
122
106
120
127
3
134
151
102
94
110
126
98
121
5
93
119
132
156
120
112
102
115
3
120
92
114
118
76
113
95
121
2
110
114
103
142
83
109
87
100
1
131
148
145
98
138
134
133
118
3
121
127
105
107
112
141
128
115
5
132
97
139
122
145
103
92
120
10
99
97
129
101
107
100
148
93
5
130
106
109
122
116
131
119
148
8
114
108
129
120
85
94
103
121
7
112
114
121
83
148
112
76
118
4
130
128
70
133
132
95
113
95
4
104
147
148
128
102
136
113
126
5
94
129
101
93
120
170
118
147
7
121
121
136
100
113
132
119
114
7
112
150
107
118
115
126
128
108
0
141
106
95
131
120
109
148
103
8
137
101
143
120
121
96
73
113
10
128
94
92
106
147
143
115
101
3
100
100
118
100
122
116
107
86
3
129
108
137
112
103
87
138
140
4
142
134
94
93
129
75
138
112
4
101
128
118
114
115
106
136
122
9
120
92
129
96
107
172
88
112
8
86
88
156
80
79
122
129
135
5
112
133
123
114
138
119
124
74
2
101
130
140
120
146
118
85
123
4
107
125
95
137
127
127
119
140
7
128
93
126
79
103
127
112
85
4
80
149
128
125
99
141
122
101
4
123
114
121
140
147
93
126
123
7
119
97
137
86
101
85
71
134
0
124
108
94
106
145
93
166
86
6
114
128
114
111
98
86
135
129
3
122
126
100
135
138
125
102
108
6
145
120
120
105
74
128
122
121
5
105
115
157
131
147
107
126
121
8
147
93
129
124
140
76
133
118
6
111
136
109
132
145
100
133
94
5
108
77
123
141
130
128
133
104
2
85
99
157
95
120
110
94
106
7
121
107
100
105
167
109
142
157
2
146
137
133
81
91
108
122
137
1
114
127
93
119
120
120
115
92
6
120
95
89
126
134
86
100
101
4
134
120
101
145
109
141
127
111
5
99
136
138
110
142
126
151
162
8
105
100
107
86
106
134
78
106
8
116
140
87
133
148
107
65
60
3
140
115
105
142
97
121
111
160
6
136
114
134
124
135
99
144
147
9
123
133
117
154
126
95
99
112
3
145
128
103
112
107
125
79
99
1
106
115
140
112
116
106
87
134
9
130
122
119
113
83
129
113
120
1
108
135
142
93
103
113
113
114
8
95
126
65
165
122
99
110
127
6
154
121
127
95
114
112
127
114
6
120
115
134
104
162
111
92
100
10
92
124
120
95
105
128
88
111
9
124
117
121
78
122
121
113
99
1
115
100
107
80
130
129
140
106
3
127
101
128
108
101
141
116
124
4
143
106
97
108
121
91
136
127
1
126
107
85
105
128
96
91
112
0
125
119
115
125
127
136
129
124
5
126
119
110
114
149
112
127
143
1
104
107
92
106
118
128
128
80
6
114
127
115
140
154
125
122
121
2
101
155
72
102
108
105
146
89
2
115
101
126
80
125
81
117
100
7
98
133
87
112
148
138
112
160
5
113
140
139
135
111
92
125
114
9
128
122
132
123
115
94
128
105
7
161
127
121
111
106
97
106
118
5
119
124
120
127
91
118
135
120
2
156
100
138
150
124
93
120
121
3
118
85
125
100
101
129
100
140
2
96
121
92
101
83
133
94
95
1
112
131
128
129
103
142
132
96
9
91
118
114
101
136
151
133
141
2
113
134
112
121
133
86
84
147
5
97
82
152
136
120
111
74
130
9
104
127
112
107
92
122
128
134
1
169
94
100
112
85
105
125
111
6
120
124
112
121
81
125
95
99
4
123
139
92
124
101
125
94
128
1
110
142
159
124
114
75
147
134
9
122
108
110
110
115
114
106
121
2
68
127
122
142
94
126
99
161
8
120
120
107
64
120
149
113
127
6
137
146
128
124
173
109
109
112
2
124
107
134
123
113
95
135
90
6
108
128
126
70
103
94
129
128
6
126
133
134
106
119
75
136
121
10
99
111
139
133
124
35
122
135
9
115
120
121
132
120
128
114
114
3
78
121
109
135
106
121
108
108
6
121
168
108
129
70
114
126
131
1
115
107
122
135
116
91
135
120
10
119
99
125
126
88
131
81
150
1
79
151
127
112
133
115
92
57
4
108
145
95
120
118
117
154
134
0
106
150
97
168
99
128
130
108
7
93
113
105
120
121
137
140
129
8
108
113
121
99
100
99
106
113
6
103
108
103
135
100
132
136
130
1
127
106
105
116
124
143
99
80
6
128
125
127
103
138
122
98
149
9
99
117
111
104
123
123
119
138
3
128
122
106
97
91
133
128
115
6
100
130
87
114
84
96
93
137
5
107
134
85
98
130
131
113
116
3
128
137
133
116
115
114
110
115
10
73
117
137
99
110
127
103
108
5
137
113
131
95
108
112
139
135
2
129
139
99
112
130
132
120
107
9
134
153
127
137
127
134
91
144
3
147
106
118
112
141
131
122
85
7
162
121
131
132
139
94
106
64
6
103
150
122
127
142
140
129
106
5
122
117
104
114
128
140
98
80
3
64
106
129
97
115
117
120
139
10
126
111
128
105
111
106
107
101
1
92
85
118
108
111
112
110
114
2
114
110
126
124
118
96
126
100
7
134
81
106
148
138
101
115
119
10
126
95
135
138
106
100
120
115
1
112
121
96
99
99
110
119
105
10
133
107
116
136
99
107
116
124
1
112
132
108
101
119
117
118
93
2
102
127
84
103
119
142
135
109
3
114
156
93
87
130
99
110
123
1
102
134
121
95
122
118
110
118
6
133
106
147
118
125
117
113
92
4
131
95
157
114
106
95
153
148
2
156
87
111
112
129
112
146
107
6
120
142
81
106
122
124
92
129
3
125
105
143
127
95
117
126
82
8
107
91
148
136
112
113
126
108
7
122
116
99
113
135
112
150
113
10
114
114
103
115
91
112
98
122
10
78
112
114
94
130
112
135
100
6
121
115
121
136
113
105
140
124
6
106
114
137
100
141
107
97
86
6
140
121
128
147
78
111
126
126
9
115
114
147
114
127
150
125
94
4
130
127
81
119
128
135
133
131
9
111
114
149
135
135
147
112
122
3
148
142
140
147
103
110
100
142
1
91
127
83
88
107
113
112
89
3
121
78
130
139
128
141
118
98
6
93
92
129
129
143
91
131
164
7
97
101
79
98
141
141
93
97
7
103
91
92
134
112
106
125
101
4
91
157
87
156
103
132
88
90
3
170
93
103
102
116
117
98
119
6
159
129
146
161
124
86
121
105
5
87
123
99
134
123
162
78
121
9
64
71
122
107
127
57
114
132
4
78
116
91
89
130
114
133
113
3
99
122
115
142
114
108
114
109
5
151
85
157
104
155
126
127
142
1
100
140
66
130
113
144
89
86
1
100
112
79
107
113
121
110
127
5
131
125
113
80
101
145
135
111
0
92
134
128
152
128
119
126
127
1
119
129
140
118
128
120
113
115
9
88
99
110
129
113
120
88
93
6
129
138
82
111
131
102
106
122
8
119
107
131
91
127
112
127
100
3
126
121
106
121
99
146
92
123
3
85
143
113
166
113
117
122
146
2
148
111
104
135
136
80
111
94
9
130
120
115
85
114
131
157
99
9
161
96
80
118
151
101
152
112
8
127
132
133
94
134
91
108
110
8
125
144
122
117
71
138
143
129
5
93
124
119
129
170
126
118
109
2
116
74
119
114
129
167
120
116
10
113
109
135
136
58
107
115
82
5
115
91
120
114
132
127
122
117
8
101
123
141
112
138
123
112
108
6
102
131
109
104
163
106
117
132
2
135
93
113
135
119
99
106
131
9
102
86
127
121
105
97
112
146
6
164
105
110
106
123
131
109
114
6
133
119
113
100
107
106
133
90
1
126
140
91
81
84
92
105
105
5
101
70
114
127
120
126
159
109
7
128
87
132
121
118
107
73
114
6
99
135
93
124
133
81
135
141
9
94
124
127
67
121
99
83
134
3
142
119
128
108
118
124
113
81
5
129
120
135
79
113
121
118
120
3
78
140
129
140
133
138
92
119
8
135
103
121
126
155
143
150
90
8
134
135
123
114
122
134
132
145
0
127
134
122
100
130
108
120
117
2
136
134
131
122
126
128
147
127
3
120
119
87
112
125
105
106
86
6
127
95
107
92
87
106
139
133
8
107
157
117
134
109
126
137
80
4
136
120
90
118
71
128
148
108
2
95
83
127
125
126
113
142
139
3
105
124
72
135
130
120
79
85
7
103
99
79
86
72
132
131
94
1
119
126
125
128
124
138
128
147
6
104
124
139
126
111
106
120
170
7
135
149
129
94
139
120
143
117
0
90
106
98
134
142
94
109
118
4
139
141
127
79
119
120
107
80
3
141
122
82
134
80
87
121
86
2
128
100
128
148
111
83
130
105
8
129
112
129
135
119
144
128
131
5
129
114
142
98
120
119
98
112
1
120
124
127
99
106
98
127
99
8
141
127
119
118
101
135
81
126
1
132
129
99
98
106
79
136
110
7
130
110
99
121
95
119
98
92
6
99
98
114
114
115
133
80
86
2
111
110
112
101
120
106
80
124
3
107
93
113
135
106
108
98
124
9
92
95
114
97
113
93
128
120
4
79
99
80
134
84
121
108
142
9
139
103
107
107
127
118
107
64
2
113
161
90
119
105
122
124
156
7
120
113
78
116
100
113
117
121
0
132
137
108
121
106
169
93
110
2
141
128
114
133
142
117
98
128
1
77
99
92
105
120
141
124
122
9
142
105
86
98
130
117
78
124
3
148
86
140
142
100
105
122
64
8
119
141
78
115
140
143
79
97
5
136
134
112
110
113
82
135
125
8
101
122
128
114
113
97
149
98
0
122
92
85
135
134
125
127
113
7
120
101
83
138
96
106
123
107
6
129
135
153
147
114
100
136
132
1
101
131
98
115
114
126
135
123
6
107
109
101
121
126
120
119
70
4
91
99
127
86
123
132
138
112
4
94
136
101
110
121
105
141
134
7
124
119
116
133
103
108
67
128
6
120
94
114
78
116
160
121
134
4
105
112
113
119
121
116
112
136
5
126
128
91
64
120
125
111
149
6
110
149
125
140
111
112
125
112
5
106
161
101
128
120
114
104
126
4
120
161
92
156
128
120
83
105
2
130
115
178
132
106
138
128
121
5
97
155
126
121
136
94
112
120
9
81
71
98
94
84
125
139
94
8
100
148
148
107
147
95
114
120
3
145
100
113
111
88
115
88
127
3
98
139
80
133
147
106
108
121
9
115
108
131
106
127
157
122
125
0
116
125
87
133
124
115
108
105
2
131
145
100
114
126
132
114
167
2
141
88
146
86
142
109
93
118
9
133
105
129
119
119
110
92
113
5
97
141
111
94
105
128
120
149
4
119
146
117
107
71
126
92
130
8
126
78
128
150
121
146
87
114
3
94
94
121
124
116
114
65
149
9
112
120
136
99
108
115
121
129
3
123
95
122
84
117
162
112
112
5
173
83
106
129
146
119
134
93
3
118
127
120
99
104
110
110
119
3
145
98
112
135
106
103
106
133
10
106
118
77
107
80
114
131
126
1
99
142
96
153
137
104
127
132
7
109
150
135
111
133
143
112
91
7
109
127
134
93
137
122
105
116
8
87
66
147
127
105
103
137
82
5
135
105
107
124
128
133
134
96
1
113
116
117
144
151
125
107
121
7
113
138
153
136
122
135
91
139
1
109
148
97
136
128
105
141
127
4
129
95
128
86
113
105
137
106
5
95
114
127
127
120
99
102
157
2
134
103
115
130
105
134
133
91
8
148
93
108
94
113
124
128
128
2
105
127
120
141
126
135
93
136
4
124
93
100
130
124
116
116
144
2
106
108
129
101
121
99
80
100
8
107
146
129
125
114
114
154
109
7
120
128
94
87
137
133
128
164
4
126
122
114
113
131
92
119
103
2
145
126
94
131
127
112
95
121
1
133
112
121
107
155
111
103
107
8
89
141
106
114
106
127
111
109
8
123
96
95
101
92
123
104
129
9
128
121
112
137
129
134
141
101
9
107
113
131
128
89
108
120
126
1
100
79
107
152
125
119
98
118
10
147
119
110
99
108
134
111
141
9
149
114
131
120
72
113
124
134
10
104
107
113
108
98
107
128
114
5
106
85
127
99
130
122
156
140
9
93
98
118
122
116
126
49
67
6
92
143
96
95
120
117
116
97
0
147
112
111
127
154
134
137
95
4
155
91
154
81
109
117
121
74
9
134
85
86
152
110
127
121
145
9
135
107
95
138
103
92
111
88
8
109
149
100
106
119
108
121
105
1
85
116
118
100
136
89
77
105
10
126
100
107
123
83
102
103
135
7
132
124
100
113
114
74
98
110
2
88
126
157
131
140
140
52
136
7
122
123
128
107
127
112
129
112
2
100
102
143
114
95
107
121
110
4
119
108
148
116
144
132
124
120
5
137
60
116
128
84
113
124
141
4
122
113
132
110
103
91
100
86
7
129
110
139
115
114
141
94
100
9
106
153
141
95
99
114
127
100
5
105
115
131
96
117
125
149
147
9
115
122
101
140
130
134
141
106
7
105
140
135
121
103
125
114
125
0
105
111
136
113
140
112
140
135
1
134
108
106
108
156
97
134
93
0
140
103
122
93
135
152
115
121
2
112
129
89
90
78
100
89
101
1
114
110
91
136
94
103
136
81
10
76
120
121
77
130
118
100
144
9
105
130
93
88
105
108
108
149
0
129
111
131
92
86
98
120
129
10
77
151
126
162
111
117
84
109
4
71
70
99
103
106
140
92
155
7
122
121
162
114
147
142
134
109
9
121
117
114
114
92
92
107
100
7
112
126
114
108
127
98
93
92
7
100
118
78
131
77
118
121
143
8
109
113
100
157
114
137
114
107
0
109
123
100
92
109
133
112
128
3
170
101
174
73
149
103
106
142
3
138
149
141
127
108
100
130
119
1
141
140
122
105
114
105
85
105
4
151
139
101
107
107
122
105
108
4
128
117
137
126
111
109
115
126
6
81
143
73
141
76
93
93
114
4
133
118
114
139
81
108
111
107
10
149
127
113
112
121
145
144
74
9
111
134
116
92
116
116
112
74
5
113
95
121
100
111
109
122
113
9
133
154
95
152
129
99
98
105
9
91
108
108
100
94
140
138
127
1
120
114
81
106
105
113
126
102
7
97
129
125
107
142
130
128
119
6
122
153
79
85
102
103
99
120
0
143
106
141
123
108
109
103
105
4
102
83
90
117
85
129
129
121
8
121
114
123
134
120
99
134
112
7
96
100
73
94
89
113
114
126
9
101
113
147
118
81
107
113
98
9
110
112
113
106
134
129
101
132
5
127
149
149
97
130
115
132
145
6
109
86
129
155
113
150
127
85
9
152
108
124
118
107
138
123
105
10
107
92
106
109
123
144
115
121
2
111
118
114
95
99
97
123
95
3
119
117
121
141
108
104
94
113
5
106
103
95
107
128
109
113
118
0
114
154
122
90
110
99
135
120
6
79
111
117
104
120
134
88
113
7
115
117
141
149
123
130
113
107
4
99
101
93
117
91
98
93
107
2
113
92
119
113
101
95
113
80
2
130
123
128
116
131
122
71
134
4
110
122
116
120
153
128
129
129
9
102
116
111
121
113
128
65
120
3
127
111
127
107
112
122
143
135
3
141
97
119
150
162
91
122
118
5
111
135
102
102
120
79
118
133
1
112
114
110
134
127
118
101
127
1
167
128
130
120
122
119
113
140
6
94
122
92
86
125
149
106
98
1
128
87
109
99
105
114
134
132
6
102
86
143
106
126
115
91
169
9
95
113
93
85
122
150
112
102

