17
5
3
2
3
2
4
9
5
7
2
5
1
8
2
9
8
3
16
9
5
1
2
9
6
6
9
133
80
124
116
134
141
123
73
3
133
132
112
101
121
129
92
96
3
86
150
125
99
110
120
86
131
1
119
134
70
125
123
121
115
112
4
110
141
126
108
113
127
118
122
5
119
99
142
132
131
115
131
137
9
109
106
90
93
123
127
147
120
6
124
115
115
105
121
117
128
108
10
135
137
77
123
123
103
83
87
9
119
108
111
99
121
126
113
135
9
132
114
95
143
146
142
138
104
6
131
141
119
122
120
86
95
140
6
123
152
91
103
117
146
116
118
1
118
113
112
132
133
142
100
96
10
72
134
108
90
117
131
107
121
4
134
130
160
129
131
122
105
93
8
154
98
112
111
128
98
127
124
9
109
95
108
106
121
142
156
161
6
128
116
130
132
91
119
140
153
7
106
159
125
128
97
124
149
138
6
89
129
111
119
134
136
119
143
4
147
142
125
161
106
128
110
107
5
122
149
112
136
64
115
107
80
2
118
116
101
117
109
98
100
111
8
115
113
144
121
106
97
99
108
5
136
115
108
136
133
119
129
135
1
152
129
120
100
121
100
124
112
5
121
137
92
130
118
114
190
142
7
97
140
134
122
113
90
118
109
9
106
133
107
109
140
79
164
92
9
141
104
57
113
146
107
117
130
5
111
133
98
142
114
106
94
99
0
122
135
93
85
101
147
92
114
1
107
75
128
90
117
115
153
121
7
78
123
100
120
84
116
134
141
1
146
117
134
133
116
116
122
76
2
126
89
125
118
141
120
95
121
7
91
123
134
92
93
136
121
136
3
87
148
114
95
154
97
72
128
2
98
122
78
133
120
147
141
115
0
120
156
105
162
104
104
120
99
6
135
112
152
110
123
100
124
135
2
142
139
138
134
78
139
132
128
8
106
127
118
113
112
137
115
112
2
135
122
120
113
106
119
122
141
3
97
148
124
98
137
129
106
104
8
121
126
107
110
128
99
87
110
1
77
110
127
92
177
121
128
122
4
89
106
147
118
149
122
81
97
6
103
107
113
116
101
113
148
121
2
105
107
98
98
126
131
114
107
4
107
136
156
100
101
105
105
112
5
129
113
139
127
81
132
111
128
8
167
82
95
104
116
121
96
149
1
143
134
125
137
104
146
128
132
10
134
113
112
102
107
147
110
114
6
124
99
98
92
86
108
117
108
7
111
100
130
130
140
79
138
97
10
117
97
125
138
118
105
85
130
9
128
107
88
116
86
107
106
138
6
113
99
110
148
107
106
119
117
6
73
137
117
151
107
104
118
124
5
114
97
143
125
105
127
95
134
2
143
115
136
141
117
154
126
98
10
101
98
127
95
63
94
128
99
5
139
121
112
133
106
119
112
141
8
156
135
71
127
107
121
127
116
1
148
120
141
100
127
146
82
143
4
111
84
150
104
141
107
106
102
7
141
163
114
114
81
147
73
106
2
132
142
93
119
111
121
104
129
6
114
92
92
96
106
113
129
76
6
100
107
135
129
102
140
109
113
2
98
120
156
118
98
135
112
71
9
98
114
98
125
113
89
96
119
2
156
141
108
106
141
142
122
154
9
109
128
127
156
139
122
134
140
9
109
126
121
116
105
79
129
86
7
99
85
87
99
99
100
121
120
3
91
122
120
135
143
138
116
106
1
120
113
115
121
156
99
114
87
6
101
100
109
105
145
121
123
116
7
140
92
149
107
97
108
113
117
3
141
100
130
127
131
101
134
114
1
117
83
147
140
107
142
143
160
2
119
91
104
88
93
102
105
145
8
87
135
108
112
123
135
126
91
4
131
125
148
120
170
115
102
193
4
100
107
91
140
108
116
126
116
1
119
101
80
122
133
108
120
134
6
135
148
102
80
110
123
118
134
5
106
114
119
112
165
128
107
137
1
99
86
116
108
99
118
139
145
6
94
120
120
134
128
118
122
134
6
86
107
133
139
96
141
128
130
0
165
127
113
117
107
100
110
123
9
106
73
99
104
87
84
100
126
6
134
109
149
126
119
137
117
114
9
107
125
134
108
131
112
105
126
7
133
116
94
57
101
113
114
137
4
141
96
115
135
142
139
71
150
4
122
146
97
119
143
107
111
129
10
92
136
89
113
85
114
109
129
8
126
101
98
154
119
121
123
134
1
71
134
106
117
92
120
115
94
3
115
114
143
114
101
109
129
76
2
113
132
119
99
140
145
118
98
6
121
141
111
132
70
103
87
123
3
132
108
100
133
148
113
128
117
4
129
96
98
113
97
142
113
133
10
101
151
103
147
136
141
128
123
1
84
106
115
135
153
96
99
109
6
133
75
124
110
112
103
134
106
2
148
93
105
80
144
78
119
110
1
142
116
115
77
120
121
108
110
4
122
139
119
149
79
103
100
92
2
121
99
101
58
120
133
84
120
8
140
128
128
103
141
110
118
85
1
87
94
115
121
135
99
106
148
3
93
123
109
96
121
104
126
111
3
141
90
127
119
108
117
99
123
10
139
139
150
121
124
122
115
138
1
176
142
114
158
121
149
134
99
1
134
145
108
108
98
75
120
161
4
98
115
81
120
65
135
118
142
2
78
124
105
123
112
123
121
121
7
99
86
123
142
150
99
119
105
9
106
118
110
100
100
178
126
113
8
79
133
109
86
107
136
129
161
5
112
112
107
99
130
128
134
108
9
86
164
149
128
100
103
113
103
7
132
99
132
109
163
146
89
109
0
99
106
135
107
96
128
143
118
6
119
113
100
152
124
123
167
123
9
122
105
134
109
97
98
120
115
4
142
117
112
120
86
136
122
122
1
116
103
132
159
105
146
132
119
2
134
100
122
99
93
110
141
125
8
158
107
111
106
82
141
121
101
9
88
114
120
116
125
119
146
130
6
121
141
114
138
101
129
96
132
6
127
143
113
130
141
98
89
114
0
132
113
93
158
86
135
115
125
3
133
133
112
86
161
102
117
135
2
91
105
142
119
141
140
107
107
6
108
126
140
108
97
112
126
122
10
155
108
156
89
121
134
113
134
1
84
119
106
113
107
109
114
120
5
99
100
113
75
121
101
108
124
0
92
144
126
93
105
129
105
113
9
116
125
126
120
97
127
97
85
5
104
98
104
114
134
105
113
99
4
117
92
124
139
95
155
134
99
7
85
138
126
120
94
105
102
109
4
127
164
119
97
133
121
72
141
5
115
107
108
137
121
128
114
128
2
106
93
107
113
119
100
113
103
10
143
127
97
92
124
153
122
128
5
121
92
154
122
129
85
139
127
4
122
134
107
73
110
128
122
136
9
127
145
105
125
72
94
103
132
5
91
135
119
114
160
141
98
113
3
117
115
100
95
128
74
134
114
6
106
115
86
113
100
110
100
135
5
97
126
99
120
117
122
118
103
3
121
144
71
120
92
128
116
100
2
99
128
112
100
107
133
128
108
8
149
112
108
106
95
102
98
133
2
122
143
127
106
127
127
162
119
4
142
107
133
86
153
130
120
138
6
150
92
106
111
118
68
156
104
7
98
127
141
119
98
109
115
96
10
128
158
141
121
98
127
106
127
5
79
93
110
126
55
117
141
114
7
113
106
131
105
94
114
108
129
2
150
98
145
103
121
106
115
108
4
110
105
85
131
97
107
120
112
1
100
112
148
77
135
124
113
134
4
154
156
107
127
105
138
117
116
9
119
65
103
106
81
148
108
113
5
99
102
132
119
112
119
132
169
1
107
92
128
139
145
128
128
147
1
127
120
107
134
115
129
106
116
4
125
106
157
120
134
105
165
136
6
120
106
134
137
108
127
129
111
4
94
136
100
104
83
160
146
113
3
133
141
113
129
147
100
106
127
7
141
140
102
133
93
73
123
126
10
105
112
114
108
106
67
123
146
7
102
105
88
111
101
112
126
79
9
101
103
76
89
103
110
108
113
4
106
128
88
149
132
124
101
115
2
127
147
163
117
107
141
129
127
3
115
95
146
101
96
126
74
121
0
85
141
119
119
121
105
120
129
6
100
135
131
104
127
132
87
100
6
129
127
93
92
134
127
127
101
5
119
100
160
111
95
111
116
98
9
143
87
113
118
126
119
113
134
6
111
119
101
82
80
128
114
129
7
125
127
139
79
100
129
118
121
7
102
93
100
114
90
122
139
86
6
86
122
178
95
111
132
123
124
10
130
124
104
115
103
106
135
116
3
128
153
141
112
105
136
107
102
7
132
118
113
143
113
111
144
92
5
87
149
129
80
107
98
126
98
8
136
129
148
146
97
83
135
129
8
87
120
108
123
117
111
108
110
5
115
141
106
103
138
136
106
100
8
147
107
146
97
91
123
101
137
4
105
141
106
109
110
100
103
165
7
126
136
141
142
83
142
109
147
10
112
126
115
77
114
121
115
121
4
120
140
132
156
95
108
121
128
3
126
115
112
136
122
109
77
122
1
154
127
113
141
127
95
108
77
1
96
163
120
121
139
145
105
114
9
97
126
152
128
108
104
134
134
2
120
169
154
93
127
107
121
119
8
126
83
75
140
120
119
108
99
3
127
119
103
110
112
117
125
130
9
111
120
124
84
90
98
127
85
1
150
129
116
120
128
98
111
108
8
107
128
127
135
134
136
128
130
3
108
118
143
89
135
103
119
118
8
116
92
93
128
141
112
140
129
3
127
108
108
121
96
132
113
111
2
155
93
113
113
117
113
97
137
6
114
117
137
120
90
100
117
100
3
99
112
121
135
124
156
141
129
4
119
97
134
133
144
141
100
107
0
135
118
108
117
130
88
107
130
2
135
109
111
112
122
113
113
137
8
115
110
130
146
156
116
99
136
2
108
113
104
129
124
139
122
86
10
124
137
71
113
78
117
110
140
7
114
59
86
125
142
92
115
135
4
106
148
101
120
136
148
119
147
2
91
111
107
91
122
127
129
109
7
107
129
121
96
151
156
116
98
1
107
110
114
137
100
80
135
92
0
146
142
136
98
129
116
119
81
0
129
123
116
111
101
107
103
100
4
85
123
135
129
98
95
114
85
0
118
129
132
136
115
128
146
115
8
94
108
133
80
72
100
128
114
3
112
135
97
120
146
120
114
113
10
138
133
65
136
117
184
114
136
8
111
140
134
94
119
88
116
99
1
136
141
101
121
99
92
134
110
10
110
100
153
120
89
102
119
95
4
109
101
120
161
157
121
148
135
1
57
125
116
122
167
140
114
84
10
118
109
118
115
107
114
86
111
1
128
128
137
80
119
127
59
133
3
68
133
150
109
145
112
116
94
9
98
149
92
133
113
128
142
134
7
128
103
122
95
149
121
95
98
2
113
128
126
127
120
113
108
90
8
116
128
117
139
132
138
118
99
7
141
116
135
100
109
121
92
157
4
122
100
121
106
112
166
133
100
3
106
85
144
140
140
116
136
122
8
135
100
113
133
150
90
169
102
8
95
120
157
134
117
120
113
80
1
86
131
125
113
121
147
136
120
8
126
116
129
98
111
111
127
121
7
145
122
120
117
110
135
100
105
9
130
147
115
132
146
79
87
108
4
93
125
119
131
101
115
142
114
2
103
112
98
108
75
155
111
94
1
79
115
155
170
121
111
107
107
2
161
118
107
98
134
130
127
108
7
85
122
131
107
113
128
108
142
8
129
60
83
121
112
121
111
122
8
107
106
107
99
121
126
120
169
4
114
100
125
91
112
107
87
126
1
129
129
124
124
143
159
129
99
1
116
131
84
122
105
106
107
81
1
92
107
135
126
109
114
114
124
9
97
87
115
118
121
121
124
106
1
125
121
115
100
107
148
121
126
0
78
96
100
92
132
139
156
78
6
98
115
121
127
129
114
83
135
10
101
130
109
120
121
122
123
90
1
108
127
101
149
121
134
121
159
10
120
87
129
130
149
122
115
112
4
135
130
105
99
109
115
95
115
4
130
87
121
131
93
129
141
124
7
163
79
117
59
114
106
145
129
2
147
128
98
99
137
134
79
103
3
143
115
114
100
163
132
114
135
4
136
108
99
93
129
120
116
119
7
116
108
72
82
121
126
124
149
7
103
146
104
117
90
114
87
106
5
102
122
136
92
168
108
146
106
9
134
126
137
115
139
129
114
133
0
110
93
110
119
123
112
92
112
4
147
108
116
91
152
117
96
105
1
78
107
119
129
137
93
145
84
10
107
100
66
121
145
85
104
139
1
106
106
99
131
112
108
112
111
10
133
132
120
116
133
104
118
122
4
98
79
124
84
92
106
102
118
10
111
123
140
122
121
109
157
144
2
100
108
127
103
126
149
134
116
2
142
115
136
169
138
126
99
102
9
105
120
113
107
125
119
99
139
8
92
130
133
119
112
93
75
126
4
123
149
112
126
129
120
126
141
9
107
161
93
99
90
149
119
136
10
117
122
99
138
147
99
70
153
10
100
91
110
80
129
85
94
122
2
99
105
85
107
112
126
111
107
6
107
128
134
86
140
128
100
114
2
97
110
101
121
150
115
115
128
3
72
132
145
98
129
107
108
120
2
126
132
93
122
135
123
102
134
5
110
154
131
86
122
85
136
126
8
106
106
133
131
108
135
126
114
4
89
134
110
92
84
66
168
119
3
92
148
128
136
116
84
134
121
7
103
141
133
129
118
150
124
92
1
94
119
127
155
157
110
141
87
0
124
102
150
114
104
105
99
107
6
119
107
106
120
97
148
131
144
7
108
115
121
136
118
128
123
111
3
101
92
121
138
128
128
142
81
3
106
125
115
113
112
114
115
139
8
121
147
108
136
101
116
84
110
4
128
86
150
121
103
89
101
111
2
119
139
113
128
120
127
121
128
8
124
125
127
120
114
149
121
114
6
108
123
109
130
66
114
147
120
5
122
90
129
104
114
127
124
140
4
136
104
99
138
126
101
100
134
6
97
131
128
135
127
101
118
122
8
151
124
124
101
136
113
82
112
5
104
103
92
132
110
142
114
106
5
113
123
106
135
127
97
106
82
3
100
95
102
155
103
107
113
108
7
122
94
137
117
93
92
150
128
1
107
89
104
108
137
100
88
107
10
109
121
107
121
121
78
132
127
8
146
137
98
152
130
81
100
115
8
134
99
120
82
128
113
94
111
3
111
106
103
119
134
115
128
128
8
134
130
100
132
127
90
120
127
1
106
125
113
120
96
122
131
160
0
111
126
108
156
101
135
131
113
5
143
105
142
119
75
160
120
78
5
99
167
120
108
114
132
122
101
8
116
128
109
115
97
159
92
119
4
113
118
141
136
147
78
122
126
9
78
106
141
111
106
108
119
91
4
94
106
100
94
115
125
109
99
2
108
139
126
142
146
99
118
126
5
114
106
165
92
103
109
144
78
3
120
135
92
100
101
150
148
122
6
106
100
89
141
130
133
102
94
0
128
142
163
132
92
83
127
123
9
119
117
123
106
144
142
101
114
9
128
107
65
117
97
113
95
139
7
101
122
119
100
92
150
102
116
4
100
154
123
86
115
99
118
73
1
139
94
96
112
98
101
121
102
10
130
102
134
160
84
135
120
139
6
148
61
124
119
117
89
120
105
10
113
134
141
162
116
106
130
130
3
114
157
138
124
118
126
133
108
2
119
129
138
123
112
129
147
104
9
103
143
168
131
127
136
117
107
6
96
135
117
106
145
84
119
153
10
136
106
115
108
141
141
127
142
0
125
126
149
103
95
120
82
90
10
122
87
142
100
119
129
111
121
5
140
113
133
140
162
120
158
129
9
115
101
128
130
70
98
139
109
8
85
121
130
135
97
109
105
158
6
147
121
104
135
112
71
157
79
8
119
75
156
128
143
105
53
116
8
166
85
87
113
120
99
87
149
5
121
125
107
114
105
106
138
119
5
138
142
79
113
85
88
96
158
1
115
123
100
120
113
115
94
100
9
120
146
138
109
99
106
121
85
2
115
106
147
98
118
126
130
101
4
120
151
122
78
111
96
111
124
1
113
144
137
107
108
108
117
88

