8
9
6
4
1
4
7
7
4
8
9
10
3
9
3
7
2
3
10
1
6
7
6
3
6
8
1
100
110
144
102
93
120
108
81
2
113
94
128
124
104
85
156
110
10
123
149
121
81
111
106
121
135
3
155
98
92
129
87
127
119
118
1
150
123
104
115
127
95
135
106
7
113
89
79
123
114
136
107
130
4
129
78
104
123
118
133
122
143
0
144
96
138
128
136
92
103
123
4
123
129
127
135
157
156
114
102
4
110
94
98
155
146
128
115
139
0
136
86
106
97
93
103
130
115
8
101
130
109
100
93
91
134
112
3
115
108
109
157
109
149
99
106
6
105
121
96
128
130
123
114
141
0
124
101
113
100
106
87
113
93
4
129
124
105
115
107
114
105
106
4
132
90
105
107
106
118
107
136
0
159
158
122
107
166
143
108
105
9
112
91
86
93
132
118
93
149
9
130
116
139
119
109
116
127
101
4
107
125
109
116
110
112
83
123
6
107
133
99
102
125
134
109
115
0
94
147
103
135
122
167
143
115
6
135
141
118
136
127
128
147
101
10
155
113
142
174
148
112
118
104
3
162
104
129
108
155
108
127
128
2
115
120
84
145
94
99
129
82
0
96
117
116
124
94
121
80
100
0
100
110
121
121
120
136
108
148
0
106
136
91
127
122
100
96
115
9
117
145
99
90
132
89
128
84
7
115
99
112
154
121
155
100
147
1
157
97
85
90
112
112
101
113
6
92
119
132
119
113
127
115
142
4
129
113
113
152
104
129
85
121
8
101
116
100
144
114
113
112
91
6
113
107
104
115
101
145
129
107
2
106
119
135
161
121
149
142
125
0
89
104
64
108
106
126
118
91
2
91
130
131
142
146
149
67
79
4
114
79
80
145
82
121
120
142
8
135
143
86
113
107
134
106
120
7
72
118
118
143
112
107
130
120
4
105
128
128
97
99
85
133
139
10
108
124
106
127
128
106
128
143
7
103
108
120
122
88
149
109
109
5
94
131
150
113
119
90
102
122
8
99
107
110
114
96
145
94
160
4
114
111
119
99
127
99
166
138
5
129
99
107
85
105
121
107
122
5
147
91
89
125
102
107
94
164
7
106
88
128
128
118
128
118
130
7
134
97
89
117
127
92
96
134
3
75
84
111
105
138
95
102
111
6
107
141
118
112
98
100
135
130
2
98
92
116
113
114
99
142
140
3
141
95
130
128
100
99
114
134
5
126
138
135
119
108
101
115
104
9
96
116
99
141
120
141
64
161
4
134
177
100
135
98
88
100
98
1
112
100
137
127
92
79
121
165
3
163
107
130
94
128
127
107
109
2
104
128
140
84
128
120
136
127
4
143
121
100
117
114
149
108
94
5
97
134
118
79
107
142
129
119
2
121
127
107
128
112
126
118
140
5
86
112
106
114
135
101
100
92
4
98
122
128
123
119
106
115
100
1
128
118
110
111
86
120
150
120
3
128
137
97
64
134
113
124
107
6
154
103
116
87
165
108
152
126
9
141
81
90
132
122
112
132
114
4
100
113
78
128
99
93
109
102
4
113
171
120
148
86
71
87
110
6
110
94
123
108
130
58
117
86
2
161
106
143
99
118
123
120
86
5
132
115
148
93
99
137
115
156
7
130
107
129
128
94
126
143
130
3
141
137
122
113
115
93
123
106
2
147
164
113
86
141
139
94
133
9
152
106
88
114
113
113
96
117
1
112
139
97
112
138
95
156
88
7
137
120
120
109
123
122
108
122
0
109
100
125
89
127
79
100
142
2
110
109
118
101
71
90
120
142
3
121
126
121
147
156
133
110
99
3
93
105
139
137
101
110
134
106
7
107
141
74
125
120
98
128
148
2
84
101
120
104
108
108
121
128
3
103
111
109
128
103
86
114
127
0
129
106
88
134
103
108
119
103
4
129
119
131
131
130
109
108
107
10
100
117
98
113
141
103
133
119
7
91
177
105
143
128
92
81
114
6
108
115
78
104
81
115
104
134
4
142
90
153
133
83
163
129
131
9
143
106
133
131
133
86
102
110
9
103
106
110
93
123
133
108
133
8
133
70
84
85
145
149
148
126
8
123
127
128
122
120
114
158
129
3
136
150
118
105
108
121
89
157
6
116
119
109
106
95
121
141
119
5
135
149
145
107
132
107
139
93
1
86
101
87
124
83
133
97
124
1
135
142
108
119
93
126
123
106
7
125
140
135
120
95
84
84
113
4
120
131
113
141
97
136
100
69
4
94
98
142
101
110
122
80
115
6
156
107
146
97
116
139
110
120
3
134
99
71
71
107
117
103
147
4
82
108
112
119
135
95
137
120
6
127
119
90
128
139
154
141
94
8
133
132
114
87
132
114
95
87
9
107
85
121
117
127
117
93
89
5
115
117
112
126
87
126
105
142
1
102
109
149
147
85
145
92
132
1
143
112
85
129
131
100
99
138
8
117
106
85
162
122
98
116
109
4
121
115
107
111
123
113
108
128
3
92
103
77
103
112
112
101
141
9
149
108
106
90
110
167
121
136
6
98
120
93
118
120
117
91
107
4
129
87
110
92
135
130
139
99
1
141
85
138
122
124
110
138
93
4
141
81
132
95
161
91
98
105
2
101
124
98
125
107
115
127
153
4
123
101
71
142
100
108
122
124
6
104
125
110
135
131
95
111
117
9
140
133
106
133
92
115
126
119
0
116
96
91
98
114
156
114
128
4
119
160
120
134
153
98
113
148
4
140
94
134
91
133
101
123
107
3
128
110
100
141
126
120
121
124
2
115
91
126
86
121
121
140
107
4
146
126
100
113
151
85
126
139
1
112
87
116
114
114
133
134
135
4
118
92
136
88
109
130
130
144
2
101
105
125
155
78
135
136
121
4
126
127
102
157
141
95
134
110
8
87
89
127
116
132
108
105
102
9
128
157
117
136
105
146
102
135
6
87
125
127
133
93
127
148
94
8
115
115
122
71
101
122
127
120
5
129
120
131
71
156
128
99
131
4
96
121
140
82
121
144
109
115
2
129
95
122
95
150
177
132
139
8
141
110
109
91
123
141
135
138
7
111
105
119
129
115
165
84
114
3
105
95
101
133
95
125
92
93
0
100
85
127
134
110
99
96
138
4
113
149
78
105
149
114
120
150
10
122
105
119
78
106
160
112
106
10
131
122
122
81
119
135
128
135
10
106
156
94
107
134
143
108
121
2
137
156
97
137
95
122
113
106
4
152
99
136
135
87
120
85
129
1
86
129
154
113
142
127
129
106
3
98
121
107
129
139
131
97
100
3
136
136
106
120
116
107
170
148
7
113
133
112
123
143
147
94
117
8
95
116
135
114
142
121
97
107
1
77
122
140
85
135
90
124
106
5
128
124
130
110
105
119
92
134
8
111
86
142
93
112
99
135
114
0
98
112
129
124
111
120
127
108
1
111
108
149
106
131
110
168
107
6
136
101
102
98
123
142
112
94
2
116
134
106
120
123
105
100
127
2
114
84
136
131
98
86
129
145
3
152
110
111
111
124
130
121
138
7
115
105
131
95
124
124
131
119
2
105
99
103
142
96
116
98
112
9
134
96
108
113
130
142
106
126
9
109
118
117
116
99
88
110
118
2
128
154
128
128
75
127
115
119
2
81
136
113
92
80
106
116
159
8
112
125
126
87
106
109
134
101
10
114
122
142
62
103
121
106
132
7
85
131
132
87
125
119
163
112
5
144
119
129
119
113
99
120
123
9
107
139
114
106
138
86
114
77
10
118
90
119
127
114
85
104
74
6
130
117
125
89
122
125
102
121
7
138
79
121
132
120
114
143
150
8
134
116
107
121
123
71
111
125
9
109
90
154
124
89
149
96
104
6
115
91
105
93
94
114
121
134
4
106
138
122
114
106
125
118
87
1
85
113
130
83
117
89
106
128
7
143
134
121
141
102
123
100
115
5
117
112
112
100
149
121
98
106
8
122
86
143
105
116
103
119
107
5
140
118
97
95
115
113
113
109
6
122
107
89
121
109
84
128
133
1
143
84
121
99
130
114
160
124
8
135
143
74
112
145
98
127
141
0
78
112
127
99
126
145
131
106
8
123
113
128
142
135
143
108
122
6
160
103
94
130
120
138
117
134
10
111
131
122
110
104
91
92
124
7
102
128
107
161
89
102
132
58
2
135
127
119
112
127
113
92
142
9
87
131
124
91
92
127
84
127
7
92
104
120
113
114
123
106
128
2
168
112
144
120
153
106
141
117
1
134
129
147
112
139
132
103
138
9
139
132
99
148
122
81
136
95
9
115
106
153
141
141
161
120
145
1
112
100
120
139
114
136
87
115
1
100
135
89
127
142
77
93
134
3
149
109
130
103
140
108
98
122
9
119
124
113
118
141
130
106
105
2
132
101
84
175
124
119
116
118
1
114
126
122
151
120
134
118
120
8
107
127
117
65
117
111
107
136
8
111
109
108
116
101
87
113
126
6
122
164
121
140
134
145
127
93
7
104
122
110
120
111
110
108
137
3
113
98
119
72
130
88
134
121
5
137
129
122
120
100
94
98
89
7
138
106
122
119
99
127
79
98
1
125
109
80
136
113
114
93
84
5
113
126
120
147
126
122
115
97
7
94
114
113
113
96
99
93
144
2
127
109
116
122
113
136
115
111
3
93
132
111
112
90
94
115
107
8
72
120
120
117
120
118
126
127
4
87
118
106
120
141
108
149
102
2
100
122
117
135
94
131
108
106
6
122
110
117
128
142
134
128
122
8
92
144
127
121
125
101
135
139
1
109
96
77
92
129
122
105
87
7
126
141
120
124
77
109
141
113
6
82
110
141
106
129
109
124
108
9
146
93
101
93
129
131
122
127
1
121
111
81
112
142
142
142
139
0
155
93
107
97
142
122
118
102
5
126
109
93
66
108
79
128
126
9
121
127
127
122
125
91
161
85
4
103
141
120
141
127
143
92
109
2
143
99
121
107
129
122
126
142
5
108
74
134
127
149
128
126
147
8
127
97
120
91
105
102
120
92
5
99
117
127
116
122
129
113
113
8
113
100
85
135
99
142
108
153
3
117
150
107
97
112
106
113
113
9
116
113
141
134
108
121
129
113
2
127
176
108
65
89
145
123
128
3
107
84
127
100
134
127
105
113
7
126
109
149
127
146
100
148
115
7
121
150
152
107
143
106
145
124
9
113
105
119
128
98
142
121
99
8
127
143
77
126
114
126
98
105
7
131
99
111
114
115
121
148
131
3
147
120
174
136
135
121
88
112
2
114
129
122
131
103
124
128
162
9
144
128
128
141
121
146
114
129
3
136
94
133
106
87
112
117
125
10
103
105
106
106
148
92
91
142
9
134
141
131
91
113
153
79
123
4
119
149
95
128
141
115
72
156
1
142
113
126
144
112
121
125
117
2
116
124
129
128
91
148
128
119
6
94
99
84
154
130
84
79
105
7
91
152
145
119
127
129
99
75
2
123
112
144
121
130
130
148
148
3
105
126
141
114
70
77
106
126
5
115
143
123
145
110
127
126
116
1
127
133
115
91
126
102
129
123
2
100
143
102
155
124
112
67
99
1
108
135
109
148
149
92
68
130
9
126
131
148
146
95
122
106
81
0
135
143
139
139
106
128
129
98
7
113
89
150
135
97
110
136
91
6
142
128
116
106
110
114
72
130
9
94
113
115
132
117
116
128
106
5
72
118
125
80
90
129
112
123
2
107
142
110
106
127
122
100
122
5
147
119
89
101
118
106
94
119
10
85
119
127
122
124
124
124
121
10
88
113
128
127
117
150
135
92
9
122
140
108
125
149
84
85
100
5
102
91
123
114
100
140
136
100
3
121
117
107
92
155
97
121
116
8
129
147
92
153
99
135
130
101
7
108
128
101
106
71
135
137
101
2
134
132
112
80
143
121
133
133
6
121
124
145
100
136
120
135
108
10
120
127
127
167
106
121
115
114
2
131
128
113
75
100
95
120
115
4
93
83
92
86
143
146
134
85
2
87
150
121
100
119
106
119
94
10
139
127
90
99
140
116
115
125
5
136
57
168
159
107
114
98
142
0
87
108
133
150
119
84
116
145
5
135
140
120
120
94
149
106
112
3
98
125
100
93
111
83
135
108
5
93
99
115
134
133
140
130
123
6
97
127
93
106
89
92
96
114
4
132
115
104
100
136
130
130
133
1
94
112
129
126
93
141
78
104
7
116
108
182
93
142
128
107
100
5
119
113
120
78
126
85
103
151
3
64
132
86
111
117
100
177
150
8
126
133
95
118
124
93
112
127
7
119
143
70
121
112
132
135
91
4
113
102
120
118
99
118
113
121
4
154
146
133
147
107
121
133
127
2
126
112
106
135
143
132
85
113
2
98
136
114
64
106
128
93
130
4
135
135
117
119
123
99
141
119
3
124
121
148
86
133
133
112
100
6
146
114
105
165
86
131
114
138
6
120
109
105
155
113
135
149
149
0
128
88
122
105
122
114
111
78
10
109
138
83
120
115
127
134
105
3
148
133
110
106
127
125
104
112
9
125
111
106
100
117
104
137
119
9
131
109
135
106
149
100
127
110
4
113
84
141
141
116
86
149
142
6
125
111
97
79
100
147
113
127
0
104
128
83
72
120
148
187
131
3
105
113
132
120
113
68
150
117
2
115
134
99
148
124
106
107
114
8
114
120
148
80
102
134
119
135
7
126
121
119
141
100
119
88
140
4
100
135
83
156
115
71
106
86
9
141
144
102
85
132
119
105
104
10
100
97
90
160
135
99
161
147
6
142
63
139
92
140
141
141
109
3
91
149
120
104
130
115
121
98
8
84
160
149
93
112
98
115
145
4
128
101
146
90
92
108
76
95
0
102
121
120
99
116
144
109
138
5
114
116
110
103
105
129
128
86
1
116
145
101
138
140
124
114
101
9
136
124
149
103
113
119
141
92
4
124
126
92
155
101
121
112
125
0
109
126
100
85
141
148
128
118
2
122
85
153
144
86
112
120
102
2
125
86
138
103
136
128
126
100
8
133
128
120
93
106
126
148
99
5
94
118
113
122
142
102
117
110
5
121
131
146
145
119
126
156
104
9
134
113
134
78
112
87
131
97
9
105
124
114
88
104
105
94
121
10
125
94
128
106
140
81
116
108
2
94
116
122
126
140
95
115
107
5
84
123
71
121
85
60
138
121
8
116
131
117
124
113
136
107
113
1
111
117
140
99
102
149
126
126
3
126
90
143
140
135
98
135
121
4
80
135
114
121
107
113
73
113
5
126
135
127
135
114
160
99
122
7
128
128
96
127
63
128
114
128
7
147
134
141
74
128
124
117
103
1
140
138
93
143
88
135
143
84
9
106
122
142
104
107
125
128
118
1
107
122
119
125
98
128
137
105
8
136
115
121
127
118
106
134
82
7
137
149
114
110
128
120
120
79
8
115
148
108
145
114
136
126
138
0
117
113
123
129
94
130
112
113
0
100
120
128
100
119
157
115
120
8
128
120
106
134
115
106
129
128
9
134
115
124
114
91
94
89
147
5
112
134
123
159
121
98
132
105
1
150
142
121
113
119
150
99
117
6
68
88
80
105
112
143
136
100
3
117
109
135
126
99
66
94
124
8
110
107
107
112
122
126
119
136
7
111
129
136
123
137
126
127
91
2
107
120
120
136
116
128
122
112
3
117
122
120
118
101
126
123
125
9
107
129
121
85
100
113
128
98
4
127
103
176
92
148
114
136
113
1
104
112
127
146
106
134
149
133
2
98
105
100
114
150
80
112
147
2
71
142
103
100
144
114
142
86
2
114
99
120
101
125
111
77
97
7
102
141
137
119
112
111
107
84
2
133
135
113
115
121
139
118
82
1
115
122
114
109
132
115
131
111
3
83
106
105
112
121
126
108
93
1
95
109
124
138
128
136
87
117
0
142
125
156
82
115
123
83
105
3
115
105
112
133
79
132
125
132
6
134
98
115
109
111
126
102
113
4
135
120
158
85
117
126
78
99
5
119
107
117
142
78
128
123
128

