17
6
9
6
6
9
5
1
3
13
7
1
0
8
8
6
7
7
10
8
4
10
3
0
5
3
4
144
142
144
100
101
91
128
128
2
147
105
116
118
72
87
120
99
5
116
113
119
84
140
94
129
113
6
123
140
88
91
72
120
119
112
7
121
134
80
105
95
122
128
100
6
129
114
76
108
142
101
163
150
8
139
112
103
99
135
73
122
122
6
146
142
143
132
119
73
126
105
2
128
117
102
77
125
126
134
122
2
83
149
98
135
136
136
99
115
4
112
80
105
119
119
106
99
156
6
78
121
118
134
120
108
136
107
4
113
90
83
88
127
115
106
85
4
125
127
163
111
151
121
106
137
9
130
119
82
135
138
87
102
115
9
100
156
101
127
142
120
136
80
9
108
114
85
113
113
105
105
144
4
127
101
127
105
107
122
127
106
9
128
94
142
132
121
123
98
112
8
87
85
139
148
143
117
110
162
9
103
132
138
127
126
98
135
117
8
106
108
120
120
123
110
134
129
8
138
113
127
87
119
135
143
140
2
127
160
106
114
161
99
87
104
6
98
83
120
134
96
140
160
147
7
116
115
120
130
112
134
122
106
6
120
101
100
97
107
113
114
85
1
121
77
122
145
114
119
114
103
8
146
149
119
134
135
132
114
124
9
115
91
112
91
114
118
113
143
6
149
121
171
91
126
106
150
117
9
107
103
99
122
126
117
114
100
10
141
121
132
114
127
129
130
122
8
125
127
115
138
135
114
154
141
3
135
73
110
138
132
101
105
124
0
78
128
79
111
148
127
132
113
5
131
109
101
180
96
127
134
135
9
111
89
156
114
105
102
127
115
8
113
71
101
94
119
104
98
135
1
120
122
162
150
142
80
114
96
0
113
107
99
114
113
137
101
127
5
106
135
97
106
128
107
117
124
4
163
104
114
128
126
118
162
126
6
109
122
119
87
94
126
125
148
7
114
123
128
93
109
121
119
112
2
133
129
99
127
119
116
126
113
0
98
82
113
67
143
120
78
99
1
124
134
113
123
135
132
81
123
7
103
147
133
108
91
98
101
110
6
115
119
119
152
114
122
86
126
1
146
129
127
105
85
139
97
108
1
111
135
122
113
141
136
115
106
3
127
155
135
107
99
119
125
93
9
108
138
122
115
77
143
119
95
8
93
105
107
99
106
137
116
101
9
100
115
150
101
143
95
129
107
0
77
150
124
150
111
103
115
111
4
106
107
93
113
92
80
140
147
5
84
126
109
113
113
140
94
113
6
109
147
129
136
120
115
152
127
6
107
99
99
97
131
136
113
71
1
121
90
114
85
129
129
155
140
0
105
114
112
110
111
144
110
105
8
85
143
102
126
136
128
129
102
8
85
128
102
105
99
114
126
106
4
75
106
119
114
119
108
149
100
3
73
115
140
134
128
121
107
106
5
107
127
107
98
106
96
155
118
3
139
126
101
81
140
161
164
137
7
111
92
93
106
103
111
112
135
2
135
122
102
117
136
111
106
159
0
143
113
127
106
170
88
121
143
7
105
133
137
105
155
124
124
133
3
119
142
71
159
124
128
162
95
8
120
93
150
104
114
163
129
142
8
139
124
151
100
100
135
102
105
8
112
93
155
126
150
134
104
113
4
124
110
128
127
90
119
122
152
1
110
102
122
126
117
97
125
99
7
111
136
98
127
96
135
87
125
6
128
77
120
108
101
75
122
121
10
134
169
122
123
143
127
119
141
2
120
114
120
143
110
132
122
94
7
100
108
127
95
123
136
115
167
1
111
119
130
96
110
113
116
136
4
127
106
140
92
96
127
152
134
7
112
120
92
133
149
115
103
98
7
124
154
135
123
100
83
85
132
5
125
125
109
85
123
114
70
94
3
135
146
129
120
145
134
109
113
6
130
100
120
95
135
119
83
113
5
132
113
120
161
140
92
132
156
7
133
120
88
121
150
131
128
133
2
78
119
137
90
101
167
120
131
5
78
155
133
100
118
88
83
120
3
107
87
107
151
113
142
113
123
8
76
113
106
129
120
122
129
128
4
116
101
109
127
147
99
100
145
5
140
92
108
116
87
129
134
125
5
101
118
115
152
152
65
107
135
0
109
121
120
113
86
105
88
126
5
116
99
123
141
113
118
133
141
5
92
97
121
111
122
138
118
130
9
140
133
126
103
98
100
122
115
7
123
117
105
125
86
98
125
148
3
151
111
103
119
119
77
106
119
4
107
99
121
120
142
85
117
104
2
131
115
131
146
96
84
113
126
9
122
99
137
99
108
112
127
87
4
97
129
72
142
129
127
147
112
4
96
100
119
101
116
115
102
108
1
128
106
139
121
128
104
120
119
7
105
127
97
136
133
132
127
133
4
94
105
123
91
122
160
100
100
4
147
109
115
87
92
105
132
107
5
119
111
111
109
100
135
115
105
5
107
94
113
108
129
101
136
93
10
133
107
115
108
130
126
139
134
8
115
125
124
96
83
78
129
100
6
106
92
121
128
135
64
111
105
6
120
135
115
92
119
150
136
145
5
127
88
80
85
111
127
117
106
4
153
118
121
120
96
133
114
112
2
142
86
116
128
152
119
110
135
1
118
114
134
111
104
145
89
136
6
119
87
108
74
115
155
98
128
6
124
132
103
148
132
116
114
149
6
127
116
133
126
113
119
112
134
9
108
92
101
113
148
117
141
121
6
81
128
134
111
114
104
119
94
5
160
128
124
124
117
94
65
60
2
103
142
100
151
115
118
139
108
5
94
116
105
110
140
107
85
122
1
95
153
93
156
122
123
137
105
1
136
121
134
145
112
140
128
85
0
114
117
93
128
171
108
99
143
0
95
86
121
132
119
92
107
102
6
94
128
84
109
128
149
138
93
10
108
103
111
134
112
103
107
143
1
100
103
124
128
110
114
106
136
7
89
121
126
114
97
171
123
112
10
121
74
93
120
118
136
115
101
2
120
120
109
84
85
64
92
120
4
100
122
127
108
120
115
135
96
9
117
125
94
104
107
116
114
92
8
81
119
91
136
94
133
148
98
2
112
126
74
136
121
140
128
109
9
71
119
86
119
87
93
103
140
7
142
114
120
114
121
101
144
121
7
108
135
96
134
118
122
102
91
7
160
105
106
100
127
116
128
63
8
110
120
113
144
107
129
134
114
7
167
131
107
108
131
92
88
136
4
97
97
114
107
139
127
117
99
5
129
128
99
108
106
103
100
85
1
128
91
140
113
128
129
102
114
9
113
135
165
89
94
67
134
114
2
134
84
140
122
86
142
124
108
2
113
90
105
106
156
98
107
93
5
72
122
103
116
101
113
116
130
3
134
142
96
106
117
157
130
121
5
149
117
103
138
115
143
143
132
8
118
80
106
109
114
164
136
114
8
107
159
87
88
43
119
91
114
6
68
112
128
115
72
100
108
112
1
110
141
141
120
93
122
114
104
10
121
141
160
108
91
128
134
100
1
135
93
101
147
121
99
106
140
8
147
118
94
94
158
104
116
128
8
97
109
121
98
137
115
147
131
1
152
135
102
114
121
144
130
168
5
67
114
134
141
142
92
109
99
3
116
157
110
150
142
135
86
113
5
126
141
70
99
119
103
143
135
9
102
148
92
124
111
134
133
138
1
138
99
111
107
130
108
87
120
7
93
143
139
88
101
77
114
136
9
117
125
131
135
142
82
142
95
3
115
68
99
137
127
92
93
81
5
130
128
81
150
99
126
107
112
6
135
122
115
119
145
133
101
114
4
136
106
81
97
121
115
98
132
5
150
114
160
125
115
101
105
97
0
125
79
108
119
137
106
139
149
10
100
112
86
136
104
128
100
120
10
160
118
127
157
122
97
65
70
0
104
92
121
130
102
113
112
126
5
113
102
88
125
106
130
141
147
9
128
170
123
119
114
134
148
93
9
102
110
91
100
120
121
135
110
3
143
88
119
103
108
117
100
76
9
106
112
141
112
128
78
130
111
9
114
132
154
112
123
100
115
121
3
84
98
126
138
113
107
121
141
2
113
122
84
93
124
106
162
129
9
137
113
113
124
128
109
95
138
4
114
94
136
117
128
120
121
139
1
72
133
110
101
114
106
57
114
8
129
142
113
116
114
124
107
99
5
142
133
140
164
116
131
141
90
9
138
101
113
141
129
93
82
114
5
141
90
144
98
126
141
82
122
7
147
78
102
127
113
128
128
121
3
123
153
140
120
82
106
114
107
1
130
106
78
139
95
124
81
138
10
132
94
122
120
106
161
148
103
1
100
122
124
114
122
80
99
106
8
112
133
111
109
86
112
119
120
9
146
93
92
120
77
134
135
120
6
107
128
138
130
113
99
127
120
2
140
126
141
114
110
98
103
135
4
104
95
127
131
128
135
121
89
4
102
106
117
131
133
100
106
121
6
133
108
134
113
91
135
103
84
9
123
125
134
112
148
114
81
122
4
119
105
99
118
85
64
116
108
7
101
98
95
86
136
148
127
83
4
134
100
95
91
134
127
133
171
7
135
121
106
128
114
121
106
131
5
136
135
119
102
109
95
128
114
10
144
86
130
94
106
145
100
138
10
114
121
122
85
98
120
108
122
0
87
115
104
106
120
143
93
101
7
70
127
152
96
86
92
135
136
9
86
145
117
132
93
102
128
97
7
115
141
104
103
137
123
170
109
9
93
133
101
98
90
113
57
114
1
66
114
134
142
126
114
137
106
1
133
112
136
93
101
92
144
123
10
131
134
97
114
87
141
157
119
5
107
90
148
106
113
110
127
99
8
150
113
142
102
135
128
131
145
3
136
128
106
92
129
118
156
138
1
103
105
140
119
152
142
91
93
5
146
127
122
127
113
124
136
128
3
131
136
136
110
115
135
106
126
9
121
129
106
107
171
127
135
109
7
133
99
149
136
113
127
123
94
5
101
102
120
112
83
110
118
151
8
129
111
133
126
143
115
129
117
1
118
114
113
84
126
91
88
101
9
87
106
71
115
124
143
130
97
9
108
89
147
114
106
123
154
119
0
147
122
107
125
95
124
121
78
7
114
123
120
128
97
152
117
119
9
139
134
116
135
94
91
112
96
1
113
107
134
85
130
125
121
119
5
115
80
114
133
118
144
83
136
2
124
132
124
125
119
138
130
108
9
102
98
120
92
146
103
137
91
4
145
141
66
134
128
97
120
143
7
98
120
140
122
112
127
102
87
10
127
112
128
117
98
122
95
154
7
96
121
92
156
135
117
126
93
4
106
108
143
162
113
137
153
109
9
127
117
147
110
120
113
118
101
1
121
116
114
126
119
150
127
105
4
114
129
108
99
61
120
110
94
5
104
137
103
121
149
80
146
145
3
108
93
131
132
111
132
133
139
3
141
78
110
106
96
105
93
130
0
148
126
99
144
101
137
141
96
7
127
78
122
134
121
128
100
114
8
92
133
80
141
133
119
89
148
6
136
87
98
134
119
131
121
112
8
110
119
127
111
117
149
91
100
2
85
92
121
133
129
102
107
82
2
139
100
100
101
135
67
131
133
1
156
121
147
116
80
105
104
164
8
101
98
86
134
103
130
142
97
6
120
94
86
106
123
142
122
100
7
142
122
89
134
111
97
138
88
7
147
143
129
117
85
123
93
107
9
100
124
100
90
91
133
112
94
5
140
102
161
136
80
112
150
112
3
79
106
132
81
133
107
74
163
1
150
137
65
141
91
121
103
112
3
100
121
108
136
107
107
162
110
3
89
120
118
106
146
91
94
102
4
118
108
117
135
121
112
104
119
9
140
133
147
127
121
102
114
94
6
125
104
132
100
72
121
112
114
6
136
106
149
105
125
142
135
164
9
106
77
114
119
148
131
115
141
2
107
106
114
85
108
124
126
101
5
131
120
120
108
120
149
104
142
2
103
121
134
128
102
140
152
113
5
153
107
101
85
111
119
120
141
9
131
98
139
121
171
130
106
102
5
89
139
133
108
120
92
141
127
5
80
116
84
84
138
111
139
112
9
136
129
132
135
115
92
120
108
3
78
115
127
121
140
113
128
148
10
113
130
121
109
98
109
128
120
5
111
93
122
123
80
118
117
99
2
81
117
108
115
125
103
135
128
3
99
114
138
96
121
98
136
124
6
87
91
121
127
114
124
117
76
9
93
72
127
126
107
118
126
139
7
99
106
106
134
160
159
138
127
7
116
164
104
86
113
116
130
157
7
133
100
119
112
99
75
132
132
3
112
136
100
126
97
115
92
137
10
127
107
98
146
106
121
102
88
1
117
114
156
124
93
108
86
89
7
121
104
121
101
120
161
107
126
7
85
88
106
116
140
129
136
135
8
91
144
135
111
93
140
129
128
10
91
107
143
113
91
82
107
124
9
71
103
114
153
114
98
145
99
7
127
143
123
133
79
136
147
96
9
130
147
148
98
101
134
122
121
8
62
98
139
136
102
143
89
105
10
104
136
134
101
112
130
136
115
10
98
101
120
108
124
97
90
136
9
129
107
111
144
136
100
99
85
5
135
120
77
128
104
120
115
121
5
113
117
101
114
128
111
136
113
5
121
126
125
95
113
114
119
102
4
80
127
72
95
134
132
85
121
8
111
136
115
113
121
102
106
92
3
126
106
142
132
133
147
115
124
4
114
114
107
136
101
99
136
150
10
128
116
121
86
134
106
121
134
2
132
163
134
135
112
106
107
136
1
110
117
65
106
128
90
112
102
3
112
142
72
137
135
147
105
121
8
103
146
102
135
128
138
93
123
10
140
98
127
129
129
116
71
113
1
101
107
123
137
113
123
127
113
4
110
125
86
138
127
91
152
85
3
140
128
94
134
133
120
115
135
3
133
153
96
138
114
128
129
92
7
91
93
113
100
143
125
144
84
6
110
119
101
115
83
116
101
133
2
128
88
145
107
148
126
99
122
9
111
128
126
111
125
142
100
141
6
129
139
137
101
135
130
103
114
7
128
102
107
107
107
138
97
105
2
114
140
113
99
106
95
141
103
6
92
111
134
127
100
121
107
112
0
133
128
121
103
115
133
136
158
2
125
149
87
102
85
131
114
92
0
102
140
121
113
126
104
107
107
5
121
107
96
108
133
105
121
85
7
136
134
90
100
118
141
135
121
7
111
117
111
106
95
121
109
128
9
112
98
149
134
104
87
120
115
0
106
178
110
128
156
90
142
81
3
107
131
138
156
129
117
99
107
8
152
135
128
143
142
135
113
105
7
122
107
148
141
79
128
115
87
4
119
108
134
140
113
137
122
103
6
109
120
150
166
98
89
115
115
6
154
112
117
109
102
125
110
106
6
149
132
105
86
124
143
142
120
2
123
117
161
114
99
135
115
100
6
166
160
83
107
144
141
91
111
8
120
149
125
111
105
122
113
85
0
77
84
121
99
124
88
126
88
9
135
122
123
122
111
124
132
106
1
149
128
106
121
156
86
123
121
7
190
113
110
133
109
114
108
106
10
147
132
101
116
118
125
73
103
5
160
102
140
92
140
133
114
150
2
182
124
137
114
150
96
126
108
7
99
100
161
95
97
112
120
122
9
138
108
107
112
107
92
96
117
8
107
110
150
113
107
141
142
107
1
116
122
122
119
102
144
78
119
2
87
117
132
118
106
105
116
92
8
132
118
143
108
126
144
114
133
4
144
146
94
167
112
130
108
106
1
106
107
130
168
139
150
106
92
3
130
120
119
116
133
133
87
85
4
127
111
137
137
105
109
126
128
6
119
112
85
113
83
112
89
112
9
81
113
114
118
103
123
106
99
1
106
92
118
131
100
93
114
131
1
123
81
126
118
119
131
109
148
8
134
113
123
108
162
91
150
99
1
79
116
58
149
113
88
103
141
0
106
133
130
140
87
114
124
113
5
136
113
85
128
134
160
156
133
9
96
127
144
109
69
92
125
98
2
74
125
119
105
146
127
120
100
5
100
94
122
118
106
99
78
145
8
112
79
96
100
140
94
106
125
3
87
138
103
96
122
129
125
103
0
95
89
123
114
113
105
78
150

