16
2
9
1
1
2
5
4
5
12
4
2
5
9
8
6
0
7
14
7
5
9
9
4
6
7
1
122
131
118
139
142
108
134
107
7
138
114
130
120
110
89
140
123
10
125
147
122
151
149
98
147
114
4
99
71
142
115
142
113
123
120
5
108
170
153
85
97
108
135
106
6
90
119
88
121
127
105
108
85
9
137
102
127
131
150
114
120
76
8
106
152
97
121
98
87
115
99
6
133
121
176
108
128
108
119
135
8
134
151
108
91
79
104
162
128
6
133
148
107
132
135
114
114
95
8
135
157
148
106
115
130
94
126
0
133
64
106
121
117
110
122
116
3
93
95
114
120
123
125
122
114
3
125
109
123
101
128
95
140
113
8
93
114
101
110
106
170
82
134
6
162
140
117
150
100
154
149
135
4
106
91
125
126
107
135
137
117
6
140
125
139
106
139
100
134
120
1
90
100
108
79
161
68
138
149
1
106
111
143
112
101
120
73
127
7
122
119
79
114
100
104
139
136
6
116
114
102
113
129
156
125
102
3
93
122
67
115
140
111
137
108
8
133
110
90
128
105
114
107
114
2
106
100
144
125
116
125
100
115
0
154
93
105
146
130
130
92
107
8
115
102
101
132
140
128
110
147
7
132
148
154
152
86
127
102
128
5
124
150
127
116
108
128
104
105
10
132
166
106
138
135
135
115
129
9
116
140
100
68
100
117
140
104
3
106
109
102
113
106
102
113
93
3
157
135
137
143
104
149
164
115
4
144
113
144
133
99
96
94
100
4
119
142
106
132
117
114
106
141
1
114
114
127
99
136
134
123
122
5
113
97
113
100
135
100
113
119
1
90
132
106
143
141
138
128
113
9
116
142
136
124
113
154
100
149
3
117
137
112
129
103
122
127
126
4
119
109
114
93
93
151
113
100
6
121
140
107
130
106
102
154
119
4
106
114
161
114
109
121
98
142
2
119
113
110
123
141
128
131
97
6
78
145
93
79
120
134
120
69
1
107
104
141
122
129
109
161
124
5
91
121
136
80
123
112
110
138
2
99
133
109
128
86
97
124
103
4
107
132
99
137
175
113
120
85
4
99
133
131
93
132
151
112
122
2
164
103
105
146
127
127
131
113
6
133
105
122
103
139
87
163
86
1
81
122
130
158
127
78
107
100
4
117
123
99
163
137
141
106
114
4
114
131
113
138
116
108
137
121
9
114
115
99
141
150
143
119
102
1
119
101
146
113
135
142
94
125
1
123
129
101
146
120
134
130
101
0
122
117
122
102
129
115
143
134
4
114
88
79
126
146
108
85
126
3
105
126
157
135
102
98
132
123
1
108
105
113
106
142
122
106
131
10
87
107
127
141
121
128
102
95
2
84
126
148
111
181
107
124
93
5
106
101
76
119
153
101
116
137
4
78
135
118
108
105
86
97
150
9
115
101
141
95
109
117
126
100
8
120
88
149
88
158
98
92
150
8
105
120
130
114
140
114
133
122
10
98
104
120
121
111
107
112
110
7
95
119
96
114
106
170
131
106
8
90
116
132
147
94
158
163
78
5
138
101
79
103
133
111
106
121
5
98
119
133
127
128
149
116
126
3
107
99
135
138
113
117
133
100
8
91
91
110
115
99
114
113
143
1
92
149
130
119
123
138
129
147
2
106
107
99
137
128
102
134
126
4
116
122
118
89
113
128
152
112
7
100
92
127
102
124
135
99
107
4
117
106
106
100
112
162
130
107
2
114
129
95
133
125
132
107
119
4
93
105
98
144
119
123
94
107
2
106
138
124
176
135
115
72
124
5
125
160
128
150
115
93
125
103
2
141
132
100
93
83
88
106
102
1
146
128
141
114
106
147
102
114
2
117
138
77
167
121
94
86
66
7
150
105
104
83
121
104
148
123
9
154
105
126
130
96
113
100
114
4
128
135
119
128
114
138
122
138
6
121
102
107
89
89
132
142
117
8
113
105
105
139
142
87
117
116
5
92
108
107
93
104
105
143
99
7
134
131
93
124
139
126
148
120
8
127
79
117
101
112
87
109
106
8
113
141
109
99
102
99
129
136
1
131
98
125
113
98
114
96
128
2
75
134
121
134
152
119
126
84
1
107
109
108
106
114
149
88
141
3
106
70
135
120
135
131
98
133
1
155
87
126
109
126
100
85
77
8
116
100
127
80
94
90
147
111
1
106
98
120
81
112
111
136
113
7
122
90
142
121
122
113
124
91
5
102
127
116
141
155
120
119
106
7
119
163
95
116
146
100
64
114
7
87
135
106
129
136
137
112
127
8
139
121
155
128
132
72
144
93
2
91
112
105
133
120
91
133
114
7
141
117
134
115
133
118
135
134
6
173
118
86
107
135
102
163
131
2
130
81
110
144
128
161
140
101
4
98
133
94
122
125
110
142
154
7
121
105
108
160
91
152
128
86
3
112
140
117
97
99
94
120
124
7
143
86
99
155
94
124
114
127
0
114
120
126
114
105
128
118
166
2
115
139
86
143
99
121
80
92
7
112
66
97
78
149
107
154
126
2
140
119
128
132
121
134
118
98
10
117
120
121
98
95
99
106
127
7
122
93
121
112
82
112
92
84
7
102
128
135
106
116
156
112
115
3
78
80
120
134
109
111
107
107
5
139
129
127
151
118
91
123
96
4
153
129
126
105
101
140
124
115
2
104
113
98
129
140
125
149
122
9
100
139
143
110
105
114
112
131
1
90
130
127
118
163
135
128
130
5
170
102
99
109
149
131
131
127
6
119
120
110
93
117
133
142
145
7
93
119
101
104
127
170
131
134
10
120
145
97
138
120
135
96
118
6
154
136
163
97
124
107
140
128
2
112
115
112
154
104
115
149
93
10
117
148
135
82
142
101
128
131
10
105
133
79
114
127
118
111
122
0
114
136
150
113
133
122
120
108
4
138
93
122
100
119
114
122
131
8
91
138
107
93
144
117
99
128
1
123
116
114
116
113
128
140
103
2
105
98
132
128
142
100
121
116
3
133
173
142
115
103
87
124
142
2
122
130
107
110
96
114
142
141
10
73
87
156
106
114
90
79
83
10
102
98
101
117
138
96
115
127
5
142
91
114
94
106
120
105
116
2
126
106
140
119
99
148
144
115
8
95
135
156
83
135
123
114
141
3
154
162
126
133
119
118
108
86
10
103
128
105
76
121
116
133
126
3
120
109
122
172
164
134
122
76
9
110
181
112
118
132
111
110
144
6
112
122
122
156
109
119
135
130
0
98
93
129
134
120
108
100
100
1
105
115
89
124
87
126
89
100
3
162
134
149
120
102
127
75
107
1
122
138
104
142
114
88
163
129
6
86
132
101
128
132
108
130
119
5
113
105
156
156
100
150
118
96
6
120
123
141
119
99
106
128
92
5
125
104
127
99
90
113
105
112
6
135
124
92
105
119
113
87
118
6
134
110
113
144
112
136
107
134
2
100
83
133
96
121
94
118
150
8
136
163
64
117
95
143
129
178
6
127
122
164
81
119
113
92
155
3
102
114
141
84
116
116
134
127
2
122
89
174
107
101
135
140
80
0
124
133
102
93
105
95
92
126
10
92
133
129
155
114
145
108
91
4
114
122
120
126
129
101
108
115
5
130
117
117
109
112
139
120
147
4
95
127
115
85
98
124
112
154
10
99
134
102
119
127
82
129
100
2
92
129
111
96
116
114
65
132
1
135
144
127
112
93
75
144
87
8
113
118
137
176
90
115
87
110
10
135
136
139
127
150
114
119
102
1
114
132
93
70
128
78
113
114
5
122
96
120
92
96
117
114
121
9
112
70
108
121
109
76
109
104
4
134
152
107
129
132
134
128
134
8
86
123
121
107
85
117
138
100
5
108
106
111
134
84
84
99
68
9
109
107
109
122
83
123
124
132
4
124
141
140
121
108
129
105
99
7
121
157
141
134
119
85
105
91
3
127
176
115
126
118
119
120
108
5
134
117
147
120
80
155
138
100
9
86
134
127
114
136
103
126
113
0
134
127
81
100
155
111
112
134
1
105
119
136
104
114
148
105
113
1
112
133
108
81
138
133
103
115
1
145
125
85
109
84
117
133
91
7
94
114
149
133
163
106
115
142
9
90
105
107
124
150
118
119
85
5
85
126
122
145
123
87
94
88
5
139
99
108
87
98
93
133
104
5
106
165
108
141
108
128
106
106
7
94
109
145
123
150
114
100
108
7
139
127
91
136
113
139
100
83
1
120
122
105
136
87
111
81
135
5
113
130
94
118
93
120
95
117
8
85
94
93
118
79
114
113
136
5
107
141
92
127
106
104
97
154
1
77
134
149
119
82
107
133
88
6
101
113
107
118
157
143
129
130
2
107
94
120
118
139
142
141
92
7
137
108
114
84
98
111
96
114
8
127
89
159
109
125
136
122
107
8
134
140
154
98
94
98
118
84
1
101
97
134
139
89
120
91
119
10
130
102
119
119
114
118
135
79
2
117
101
121
125
99
121
118
155
7
94
99
101
91
87
99
114
101
6
75
140
140
160
89
83
114
111
6
115
116
99
126
93
91
131
142
7
113
114
106
141
155
97
101
77
1
119
141
116
114
158
100
103
103
6
142
173
134
134
136
128
126
107
4
127
163
101
120
113
142
87
129
7
129
135
106
135
103
150
86
119
7
100
104
99
98
150
121
119
106
10
148
139
170
126
169
100
93
120
7
154
148
96
169
112
98
136
86
2
105
120
134
96
142
141
98
136
7
109
114
140
131
110
117
122
119
0
112
129
126
119
109
92
112
139
4
103
126
96
102
125
77
128
120
5
153
118
139
107
142
118
122
135
2
136
152
121
82
81
135
151
141
8
134
113
112
133
161
115
128
98
0
113
94
102
99
120
113
116
124
3
139
99
116
107
134
86
111
113
1
153
121
128
93
132
121
155
132
2
141
126
110
113
136
116
107
154
9
117
113
103
94
130
119
114
88
5
86
123
117
161
146
93
112
91
1
137
116
83
121
98
117
113
113
1
141
120
127
86
154
94
93
106
2
104
137
90
89
110
136
143
113
9
99
132
97
154
107
103
117
129
9
136
134
126
86
123
104
78
132
8
169
104
122
117
105
127
93
107
4
119
80
110
128
99
123
135
98
4
110
85
130
100
114
129
122
97
6
116
107
86
109
138
120
120
134
1
108
120
98
142
128
137
100
106
5
86
115
114
80
96
118
98
112
7
142
135
135
99
120
113
121
70
4
114
115
105
107
127
127
96
136
9
89
150
94
142
117
94
134
126
3
145
140
100
106
130
111
105
134
8
116
111
127
80
110
140
125
122
2
138
134
112
105
123
127
117
157
5
105
141
129
120
135
101
128
127
9
112
95
130
59
98
100
121
72
7
107
166
81
120
121
108
91
98
9
156
119
84
84
92
135
91
97
7
83
140
95
113
109
129
121
122
10
100
100
73
122
120
77
92
139
4
108
106
126
140
130
123
120
98
10
83
105
94
106
136
106
86
142
0
130
126
121
142
113
90
149
106
1
142
110
102
136
114
103
99
128
9
119
103
117
119
113
123
120
147
9
118
121
141
126
119
113
128
124
3
71
115
122
110
128
127
128
99
4
129
109
132
80
139
124
84
113
5
110
94
115
136
115
136
78
81
10
82
115
101
112
116
125
114
108
8
122
87
141
127
114
78
95
110
3
110
151
152
88
92
88
119
152
8
147
104
121
107
109
162
97
55
5
122
137
106
114
75
106
123
141
0
112
100
123
108
100
81
119
116
3
89
108
139
127
114
126
139
123
1
111
85
143
127
99
99
90
103
4
127
137
113
99
105
106
111
145
1
137
104
119
138
115
124
121
123
7
106
130
108
56
135
86
107
111
1
142
152
145
146
126
95
120
86
10
107
99
130
127
103
117
140
89
2
131
137
110
147
114
87
80
117
4
119
160
113
129
127
118
99
79
3
113
132
133
77
129
123
156
86
8
109
115
108
82
128
114
87
114
8
139
89
108
119
109
128
138
127
8
131
149
84
111
142
178
73
93
3
99
131
137
126
135
140
113
110
7
101
87
123
114
114
125
142
105
2
147
139
140
121
127
143
148
102
4
157
121
105
111
155
121
119
108
5
112
113
126
118
105
146
140
136
4
126
150
125
82
122
146
122
105
6
128
124
138
107
125
126
123
113
8
102
95
131
127
131
112
92
114
9
152
138
118
90
149
141
112
134
4
149
141
120
101
106
115
119
118
2
134
114
110
144
101
101
119
114
4
133
135
113
91
132
161
86
146
5
78
124
108
142
142
72
107
119
6
106
107
102
125
100
134
104
152
7
134
105
91
117
89
124
122
113
2
118
134
92
115
163
170
105
106
5
89
128
115
86
92
109
100
128
3
93
95
123
88
114
149
155
90
0
135
115
88
101
102
110
107
92
4
97
155
102
96
84
96
103
93
3
120
118
136
96
103
111
119
104
1
118
94
148
135
134
128
117
95
4
115
141
79
87
107
81
148
88
2
121
142
134
124
137
78
100
142
3
114
109
52
127
145
121
149
105
6
128
105
111
107
138
110
83
104
8
85
93
138
97
107
135
132
100
6
106
113
101
112
85
117
123
157
6
118
107
137
157
122
92
144
134
5
110
103
113
134
122
106
119
98
10
92
124
115
111
113
122
125
119
7
129
83
97
122
121
107
120
141
4
94
127
136
147
125
99
114
128
3
128
140
121
133
90
133
128
85
10
112
136
135
142
142
104
153
65
9
120
84
109
106
126
133
120
143
4
105
132
122
128
129
153
131
107
1
91
111
98
137
124
119
120
144
1
125
135
98
147
108
126
97
117
0
117
112
135
131
136
125
128
106
6
107
98
183
155
99
132
82
125
1
104
121
121
130
92
156
137
127
3
140
127
92
119
156
102
143
164
7
132
149
154
121
98
155
121
98
2
126
91
142
120
100
106
107
168
8
98
108
94
92
102
132
146
111
7
130
132
152
103
109
138
127
117
5
119
121
98
116
107
120
135
98
6
129
131
130
115
140
120
106
158
2
94
126
100
138
121
114
107
97
2
99
94
124
93
141
126
142
112
3
119
124
142
94
115
129
104
97
4
99
112
116
127
79
117
111
120
7
122
106
134
138
124
88
110
112
6
114
114
120
113
111
113
136
123
2
154
92
156
160
170
106
111
148
8
152
141
130
108
110
116
136
92
7
143
133
108
91
121
138
118
157
1
121
105
121
110
85
128
158
102
6
111
121
112
81
124
100
98
147
3
116
120
142
133
95
119
94
140
5
121
93
113
155
133
132
152
100
7
107
93
106
122
117
126
111
135
3
94
114
110
126
108
84
115
85
9
111
125
128
88
101
135
105
159
3
121
96
127
104
84
121
134
109
1
107
106
127
120
102
100
128
135
1
117
93
115
113
92
153
102
139
2
143
119
137
123
111
132
135
139
8
99
142
105
104
146
119
113
140
3
125
113
85
107
119
141
92
78
6
130
117
111
109
120
126
99
153
1
113
121
149
91
102
73
129
149
4
99
121
99
108
143
111
112
113
4
106
115
99
139
118
106
122
116
7
148
96
116
116
107
100
157
128
7
86
129
118
101
113
128
103
105
10
122
93
142
112
107
114
144
89
5
134
153
150
107
139
106
151
85
10
106
87
93
75
106
115
126
132
6
80
127
88
106
142
101
104
146
6
134
129
112
121
94
122
93
86
4
138
92
117
126
135
131
100
121
5
123
122
139
128
106
106
89
115
1
97
100
112
114
112
85
131
120
2
134
126
96
178
86
114
107
97
5
79
150
100
120
93
94
115
149
2
113
125
98
126
112
109
93
105
5
88
91
113
122
155
107
118
143
9
113
116
98
90
136
114
118
115
2
110
139
97
122
145
141
155
139
6
120
87
96
98
120
95
130
76
1
148
57
116
89
113
93
100
129
3
110
116
135
92
114
113
120
155
4
99
129
123
120
93
86
139
142
7
104
133
127
120
126
89
110
116
8
115
139
104
126
124
93
134
95
1
93
132
121
125
93
93
139
141

