9
5
8
9
4
7
1
8
8
12
10
6
2
3
0
1
3
2
10
1
5
6
7
5
3
1
9
160
93
109
105
120
85
99
113
2
106
83
113
106
125
116
131
107
1
141
134
116
113
113
121
114
100
4
149
127
106
75
144
177
112
101
7
99
103
83
135
128
102
113
136
4
111
91
151
118
140
140
114
110
8
120
169
125
99
135
141
99
87
6
135
100
101
141
132
103
144
126
2
121
105
127
98
95
100
108
121
8
141
134
113
86
113
107
72
122
8
96
132
89
88
126
137
132
105
6
130
128
92
126
78
172
126
114
10
117
163
132
120
96
134
99
142
10
132
130
134
130
107
148
89
100
1
106
137
155
110
122
102
59
125
7
111
79
103
159
137
135
93
85
5
110
129
101
113
73
134
121
105
5
95
142
129
120
113
122
77
121
2
63
101
122
101
133
133
120
143
4
126
132
110
100
136
78
128
87
7
126
109
126
98
106
100
101
154
4
134
104
133
97
110
122
129
105
10
113
116
114
106
134
147
100
116
7
125
99
94
179
128
126
81
106
9
99
142
124
124
127
108
138
114
2
99
112
96
94
161
112
114
121
4
132
140
104
112
92
135
117
120
2
132
60
134
112
103
100
157
91
10
92
108
84
113
132
134
144
50
1
113
98
114
104
105
158
115
100
6
140
106
98
111
154
141
86
123
6
140
104
97
149
139
103
127
125
7
128
106
65
130
126
110
131
146
7
134
113
92
123
116
121
92
149
9
122
138
115
120
95
106
144
92
2
116
119
125
148
127
134
113
121
0
139
136
127
121
120
81
141
137
4
94
137
125
147
108
177
93
129
7
116
122
163
135
103
143
97
111
7
137
134
106
149
87
53
99
68
4
123
124
94
135
85
127
128
128
9
142
88
111
108
101
161
100
89
2
155
121
113
137
94
120
139
142
10
118
117
77
113
98
174
99
91
1
108
113
100
142
107
118
141
119
8
121
127
107
107
108
92
108
160
3
112
126
147
100
106
146
91
109
1
126
134
86
91
87
119
119
114
1
113
116
109
133
142
120
77
126
2
156
118
117
124
95
124
106
140
6
145
134
118
86
136
147
134
117
9
105
111
138
128
129
137
118
125
5
135
121
92
106
129
125
166
115
6
126
93
93
85
121
143
107
135
7
141
114
127
120
117
118
107
94
4
121
97
95
135
114
91
119
84
7
107
103
109
103
101
106
122
115
2
105
155
98
115
106
123
64
83
4
96
128
111
105
120
135
67
93
4
105
95
108
85
129
86
125
86
6
114
99
99
141
129
117
122
128
7
106
110
98
101
132
134
134
107
3
94
98
105
112
154
99
134
141
9
122
89
95
132
102
106
125
106
7
103
112
77
125
111
169
141
128
9
141
115
78
106
114
95
82
118
9
121
126
135
93
99
122
102
107
7
112
127
124
140
134
143
137
115
0
114
106
86
104
86
108
143
138
4
98
114
135
115
134
117
117
65
4
142
91
107
136
104
98
115
149
7
120
85
132
126
75
119
104
124
4
133
106
135
93
118
102
148
121
4
123
159
117
99
132
99
109
143
10
141
128
115
123
140
110
145
132
7
140
122
79
104
117
111
127
113
10
139
107
136
104
118
100
86
98
3
99
96
114
120
72
99
118
127
9
148
92
93
120
112
106
105
100
7
110
127
112
103
64
140
128
119
5
115
119
121
100
128
120
162
114
9
104
78
99
129
133
109
94
114
0
107
124
117
93
93
119
138
124
6
120
123
91
124
79
123
141
123
4
106
116
105
99
156
88
121
97
4
114
94
132
114
154
126
124
97
0
135
101
107
114
92
135
113
131
7
141
113
100
138
100
105
94
114
6
141
136
110
92
79
87
129
120
0
129
111
86
107
120
128
92
120
6
101
114
113
118
113
122
150
108
6
135
114
99
108
123
106
126
147
5
135
149
127
109
81
108
103
123
3
155
102
107
101
74
106
129
92
4
131
118
140
105
93
106
124
133
0
92
127
116
145
108
71
104
121
2
148
114
95
128
100
127
85
97
2
99
108
109
71
123
142
133
91
1
123
143
121
116
100
127
114
108
9
121
100
145
71
129
108
123
106
9
114
121
121
86
110
107
141
121
6
124
124
106
116
121
118
128
149
7
132
111
107
94
117
126
119
95
3
82
96
145
138
68
44
119
126
7
117
120
81
79
87
100
113
108
1
148
101
118
85
96
122
106
125
10
95
118
119
122
151
149
121
134
1
105
128
128
122
112
99
120
108
1
126
126
122
136
128
126
145
88
5
119
113
117
136
111
127
138
151
7
127
169
96
82
99
97
148
114
8
126
111
93
87
115
149
68
107
8
79
114
113
94
124
108
108
118
0
154
110
121
121
134
119
129
125
6
102
122
89
92
122
114
97
72
2
114
98
93
128
150
126
93
136
4
127
88
154
134
107
99
128
106
8
105
122
94
79
117
120
99
177
6
100
113
120
109
132
88
87
91
9
101
106
100
133
128
144
152
98
3
86
91
135
135
126
109
164
137
9
101
116
156
111
101
130
132
110
7
140
109
113
93
122
120
128
156
1
156
121
148
113
132
84
120
119
6
102
106
115
84
121
120
131
105
8
107
118
146
128
85
89
125
122
10
137
98
150
135
133
123
96
130
4
109
111
94
142
126
120
109
94
1
128
90
127
103
135
125
102
124
9
109
84
106
151
133
101
133
120
7
123
105
113
81
112
86
107
85
2
108
115
100
99
100
88
113
141
8
129
84
113
148
121
122
109
99
1
55
130
93
93
106
128
100
97
7
130
105
114
121
101
121
115
107
5
100
106
79
148
106
112
132
140
9
99
113
103
105
117
127
99
129
3
120
106
112
98
79
108
111
135
7
149
75
128
113
117
118
140
74
10
132
86
108
134
118
107
121
105
9
107
114
98
101
105
117
132
113
1
130
99
135
95
129
127
118
107
7
136
105
136
152
114
142
115
80
5
107
122
113
121
91
135
137
93
8
120
151
148
100
111
112
117
93
3
107
129
119
136
128
78
128
119
1
128
113
138
106
112
115
119
109
3
71
134
119
105
121
106
138
116
9
134
167
111
120
99
137
105
132
6
140
140
115
114
94
130
128
155
6
105
80
136
92
115
102
127
118
6
125
56
85
107
143
88
152
128
6
110
107
134
137
126
118
85
127
7
130
120
84
132
121
128
127
125
7
136
113
93
72
99
82
85
126
3
127
127
152
128
120
102
105
116
4
141
100
121
80
142
131
135
113
10
86
113
160
107
114
110
124
106
7
101
95
113
182
101
78
94
138
8
99
99
112
107
111
100
106
133
0
105
125
117
138
90
121
142
106
8
93
142
119
120
154
102
101
143
6
97
125
127
107
104
132
103
94
1
155
170
130
86
112
148
93
105
10
129
104
129
133
136
100
140
99
1
134
120
137
84
148
85
122
113
4
114
94
105
107
152
136
165
111
2
146
120
126
96
104
101
125
130
1
87
106
115
120
131
151
93
124
8
100
161
128
102
146
117
139
150
9
119
98
88
108
104
114
127
131
3
85
125
148
106
90
126
128
115
4
122
87
127
134
108
59
99
105
6
91
93
141
145
89
108
119
108
4
86
107
100
117
159
106
135
107
7
49
114
113
114
150
122
120
140
4
134
87
112
168
141
101
113
180
6
159
115
71
91
87
139
127
98
5
105
110
109
112
140
85
153
101
3
123
120
122
130
148
128
99
106
1
131
103
96
122
92
143
127
127
4
101
106
133
99
94
83
87
112
6
134
89
141
113
105
95
123
109
5
99
125
116
160
136
80
113
106
6
117
85
108
101
103
145
106
106
6
97
141
115
122
115
132
128
97
9
140
128
109
106
100
115
107
91
10
112
116
114
113
142
155
69
112
9
131
137
98
126
141
131
105
148
5
105
120
96
139
147
114
124
114
8
106
122
130
86
137
88
142
121
3
140
105
144
101
135
111
83
109
4
98
118
118
135
170
134
110
118
5
131
85
129
125
119
99
138
117
3
159
125
79
91
85
121
114
85
5
108
120
130
120
139
132
99
135
4
112
113
120
121
96
99
125
107
6
106
96
140
104
135
121
113
104
5
107
134
126
91
143
105
115
125
9
107
117
141
129
104
115
126
85
6
150
106
142
134
105
163
108
84
7
117
150
143
91
129
92
85
100
2
100
117
94
117
120
142
121
112
2
78
142
102
80
116
96
128
87
4
134
128
155
122
132
134
107
85
3
136
142
127
130
104
135
147
120
2
154
122
139
115
123
100
92
87
3
98
94
111
106
128
114
108
114
1
118
126
136
116
123
124
122
105
8
121
113
127
80
135
117
95
147
3
102
103
120
106
124
96
149
109
5
71
91
128
121
71
114
98
123
10
101
120
93
89
122
95
124
164
5
94
129
61
108
128
124
116
118
0
100
164
133
109
99
122
84
153
10
106
81
121
131
155
128
170
138
2
111
149
113
100
147
149
106
111
4
160
136
122
91
115
126
110
108
8
124
98
122
142
101
110
133
135
9
76
112
84
92
120
129
110
92
8
104
103
99
108
157
92
138
139
0
142
132
106
101
86
90
138
112
9
125
95
137
151
82
125
106
128
4
87
96
114
135
133
67
122
130
6
120
67
133
148
75
138
148
69
1
119
111
87
80
134
121
140
169
9
129
164
130
104
93
144
108
115
2
129
141
141
99
147
126
127
123
7
109
132
121
119
125
112
114
98
2
113
115
118
121
141
120
94
99
0
154
104
109
129
149
121
80
83
10
149
122
128
91
121
99
113
112
3
128
112
94
150
119
133
76
123
6
126
130
145
112
127
123
117
102
2
165
105
121
80
80
130
113
129
0
144
119
108
123
127
102
97
63
6
98
103
104
113
108
115
135
144
1
128
142
98
119
125
114
118
105
3
109
110
147
112
67
114
164
79
8
121
154
108
166
145
104
105
118
5
90
123
126
142
138
71
115
109
9
95
149
158
93
127
106
118
107
2
111
106
119
99
143
97
120
99
2
140
118
140
100
151
126
94
140
10
105
100
142
137
96
126
171
129
8
93
108
140
112
120
84
129
107
4
106
104
124
148
134
118
106
73
2
100
129
107
121
142
151
120
119
2
119
136
104
107
103
138
82
111
0
116
151
136
149
67
135
77
122
5
122
127
76
81
125
90
114
123
0
123
108
135
82
106
87
125
113
8
106
72
127
99
99
147
110
100
6
115
128
132
119
142
93
107
130
9
116
123
98
101
95
146
135
156
6
139
113
96
140
108
101
128
120
7
125
136
100
138
114
116
119
120
2
70
144
89
121
156
120
143
137
4
106
132
113
79
126
93
125
128
5
116
101
124
127
128
135
117
102
7
128
105
104
120
138
122
113
127
4
141
127
107
92
92
132
142
117
6
141
132
129
99
144
135
88
123
8
79
114
86
150
64
124
92
121
8
126
121
94
122
114
136
117
143
9
107
127
151
103
155
101
135
126
7
108
113
128
118
117
143
138
90
2
81
129
150
154
84
88
126
132
7
85
93
143
89
78
125
149
102
10
119
124
120
96
137
143
112
93
1
90
140
127
120
112
122
119
162
7
103
135
136
92
113
114
86
108
1
96
114
141
108
101
120
117
119
5
126
123
140
130
128
98
121
96
6
135
155
139
116
111
105
155
96
5
133
128
140
133
129
130
84
111
3
87
135
128
127
123
104
136
143
8
128
123
135
126
126
149
115
113
0
107
108
95
122
136
101
102
99
4
93
115
79
102
135
128
101
122
10
124
93
126
112
112
86
127
110
3
136
92
131
114
131
137
104
128
3
100
112
84
108
122
105
121
120
9
129
124
86
120
131
128
132
164
0
95
142
118
95
103
86
146
92
8
111
112
92
104
89
155
85
99
6
122
124
120
87
98
124
145
120
4
78
115
93
113
150
121
102
106
2
104
135
122
114
110
101
116
118
7
116
122
113
149
111
114
141
121
7
113
120
70
143
143
103
109
102
7
123
114
112
94
106
128
181
122
6
115
140
127
146
105
109
150
162
7
134
101
128
136
91
87
100
109
7
98
106
121
99
140
137
135
77
10
121
117
133
126
113
85
104
91
8
103
128
119
136
134
79
105
114
9
135
105
145
105
113
98
146
86
4
112
124
130
141
133
126
135
128
9
126
92
90
93
106
128
96
138
3
93
87
120
126
134
121
154
121
6
148
130
104
126
114
116
156
114
6
114
85
119
107
84
134
127
113
10
99
98
121
79
149
127
92
146
3
129
139
99
122
151
108
107
135
4
155
113
123
118
91
107
73
114
1
121
116
113
150
105
128
109
98
5
120
91
105
133
118
125
106
138
2
98
120
115
108
93
126
134
132
4
130
165
102
108
155
121
132
101
1
121
101
108
129
112
98
129
138
4
120
99
99
143
86
126
137
127
8
119
125
163
149
113
110
91
107
4
99
126
145
107
132
125
105
99
8
123
124
109
151
125
119
132
92
6
89
121
115
128
143
95
86
114
8
129
125
108
128
93
162
135
84
9
102
122
157
100
160
126
96
87
3
147
121
114
92
134
171
97
124
5
128
74
140
118
103
138
115
115
5
122
92
97
140
136
117
142
134
1
88
120
82
131
114
132
115
92
2
143
106
118
134
140
108
122
78
0
101
101
132
106
116
157
107
126
9
141
108
123
118
147
113
102
134
2
128
127
124
107
120
98
107
76
5
111
113
129
95
125
107
89
78
2
115
127
98
126
111
111
141
94
1
133
111
100
93
113
120
139
106
8
113
87
93
129
133
78
107
104
7
92
122
80
128
86
72
108
86
9
115
93
92
101
121
88
130
115
0
105
84
89
114
124
154
144
141
5
128
129
118
86
86
101
136
85
8
129
127
105
131
83
112
119
92
1
128
107
133
112
161
98
97
109
4
130
104
106
106
115
99
113
84
6
115
124
143
135
124
151
106
127
8
91
126
99
142
129
118
146
146
2
111
87
99
98
89
112
124
117
6
133
112
134
131
94
135
95
144
9
87
121
92
122
94
140
114
143
5
122
105
150
128
110
134
124
128
3
160
111
84
121
107
112
120
98
4
130
102
105
106
117
150
133
102
2
112
128
136
132
120
149
112
134
3
105
96
123
83
123
106
126
78
7
147
118
121
105
153
123
86
127
3
91
99
107
132
112
78
135
113
3
135
131
129
122
127
141
115
105
9
127
102
87
105
87
106
76
118
1
159
128
128
149
88
112
98
126
4
123
132
121
117
126
140
106
99
4
79
121
143
120
129
85
124
156
4
135
133
128
127
107
104
120
107
3
78
113
103
86
105
98
146
112
1
93
101
107
111
78
169
98
97
9
85
121
122
120
72
97
114
150
4
95
127
107
142
137
133
108
146
5
106
135
113
116
145
102
98
111
5
129
113
119
98
122
137
111
107
1
117
156
128
120
128
112
140
146
1
136
124
100
138
168
143
100
140
7
108
118
108
99
123
145
120
135
3
126
135
149
93
99
126
136
126
9
73
129
133
105
111
118
81
110
3
103
87
115
159
90
112
122
132
4
103
107
127
117
148
100
146
93
1
100
150
160
91
112
91
91
91
8
100
123
108
96
125
128
145
136
8
82
98
105
142
108
118
127
149
8
143
127
111
119
115
122
129
158
3
121
98
130
134
76
163
114
106
6
133
153
81
70
137
142
138
83
9
141
135
150
146
148
135
130
93
4
121
127
115
144
85
101
115
141
7
174
85
121
79
128
107
120
122
6
123
143
92
128
110
125
142
101
6
128
120
133
101
130
120
102
145
5
142
117
124
147
142
114
106
140
9
113
111
113
108
145
70
93
135
5
133
138
113
112
121
94
85
103
7
93
135
111
83
110
122
120
122
4
136
122
114
117
106
113
100
106
0
99
119
99
114
136
143
121
85
7
126
95
110
122
134
129
114
119
8
123
134
156
132
130
105
141
104
2
120
141
108
115
109
106
110
107
9
106
120
129
112
110
107
124
111
6
123
135
153
131
134
114
144
104

