14
7
10
9
5
9
4
10
0
10
4
3
6
2
6
10
3
2
8
2
9
3
2
10
2
6
2
126
105
154
134
99
105
109
95
7
106
136
141
113
127
134
126
118
9
127
103
97
105
127
122
117
122
4
123
117
115
94
126
119
107
140
2
156
117
97
55
123
90
127
113
8
79
91
148
122
107
129
109
99
7
115
137
127
116
118
149
120
150
0
139
85
130
100
117
122
124
124
7
105
124
121
80
163
114
121
128
8
130
122
92
112
124
150
128
107
1
127
119
157
119
110
122
101
72
3
119
116
108
130
119
89
100
127
10
106
81
106
148
135
115
126
113
9
90
135
114
90
109
121
117
94
1
124
99
112
115
123
92
93
128
7
112
129
126
107
128
148
85
113
7
96
83
86
113
100
117
130
108
5
135
142
131
104
94
107
110
104
7
115
125
110
132
153
128
140
115
7
112
128
131
122
116
116
122
95
9
106
86
114
130
100
94
135
114
7
147
101
136
140
126
125
122
141
2
108
135
130
143
127
115
125
91
7
118
109
98
127
91
104
127
131
7
108
88
148
145
106
113
111
118
7
107
112
118
133
121
99
105
111
4
73
94
129
123
78
104
98
119
10
120
93
135
144
111
87
105
105
10
128
145
118
129
139
71
122
140
6
119
96
85
90
154
103
107
97
8
99
102
102
106
123
109
127
139
8
123
69
132
110
133
122
128
129
6
116
114
124
154
127
123
151
87
4
108
119
121
157
76
135
96
140
0
148
92
119
135
113
114
129
149
3
138
83
132
100
79
114
115
121
3
100
140
76
154
135
111
135
135
4
89
99
126
85
110
106
115
89
10
107
78
116
105
134
127
138
133
4
99
122
130
132
135
100
100
124
4
120
116
112
128
128
95
141
127
9
133
105
108
109
133
122
114
155
4
112
91
94
138
100
104
117
127
5
74
101
112
120
80
88
114
78
0
143
142
141
113
121
128
155
127
6
116
72
121
134
87
80
106
113
7
118
117
103
98
96
145
110
110
7
112
125
167
97
78
119
100
105
6
121
114
129
176
126
79
127
150
6
103
101
106
155
115
125
135
103
4
112
108
117
85
123
105
90
101
0
107
82
98
80
104
143
103
136
8
135
124
95
139
123
170
108
122
9
119
108
125
108
113
156
133
133
8
147
134
106
128
133
143
128
105
3
91
132
117
128
95
133
96
108
8
130
133
140
99
90
128
123
119
8
84
140
133
149
112
123
136
88
5
137
97
105
119
124
126
101
101
5
132
126
102
127
104
142
133
123
9
100
118
99
121
125
148
76
123
8
92
162
111
145
127
119
136
113
4
117
151
136
113
106
131
91
127
1
104
96
101
89
107
139
142
136
6
92
148
126
125
115
111
78
114
3
156
119
133
122
127
100
135
99
8
110
107
120
107
128
129
119
121
5
133
126
86
95
75
130
137
116
8
78
118
116
97
115
99
121
70
2
99
134
122
100
93
115
111
117
7
121
120
141
80
173
129
150
120
1
126
84
108
107
106
96
93
89
8
108
142
100
107
148
124
101
120
7
142
133
127
112
123
139
112
105
4
144
94
104
121
121
86
136
112
7
119
110
89
109
178
149
102
112
2
107
143
120
120
135
118
119
156
6
115
155
101
143
115
134
114
106
7
70
178
121
81
115
127
126
74
9
118
125
142
86
117
129
146
130
5
112
87
108
97
121
104
118
111
10
93
76
113
93
112
105
107
119
9
138
126
133
136
93
135
148
150
9
98
121
151
108
106
114
107
140
3
136
145
122
99
143
139
123
116
5
88
128
86
103
130
101
89
122
0
113
109
134
134
74
127
113
94
4
154
135
105
147
90
122
101
120
5
92
142
137
136
96
114
116
82
5
99
115
137
129
134
118
102
109
1
125
112
120
99
106
65
136
93
4
80
119
105
112
84
122
114
126
3
107
85
96
101
75
101
121
80
4
86
113
70
128
93
84
112
131
2
70
91
100
128
126
119
108
99
2
147
126
92
122
158
115
121
135
4
121
105
89
126
119
125
78
147
5
157
113
122
107
79
79
87
131
1
139
121
107
107
102
117
126
117
9
127
73
107
93
86
85
125
141
2
104
94
135
142
127
114
118
105
9
143
79
124
128
131
115
112
145
6
114
96
133
134
99
87
142
127
9
102
127
118
121
158
129
118
136
9
74
119
98
121
149
88
110
63
1
115
137
137
135
89
104
133
162
10
102
104
69
95
158
126
121
95
7
82
143
101
128
119
93
98
120
3
94
127
93
157
109
114
120
140
9
148
124
105
161
123
140
131
137
4
131
106
135
113
113
117
100
111
6
107
138
110
112
131
97
98
108
5
107
115
124
122
103
107
112
58
4
99
143
147
131
145
154
117
129
10
94
122
88
129
126
103
138
115
1
138
135
120
85
74
103
73
169
7
85
82
113
107
113
124
114
100
7
100
110
119
143
114
123
128
129
2
143
92
106
135
123
107
126
56
3
115
139
129
106
133
114
99
132
10
90
99
108
127
94
147
112
142
5
110
118
169
85
133
87
113
107
5
86
92
136
102
83
99
160
118
3
108
87
114
87
67
135
103
112
6
99
91
116
127
114
143
107
98
7
107
125
132
105
108
115
114
105
3
101
121
113
113
128
115
140
78
8
96
127
92
125
92
106
150
129
3
127
126
140
112
102
109
112
156
6
96
124
65
93
102
112
102
106
6
120
139
177
132
92
150
134
114
5
108
109
145
127
128
127
108
115
3
121
138
97
100
121
121
124
129
9
108
109
114
85
95
128
111
105
8
78
123
121
134
99
100
115
101
2
73
113
130
133
129
106
113
137
0
91
99
110
109
129
128
88
108
4
120
125
127
137
106
108
118
116
4
125
118
107
87
86
103
114
110
7
127
114
118
137
134
124
110
120
3
148
112
109
92
140
116
148
149
5
127
125
132
114
139
92
103
129
0
124
130
148
124
175
112
147
106
2
87
129
88
116
120
117
122
114
5
122
119
113
157
143
83
104
111
2
99
58
117
103
122
105
122
117
9
107
121
91
105
109
112
140
108
3
112
133
109
147
79
159
128
148
6
147
107
92
115
110
115
100
100
5
136
117
89
113
101
135
105
133
9
103
139
124
126
119
101
96
134
6
125
140
141
84
124
110
110
128
10
141
142
133
136
105
143
131
105
2
90
113
119
105
106
128
134
126
0
131
118
114
103
136
119
95
79
2
130
111
135
119
84
123
122
149
10
105
110
77
142
129
82
114
129
8
91
107
118
88
148
126
128
127
8
115
124
109
124
92
131
99
119
4
167
134
117
114
116
108
131
136
7
145
63
139
117
147
128
90
105
3
116
118
117
89
109
86
100
91
8
91
118
119
80
134
106
107
146
2
101
131
154
103
86
93
108
135
7
104
121
133
148
128
113
126
149
2
112
156
88
108
100
85
85
89
5
135
121
109
128
129
121
147
129
6
109
113
115
135
106
118
131
121
8
119
116
121
118
106
107
121
120
8
118
111
118
106
87
98
122
142
1
113
99
97
160
121
144
177
121
0
84
141
130
127
65
122
126
103
3
121
88
124
155
112
122
144
129
1
126
128
97
128
131
64
135
102
2
101
129
116
138
117
153
152
134
10
97
113
106
174
118
77
119
145
10
124
110
122
99
113
129
122
120
6
113
114
110
135
56
86
128
130
9
115
87
147
114
113
87
122
130
5
100
121
113
120
43
97
108
108
6
109
111
116
98
98
118
99
115
3
133
142
157
112
101
169
92
113
2
111
175
107
135
129
85
113
150
10
123
134
147
121
99
125
112
104
1
90
134
135
123
113
125
73
147
5
91
171
125
140
137
143
107
114
7
92
84
136
112
117
107
133
149
6
76
128
143
101
114
102
103
108
3
105
99
94
114
127
123
128
169
5
120
113
128
141
142
107
90
149
6
114
140
124
126
118
116
99
128
3
86
108
145
113
99
95
105
116
9
125
141
128
102
112
128
142
133
2
142
83
115
102
94
107
85
117
8
134
115
127
71
113
112
117
115
6
133
134
84
151
115
111
127
127
7
142
124
132
153
98
126
124
125
7
97
91
132
114
151
99
115
123
3
112
164
127
103
99
101
153
136
2
77
121
114
105
134
72
104
140
5
122
128
101
110
111
121
150
145
8
95
117
128
86
95
135
138
87
2
131
138
114
104
110
105
107
102
5
103
97
138
107
101
106
114
113
7
104
106
145
149
101
97
112
98
1
93
132
119
121
138
113
93
108
10
141
128
103
162
127
96
107
119
5
115
118
138
110
146
102
124
93
10
75
98
107
127
78
77
98
132
6
93
80
106
127
142
82
127
86
7
115
135
113
114
113
100
115
128
2
123
93
113
142
120
96
128
135
7
99
112
99
136
139
114
148
99
8
120
119
104
109
125
131
114
108
5
122
101
126
118
106
90
79
107
4
111
102
94
132
141
139
121
114
3
107
139
116
92
121
128
148
141
2
153
121
128
101
119
76
104
114
7
129
161
115
110
148
110
148
107
8
123
92
84
147
118
135
85
85
4
132
116
128
107
126
112
93
78
5
107
113
119
116
101
108
94
101
6
146
105
108
131
106
94
84
113
7
110
115
137
138
108
138
114
130
6
134
114
85
101
127
114
103
97
5
105
161
101
84
118
126
113
113
2
111
138
129
92
99
107
114
114
10
124
144
115
110
142
150
100
148
6
93
132
105
85
131
130
93
115
1
143
98
110
128
162
98
121
109
2
111
77
110
100
148
130
100
59
1
96
155
135
129
86
104
83
149
7
119
131
93
99
115
129
129
106
8
95
82
88
167
71
115
128
114
2
123
126
114
111
109
142
145
120
6
106
86
92
129
136
123
130
120
9
120
149
124
63
121
127
141
109
7
124
118
89
142
123
134
123
121
6
71
105
138
108
84
99
147
140
6
106
120
115
75
98
162
117
128
2
121
113
127
107
136
82
128
134
4
114
121
84
133
142
122
118
107
2
127
128
106
148
122
111
128
126
2
141
107
93
115
122
159
143
123
3
127
106
78
84
107
97
128
134
0
92
128
107
127
120
91
145
100
9
140
75
140
107
80
107
135
127
3
110
105
104
120
119
122
99
134
5
127
119
113
129
111
141
85
152
10
99
106
122
106
182
110
133
105
1
123
120
78
137
104
132
128
126
8
118
153
135
104
99
111
113
134
9
146
74
73
113
82
114
135
134
5
93
115
117
129
107
139
100
126
3
128
106
112
156
134
93
124
99
8
148
107
83
106
105
81
126
124
2
114
110
107
130
110
135
115
125
5
105
121
91
115
86
99
107
113
6
122
107
139
114
92
121
102
159
8
131
128
108
114
107
145
79
136
3
131
112
127
102
137
116
131
114
8
110
126
122
115
108
114
133
102
7
120
106
142
96
106
82
103
131
3
128
106
106
126
129
122
139
115
7
114
118
113
135
138
114
126
100
6
123
136
104
113
135
105
96
133
8
135
159
106
100
107
120
134
103
9
114
108
119
127
119
84
136
156
1
104
95
114
132
146
75
121
134
8
130
108
135
129
78
109
101
119
2
104
125
143
128
119
117
116
117
6
107
113
136
129
113
150
111
119
6
115
120
104
93
115
125
133
140
3
127
136
134
100
86
105
129
113
3
151
123
114
119
136
114
114
127
7
146
107
114
147
122
118
74
53
8
126
93
113
125
89
114
123
127
4
129
106
72
142
88
123
118
80
2
98
133
126
120
122
127
105
111
5
52
138
90
127
93
121
123
119
9
157
107
153
129
140
91
156
111
10
128
111
99
150
136
50
103
130
6
101
116
122
108
108
123
108
130
4
114
97
126
96
75
125
113
113
7
97
96
126
86
128
93
147
156
9
118
147
137
105
114
60
73
113
6
128
91
110
147
99
101
121
107
4
98
126
101
154
149
92
91
128
4
127
103
139
128
108
121
119
117
4
86
90
110
110
115
135
133
134
7
89
135
119
129
132
109
100
124
0
93
101
132
123
120
138
130
113
3
126
124
111
153
86
106
141
119
2
107
82
115
101
87
158
126
115
7
106
149
120
136
101
142
113
120
7
81
146
140
90
126
94
121
92
4
78
120
112
116
119
99
104
92
9
106
123
114
99
142
112
106
118
9
134
107
128
140
129
148
121
135
3
137
109
127
118
94
138
84
93
1
95
92
124
122
113
93
109
134
6
124
109
129
137
125
86
86
105
8
83
97
138
133
88
124
92
104
9
114
157
116
117
120
154
115
140
8
107
67
134
79
107
125
121
108
7
134
163
113
111
128
150
118
150
7
89
145
125
127
124
119
81
95
7
99
100
86
96
103
131
91
147
7
106
114
147
135
96
106
113
126
9
108
118
164
145
135
149
142
115
0
129
139
127
108
112
135
98
92
0
91
103
126
170
85
118
126
115
1
99
141
124
128
127
127
99
143
10
134
81
102
101
119
74
63
96
7
138
146
135
105
114
82
148
121
7
111
115
123
139
108
150
125
86
9
105
121
133
93
110
114
121
153
6
79
84
169
121
136
164
124
114
6
70
113
135
136
97
86
121
120
8
129
88
142
125
115
105
98
103
3
142
112
121
99
135
65
89
119
10
114
129
117
78
78
72
131
154
2
132
72
107
103
119
128
92
113
8
148
120
90
73
130
113
110
66
9
127
116
142
151
130
120
90
128
5
132
118
94
116
155
154
150
115
2
116
149
121
112
106
114
134
116
9
110
119
121
122
101
129
111
148
10
127
134
105
154
131
132
118
78
3
142
145
93
93
132
118
115
124
3
114
105
114
112
117
120
102
121
5
130
121
101
100
132
110
165
88
7
158
99
79
158
149
131
181
101
7
120
113
114
108
106
147
106
166
5
120
100
114
121
109
97
111
122
5
79
118
134
121
86
163
84
133
7
111
135
120
163
120
126
101
132
2
117
128
106
118
121
137
135
129
4
82
129
84
136
148
143
123
106
7
88
115
130
109
120
93
135
117
8
96
141
127
121
90
130
124
93
6
155
147
118
141
122
133
142
99
5
118
116
104
104
113
104
127
120
1
112
89
109
138
141
100
102
134
1
78
130
113
107
112
135
128
131
4
101
134
86
81
117
136
128
100
1
96
88
115
119
147
86
114
94
9
129
99
102
112
106
98
120
119
9
80
90
154
119
123
104
93
143
4
100
124
85
128
118
132
120
113
1
114
78
144
105
107
121
141
137
5
96
104
86
101
142
107
77
120
1
105
145
113
114
114
122
128
135
6
129
115
114
75
127
159
109
156
9
121
121
125
93
137
92
125
124
3
86
126
128
92
154
85
107
120
8
139
106
132
151
106
99
137
107
1
114
126
134
145
119
140
100
127
6
56
110
112
119
90
105
106
90
0
108
95
117
125
134
114
80
90
0
147
153
155
100
100
112
134
137
1
151
117
161
112
126
103
82
119
2
114
137
130
142
115
80
119
108
5
124
79
122
109
127
105
128
134
4
91
135
122
107
112
129
123
152
6
148
106
128
163
120
97
140
126
5
121
83
108
132
137
135
118
109
0
129
103
130
97
127
100
130
110
6
112
111
86
129
105
113
168
137
7
139
144
142
107
163
137
155
132
8
134
105
133
95
128
144
119
127
3
102
112
90
118
91
184
105
128
8
84
120
120
119
92
92
99
77
4
126
127
125
105
122
117
121
77
3
115
128
113
80
120
144
123
124
9
123
122
116
99
109
100
105
98
7
101
105
124
96
114
102
131
135
1
106
141
141
154
132
142
124
95
2
105
127
137
103
94
109
142
92
5
121
114
95
136
140
128
87
135
9
72
119
108
102
106
103
108
129
4
129
94
128
93
100
127
143
107
8
128
121
74
81
105
109
72
140
3
115
130
72
133
112
92
107
112
8
100
157
99
176
104
114
115
104
3
120
136
128
133
134
94
114
62
9
171
146
110
112
94
99
112
91
5
121
147
96
145
122
92
119
163
1
126
98
121
121
127
99
122
122
6
162
140
110
114
95
97
111
93

