8
2
5
3
6
2
9
7
8
9
9
0
4
4
8
7
6
7
9
5
3
8
7
3
2
6
2
108
104
109
136
101
99
100
116
3
102
148
146
160
78
99
123
106
5
94
119
113
115
83
110
106
119
2
107
89
100
112
142
87
138
107
3
112
119
119
120
132
101
85
92
8
129
113
104
65
115
86
116
102
4
107
124
113
127
91
121
102
85
7
123
120
120
128
58
120
99
113
6
114
111
114
101
106
135
143
106
7
109
87
146
129
129
118
79
152
5
118
94
137
132
107
123
149
134
10
113
95
107
164
108
140
89
105
7
145
121
149
88
136
112
131
109
6
99
140
120
123
119
133
98
101
1
126
126
86
125
122
99
141
109
8
125
99
119
143
100
114
146
132
1
120
118
128
120
106
103
114
101
6
120
114
129
114
88
88
112
127
7
107
145
121
119
111
88
85
109
7
88
115
122
124
98
91
93
80
7
121
141
99
134
155
134
119
117
8
134
134
113
126
118
109
105
123
7
136
140
133
131
105
128
106
98
9
114
140
96
121
115
142
88
78
2
159
127
112
110
92
106
112
120
5
139
105
100
139
157
65
143
97
4
142
119
130
122
99
102
121
86
1
135
141
106
123
113
94
81
102
2
91
109
100
107
113
91
136
90
7
126
102
128
120
134
101
93
105
8
107
99
140
129
117
107
113
135
3
154
112
135
140
78
101
99
125
10
104
112
108
112
138
94
102
97
8
128
135
140
91
98
139
143
112
2
111
141
130
129
126
135
120
122
7
141
94
98
123
153
117
127
117
9
84
92
121
121
105
156
122
113
7
118
101
114
121
101
111
155
97
3
121
89
128
93
112
83
88
120
8
161
109
142
95
132
112
97
134
4
120
115
96
87
86
115
108
141
0
141
125
100
83
160
148
118
100
4
95
108
124
99
122
97
111
124
7
129
137
82
116
109
116
119
134
2
127
85
115
104
132
140
118
97
1
93
95
98
138
96
104
84
113
9
86
129
106
121
123
120
101
106
4
159
109
116
155
142
136
116
131
8
155
122
113
113
118
112
104
120
9
134
114
105
114
112
105
135
124
4
121
143
107
135
137
103
102
108
6
130
106
128
136
97
94
71
120
10
155
115
134
148
132
108
121
123
4
140
134
135
87
120
128
110
128
2
87
142
121
92
130
121
99
112
3
142
103
99
106
133
71
126
115
8
113
126
147
115
122
103
141
144
8
102
80
95
161
126
70
136
106
9
115
138
98
107
84
99
156
110
7
110
135
119
135
79
92
83
111
7
138
129
111
138
101
113
111
142
3
114
142
114
130
102
121
132
124
3
101
138
109
133
119
120
128
119
2
157
97
119
132
109
101
99
119
2
114
109
102
125
158
113
134
120
0
95
137
101
99
112
59
56
117
10
147
118
114
121
105
109
136
112
6
120
121
90
123
148
141
121
105
5
105
124
106
116
65
174
120
127
0
109
147
74
105
132
95
118
128
0
94
134
120
113
115
129
136
101
2
128
127
133
92
106
141
87
85
7
130
84
112
134
103
133
77
115
4
99
112
164
141
69
103
85
135
8
102
98
127
117
114
136
96
120
6
93
119
128
107
100
83
129
86
9
145
120
147
141
132
135
144
141
7
102
99
103
87
104
111
114
108
4
104
164
119
113
123
116
127
150
7
132
111
116
94
148
106
122
134
3
132
116
125
120
129
79
142
134
6
134
117
123
145
89
142
113
142
2
76
126
106
93
145
98
132
106
9
146
122
149
101
149
97
120
117
5
78
124
153
140
93
130
129
133
1
107
145
129
117
129
104
129
87
4
125
110
105
123
127
107
96
127
5
142
122
109
139
96
114
107
141
5
112
128
75
93
123
110
122
112
8
113
127
113
80
143
73
132
114
9
105
106
140
76
139
153
122
105
1
102
132
122
141
104
148
135
115
8
124
142
154
107
132
77
80
85
9
102
112
132
100
133
146
135
95
4
116
131
118
115
106
140
126
130
1
131
151
115
155
109
117
79
107
8
118
114
104
83
121
127
113
92
6
145
108
123
111
79
128
100
114
9
105
117
98
115
128
134
106
91
3
99
128
100
99
78
129
116
107
7
140
86
108
120
117
116
136
121
8
137
81
124
106
133
134
94
135
7
129
143
111
108
141
125
129
106
5
106
117
84
107
97
146
73
106
1
120
118
119
127
108
114
91
117
3
83
135
135
109
110
59
84
107
8
148
95
122
96
136
136
117
120
6
117
117
65
107
98
100
87
140
2
113
120
133
99
135
136
132
105
6
131
102
95
113
126
141
100
111
8
128
127
89
82
149
119
133
126
2
124
120
77
146
148
114
115
79
5
113
90
130
118
116
99
117
113
10
108
132
134
129
118
137
160
124
9
113
127
108
139
104
108
107
112
2
119
98
121
119
121
99
107
155
8
103
121
133
114
105
129
177
123
7
112
115
120
110
119
99
144
113
5
101
131
105
125
107
168
173
95
5
152
124
92
97
78
134
94
101
0
108
119
86
153
131
93
107
135
4
103
105
138
107
113
114
133
130
0
84
107
146
133
102
100
108
119
1
108
114
114
86
99
109
122
103
6
145
107
122
118
134
121
139
133
5
110
136
99
79
110
127
124
122
6
128
102
114
93
109
113
150
105
0
107
107
141
130
152
91
101
148
7
152
107
115
128
100
115
127
141
4
119
133
101
112
115
119
155
106
2
108
101
113
121
92
118
104
129
2
130
102
133
106
125
101
133
109
6
129
140
147
106
127
145
144
117
0
91
80
163
102
126
92
89
133
10
147
136
133
121
105
144
106
103
10
111
136
115
110
119
136
129
128
1
68
118
99
118
96
83
134
132
5
95
109
80
137
121
82
133
123
9
150
91
109
90
77
83
128
105
6
101
130
109
131
123
136
129
99
1
125
78
139
116
86
100
118
126
8
76
114
114
121
90
129
121
89
2
119
106
117
114
98
147
128
120
1
122
98
107
138
124
128
130
132
4
92
141
74
114
83
118
104
94
1
102
114
125
100
115
85
123
131
4
108
120
111
105
119
61
110
128
3
66
120
118
91
108
112
100
120
3
138
113
86
101
105
152
118
141
4
89
114
126
150
114
89
102
127
7
127
151
130
89
106
106
149
105
1
127
114
107
131
108
130
99
125
3
145
110
134
121
101
141
122
131
9
122
107
116
99
125
120
122
100
4
125
136
120
140
107
127
136
107
8
113
101
108
111
160
126
91
137
2
115
137
115
156
113
86
119
111
0
93
120
166
126
113
121
95
141
8
88
161
154
91
108
138
91
95
7
118
107
138
143
84
114
128
107
5
99
148
101
113
109
88
114
67
7
104
143
79
94
114
136
101
78
8
122
129
114
132
105
155
120
110
7
119
91
106
92
101
98
117
141
4
141
93
153
128
98
137
122
128
8
106
108
92
113
116
118
138
141
3
126
79
105
120
100
106
121
97
3
132
107
107
129
70
113
143
126
6
108
115
127
148
128
133
95
93
2
142
131
114
80
115
100
145
88
1
107
127
122
127
138
107
94
114
4
106
119
128
105
93
124
143
96
0
114
122
123
124
135
100
114
111
6
112
132
102
104
107
135
136
149
0
93
106
130
147
112
113
78
133
3
104
122
149
113
115
119
100
180
6
106
126
128
94
100
97
140
85
8
135
95
148
98
135
106
117
110
3
108
152
113
158
131
163
112
119
3
119
152
99
164
110
111
86
121
5
121
126
141
126
124
141
99
82
7
108
115
118
122
97
105
128
103
5
141
95
121
101
114
128
122
136
1
107
110
97
115
102
141
107
98
8
141
132
122
100
136
99
107
82
5
134
116
75
131
110
101
132
129
9
164
94
127
133
150
117
143
50
10
118
114
121
112
114
131
114
74
6
119
105
85
143
106
113
93
133
9
106
121
107
133
71
94
104
98
1
82
88
107
108
79
127
107
143
0
127
120
89
100
148
142
94
119
9
111
101
95
101
128
99
114
79
6
86
119
106
123
121
112
115
129
5
106
114
120
106
106
94
145
121
7
135
105
119
134
106
126
103
120
10
111
111
95
105
101
107
174
124
2
99
110
94
133
79
106
129
141
5
108
87
119
86
107
115
96
129
5
132
120
85
93
120
121
92
109
8
121
121
132
117
134
137
97
107
1
131
119
100
97
135
79
122
96
1
115
100
132
84
114
88
144
141
3
142
135
148
91
132
134
115
134
7
117
135
142
116
119
141
118
122
4
155
119
114
113
108
116
126
92
2
118
130
98
135
118
119
135
140
7
149
114
76
141
157
133
117
130
1
126
104
178
113
120
151
137
133
1
110
134
70
115
141
127
92
148
2
127
121
134
77
133
127
102
148
7
133
104
98
108
119
103
121
131
0
103
102
95
135
147
108
108
151
6
104
112
97
79
110
143
142
124
8
97
92
113
146
85
106
132
155
7
139
107
100
95
128
94
108
85
6
78
120
148
106
139
84
78
150
5
130
98
100
107
136
101
118
99
4
114
102
141
142
85
77
112
95
3
157
113
102
100
119
97
93
107
8
105
104
121
142
146
156
98
121
8
140
107
120
78
132
146
141
112
3
109
99
144
109
86
94
140
71
3
84
112
139
150
128
114
132
137
1
133
142
141
143
91
140
123
128
7
122
163
146
129
110
85
103
129
10
145
101
155
102
114
114
99
89
4
87
154
134
119
109
120
110
92
8
113
122
105
129
113
112
89
150
3
90
171
99
125
134
107
152
127
3
128
120
92
113
99
108
119
113
1
108
124
106
97
129
100
100
115
2
97
141
102
161
120
112
103
111
0
100
110
116
102
134
130
102
120
3
134
130
97
105
124
86
80
136
1
103
142
135
132
127
128
87
120
5
99
142
119
141
129
115
170
154
4
107
95
117
123
115
87
126
142
7
99
149
119
116
126
105
94
100
10
98
108
87
113
126
121
95
126
5
96
81
129
124
101
105
111
129
3
128
121
83
112
136
136
156
147
7
128
86
155
151
100
95
129
122
9
106
129
136
129
138
105
99
123
9
112
127
137
122
129
144
117
133
1
133
164
133
106
141
130
141
162
8
134
122
127
105
113
88
137
111
4
116
109
142
121
165
136
135
125
8
89
99
79
100
118
102
106
140
6
139
122
143
107
140
157
99
148
8
113
116
110
118
138
147
122
130
3
112
143
64
121
113
99
130
114
8
132
74
100
101
135
104
113
139
4
92
129
121
95
125
101
149
99
6
126
141
108
113
127
94
91
105
9
101
120
134
140
127
123
126
140
9
122
137
84
105
128
141
140
97
6
133
142
122
115
135
87
178
93
8
122
142
141
134
97
109
113
137
8
140
114
97
120
120
115
122
111
8
108
56
136
120
134
128
108
117
3
116
116
156
131
107
146
124
90
3
127
116
122
115
107
140
99
115
10
135
87
141
129
122
105
154
146
2
107
106
121
118
118
96
120
114
3
65
169
131
114
94
135
126
100
9
114
122
97
86
101
128
130
157
4
124
147
127
87
122
124
145
109
8
135
139
132
113
157
105
112
106
4
132
130
132
92
135
98
92
136
4
112
127
128
107
108
157
111
108
7
72
111
111
91
92
100
140
111
4
85
92
118
143
134
130
128
110
9
96
104
110
143
100
121
84
125
6
114
97
88
125
100
93
143
120
6
120
103
109
140
101
111
92
113
8
94
125
107
120
140
101
94
124
3
102
78
157
115
146
82
145
109
3
127
79
113
144
119
109
82
113
6
87
141
99
108
141
117
109
79
5
76
120
162
92
113
138
105
128
3
127
136
124
148
150
154
128
112
5
109
109
145
98
92
121
87
121
4
113
106
161
130
128
139
125
148
4
147
115
102
121
119
99
133
85
2
120
100
142
100
146
117
113
130
9
106
142
85
123
161
127
120
106
6
126
137
94
160
100
100
117
120
0
128
121
122
107
110
136
114
133
7
97
106
177
111
131
131
122
128
2
107
95
106
126
78
123
163
148
8
88
125
134
118
140
100
107
110
8
129
126
94
131
134
138
99
113
0
91
126
106
127
142
122
101
114
1
133
160
143
107
114
120
121
149
2
136
92
154
92
72
120
108
113
4
129
106
99
127
126
108
78
117
5
155
122
125
132
121
98
150
77
2
139
141
142
93
104
119
136
106
8
132
107
107
125
134
147
92
112
4
114
114
114
120
109
129
108
84
5
120
119
116
96
111
101
134
122
5
116
126
82
130
105
122
109
142
8
106
156
122
96
99
130
96
105
7
107
114
113
135
125
130
123
86
1
105
119
142
126
120
114
113
78
5
117
140
109
112
154
101
110
65
10
113
107
91
97
86
127
140
135
10
113
163
121
121
101
102
103
131
9
129
112
132
116
121
106
75
89
4
128
153
91
105
101
104
146
85
4
95
116
130
107
93
110
106
86
3
141
100
110
155
104
117
94
86
9
141
122
145
94
136
111
113
128
5
104
136
109
130
144
115
122
117
9
58
69
129
132
126
126
93
140
5
96
107
141
102
76
132
124
120
2
163
141
120
115
126
72
107
136
8
131
135
97
125
135
123
120
130
7
141
96
127
86
135
107
104
127
8
108
121
198
121
121
114
144
128
3
96
131
96
142
71
85
110
98
3
104
103
117
154
89
126
114
134
5
120
108
139
106
86
94
127
125
4
92
115
134
100
85
119
114
88
6
122
106
140
130
121
115
142
113
6
127
136
141
111
131
104
136
153
7
140
135
94
131
107
118
129
154
5
122
112
123
139
142
134
136
97
1
131
134
133
162
156
141
53
125
9
125
120
136
87
121
111
105
115
5
115
103
142
128
115
123
112
88
3
97
106
115
93
129
86
141
120
0
142
156
121
87
118
123
128
106
4
115
114
116
120
121
132
148
94
5
91
134
141
84
100
120
114
128
7
103
146
137
152
112
107
114
132
3
123
94
136
131
124
141
115
105
3
127
115
141
134
58
97
115
159
8
106
104
129
104
138
101
113
101
6
120
109
117
136
100
105
123
157
3
100
114
108
122
117
109
93
123
2
120
133
78
144
96
120
122
108
1
127
92
94
140
114
99
77
103
6
106
139
120
108
81
123
109
111
3
126
99
117
120
119
154
77
129
1
126
113
135
84
103
114
123
123
3
142
105
98
136
114
147
105
142
7
76
136
123
106
160
128
116
129
4
121
114
106
107
96
125
107
156
5
90
142
121
138
137
72
111
117
10
113
136
132
125
127
104
147
147
8
112
93
92
118
127
119
138
133
6
143
113
124
101
120
93
158
136
2
90
152
116
132
114
134
126
109
8
114
136
147
108
145
95
144
128
0
103
125
133
105
96
123
131
141
1
127
68
108
109
144
154
107
152
7
102
77
119
108
114
111
125
126
1
122
134
130
133
121
129
111
106
5
132
114
145
129
134
137
127
77
1
134
121
127
152
102
155
141
109
10
113
128
130
123
150
105
162
80
5
116
154
127
151
147
90
119
124
6
106
102
140
146
133
144
118
143
3
107
97
83
110
126
120
121
142
9
126
110
143
106
114
114
149
113
4
123
124
144
120
112
121
152
121
4
140
148
84
128
113
156
129
140
5
134
107
134
136
105
126
109
133
6
93
137
89
127
98
135
99
102
7
133
84
130
101
127
103
91
79
3
87
119
130
142
111
84
138
96
1
135
99
132
149
103
106
107
93
1
126
127
139
102
111
75
101
141
1
118
120
112
132
99
91
127
106
4
82
143
147
153
129
135
133
105
7
113
102
121
94
136
122
104
110
3
126
96
134
123
114
99
116
121
1
89
141
136
120
120
102
128
133
6
113
135
109
126
118
129
98
103
7
110
141
123
137
129
133
128
129
4
160
140
156
114
114
130
127
170
5
130
93
164
134
107
131
124
108
6
99
113
136
105
127
119
147
119
10
104
91
114
86
147
86
127
114
7
130
142
130
93
130
115
115
113
1
90
137
116
110
100
131
141
140
7
108
134
166
107
109
123
106
105
10
128
140
133
98
126
118
113
114

