15
7
4
6
5
6
2
5
9
11
4
9
4
7
5
5
2
3
13
1
10
10
2
6
2
3
8
156
126
105
132
138
85
115
120
6
116
110
111
113
107
128
115
115
2
121
106
116
119
114
92
103
136
2
117
133
117
149
123
123
99
88
8
66
115
149
127
143
141
107
128
9
112
71
128
123
116
170
88
144
9
136
105
129
105
111
94
112
120
5
96
137
98
124
125
117
115
124
7
99
107
139
80
119
120
97
129
7
122
133
161
98
125
167
166
118
5
140
170
92
100
110
93
126
150
9
121
129
128
108
111
111
128
108
6
117
94
112
127
135
155
126
135
8
103
128
135
155
129
93
133
61
1
121
103
156
135
119
163
116
128
9
141
145
106
107
126
119
160
126
7
100
136
134
91
95
115
121
114
5
99
149
136
120
121
114
117
104
1
112
135
114
82
143
135
94
100
2
103
131
121
94
101
127
141
134
9
115
118
121
88
130
103
79
89
5
106
86
143
117
121
119
114
136
10
144
146
100
107
129
98
108
111
4
94
111
140
117
120
120
136
139
4
146
113
100
125
97
78
124
143
6
149
121
115
154
136
128
120
120
3
81
157
129
94
134
128
137
121
9
122
134
113
109
108
107
100
128
0
132
100
108
121
82
90
128
118
5
121
128
112
120
122
114
109
129
8
127
127
113
111
111
99
96
133
3
99
126
135
151
117
89
142
86
7
74
94
101
87
113
106
99
66
0
118
117
142
110
120
128
106
131
7
149
118
126
85
105
149
105
92
7
117
111
139
110
122
146
141
133
1
141
107
120
87
125
90
142
109
5
148
122
82
128
105
97
136
108
4
99
126
140
73
105
125
111
91
2
125
129
75
115
129
165
140
154
7
118
112
116
127
136
115
116
91
7
105
108
116
113
136
120
106
120
5
120
124
146
127
99
106
134
149
4
136
147
135
122
157
127
142
126
6
98
121
125
148
93
116
113
108
3
125
108
104
107
123
132
104
131
5
125
146
81
118
136
106
81
139
4
136
103
135
140
93
100
119
91
4
122
101
92
120
124
100
117
135
1
94
96
128
119
77
113
86
114
4
116
164
112
85
105
125
113
96
6
120
118
118
114
131
117
108
126
4
121
118
118
67
84
128
128
103
7
88
131
135
132
122
114
99
115
4
105
104
117
78
108
79
97
116
3
127
107
93
134
122
93
127
146
5
118
99
105
129
111
130
133
106
2
115
113
96
125
100
105
91
98
7
132
123
124
121
119
122
128
112
3
125
114
118
143
114
140
136
121
3
116
158
47
97
126
105
107
128
2
163
142
65
116
120
125
160
113
2
101
98
85
142
84
137
133
110
5
120
101
113
146
118
98
142
126
4
102
134
114
127
142
121
121
113
1
143
127
120
109
102
73
136
180
6
70
129
134
147
108
128
81
104
8
105
142
133
149
100
106
112
85
2
76
136
127
93
92
139
169
121
4
100
120
108
143
122
122
129
127
6
81
112
168
100
129
128
57
125
5
112
93
94
123
106
125
77
94
8
146
126
115
113
162
84
118
155
1
162
114
121
98
82
119
114
106
5
93
131
110
102
128
133
142
98
10
120
120
168
130
91
112
139
114
1
129
120
145
79
142
125
122
137
4
128
122
99
131
116
143
121
88
7
149
128
123
106
119
112
102
113
2
142
103
110
129
116
78
150
84
7
103
142
143
140
106
121
60
107
6
112
119
106
135
115
117
115
112
5
131
148
111
86
134
142
169
129
5
116
119
100
127
103
123
121
74
4
114
156
128
100
132
133
88
115
9
96
104
149
113
134
120
134
113
10
122
100
102
134
131
134
128
83
6
132
125
128
128
94
112
117
104
1
113
87
138
123
140
101
131
120
6
131
122
137
102
107
102
140
127
0
115
95
141
111
77
94
115
100
2
101
129
114
105
134
112
109
126
5
122
137
94
98
145
130
77
143
4
149
94
122
112
97
106
91
126
7
103
149
115
109
127
133
126
121
5
101
128
166
89
133
78
119
121
7
141
99
120
84
113
137
83
89
1
84
85
127
123
113
129
113
107
5
99
127
151
86
97
123
139
113
5
147
145
130
99
155
124
109
87
3
92
123
105
124
142
113
156
101
6
128
144
163
94
85
121
94
130
7
127
114
135
101
99
100
155
128
4
151
135
106
124
155
101
114
127
2
108
119
114
107
121
101
99
133
10
119
77
120
99
127
118
130
114
10
120
108
135
141
91
134
97
99
8
121
119
110
140
124
105
95
105
7
97
108
99
116
122
108
107
85
4
131
128
136
127
133
113
119
72
3
109
128
123
107
105
124
107
118
7
106
117
107
126
112
99
119
148
0
115
84
112
136
120
140
101
113
7
149
125
91
92
122
100
97
129
0
128
139
128
94
123
96
135
136
7
86
113
97
137
134
141
154
99
5
129
109
114
135
105
151
91
115
9
99
107
113
150
169
152
153
58
2
127
89
92
124
115
122
134
105
4
113
120
139
113
120
114
110
117
9
156
85
77
88
140
132
142
142
6
148
111
121
106
99
121
120
120
5
117
78
93
121
150
127
128
128
9
120
152
118
105
128
114
117
95
10
140
143
127
120
122
148
105
120
8
86
140
122
167
119
85
149
127
1
112
102
121
147
67
130
114
94
2
171
149
89
110
107
95
118
99
2
113
93
106
122
161
112
129
125
4
126
129
121
107
112
148
122
98
2
93
92
111
118
137
97
113
112
3
104
106
119
115
94
133
129
115
7
61
157
107
133
110
127
105
108
9
95
147
116
84
98
130
134
128
7
130
106
100
133
88
78
126
109
2
158
114
109
134
137
158
94
138
0
108
129
106
136
116
118
112
102
2
86
108
115
89
88
92
122
115
1
73
83
135
85
103
89
132
113
4
136
93
114
140
120
133
59
88
5
145
149
95
131
79
155
116
114
2
91
142
88
97
114
131
120
109
7
134
94
123
123
109
134
114
110
0
122
119
104
132
144
82
142
112
1
142
157
99
115
82
115
122
126
2
149
107
121
94
130
121
111
139
8
101
134
120
114
133
106
129
121
5
85
105
104
72
123
146
175
143
6
101
122
108
101
98
131
136
93
5
105
108
113
108
119
92
105
131
1
118
107
136
102
109
112
119
126
1
112
105
124
99
120
131
120
84
1
115
120
156
102
119
129
135
134
8
139
120
131
113
132
148
120
112
1
133
128
103
129
101
128
100
86
1
131
117
149
142
87
105
117
105
9
97
128
87
155
83
85
104
114
1
125
125
143
100
95
109
93
109
2
159
159
119
126
89
125
162
112
2
124
82
135
147
129
109
101
134
10
124
100
119
85
114
119
121
118
4
143
112
129
130
121
116
124
86
3
154
100
109
105
83
121
149
106
9
92
133
131
113
96
129
103
99
6
114
115
84
127
141
136
163
65
6
107
122
133
98
113
130
118
91
4
133
126
105
149
83
145
155
139
9
95
112
140
122
117
134
126
118
8
150
100
142
79
129
96
103
128
6
139
107
154
148
122
133
101
113
3
148
99
113
104
130
101
113
92
2
120
116
101
119
90
99
147
127
9
122
119
112
118
113
108
126
120
8
98
121
155
119
107
150
98
125
6
150
137
134
115
110
90
113
115
8
143
107
115
149
93
127
136
143
4
113
109
129
143
90
105
119
128
8
155
99
129
98
131
122
116
134
5
120
100
115
58
121
135
107
121
2
131
108
85
138
133
131
95
137
3
124
107
92
122
101
144
91
112
4
86
113
142
96
101
119
102
114
2
99
105
126
127
105
109
93
93
6
116
128
82
69
133
131
80
168
8
91
108
99
116
127
120
129
91
1
122
87
94
128
127
147
121
113
6
120
135
110
122
122
124
89
123
2
98
154
97
114
101
111
139
143
10
111
145
129
155
160
115
135
120
0
118
79
144
145
101
119
88
127
7
103
126
136
71
124
147
153
103
2
93
106
181
128
99
98
149
136
7
131
139
136
109
91
136
155
122
4
128
122
136
113
144
128
115
105
8
101
149
154
141
136
124
79
100
0
114
117
100
114
114
84
137
128
6
114
133
105
100
117
142
102
136
9
109
148
123
126
128
141
108
93
9
149
137
156
111
94
134
122
125
3
118
109
94
114
90
90
121
113
2
121
92
126
121
126
92
120
124
4
107
107
147
117
56
132
134
133
4
105
123
102
130
115
108
82
104
3
116
142
92
131
127
137
132
97
2
80
93
105
71
101
146
108
126
5
121
101
116
84
110
70
112
114
7
160
149
133
134
108
133
106
114
10
149
120
97
126
135
100
103
116
8
121
80
122
113
85
101
133
69
3
114
133
139
111
91
134
112
85
4
106
158
89
142
133
97
150
122
4
148
149
119
112
107
93
96
135
6
122
103
121
114
97
126
183
96
0
106
116
135
112
114
135
113
110
5
73
107
97
112
115
80
135
124
2
102
112
110
99
163
132
144
126
0
142
149
106
114
109
106
124
119
8
134
128
98
125
114
98
101
93
7
121
130
93
94
142
143
171
120
4
123
122
150
114
116
100
97
98
7
125
102
126
130
119
140
92
77
5
87
104
140
100
108
134
94
107
9
122
107
161
150
152
114
81
115
9
155
119
101
113
106
121
108
124
1
126
77
116
120
113
106
142
115
8
102
97
127
81
89
161
122
112
2
132
86
117
100
127
134
96
138
7
136
90
119
131
87
120
108
135
6
110
127
142
118
120
118
117
116
3
123
102
122
120
107
105
136
114
2
128
111
143
100
115
113
107
78
1
117
141
82
110
99
134
92
127
8
105
93
101
128
93
105
127
121
5
100
107
92
126
85
141
111
160
6
80
124
106
124
100
112
120
143
8
127
114
115
126
97
116
142
148
5
154
106
133
106
127
131
141
136
3
100
125
139
68
118
134
134
83
3
148
128
107
99
59
119
110
133
3
99
109
111
138
124
113
132
114
9
103
105
127
99
107
105
87
142
7
97
105
121
107
146
151
123
120
0
107
170
119
95
85
136
107
130
10
100
108
118
140
128
104
112
101
7
68
116
128
108
140
81
164
137
10
91
149
116
99
139
149
132
131
0
107
146
142
108
117
100
144
152
6
126
161
155
125
108
98
92
113
9
114
124
135
101
137
110
129
112
5
110
96
126
85
128
121
162
102
8
100
113
119
119
110
114
134
121
6
69
110
106
139
135
121
143
106
2
71
129
122
155
151
117
113
73
7
127
125
130
121
118
105
141
116
8
144
72
82
97
122
112
139
135
10
97
121
126
121
122
110
114
129
9
139
101
129
120
128
96
128
93
7
128
83
117
99
119
104
121
100
10
119
125
130
106
124
98
106
161
2
132
146
121
101
115
85
101
126
8
140
118
92
86
148
83
101
143
4
103
93
125
111
148
126
84
73
6
74
91
141
115
111
121
123
119
6
63
111
85
114
92
100
103
102
2
133
105
112
163
126
148
129
138
6
113
91
96
121
86
106
145
146
1
107
112
95
82
110
124
119
120
9
95
98
105
97
107
110
155
142
4
101
112
134
128
140
125
58
134
3
134
123
125
110
128
110
121
138
5
93
108
120
133
127
135
106
63
3
99
113
130
116
121
100
122
98
4
94
127
75
107
99
138
132
121
7
128
117
143
114
93
128
135
113
5
127
108
100
78
120
118
97
120
3
130
99
124
140
96
127
119
114
6
113
127
135
104
108
130
120
161
4
100
115
105
127
99
140
139
136
6
116
106
142
156
107
103
85
106
3
65
96
141
142
101
134
125
93
2
115
130
99
125
108
120
103
124
4
135
94
129
139
112
115
92
106
10
127
134
106
109
156
139
106
115
1
98
124
128
132
131
120
122
102
6
146
125
123
103
110
146
139
70
4
114
98
78
132
121
104
120
85
1
114
118
115
106
110
98
102
114
1
131
128
104
89
92
103
102
142
7
121
100
87
153
99
85
116
106
9
115
148
147
124
85
112
124
103
4
93
98
129
91
101
119
120
134
0
137
135
92
118
151
116
131
92
3
135
109
99
120
123
122
114
119
4
101
139
77
115
148
104
132
99
4
135
114
127
114
155
100
128
124
0
127
103
145
134
141
106
138
89
1
126
130
170
117
153
105
136
135
9
113
134
115
112
84
71
93
138
2
98
148
110
140
156
120
98
143
3
160
120
87
88
88
135
127
96
0
107
110
98
134
90
122
108
132
2
104
112
118
96
122
130
143
109
10
98
125
114
92
124
118
84
137
8
113
137
113
141
107
121
117
85
6
119
94
112
133
129
108
133
134
1
123
100
145
92
63
137
139
112
9
118
110
103
144
117
65
133
106
8
121
137
114
113
149
108
117
114
7
128
158
110
71
131
103
107
111
0
113
109
147
101
70
105
152
149
1
146
122
104
90
105
125
137
79
2
97
107
140
122
119
127
117
142
3
118
110
101
134
133
137
119
131
1
99
107
85
140
125
105
86
141
9
74
100
135
109
74
114
123
134
2
113
147
95
124
125
97
112
104
8
143
120
71
132
114
93
110
116
3
121
106
145
149
112
93
109
86
6
123
134
103
93
134
142
103
114
10
95
108
118
96
150
141
127
116
5
114
141
152
85
113
114
120
94
5
86
143
144
112
130
122
119
119
7
134
91
111
114
102
104
172
93
9
117
87
105
91
120
120
71
102
8
99
131
71
105
78
133
86
112
5
85
99
127
106
105
115
133
106
6
114
110
143
134
120
85
121
123
7
112
134
111
145
143
118
71
140
2
110
149
112
131
71
159
103
112
8
105
118
101
125
101
121
129
110
6
151
107
121
141
112
84
88
153
0
121
125
155
145
120
120
102
156
9
107
121
119
111
140
145
125
168
8
161
135
87
117
113
128
141
113
9
123
140
115
145
103
106
106
81
4
120
140
141
120
116
107
99
86
5
120
113
157
105
121
99
118
140
9
97
162
100
121
129
84
127
155
4
100
104
121
66
126
121
100
107
1
117
107
120
138
145
143
117
95
3
135
114
126
93
119
127
92
180
1
117
120
116
121
101
91
120
133
2
114
101
109
147
127
113
121
96
1
142
149
119
102
172
141
93
111
0
128
100
128
128
110
168
140
106
1
140
99
113
93
132
133
135
98
9
108
117
112
106
99
131
110
142
9
123
105
121
128
124
107
148
108
8
143
104
132
128
93
139
136
123
6
135
89
106
85
115
105
96
140
8
75
129
106
97
106
142
107
113
5
59
100
109
128
115
122
139
139
1
143
97
122
133
86
120
117
112
1
100
95
110
100
85
94
93
129
7
106
107
104
134
106
119
151
152
1
130
107
104
104
126
141
116
128
2
135
94
100
140
128
118
145
107
6
110
136
120
86
92
107
144
105
5
132
126
115
119
109
103
120
134
2
117
132
113
84
140
133
97
130
8
93
124
107
109
120
120
118
119
9
140
128
127
113
136
141
146
103
1
109
136
124
96
150
113
139
122
8
126
134
128
135
105
142
128
80
9
141
126
128
157
129
96
97
109
8
112
83
128
121
126
99
117
102
1
125
131
124
128
97
125
119
145
7
128
137
87
169
163
132
73
117
6
123
149
98
141
114
141
106
153
4
97
82
126
133
92
106
148
101
1
98
114
91
127
128
143
122
86
4
135
102
109
136
118
94
127
120
5
129
99
119
84
115
140
109
127
3
125
142
124
163
101
120
116
110
9
102
148
138
120
153
122
121
101
5
124
101
139
135
126
143
141
101
2
113
92
114
135
139
128
127
99
1
141
107
99
106
81
98
66
118
8
124
131
104
91
131
122
110
121
3
152
93
113
138
109
114
94
101
6
112
107
132
122
117
85
148
106
9
109
111
137
102
138
66
129
109
4
141
104
90
134
131
129
124
128
8
119
120
120
77
170
121
119
128
4
114
115
114
131
123
170
99
93
9
99
84
121
115
125
141
108
79
5
78
137
112
98
121
94
86
117
0
110
119
104
107
104
149
127
107
7
131
93
109
75
115
126
143
64
2
77
136
113
92
117
87
90
116

