9
2
3
7
4
0
8
8
5
15
3
1
9
8
3
9
2
4
9
6
7
3
8
5
5
1
5
128
64
85
125
148
132
115
87
0
106
103
99
148
132
141
93
118
9
113
99
98
122
133
55
120
156
6
129
112
76
129
147
77
113
126
6
121
142
140
105
136
81
120
160
3
105
113
101
128
92
131
98
113
2
129
116
120
109
138
112
142
79
9
119
86
134
98
67
118
99
114
4
151
156
122
158
108
112
127
140
2
66
153
94
84
71
168
80
93
3
91
128
97
159
141
131
86
139
5
106
135
86
102
113
98
104
127
8
119
124
127
75
124
79
101
105
9
133
145
142
112
92
91
106
113
2
132
101
120
132
85
142
152
120
8
153
87
121
116
129
92
73
86
8
144
106
142
119
90
121
93
147
5
87
95
97
133
134
118
107
77
2
121
107
129
108
115
86
90
78
4
95
143
114
142
105
159
90
113
1
173
124
121
121
117
94
115
73
5
122
105
113
100
110
107
112
135
6
84
143
116
94
93
93
121
131
0
84
165
136
113
116
121
80
88
3
101
131
113
118
77
149
176
153
6
149
135
127
154
102
120
120
108
1
91
126
109
113
123
130
138
97
2
113
89
119
120
135
142
93
108
4
85
117
68
122
120
102
119
82
4
143
74
141
107
119
135
108
131
9
91
134
139
85
84
105
159
125
3
116
118
128
110
107
135
107
86
8
108
107
140
124
134
94
87
116
2
128
128
98
120
105
143
101
121
5
116
102
107
105
136
98
132
131
2
113
120
121
115
77
82
121
91
10
91
121
148
90
97
105
118
107
7
112
137
75
112
76
106
102
136
4
121
98
78
103
100
113
112
108
8
99
145
104
155
114
106
131
148
4
133
100
132
115
124
124
126
129
7
108
114
110
112
154
106
109
100
2
177
117
116
146
121
127
133
140
6
120
121
72
128
148
103
93
136
3
128
103
128
121
168
129
126
123
2
140
120
164
90
129
94
114
108
8
137
67
120
131
102
99
121
119
5
128
101
133
159
134
91
94
111
5
124
147
109
135
127
101
129
120
3
147
96
98
116
126
84
95
120
10
132
97
92
84
170
113
111
136
5
121
96
84
104
127
121
98
113
4
113
136
77
129
133
129
96
74
7
108
75
100
105
88
87
129
110
6
130
100
94
97
130
57
96
79
3
113
113
142
135
89
113
125
115
2
141
100
122
107
139
132
128
91
2
101
97
114
147
119
114
113
136
8
136
118
107
143
150
74
127
134
7
124
86
131
140
77
115
103
92
8
100
134
128
126
129
114
90
120
4
118
118
84
139
82
135
135
109
0
135
131
102
145
119
119
86
126
1
129
107
113
132
93
82
135
140
2
86
126
78
115
131
132
100
117
0
78
149
141
113
144
126
106
114
6
92
128
116
88
127
126
132
140
0
148
106
105
106
122
113
128
115
5
79
96
96
140
115
93
144
119
9
111
129
122
122
128
142
128
114
8
106
149
141
107
134
130
113
109
3
126
117
124
107
129
126
107
146
10
88
98
123
113
114
79
108
100
1
129
82
117
93
107
100
78
133
4
122
120
119
110
118
113
84
96
2
155
96
80
149
128
116
136
138
7
114
127
136
100
117
84
133
113
5
135
137
128
114
147
114
121
115
5
129
143
79
110
148
129
126
109
5
101
148
126
68
142
111
117
127
0
133
105
114
85
116
93
132
149
5
106
148
132
120
130
94
115
98
7
120
77
85
86
140
119
130
82
8
100
140
107
142
108
131
117
137
7
77
127
134
123
128
151
150
165
8
79
125
158
151
98
105
149
102
5
117
128
107
143
120
100
121
93
0
112
108
123
105
143
131
142
128
9
148
117
124
98
112
147
94
120
8
106
127
119
112
100
99
107
88
8
113
104
149
146
114
119
128
148
5
126
135
98
131
107
143
136
91
5
133
106
148
125
122
105
133
100
3
89
99
107
102
109
143
72
129
3
120
122
100
87
135
103
115
96
3
86
115
124
125
107
154
162
183
7
163
112
124
131
115
95
133
103
0
140
89
113
147
103
121
114
98
10
111
94
134
128
113
132
93
135
3
106
156
121
97
103
114
141
134
4
121
115
150
107
109
116
102
101
3
123
111
123
131
93
102
101
111
4
98
106
147
96
153
150
131
128
6
99
120
155
100
134
127
109
139
8
150
79
72
103
119
120
117
140
1
101
135
101
118
141
122
107
117
2
148
120
140
72
131
115
123
126
3
141
125
121
148
100
131
140
121
9
150
118
90
84
145
116
103
139
8
124
149
129
137
106
118
124
106
9
120
129
108
135
108
130
73
132
4
176
106
115
107
135
129
106
108
9
96
108
115
116
133
113
152
113
5
128
131
175
93
136
114
107
109
0
115
120
117
93
122
135
114
94
10
138
114
93
110
130
105
94
93
7
117
106
92
148
99
113
117
129
6
85
114
120
119
124
136
125
117
3
127
114
120
140
128
110
114
143
1
91
169
135
69
105
131
106
102
6
134
117
85
112
101
128
129
128
5
121
109
116
149
135
157
105
127
3
120
105
132
129
81
123
141
105
3
108
139
124
147
89
106
129
104
0
127
134
93
94
133
127
117
136
1
124
99
114
101
120
105
111
105
3
133
141
119
114
79
99
128
134
10
126
99
92
117
144
126
132
109
5
126
113
119
135
143
110
107
155
3
132
99
112
96
134
127
87
94
7
115
96
129
113
135
140
97
101
2
127
111
162
72
108
101
72
103
6
127
109
112
112
117
119
73
86
2
174
131
134
118
129
115
147
98
6
133
126
113
116
152
113
122
112
9
102
124
94
152
114
66
112
127
1
84
88
78
71
147
162
127
123
9
151
114
101
72
116
108
100
102
1
99
119
84
81
119
132
122
150
9
89
132
128
114
107
92
127
149
9
121
117
104
121
96
109
99
87
5
119
112
140
142
119
78
64
132
8
86
150
85
119
119
113
149
132
4
85
101
121
133
86
120
78
125
2
139
141
131
92
112
100
139
128
2
72
125
134
116
118
141
107
133
5
144
119
107
116
113
113
97
115
3
126
104
106
133
103
87
134
142
4
80
149
120
110
101
140
104
116
8
115
120
111
127
120
103
129
117
0
134
88
93
100
97
112
128
80
6
145
143
122
136
120
89
121
149
4
116
135
126
89
113
85
107
112
6
98
101
112
95
126
119
110
99
5
113
88
69
111
104
126
115
112
9
117
117
100
119
145
141
128
126
5
109
117
136
105
87
94
114
104
7
116
153
145
109
98
119
94
121
8
125
103
99
112
114
108
132
114
9
108
108
128
91
130
140
155
134
9
108
99
130
142
109
150
99
130
3
104
100
123
112
123
121
110
108
1
135
113
119
129
120
149
122
121
7
129
86
143
121
128
125
81
99
5
107
140
114
127
139
121
142
70
9
103
92
162
97
80
113
138
90
3
120
124
105
128
92
91
127
100
9
107
96
120
129
142
97
146
142
1
150
94
120
118
109
86
128
99
3
87
107
127
80
99
122
99
126
10
91
114
100
130
127
113
128
121
8
131
134
114
135
123
138
128
98
3
93
142
119
114
96
121
105
129
3
134
121
121
148
160
116
123
136
4
131
136
135
113
117
125
105
115
5
137
65
113
96
109
135
147
115
6
112
123
149
100
116
140
129
100
5
128
127
146
121
128
108
113
140
2
149
133
120
107
118
99
134
155
7
135
84
140
123
112
78
127
104
2
114
121
136
134
110
126
137
116
7
117
120
136
132
140
99
122
128
10
120
132
127
121
93
130
104
80
9
129
113
181
124
115
102
106
133
7
112
59
139
151
127
108
113
106
10
79
97
123
123
128
133
154
136
3
128
99
94
121
116
137
114
114
8
98
109
111
171
129
124
124
102
9
120
118
140
134
112
143
103
99
8
119
85
109
96
106
114
94
92
5
128
113
139
112
100
114
104
117
2
136
99
128
112
132
127
121
98
2
117
64
123
114
102
90
121
134
8
110
101
111
156
127
105
122
109
9
122
119
87
98
112
117
120
119
2
104
109
134
113
113
139
139
148
2
137
110
98
135
108
104
81
92
7
163
134
104
134
93
117
143
131
1
117
106
128
96
133
122
110
98
9
85
131
109
82
126
155
132
141
4
105
130
108
145
96
129
113
129
7
120
85
73
114
113
93
86
133
3
98
100
149
140
156
120
86
136
6
101
129
112
141
136
97
149
77
7
116
144
110
110
154
148
113
143
9
129
107
152
136
77
115
107
91
0
111
93
154
99
156
145
90
144
4
141
107
115
83
113
70
129
105
3
84
129
87
127
109
108
148
93
3
128
135
123
98
134
116
108
113
4
120
89
99
138
134
129
127
152
8
93
123
96
108
80
99
143
106
9
109
153
147
139
110
99
128
112
8
119
127
155
136
114
80
118
104
7
101
101
89
137
93
117
107
127
2
121
125
168
101
100
135
112
159
1
121
113
75
124
94
92
103
107
7
98
139
133
153
142
152
113
150
2
72
114
120
113
105
105
122
94
2
121
105
149
154
91
150
138
77
3
126
160
131
131
105
145
102
167
6
122
140
114
122
143
124
126
101
8
121
105
140
128
79
88
108
104
3
114
90
100
114
115
112
85
94
4
147
121
147
126
109
148
142
120
4
121
108
105
92
101
119
127
110
1
140
118
117
136
124
93
141
144
8
144
109
122
100
109
126
109
44
7
128
141
79
142
137
122
124
157
9
112
129
99
85
108
121
77
112
0
115
122
119
132
130
118
70
110
2
113
87
138
140
102
151
106
133
3
158
124
152
90
77
124
121
129
0
142
161
105
108
109
110
114
129
9
92
103
145
113
92
114
107
132
6
104
131
134
130
136
145
115
126
6
127
142
107
126
121
126
137
93
6
121
122
105
158
129
126
102
129
2
107
107
131
107
145
104
88
143
4
100
128
122
98
126
132
71
91
7
113
155
106
114
121
104
120
120
7
112
94
96
129
98
93
118
99
8
128
93
118
84
65
135
137
135
1
65
108
129
59
107
97
97
119
4
143
135
120
106
86
120
128
86
6
102
143
133
93
117
114
134
142
2
82
121
94
153
145
167
115
98
4
127
127
125
135
93
107
93
135
2
122
119
130
95
106
82
148
116
8
136
80
85
121
93
121
133
113
6
105
107
156
109
75
129
72
98
1
111
127
128
101
121
70
143
133
4
120
105
141
116
148
95
95
86
1
114
121
135
114
121
92
97
101
10
124
87
122
105
117
115
93
91
4
104
85
101
122
130
105
165
133
2
169
107
107
125
173
86
154
115
2
123
73
87
80
112
114
133
128
4
150
108
107
129
128
141
91
141
7
124
124
111
122
129
116
107
126
10
88
151
99
101
117
120
127
128
6
120
107
106
104
101
100
114
119
6
79
101
84
103
83
101
94
98
8
133
162
136
122
141
107
100
134
10
111
119
128
141
76
119
126
113
9
103
106
141
97
124
122
113
148
5
122
150
145
125
135
129
121
135
3
118
94
128
104
113
151
109
131
10
120
149
107
149
99
95
142
139
5
134
104
128
97
121
122
140
101
10
105
149
149
118
114
156
147
104
10
127
157
114
127
68
102
123
131
3
99
90
72
90
138
132
124
98
6
127
101
148
139
88
158
133
125
2
114
107
100
126
112
128
130
149
5
101
128
97
105
139
108
117
154
8
112
99
101
135
126
128
99
122
8
107
143
127
123
155
106
99
117
5
106
121
121
91
120
87
139
107
8
128
89
108
91
121
126
119
122
1
116
112
132
108
135
127
113
92
7
113
133
155
113
107
107
139
104
3
122
102
142
124
142
94
96
114
4
121
139
119
111
113
149
104
121
0
98
87
135
144
106
141
105
84
3
90
112
126
148
119
81
155
114
10
113
115
122
123
135
87
83
99
0
132
102
136
88
97
114
130
118
8
116
133
100
119
113
126
95
106
8
108
124
78
128
79
96
117
120
2
121
114
133
106
124
113
129
113
3
112
64
129
134
122
122
112
66
9
85
127
85
102
94
132
98
103
6
120
127
144
115
112
106
123
86
4
112
109
114
129
147
117
113
117
9
127
89
107
107
153
100
120
99
2
104
88
100
107
102
141
142
131
5
127
104
122
119
122
105
142
135
4
103
73
108
100
116
134
112
127
2
129
150
113
100
148
141
140
130
8
120
119
70
149
114
123
93
118
5
127
120
95
106
129
126
149
110
6
84
95
119
111
115
90
83
71
6
113
113
137
137
135
93
94
125
8
95
129
128
62
93
130
135
107
2
128
128
131
118
120
79
99
114
6
113
89
105
136
100
127
115
115
3
156
116
149
64
98
114
112
100
5
146
101
133
147
147
136
86
107
0
119
122
144
141
91
112
115
137
7
118
107
135
77
116
133
140
84
4
133
143
95
121
106
121
144
121
4
135
119
124
99
106
94
128
100
5
108
137
113
107
132
122
141
128
2
134
115
140
155
125
101
142
105
0
142
141
106
72
136
131
113
134
9
97
121
113
112
140
105
94
88
7
94
144
144
114
107
81
83
120
2
128
111
149
123
102
98
104
163
7
115
135
128
119
125
134
114
79
1
115
105
120
90
166
96
111
136
3
127
107
122
119
127
131
122
155
7
114
112
126
85
105
118
95
85
8
127
107
104
121
141
111
125
122
8
170
154
123
89
113
106
118
112
4
122
86
127
126
71
106
105
106
5
100
136
117
128
100
107
153
142
5
105
117
134
107
150
92
149
105
9
120
126
86
85
128
163
113
106
4
108
107
126
148
113
98
100
107
0
92
122
106
142
148
127
98
82
8
94
134
114
92
130
98
149
132
8
93
92
107
99
126
120
106
163
6
132
101
134
89
93
158
110
81
9
140
119
133
108
120
108
148
93
2
151
127
102
113
97
138
113
120
8
112
125
123
115
125
147
147
136
9
70
98
105
114
152
82
125
99
1
81
119
89
115
110
114
138
105
1
128
135
100
123
139
122
135
112
5
120
112
121
107
98
90
135
142
2
136
136
154
112
125
107
127
85
7
142
94
113
138
107
126
112
141
10
141
101
107
113
128
85
121
120
2
124
135
125
116
112
124
147
128
9
56
89
109
113
129
145
111
145
1
80
119
95
122
117
138
128
112
10
99
121
110
122
93
101
117
127
4
96
58
109
127
143
64
161
120
6
114
96
111
126
113
96
145
110
3
93
147
113
120
116
114
97
125
10
67
83
130
108
80
119
104
75
8
108
141
129
121
106
131
113
111
7
98
158
73
85
120
109
100
123
7
124
111
144
120
143
120
133
116
0
111
149
107
135
126
96
135
120
7
109
99
122
127
147
81
100
142
7
80
107
137
104
128
142
134
116
0
105
84
128
127
114
112
96
112
6
114
116
122
77
133
106
113
162
7
107
99
121
100
106
141
107
100
9
136
109
121
81
132
113
107
121
2
141
79
120
86
87
100
129
98
4
101
107
142
135
92
94
125
99
10
79
105
91
91
122
148
114
114
8
111
125
105
128
146
142
91
77
7
98
139
102
155
121
105
145
92
2
132
117
136
80
109
91
91
141
4
113
113
132
154
147
131
132
106
6
109
87
137
107
129
92
134
140
10
106
129
98
93
91
121
107
120
4
114
114
104
142
120
104
143
131
8
144
122
88
119
133
84
125
105
7
134
139
113
103
105
114
111
101
0
80
123
147
141
106
98
87
106
4
139
111
134
120
143
114
120
128
2
109
116
129
125
113
108
133
93
4
69
128
118
134
105
110
72
96
9
126
108
111
134
118
99
86
124
6
113
92
127
114
114
111
125
126
3
89
120
125
88
133
135
134
144
4
120
122
140
114
146
105
111
113
5
126
147
138
136
126
136
108
134
1
128
108
142
73
110
146
92
99
8
102
117
88
108
129
126
119
167
8
98
122
115
113
93
121
122
127
7
138
113
149
103
110
129
106
115
1
119
118
143
109
106
113
143
96
9
91
78
132
118
107
109
91
112
10
142
111
154
100
114
124
98
111

