9
8
0
9
3
4
7
10
2
13
5
2
9
10
9
8
7
4
11
6
4
8
3
0
2
10
3
113
106
118
89
100
147
122
113
9
148
112
114
106
141
153
120
110
7
120
97
159
145
85
122
101
126
2
127
128
154
121
105
115
135
100
5
142
120
132
126
105
96
120
127
2
122
143
113
93
115
120
127
98
3
104
88
123
120
137
148
101
93
8
120
132
152
133
115
143
68
99
1
67
149
136
120
140
135
98
154
3
100
94
156
126
115
95
113
131
5
116
113
148
91
122
111
105
113
1
139
94
114
137
120
112
108
127
9
105
70
126
142
114
103
129
123
1
117
149
127
158
91
120
100
152
9
144
95
113
128
143
137
120
85
7
107
107
150
144
114
113
141
124
1
109
141
161
142
128
107
65
97
2
102
170
99
92
110
79
135
114
2
148
105
116
109
136
122
115
87
6
91
77
99
123
124
134
133
125
3
141
128
101
109
132
129
117
88
3
138
114
110
101
128
83
102
80
1
127
142
151
101
139
97
112
134
2
99
98
121
147
119
127
118
159
3
82
96
93
135
128
102
99
128
8
113
79
144
127
128
108
101
127
7
122
124
136
113
141
122
106
118
8
81
118
149
122
124
106
114
127
1
112
101
92
141
119
96
110
122
4
124
112
98
125
106
128
146
112
6
121
120
114
116
128
91
110
127
4
107
142
132
100
135
110
155
100
9
114
108
122
114
141
133
115
113
6
143
65
147
120
121
176
127
121
6
121
101
133
110
98
99
86
100
4
134
98
117
127
78
102
128
121
7
129
112
78
128
113
109
121
107
4
129
110
148
82
148
120
136
117
3
98
114
92
106
113
152
127
127
0
98
132
161
141
99
115
120
94
9
85
150
86
101
129
119
141
141
2
131
115
115
123
109
121
118
141
7
85
127
89
107
120
58
133
79
7
107
117
108
97
120
94
127
118
9
99
109
98
136
133
105
131
102
5
141
140
89
113
135
115
111
115
6
144
138
119
127
106
139
93
130
2
115
120
154
111
135
90
148
94
4
135
142
108
154
139
137
110
121
5
117
98
118
115
92
82
115
107
5
142
144
118
111
114
122
112
98
9
122
128
150
67
112
125
92
133
4
80
133
128
134
99
135
136
133
5
104
116
105
155
100
138
173
105
6
106
117
147
113
102
120
112
120
2
119
153
114
85
129
106
95
109
6
115
145
93
120
125
79
121
125
6
107
75
131
106
64
122
131
114
1
61
100
99
141
113
111
120
129
1
111
128
123
122
157
140
135
106
5
107
127
96
136
112
133
115
127
6
128
114
142
134
121
106
111
96
6
104
125
120
144
113
120
107
121
3
141
115
135
108
108
133
126
95
2
107
99
153
139
123
110
129
101
6
127
100
120
132
114
107
91
74
6
97
109
91
125
114
128
120
153
6
104
116
120
153
104
135
129
102
8
115
71
138
113
135
102
94
126
2
85
127
145
116
94
156
108
128
2
90
130
99
86
100
132
106
120
6
96
135
119
140
134
112
86
156
3
94
146
140
108
151
117
128
171
3
72
98
130
110
92
81
156
125
4
112
147
128
117
113
134
104
134
0
109
129
88
85
103
157
107
148
1
124
113
130
107
114
112
112
100
9
100
122
95
115
116
108
122
119
0
120
117
106
142
122
109
97
106
9
114
169
148
142
119
113
141
121
6
110
103
114
111
61
116
127
85
4
90
106
112
92
120
149
138
119
7
119
96
121
135
82
107
133
102
2
115
86
136
106
128
134
109
129
6
150
111
89
120
108
79
127
118
8
122
94
141
120
139
98
124
100
6
135
87
120
142
125
119
127
97
1
125
121
126
108
122
102
126
99
2
87
142
105
133
123
118
99
123
3
95
159
126
142
92
109
85
127
1
106
120
90
158
126
135
115
114
10
107
107
132
121
106
110
114
151
1
122
130
94
122
100
101
114
107
6
121
114
121
136
132
107
119
102
10
101
79
142
154
90
135
174
101
6
142
88
134
120
147
134
100
128
1
124
76
78
115
120
98
120
116
1
121
117
125
110
111
100
119
106
5
113
119
80
143
128
111
113
133
1
108
119
115
133
135
97
106
103
3
113
117
98
97
115
115
83
135
7
119
116
157
121
126
122
140
121
0
107
114
125
87
147
107
47
131
10
129
96
132
109
123
106
107
98
1
108
149
127
99
120
127
139
100
2
99
121
70
147
122
86
127
121
7
82
130
151
100
81
123
109
119
7
122
132
135
106
109
123
109
121
4
118
113
123
139
144
108
121
86
0
131
131
113
111
138
106
89
149
3
133
120
104
86
109
119
114
93
0
127
103
152
141
87
117
162
105
1
170
90
156
83
115
122
100
124
4
130
92
99
103
132
134
104
98
1
105
98
110
115
122
89
146
102
1
135
119
91
141
130
121
90
112
6
112
112
121
115
147
108
110
87
2
143
104
113
111
125
117
135
142
6
118
76
147
143
139
115
122
136
4
101
114
105
149
147
112
85
101
9
109
117
113
128
103
142
100
116
8
156
125
88
120
128
121
123
146
9
101
112
83
141
77
121
128
122
2
86
84
110
119
118
128
83
165
2
105
98
114
141
88
113
156
106
8
112
148
107
118
126
104
122
143
2
118
91
134
118
121
124
98
136
10
126
118
121
127
132
120
134
101
3
149
124
125
133
114
129
112
129
1
90
120
120
106
146
107
113
152
5
169
152
126
122
138
121
110
107
9
99
115
111
120
141
106
94
157
0
91
108
92
107
90
135
116
102
9
124
149
100
123
111
119
113
120
0
135
101
101
91
114
101
128
105
1
87
74
113
84
142
124
136
120
7
92
140
120
111
115
118
138
94
10
104
108
134
105
94
73
147
70
1
118
106
100
141
120
71
113
121
0
138
121
124
110
113
100
114
114
1
128
135
100
87
152
85
150
96
3
115
117
96
85
134
138
150
135
3
105
107
105
123
127
113
103
110
10
103
120
133
104
94
148
140
113
5
132
142
118
152
112
118
125
147
0
156
155
155
124
162
141
116
109
1
86
130
153
102
134
107
150
124
4
123
122
72
148
119
115
105
133
8
92
100
93
103
88
148
126
85
8
144
143
135
141
156
103
100
117
10
126
107
107
87
84
108
123
116
5
148
120
118
145
105
101
121
96
5
138
81
128
133
133
95
107
117
8
106
117
99
108
84
122
87
101
1
103
90
129
121
91
147
144
110
1
74
95
99
121
100
111
115
144
8
122
136
130
159
136
113
142
121
0
100
113
99
97
119
168
117
107
6
127
124
118
125
158
120
157
129
10
108
115
114
106
102
122
136
114
6
140
115
145
127
104
105
133
83
10
141
115
141
140
134
122
89
95
6
107
105
119
125
98
74
136
136
5
94
98
104
135
98
77
110
167
9
120
119
101
130
126
121
99
130
6
111
105
107
94
129
89
118
111
7
118
121
114
121
127
106
106
103
8
104
127
108
147
129
138
85
147
3
120
145
114
133
131
169
138
120
7
153
117
105
135
78
98
120
106
7
122
120
87
115
122
109
106
117
2
105
146
126
147
122
121
100
142
3
147
106
138
114
94
109
138
116
10
67
93
101
100
108
77
121
122
2
88
129
60
120
135
119
144
171
6
127
92
139
113
74
106
107
128
4
101
121
135
121
108
121
89
142
6
149
123
149
121
142
126
57
91
3
104
126
107
71
98
114
167
135
8
147
133
129
94
127
106
99
114
2
136
150
114
127
107
101
139
124
0
93
93
86
109
128
113
121
133
9
134
99
83
113
135
135
160
145
7
113
105
96
92
115
118
147
129
1
128
126
114
100
131
155
123
106
9
140
159
149
101
96
134
127
153
10
147
126
135
115
123
111
112
118
2
98
128
106
155
121
122
92
122
1
164
101
110
115
144
122
134
136
5
154
88
133
120
159
135
101
111
7
103
99
101
128
128
98
94
119
7
112
107
122
114
126
88
94
82
1
133
113
129
99
120
127
93
122
8
107
133
122
96
139
100
128
133
2
157
107
128
93
116
120
117
92
1
134
130
100
115
99
104
126
132
1
112
86
105
127
116
142
140
108
2
136
108
134
97
121
93
127
142
10
79
126
119
94
136
125
132
134
6
138
94
114
121
124
106
135
97
7
124
94
88
107
66
136
88
121
6
105
99
111
129
135
145
107
147
8
139
98
125
160
91
133
78
136
7
120
92
119
135
114
121
136
85
2
128
140
119
112
103
94
92
109
9
140
120
102
113
74
144
94
115
4
107
116
127
116
119
107
124
116
4
120
91
78
122
92
120
88
93
4
136
101
141
135
144
146
132
133
6
127
139
153
162
127
128
109
141
7
128
118
121
101
133
72
118
122
9
98
93
120
100
136
104
111
153
8
124
92
158
108
130
93
131
112
5
128
99
89
142
118
121
138
84
8
126
107
106
100
113
123
97
88
7
106
121
86
121
116
85
122
116
8
163
147
103
109
108
114
113
156
2
98
84
91
97
129
106
105
136
2
72
87
82
106
145
138
139
113
10
148
122
114
92
107
127
103
102
2
111
106
122
89
143
87
109
128
7
120
115
148
99
119
77
119
78
8
121
133
126
158
124
110
127
136
2
115
86
122
126
99
127
114
113
0
77
142
106
123
121
108
107
97
5
108
123
92
137
105
128
113
89
4
116
123
108
136
98
101
80
92
9
115
135
112
105
115
140
147
105
2
143
140
138
127
141
125
84
105
5
136
115
109
86
128
109
102
115
5
144
120
122
141
133
113
94
84
3
140
71
128
101
115
125
114
79
6
110
118
124
100
117
106
99
120
2
123
102
101
128
132
113
125
85
4
121
118
109
83
149
133
150
129
4
106
96
156
87
112
101
124
128
4
114
156
127
79
113
131
135
94
7
114
119
101
154
93
118
117
114
1
122
133
120
104
157
94
105
98
5
81
125
128
104
106
107
87
97
8
100
109
115
115
119
102
105
111
2
127
95
108
117
99
100
107
100
9
122
148
105
104
127
129
127
128
8
139
127
92
91
113
153
105
97
8
98
114
126
107
120
93
109
99
1
102
118
71
108
121
113
117
82
4
120
103
143
88
107
154
135
124
5
113
106
146
127
119
134
100
138
5
117
112
140
105
143
125
128
167
10
93
77
135
113
98
114
92
93
2
113
102
102
101
118
100
121
143
9
121
101
116
92
122
115
134
123
4
114
137
86
101
105
135
93
149
3
114
118
136
87
114
132
113
87
9
132
155
123
127
120
152
123
137
9
79
126
93
106
115
152
129
121
3
92
133
117
107
120
120
122
116
5
106
120
114
126
147
107
91
143
5
100
95
134
138
108
134
126
78
5
114
100
128
152
145
109
106
111
6
130
142
140
156
127
140
96
116
3
86
131
122
118
123
127
81
126
5
111
135
108
147
129
108
128
117
3
130
99
99
113
171
110
118
142
7
107
121
93
108
100
126
111
95
9
147
90
141
129
104
129
119
107
8
125
133
112
78
115
113
106
114
2
106
160
129
118
116
105
128
140
3
119
112
140
118
75
142
127
127
8
99
113
113
91
134
132
143
123
6
98
90
133
136
101
143
106
126
3
126
132
106
99
114
113
126
108
1
127
121
105
93
122
97
126
153
6
136
126
87
131
76
82
75
122
8
115
125
135
120
105
110
123
118
3
129
134
98
112
112
103
119
128
5
108
99
117
129
115
94
155
123
8
144
113
135
95
120
92
104
136
8
99
121
120
98
128
130
100
93
7
116
149
126
96
119
70
107
102
1
146
116
140
117
150
105
125
126
5
153
109
108
105
175
155
135
141
0
107
134
148
92
113
126
113
95
1
106
113
119
110
103
94
133
99
2
146
101
151
115
113
115
106
124
0
138
115
120
128
85
142
161
134
4
91
121
134
109
111
112
93
98
2
119
123
155
106
142
144
108
106
4
145
107
146
119
102
148
114
96
5
116
94
103
94
109
134
113
142
6
85
83
117
129
136
128
77
85
8
117
112
157
121
133
127
142
138
6
85
174
95
127
149
135
122
86
4
104
112
112
137
103
122
152
119
2
123
131
97
135
114
156
78
84
5
134
134
112
86
127
130
120
99
8
120
111
135
94
137
95
110
120
8
142
125
101
134
62
78
100
107
8
100
85
127
126
92
101
147
121
9
112
108
140
124
107
117
138
79
3
110
101
92
158
100
113
107
108
5
109
134
121
113
114
156
128
117
5
106
119
115
129
86
81
110
77
1
92
108
114
114
120
134
132
133
9
119
101
50
73
132
134
105
122
6
134
114
155
92
106
99
134
99
9
136
107
112
108
107
112
98
115
1
106
138
141
127
120
148
101
121
10
127
152
127
79
149
118
149
101
9
87
128
121
142
136
120
121
74
2
140
116
97
100
92
116
134
123
9
128
107
134
112
100
147
152
148
6
106
99
108
124
112
143
97
78
2
113
142
168
102
147
149
110
110
9
114
98
124
96
99
98
129
129
5
138
90
116
107
123
116
101
91
7
112
118
85
113
104
112
121
96
1
107
88
117
106
107
135
100
121
5
112
145
92
107
136
93
113
160
9
112
121
107
119
136
85
133
87
8
136
106
109
100
141
114
130
108
2
129
123
116
102
116
138
126
93
5
113
95
78
106
111
132
126
91
2
120
147
127
127
96
158
155
123
0
98
109
121
108
92
101
99
121
8
113
110
136
119
141
108
160
95
3
117
127
149
116
148
113
149
98
2
105
120
120
71
162
94
107
118
5
65
169
121
107
142
104
91
113
10
127
76
133
127
92
123
122
126
0
122
72
99
127
106
133
124
122
6
133
118
112
135
128
83
111
87
2
132
110
135
136
103
117
152
113
7
80
119
81
107
126
106
84
118
3
122
112
107
126
150
96
95
114
1
122
121
105
153
93
141
95
114
7
142
129
133
77
87
91
124
80
4
137
124
127
126
79
102
117
100
5
127
116
112
86
114
132
113
141
2
97
162
85
154
115
88
152
128
5
150
128
149
105
135
105
141
63
2
146
86
119
84
98
94
116
143
9
87
127
107
117
154
132
139
135
2
69
102
159
78
100
87
128
114
9
128
51
135
152
100
164
133
129
0
113
140
105
144
146
138
57
77
1
102
113
126
114
110
100
96
133
6
148
118
133
100
138
90
86
114
8
78
136
126
112
99
92
122
125
4
100
148
122
107
142
121
117
150
2
116
126
140
87
135
93
132
150
4
145
96
99
99
121
99
100
87
6
128
91
92
98
135
134
119
105
2
146
111
85
83
104
120
94
120
7
108
151
119
134
132
113
106
106
6
120
93
143
134
85
105
144
115
10
107
106
114
161
84
98
121
94
0
114
124
110
107
95
129
105
108
5
106
136
124
120
99
105
123
87
7
136
157
115
117
63
108
112
142
5
99
125
129
99
113
113
127
141
3
113
136
141
108
134
115
102
98
5
113
130
88
124
100
79
108
121
9
99
116
126
113
94
113
132
113
5
141
107
106
112
102
102
142
104
0
135
112
134
134
113
120
126
115
3
129
102
114
133
114
108
106
106
1
114
133
123
120
143
104
131
92
5
86
116
98
120
103
134
98
87
3
130
121
95
121
90
120
103
103
2
122
100
121
119
100
112
126
121
9
128
110
113
107
104
93
105
119
2
126
113
111
119
96
149
132
104
7
129
154
142
76
84
155
101
100
9
114
116
129
114
114
58
143
99
6
165
109
86
119
114
141
93
136
0
141
113
139
133
157
107
112
104
0
98
117
102
133
139
121
143
153
5
121
113
127
132
111
106
119
133
0
127
126
120
129
109
112
106
127
10
104
138
128
129
84
157
133
93
2
109
116
99
110
111
116
119
128
8
106
65
149
105
94
100
82
115
4
114
103
143
130
137
129
114
121
6
112
115
96
114
128
117
109
119
7
127
134
89
107
124
134
100
105
2
102
99
130
108
109
121
119
91
9
115
113
110
82
132
142
134
136
1
108
108
104
107
122
120
142
99
9
106
98
135
107
113
127
118
94

