13
8
0
5
7
3
7
8
8
8
5
8
8
2
5
8
10
10
9
7
7
2
2
7
1
4
2
79
137
92
124
123
118
101
80
6
120
119
116
120
99
99
122
113
1
145
112
137
80
134
92
121
125
0
122
107
122
105
136
129
128
115
8
138
131
131
111
109
116
73
146
10
102
135
120
127
134
142
82
114
9
169
107
125
139
118
108
92
128
0
141
98
133
126
135
140
101
106
4
129
124
86
114
126
125
109
119
4
108
127
116
136
127
99
118
111
1
113
137
127
155
161
119
121
136
4
106
127
112
133
122
137
119
100
10
85
114
151
108
110
155
132
135
7
63
121
135
142
127
158
113
134
1
158
110
119
109
107
89
111
145
9
114
91
119
94
101
101
133
137
4
95
100
101
110
109
106
132
112
7
109
122
103
114
107
89
150
113
2
92
105
155
138
161
91
95
124
7
134
101
126
127
127
122
115
127
6
120
151
73
101
108
79
79
107
2
126
131
110
134
72
92
123
120
5
147
129
111
87
100
126
110
128
6
109
145
126
95
114
80
115
101
7
117
148
128
101
112
114
110
98
2
143
125
136
126
127
171
149
93
4
75
167
177
102
97
135
144
77
4
146
126
109
114
118
138
116
151
3
99
129
116
123
111
135
100
127
7
110
94
127
122
114
142
121
104
4
143
97
113
126
153
108
115
91
2
107
147
105
87
128
126
100
115
3
126
102
92
99
127
100
127
124
9
128
131
128
181
135
88
150
121
5
134
120
114
107
99
98
121
100
0
139
128
107
128
120
135
141
123
9
111
92
127
118
111
102
115
124
7
100
86
127
144
122
134
100
122
3
156
148
133
164
124
93
109
116
4
97
141
92
81
92
106
128
111
3
98
125
154
106
116
115
113
122
4
122
101
161
121
103
107
99
92
5
102
92
115
118
128
134
101
136
1
119
121
112
129
155
89
119
161
0
132
163
99
128
110
119
147
113
5
106
134
122
142
135
105
107
115
4
144
117
127
126
130
81
107
110
2
103
104
140
104
91
120
125
140
7
121
109
113
138
104
136
119
105
8
136
109
125
90
127
127
98
126
1
153
73
170
117
120
96
119
113
8
133
159
148
119
126
63
106
105
4
119
150
118
137
119
135
91
85
1
102
107
131
92
94
74
124
125
3
123
131
114
110
140
98
100
89
1
167
142
139
148
97
190
107
142
0
92
121
82
110
135
119
92
70
2
79
74
115
115
119
129
136
74
0
50
141
118
120
121
120
113
142
7
87
104
142
118
79
144
126
135
3
99
116
164
107
126
108
141
141
1
117
118
94
108
112
128
99
126
4
115
113
129
151
120
118
114
119
1
77
132
154
101
104
89
134
126
2
79
145
113
85
110
126
96
115
3
140
144
147
126
126
164
126
131
10
121
117
136
127
107
80
92
109
4
127
93
108
107
121
129
119
96
2
93
115
128
107
117
98
108
105
5
135
120
102
105
120
84
108
124
5
105
109
138
134
100
129
118
113
10
50
127
106
112
116
153
126
104
10
114
85
135
84
124
144
107
142
10
68
100
101
123
112
129
127
122
8
108
95
133
114
147
102
106
81
7
91
143
126
90
117
87
96
125
5
142
120
119
140
96
136
130
122
8
85
105
100
70
109
108
114
140
4
116
119
151
135
141
114
125
134
1
103
112
120
105
142
114
102
91
4
93
150
113
128
96
138
105
103
0
97
114
107
152
117
113
91
102
4
127
138
100
136
112
106
133
119
9
100
96
117
107
96
131
128
143
2
105
102
131
82
125
105
96
154
3
119
103
128
115
108
117
112
106
5
122
103
80
83
122
115
108
107
4
141
154
93
115
127
109
92
96
8
98
106
143
113
114
112
140
94
10
85
105
122
84
114
72
85
101
8
73
109
125
132
99
96
145
96
8
140
94
120
107
123
136
140
96
4
105
120
108
94
126
126
136
100
1
151
100
123
139
114
122
105
108
1
100
108
129
102
139
128
94
132
4
111
124
97
116
91
109
93
93
3
127
128
128
103
131
114
126
128
6
92
92
101
122
135
119
105
133
6
115
155
122
117
71
106
117
107
2
115
147
106
109
106
124
122
136
7
100
106
97
136
116
138
108
128
1
150
128
99
139
133
127
162
111
7
147
112
106
88
116
126
114
143
7
84
103
134
130
99
95
99
107
1
141
134
113
122
107
88
123
117
1
133
120
117
135
148
122
131
112
10
114
109
101
142
119
80
131
113
6
91
122
126
114
145
100
161
99
9
143
149
155
144
129
128
142
141
9
106
114
148
88
126
111
127
148
10
130
101
128
101
122
109
136
123
6
136
119
81
91
114
134
112
82
1
158
101
108
122
122
157
97
128
4
112
93
110
95
122
55
111
91
9
149
112
149
149
123
146
131
136
4
137
121
115
100
138
135
111
125
9
117
93
129
109
92
123
113
133
9
106
140
91
137
135
107
111
100
6
116
149
144
105
154
107
114
127
8
162
134
123
112
72
100
143
105
1
127
130
113
117
90
183
123
122
2
148
112
99
129
126
128
87
100
6
107
134
120
157
86
122
66
93
4
124
126
120
164
93
75
108
136
1
121
115
95
134
135
105
100
84
9
101
129
112
111
109
146
128
135
3
146
148
102
84
122
115
114
134
9
135
107
85
133
131
123
134
105
8
120
130
113
103
121
112
110
123
6
98
122
117
116
100
123
150
85
1
105
106
106
94
115
126
115
114
8
152
126
79
94
113
124
142
98
6
162
119
160
101
101
111
121
90
2
135
122
89
100
94
64
126
107
4
100
136
119
110
149
116
125
134
3
112
125
136
122
124
95
98
109
9
93
98
93
135
94
101
109
121
3
141
124
118
112
101
114
96
112
7
135
155
132
77
89
113
95
101
3
107
152
84
100
87
135
107
109
7
145
107
86
114
117
107
101
99
9
103
134
115
124
138
146
127
87
9
126
117
120
140
121
126
101
120
0
138
127
136
140
151
86
124
92
4
102
129
143
125
137
141
132
120
6
85
123
144
101
122
130
107
125
10
119
111
140
124
107
135
107
111
6
139
85
82
119
131
107
102
147
0
113
137
108
106
94
116
118
110
6
121
119
129
137
101
133
119
97
9
115
107
116
88
122
120
103
157
1
91
100
117
124
75
104
132
85
2
94
115
134
166
126
123
127
116
3
122
117
93
92
150
116
114
138
4
100
140
128
176
113
110
111
152
3
80
115
99
131
90
125
113
106
4
113
106
91
107
108
76
161
145
4
99
98
136
105
129
137
112
113
2
92
137
79
99
148
140
115
113
1
128
119
116
137
102
90
118
140
4
100
115
109
116
141
120
131
121
10
107
119
107
83
86
118
133
132
5
100
104
101
149
131
128
134
104
1
100
112
138
131
163
113
68
120
0
95
111
93
101
113
93
129
151
8
108
159
92
154
133
116
107
119
2
121
101
111
112
106
129
135
133
10
115
130
135
126
114
62
118
117
8
142
142
85
104
115
119
100
108
6
115
119
143
158
108
126
140
84
1
84
78
144
103
124
100
103
154
5
87
114
84
129
77
124
112
108
1
120
141
108
115
120
121
142
139
7
88
140
105
121
119
107
150
134
7
114
129
103
91
117
107
130
160
3
100
115
112
133
129
104
115
123
6
101
110
121
122
122
106
101
84
8
65
127
127
102
117
131
100
85
8
103
90
159
104
113
105
128
91
10
147
114
100
111
133
134
126
135
9
133
110
129
80
125
133
155
101
1
141
133
122
128
92
91
132
84
9
99
93
115
128
121
98
136
109
9
126
126
91
64
133
112
132
123
4
148
117
98
134
112
119
125
135
7
127
123
100
124
131
124
114
112
8
102
92
78
121
80
91
136
132
3
135
111
128
126
108
135
85
94
1
88
77
128
121
154
135
75
99
6
105
110
108
87
113
121
116
90
2
138
116
99
113
141
101
129
158
3
85
112
117
127
127
127
127
122
8
113
111
120
95
72
102
97
100
4
108
96
125
92
135
100
117
123
4
81
102
108
90
134
146
117
91
0
128
122
132
123
115
114
114
156
7
148
94
91
107
95
135
122
113
1
101
107
80
132
136
93
71
115
7
127
141
123
152
114
106
132
113
2
149
127
79
128
71
136
150
83
8
151
140
102
120
113
119
132
108
7
152
126
120
162
116
96
128
136
2
112
113
98
163
112
115
97
131
6
107
83
131
129
129
100
114
136
4
134
117
84
138
107
109
113
133
9
121
147
134
114
105
145
110
132
2
96
122
91
94
86
100
113
113
5
122
108
116
131
118
106
93
109
8
114
102
128
115
129
107
144
87
6
128
135
106
120
92
119
148
163
7
100
79
127
132
134
95
100
106
9
135
111
128
144
156
157
92
122
1
134
114
111
122
143
149
116
134
5
111
125
126
126
82
133
103
148
6
101
143
142
131
84
100
91
139
4
135
112
109
133
134
135
168
81
2
96
93
126
126
123
118
109
109
2
113
109
93
93
110
115
121
117
2
136
109
94
158
110
100
106
128
9
117
89
104
117
155
114
145
127
10
134
100
99
134
104
113
142
102
3
108
104
121
81
78
113
126
129
5
136
124
140
112
107
160
112
120
1
155
99
94
86
109
106
122
115
2
109
134
89
111
116
94
114
119
7
101
135
131
119
156
128
133
142
9
122
94
120
101
119
91
119
113
2
124
135
141
92
131
152
103
113
10
138
136
80
108
90
81
129
92
6
116
83
119
128
129
102
82
154
5
164
120
92
119
121
127
104
134
10
120
94
116
125
120
109
143
126
7
138
133
104
114
141
113
143
106
7
120
71
129
106
129
92
121
100
9
75
95
106
101
131
133
142
87
8
138
151
134
110
130
140
112
116
4
104
161
108
122
109
148
99
121
7
134
122
93
123
75
124
126
126
4
129
72
80
80
132
113
140
118
3
131
115
100
110
98
133
127
93
5
122
124
112
106
87
121
105
125
9
162
106
113
93
156
113
115
114
4
115
139
107
150
127
162
79
148
4
87
154
125
126
119
105
127
111
10
110
131
155
119
90
100
138
113
5
142
116
112
103
85
93
91
135
5
93
73
170
147
90
70
111
114
8
136
108
98
137
121
117
156
133
2
126
148
106
117
99
83
134
110
10
148
121
124
123
105
151
134
116
6
119
86
162
103
164
98
127
102
9
114
133
106
99
90
112
143
121
2
101
136
152
77
122
119
89
92
1
142
117
109
129
120
97
163
105
9
131
167
164
135
118
109
132
118
2
137
91
142
105
45
131
119
121
9
156
114
119
119
117
129
114
85
6
91
124
125
128
144
116
128
122
6
112
135
106
114
103
91
104
93
9
115
98
122
112
129
103
121
120
6
124
131
119
95
142
107
119
124
5
134
110
117
79
92
126
100
93
1
143
128
130
128
113
115
128
84
1
142
104
113
85
122
121
91
103
8
122
132
107
119
130
103
128
162
0
94
112
110
71
103
128
140
110
7
121
115
94
115
101
110
126
122
5
92
104
107
83
105
90
97
138
5
145
85
125
121
127
95
140
104
7
102
109
113
147
105
121
143
119
2
123
143
144
125
120
162
107
103
2
128
134
114
110
101
113
113
78
3
158
133
107
94
143
146
127
105
10
115
136
128
113
145
106
105
143
3
122
77
107
117
93
123
106
120
0
96
103
107
114
106
96
100
114
8
144
92
152
127
120
103
65
127
9
108
105
161
127
86
98
114
104
10
113
144
106
140
83
146
104
142
1
113
89
110
142
119
125
124
93
10
138
129
100
120
101
130
126
116
9
139
123
92
108
119
150
148
106
2
116
109
135
140
110
123
139
95
6
132
119
92
118
122
141
116
114
4
138
119
149
80
141
145
131
135
6
127
119
138
115
122
116
92
143
3
99
111
75
128
153
121
101
121
7
99
121
119
115
135
125
114
94
4
126
125
156
118
102
73
120
147
9
144
89
100
107
107
148
112
111
6
145
78
122
147
100
140
94
113
4
120
149
99
143
92
134
81
127
2
114
135
91
113
153
125
89
91
6
94
87
108
122
79
128
135
102
1
167
120
101
132
114
136
126
102
9
99
88
71
115
120
113
92
134
5
103
135
79
101
120
85
145
120
9
100
112
128
141
106
113
88
109
0
103
118
118
108
123
134
92
88
2
106
91
118
98
125
78
116
98
4
115
139
79
134
149
131
120
124
3
129
102
137
72
128
114
91
128
3
131
91
106
122
102
97
126
137
2
124
120
114
81
99
117
111
129
6
157
119
120
108
127
102
116
156
0
102
87
136
101
105
120
134
110
2
179
119
112
118
130
120
148
107
6
141
133
117
114
121
91
78
149
8
165
141
130
119
79
114
66
115
9
150
110
142
113
123
121
119
123
9
119
114
133
85
117
84
87
98
0
147
116
93
120
98
117
118
96
6
60
135
125
75
119
136
113
126
3
138
130
83
112
120
164
97
111
9
108
135
120
115
120
101
119
106
2
92
98
92
81
141
109
94
115
5
109
110
105
142
119
90
130
112
6
122
111
126
121
106
109
136
86
4
91
128
99
127
63
102
82
90
4
138
189
99
140
145
120
134
109
8
114
126
119
120
94
150
112
107
1
107
108
124
90
145
69
133
114
5
97
96
120
98
121
126
111
129
2
114
139
140
78
128
124
96
107
4
156
122
118
102
105
110
136
100
2
120
106
79
125
113
118
136
119
1
131
130
68
97
136
136
139
153
7
97
117
93
134
126
129
122
119
5
118
117
144
106
104
88
136
106
2
113
133
141
139
92
135
142
113
10
86
153
127
111
121
78
107
92
7
94
96
126
120
156
109
108
113
4
134
92
121
128
98
114
98
174
9
156
121
82
77
134
120
103
142
3
101
129
106
137
114
113
113
124
0
118
88
119
122
105
159
131
113
6
141
158
122
127
132
84
104
113
7
126
130
115
118
93
95
101
129
5
109
80
120
140
129
84
101
98
3
140
123
90
105
114
105
72
115
9
85
155
121
111
92
101
103
129
0
115
101
117
106
146
107
128
125
10
73
94
142
112
129
120
128
100
1
117
113
128
110
115
126
147
136
7
108
106
94
128
108
127
148
121
4
106
85
120
96
114
78
143
109
10
96
91
123
122
115
108
116
100
9
123
106
148
100
132
112
100
106
8
79
112
98
110
140
105
142
124
3
112
114
93
100
124
143
119
113
5
106
86
127
152
109
158
122
131
7
114
129
110
117
96
93
98
153
3
112
107
125
153
79
105
103
109
0
100
134
122
148
126
96
126
92
2
91
152
86
103
102
135
107
108
8
119
112
110
87
108
132
137
114
3
104
84
112
122
134
124
119
113
9
99
100
110
150
127
109
107
87
3
120
111
175
93
122
101
127
121
3
122
151
98
104
93
75
146
137
7
131
113
129
106
114
125
107
142
5
126
135
73
116
131
97
112
127
8
101
127
146
92
118
121
127
115
6
108
107
126
126
99
108
120
113
1
142
104
114
85
149
141
93
129
3
133
146
113
107
144
77
99
137
7
178
105
147
132
89
124
99
112
2
116
79
100
119
106
107
117
116
0
105
92
130
135
129
102
120
103
3
141
104
98
100
84
179
160
119
5
129
110
127
105
101
96
116
129
6
129
113
90
124
126
99
176
79
7
104
112
117
99
131
103
128
90
4
116
121
92
115
152
90
128
114
9
113
135
127
141
86
145
117
113
7
130
98
97
117
155
132
135
100
6
104
127
153
120
133
127
96
90
7
126
136
85
134
139
111
153
134
9
99
141
138
126
106
100
93
121
2
102
93
85
120
107
110
130
103
8
116
149
100
79
129
164
85
108
7
115
98
134
127
130
78
126
83
2
101
127
134
92
117
129
119
115
6
141
110
94
77
124
120
154
126
3
128
123
108
104
115
113
143
155
2
115
89
120
88
80
163
98
93
3
128
153
135
125
138
136
108
108
5
132
122
113
104
99
92
106
106
10
116
89
114
93
81
156
98
87
2
132
153
134
129
136
133
109
105

