9
2
5
5
2
9
9
6
2
14
1
8
3
9
2
0
4
8
14
7
2
6
6
1
0
3
0
97
120
131
127
105
126
106
112
2
122
85
93
114
115
141
107
110
8
124
146
117
112
148
97
114
135
7
88
135
128
107
109
91
170
71
5
145
87
154
130
122
100
145
127
5
117
95
128
104
97
112
134
105
4
141
116
134
95
77
106
118
124
7
110
104
108
107
119
121
134
120
5
76
93
106
106
120
106
94
144
8
102
111
97
114
142
142
113
124
6
119
95
109
148
114
162
113
118
7
99
108
120
102
119
93
151
127
1
112
145
107
119
131
121
135
125
1
99
109
141
129
123
125
126
122
7
121
99
106
115
130
161
91
92
5
112
97
128
101
151
131
156
86
5
100
130
87
141
128
99
126
126
8
131
111
140
155
84
127
91
86
8
113
122
120
107
163
127
125
117
6
136
140
133
146
115
156
93
119
6
120
103
142
156
93
119
135
139
1
148
73
113
117
129
111
92
121
6
119
110
112
151
133
86
142
78
1
119
106
113
107
145
135
143
112
7
102
135
91
114
82
94
94
116
5
107
121
117
104
106
127
82
145
0
100
122
132
148
135
52
128
135
2
137
118
132
121
105
113
125
129
6
117
103
95
148
105
110
96
120
4
168
143
162
129
106
106
109
118
3
107
129
82
119
111
134
101
72
2
133
93
140
105
139
124
112
103
8
121
121
102
144
76
143
117
134
1
87
120
108
113
127
111
97
114
4
127
105
112
130
130
107
103
114
0
113
141
114
146
140
91
121
148
5
153
154
121
135
116
94
116
135
7
128
119
118
87
126
122
106
95
5
116
99
140
139
98
125
120
135
5
105
133
104
134
121
135
112
113
2
105
122
92
123
93
130
126
150
6
99
140
133
117
135
124
121
134
3
116
134
86
97
101
113
129
112
2
144
119
142
103
71
124
53
89
5
143
131
178
124
85
114
89
151
2
83
135
90
122
136
115
113
128
7
116
98
145
115
135
138
110
162
10
105
123
111
130
132
134
121
115
10
86
122
115
142
143
100
107
121
8
135
101
101
136
113
126
101
115
6
104
112
113
97
94
140
132
112
0
120
137
137
148
115
132
138
100
7
115
123
141
130
94
127
111
175
5
86
114
112
127
117
93
135
95
1
148
150
142
111
115
118
146
100
8
135
108
115
129
103
121
114
70
4
113
118
148
142
125
118
119
163
8
150
133
109
142
92
128
114
113
5
90
119
121
108
118
136
128
133
8
85
128
113
113
121
117
148
137
8
101
143
103
119
124
106
156
114
6
131
101
126
119
114
139
124
102
8
95
137
87
118
119
138
111
115
5
142
120
96
153
86
118
93
114
3
142
148
126
126
130
136
121
130
4
98
100
113
134
94
126
122
112
8
106
126
134
114
114
112
122
120
2
108
128
138
114
83
137
135
133
7
125
125
85
120
135
105
101
141
8
148
99
92
103
119
128
99
146
5
133
124
114
111
108
155
139
127
2
136
119
115
93
156
107
152
85
1
130
103
71
70
105
122
162
103
5
123
93
91
72
101
175
120
121
0
138
153
102
138
130
138
112
133
2
102
101
119
85
114
99
133
121
2
128
101
125
95
111
101
106
92
3
148
147
109
121
127
131
115
93
7
123
84
106
134
134
128
107
119
6
116
125
81
82
125
101
104
113
2
120
93
94
107
99
100
122
121
0
141
141
101
99
151
87
121
121
10
106
129
163
150
108
85
92
75
7
93
125
136
112
105
104
93
156
4
99
127
111
131
104
148
99
93
8
138
100
134
143
119
107
122
144
8
124
104
113
69
118
129
128
148
0
134
129
149
135
117
117
109
115
4
110
109
113
106
134
125
125
117
4
147
150
101
96
122
142
138
114
3
134
157
140
142
144
124
120
89
3
116
143
121
119
121
97
121
141
6
127
104
141
134
108
115
113
127
3
108
111
160
114
113
129
163
107
9
131
94
118
91
99
126
130
116
9
132
110
107
128
109
127
120
108
8
108
105
122
133
162
99
123
109
2
113
133
133
134
126
112
120
108
5
127
147
107
118
111
86
100
125
6
107
137
103
135
128
100
130
96
2
95
119
106
105
99
114
93
87
9
104
67
130
146
129
119
121
86
5
139
46
84
106
113
121
125
109
3
93
104
156
115
128
119
111
150
4
92
105
107
142
141
114
84
113
8
98
97
104
93
160
115
152
146
3
129
139
156
140
101
121
127
119
8
136
136
121
134
134
135
148
103
5
140
129
100
105
151
142
143
88
5
121
87
100
112
93
117
143
120
3
116
127
104
117
134
132
97
100
6
90
128
136
115
99
132
99
113
9
156
114
146
97
106
152
128
131
5
112
116
142
129
134
113
102
120
5
110
65
107
61
81
123
129
132
8
91
107
134
132
149
112
84
86
3
119
100
109
72
114
139
142
161
7
100
117
122
123
125
112
104
114
5
119
95
124
96
141
155
120
150
4
121
121
105
103
145
100
117
98
2
121
93
109
96
147
109
137
120
2
121
75
105
95
47
127
120
151
8
103
122
128
108
117
121
109
130
1
125
126
126
120
145
103
114
114
5
92
132
135
126
105
92
125
95
5
89
113
135
106
105
108
118
130
0
107
120
114
106
77
124
113
121
8
128
141
144
156
138
111
128
78
3
89
128
127
119
120
121
135
167
2
127
107
120
137
114
120
107
101
5
120
92
133
110
112
131
100
125
5
134
99
91
132
86
121
126
119
1
103
78
91
134
79
102
134
147
5
141
135
117
143
100
146
140
100
5
119
97
94
162
101
152
155
94
6
112
125
83
113
112
78
120
104
2
106
118
129
130
104
106
136
120
3
122
154
122
138
101
106
104
93
7
80
100
105
156
112
119
128
73
7
108
129
85
147
110
115
128
80
2
131
124
128
132
104
135
125
127
9
140
107
112
91
92
136
141
113
6
153
157
92
113
105
141
94
128
8
124
105
115
107
113
85
136
79
7
77
103
115
100
128
100
94
146
1
106
98
145
99
135
107
105
127
6
99
136
94
86
131
104
132
84
6
146
98
120
114
101
132
91
124
4
127
113
132
116
126
143
128
100
3
133
136
125
119
129
120
108
126
5
96
122
102
106
98
124
111
101
4
148
107
112
138
129
125
133
135
4
128
123
130
151
135
107
121
144
5
128
106
142
120
135
124
141
107
5
128
113
59
148
134
102
102
102
4
94
97
96
124
111
64
101
91
7
122
106
128
114
88
132
122
134
0
99
145
154
111
102
113
140
120
9
111
114
122
132
121
68
105
138
7
118
115
149
89
96
94
92
101
8
147
119
107
134
125
92
143
100
7
106
150
123
115
111
97
127
112
7
127
136
109
125
113
159
126
142
3
109
127
100
119
124
116
84
126
1
116
95
106
101
113
154
105
157
4
105
142
95
147
120
146
108
111
10
90
102
128
129
114
94
113
125
8
120
99
156
148
141
126
86
114
7
143
99
101
119
143
64
83
129
1
127
119
107
122
129
135
135
107
3
120
106
89
138
135
127
124
133
10
123
100
93
94
120
148
99
118
2
100
155
126
129
112
117
90
117
2
105
116
137
83
129
109
98
130
4
148
128
129
144
117
126
102
124
7
137
134
154
85
128
125
136
161
5
122
118
115
130
146
107
114
110
3
106
84
99
176
136
133
158
134
3
121
110
131
101
135
126
138
98
10
97
121
131
106
148
119
119
148
3
134
109
91
136
112
105
127
89
3
91
100
102
127
122
122
148
149
5
142
140
135
106
127
122
123
130
1
123
139
116
136
149
157
98
91
5
104
91
127
119
84
128
142
115
5
109
112
139
92
136
90
129
124
6
126
109
72
114
146
114
76
142
6
100
142
121
140
86
123
103
108
6
114
124
122
123
147
142
111
105
6
119
140
127
129
170
116
121
106
9
127
105
105
95
141
98
159
100
5
84
133
98
127
140
107
122
99
5
149
127
130
83
106
121
125
94
4
140
162
128
164
134
108
94
142
7
124
111
113
113
161
113
121
111
3
116
126
117
126
131
94
140
114
5
137
122
111
121
127
114
120
125
1
75
137
111
107
120
78
127
124
4
94
126
128
125
130
135
99
146
8
135
91
130
154
122
104
80
129
7
108
79
101
139
141
113
107
107
6
107
82
133
141
146
91
99
120
1
161
89
125
106
126
120
121
115
4
135
95
114
103
108
141
115
129
6
72
102
100
134
120
115
142
136
2
107
124
123
133
107
106
121
104
0
118
135
121
112
133
101
121
132
4
145
113
108
142
114
135
78
147
8
100
107
89
153
143
128
114
112
4
86
135
130
116
108
148
171
122
0
111
120
88
114
128
98
61
140
4
89
128
113
138
113
127
107
129
3
102
107
68
88
106
120
135
97
8
135
98
118
101
100
132
134
98
8
156
136
121
104
114
136
134
127
4
132
133
135
117
105
149
98
138
5
132
120
141
137
146
136
119
85
4
91
127
120
125
121
116
138
107
10
93
137
119
100
123
129
109
99
6
104
99
110
114
82
81
113
134
5
134
121
119
108
107
135
113
117
8
114
95
139
137
106
85
115
111
7
135
123
114
100
127
143
95
133
1
98
131
128
115
131
98
128
135
9
122
127
99
121
98
109
149
75
5
103
130
110
127
145
108
124
69
3
119
140
107
120
120
142
140
115
1
128
91
96
121
119
125
126
90
2
102
118
122
77
120
101
122
119
9
142
106
104
121
107
148
122
100
7
128
132
125
104
90
94
128
127
3
118
137
148
141
93
117
118
93
3
122
123
127
112
92
92
154
137
5
113
120
120
115
98
119
110
128
2
126
125
110
132
134
122
79
106
9
122
134
130
115
100
139
150
114
8
143
100
96
80
122
77
92
146
9
117
91
101
133
115
99
77
90
10
120
78
119
91
139
150
105
145
2
119
116
145
116
151
82
140
144
1
135
105
101
113
142
106
103
108
2
134
107
91
131
104
105
90
64
1
115
114
118
120
149
113
98
137
6
122
145
125
78
140
142
111
135
3
119
129
146
98
125
121
115
96
1
134
109
109
137
110
113
116
107
9
98
95
126
101
131
106
156
122
9
109
108
130
132
113
114
97
107
4
113
99
88
114
121
114
119
117
3
142
136
137
109
104
164
120
99
2
119
114
128
97
124
86
119
104
1
86
106
101
122
123
127
102
120
0
138
148
91
115
116
90
126
133
5
143
117
113
117
102
89
72
137
1
71
110
83
132
119
102
57
127
3
110
112
86
72
119
100
94
126
9
133
93
100
122
101
134
92
89
7
135
92
127
132
95
127
98
120
2
118
114
125
93
128
63
107
133
6
126
118
107
152
124
128
108
123
4
129
111
96
126
124
54
136
92
9
167
106
120
120
152
102
78
89
4
121
143
111
123
118
107
122
106
0
86
155
87
120
88
156
105
108
6
92
65
124
127
143
141
111
61
7
117
119
146
151
133
154
116
118
4
122
150
127
105
87
109
122
138
4
117
133
160
141
105
129
92
106
4
118
74
113
113
108
126
134
85
2
130
99
84
114
135
123
121
83
3
97
127
90
107
134
98
136
126
10
105
119
126
114
139
92
136
123
9
139
130
122
140
141
99
95
118
5
157
119
134
110
108
119
121
96
5
103
146
125
135
127
134
70
134
1
113
149
90
105
117
89
111
119
7
129
102
123
131
117
106
128
134
9
132
113
127
135
149
119
133
114
3
101
152
117
139
115
127
124
114
6
81
101
130
97
152
127
106
92
4
121
128
155
130
122
112
106
79
8
84
93
120
129
99
146
105
101
4
101
121
114
132
120
92
140
98
0
129
140
140
65
116
128
136
147
3
69
107
120
111
94
155
100
101
0
135
119
118
91
124
91
121
87
5
113
134
101
103
109
138
105
129
2
164
110
110
127
139
102
108
155
0
116
78
112
127
114
107
135
157
8
154
125
131
148
95
108
124
140
9
94
114
135
97
135
149
92
120
2
113
98
125
128
148
106
135
125
6
112
152
108
127
133
132
78
92
8
136
128
87
122
107
91
142
108
6
124
120
124
84
114
117
99
128
5
124
148
104
131
150
122
111
132
0
94
124
121
149
119
114
158
140
2
107
139
107
116
112
112
120
125
4
89
130
104
106
93
102
133
87
10
96
105
144
146
127
114
92
122
6
138
141
94
141
128
126
123
123
3
121
117
105
132
111
146
103
111
3
112
105
126
120
126
120
100
127
1
121
122
102
132
148
113
117
127
8
96
134
131
80
79
111
131
126
1
81
124
146
121
116
144
88
139
10
120
111
111
117
112
120
127
126
2
103
107
64
105
148
113
147
121
2
121
80
107
141
118
108
106
135
0
120
95
136
121
99
135
134
119
0
131
94
132
115
108
99
102
126
4
135
107
126
80
141
107
122
121
4
122
141
98
146
87
120
100
83
7
110
135
106
136
109
131
121
123
7
120
113
82
98
128
154
125
142
5
148
101
99
129
145
111
132
130
7
108
162
142
106
149
130
92
119
4
98
118
164
113
127
106
134
111
7
148
136
150
113
117
104
112
105
6
99
120
139
127
99
109
142
108
2
103
85
135
137
122
136
94
120
10
142
169
103
73
100
128
105
103
6
179
103
156
134
134
115
139
126
10
122
91
109
112
121
126
114
148
5
88
115
104
71
86
150
121
150
7
118
113
86
127
135
120
150
109
5
124
133
140
122
133
146
108
87
1
127
103
136
85
117
99
123
126
5
98
97
125
90
108
113
120
124
6
148
109
150
86
124
130
114
154
5
124
133
157
134
99
107
108
131
2
139
91
116
134
105
138
112
126
1
135
121
87
114
145
105
133
107
5
182
142
99
121
99
105
131
86
7
119
130
148
77
98
108
110
134
7
137
84
113
143
135
131
137
112
1
157
108
101
118
113
83
97
86
3
97
118
135
113
127
128
102
99
7
142
100
108
101
107
113
98
108
6
117
107
123
108
80
90
92
115
4
113
112
151
115
126
101
82
119
7
112
90
111
105
91
115
93
141
7
112
114
120
113
105
124
136
113
3
145
122
124
100
85
83
138
80
1
114
179
136
107
99
99
107
98
10
128
124
131
112
99
128
119
108
6
122
101
98
120
126
128
107
140
7
142
112
114
96
142
112
129
112
6
106
149
114
97
91
94
173
108
10
114
131
107
85
124
134
157
116
5
122
141
147
132
107
121
125
126
4
90
121
88
92
94
142
114
80
1
112
106
131
120
101
128
129
108
6
105
105
128
112
129
126
125
85
6
113
136
129
144
110
86
82
97
10
106
121
130
147
134
111
120
139
6
139
99
80
127
131
86
99
105
2
120
146
110
105
93
140
102
89
7
84
118
141
100
137
108
135
106
5
100
98
129
129
107
110
121
84
6
106
84
150
101
87
136
100
140
5
109
110
119
122
128
85
127
117
3
91
98
98
92
120
105
156
99
1
134
149
120
93
113
137
130
147
4
128
128
139
104
139
114
107
100
6
79
120
142
116
141
168
113
117
0
89
112
106
153
148
133
135
137
2
113
129
131
129
121
98
147
103
3
122
114
141
121
148
85
108
141
8
149
124
96
149
106
151
116
146
3
99
79
150
139
167
121
98
119
8
119
114
128
117
125
155
133
122
1
100
135
125
141
125
83
117
139
7
112
120
84
126
87
108
108
142
4
117
81
119
134
124
115
141
114
9
124
107
135
102
100
82
93
104
2
166
134
139
121
101
67
99
99
3
104
83
159
89
134
147
106
129
6
115
107
113
144
140
164
94
132
2
141
94
107
148
105
77
82
110
5
143
120
134
145
122
79
124
115
2
105
78
101
141
127
139
138
142
10
152
123
92
102
141
100
107
133
3
110
156
124
141
156
119
113
134
9
142
97
145
109
119
112
142
115
9
128
100
126
98
111
174
132
113
1
134
88
116
136
119
111
131
98
2
79
145
126
136
114
111
155
116
2
131
121
71
104
137
99
119
107
0
134
87
118
138
113
106
130
92

