16
4
3
7
10
8
0
8
6
11
6
5
10
5
5
8
9
9
13
2
9
1
1
5
9
7
8
170
128
155
127
127
116
96
85
6
144
115
126
114
124
84
127
84
6
114
105
127
119
93
94
157
105
4
117
100
130
121
123
110
94
143
7
119
131
108
90
108
107
133
75
8
128
148
87
83
102
95
98
95
0
116
129
142
119
117
125
121
139
5
63
122
126
110
159
130
131
112
2
134
141
73
110
116
113
163
128
5
119
116
111
108
124
114
124
119
8
95
105
118
114
133
134
106
106
4
115
165
127
111
106
114
119
135
5
125
97
115
105
111
120
141
157
10
132
127
114
149
172
112
93
113
4
106
127
100
101
128
150
66
155
7
115
119
93
128
87
92
123
134
2
111
156
113
128
106
124
150
95
9
142
127
141
118
74
102
85
114
5
117
116
120
134
140
122
96
128
6
77
112
105
154
111
105
124
104
6
113
106
121
85
135
132
119
102
1
110
108
85
118
135
115
99
135
5
133
81
135
143
92
107
141
86
9
99
127
128
134
126
112
85
134
6
85
131
134
132
99
126
113
99
9
133
84
80
135
107
107
135
105
9
85
116
108
107
142
141
108
111
1
128
85
146
157
113
149
104
143
8
101
130
141
132
122
96
105
93
9
73
99
158
105
118
133
72
146
0
91
120
102
67
133
115
140
133
10
111
105
139
107
95
113
122
144
0
113
98
154
163
124
90
150
134
2
100
101
117
107
107
171
107
102
6
120
103
119
94
132
151
83
105
9
97
84
91
149
105
120
155
140
2
104
104
130
80
107
115
136
106
5
112
140
122
122
70
99
155
108
10
127
133
114
100
142
127
138
90
8
111
108
111
109
99
99
86
112
4
85
114
108
139
106
93
106
139
6
119
122
127
92
106
135
93
120
5
127
95
122
111
141
101
128
147
1
95
88
134
164
134
127
113
143
10
119
136
120
141
149
68
101
95
9
170
142
137
126
107
120
119
122
4
142
136
89
122
142
129
113
129
1
82
107
106
141
134
98
156
142
7
144
141
130
140
85
102
131
137
6
113
146
114
154
127
110
98
134
0
116
83
92
127
80
142
88
115
9
121
108
121
95
119
113
120
162
5
112
136
128
85
79
135
127
129
5
149
117
144
106
132
104
107
140
6
100
96
108
92
96
143
122
135
2
113
168
86
123
121
128
126
114
5
156
131
101
72
151
149
119
112
4
133
111
91
110
156
137
104
71
3
100
154
138
135
91
66
116
119
8
126
143
135
84
94
117
134
106
6
134
147
120
142
108
81
99
114
8
113
99
100
60
95
98
100
130
5
87
118
107
112
149
91
99
101
4
85
131
118
111
135
85
103
106
0
137
78
98
127
156
117
130
124
0
100
122
138
128
156
149
123
112
3
143
110
107
113
118
103
132
78
8
122
118
79
88
120
111
115
135
3
102
95
122
149
63
93
101
151
8
81
95
121
107
132
132
139
139
4
100
141
143
92
119
96
97
132
7
112
135
144
133
122
128
106
122
3
114
110
133
147
130
113
96
121
4
91
110
109
127
102
127
98
78
0
148
131
91
128
120
106
119
130
1
109
102
102
111
124
84
129
112
1
142
114
79
151
116
121
106
128
7
114
150
127
122
103
155
88
132
1
125
115
97
113
96
135
116
94
3
103
114
120
121
132
100
128
121
8
121
112
134
109
104
138
93
130
0
112
147
153
112
105
67
134
133
6
128
117
138
82
108
105
94
141
5
101
111
143
129
121
125
118
125
3
128
121
142
121
128
114
142
127
7
140
90
85
138
86
120
113
149
6
135
80
121
91
157
126
87
155
1
137
85
121
107
140
109
79
124
5
107
94
130
147
91
112
96
133
8
126
115
119
110
159
99
90
116
6
135
114
98
116
95
123
128
85
0
105
78
130
96
108
74
133
86
9
107
127
120
102
152
124
127
82
5
113
154
50
136
112
105
102
135
6
115
110
92
128
106
138
135
134
10
121
130
108
120
119
107
162
99
6
153
155
95
156
109
138
134
91
5
110
120
99
118
112
99
94
107
4
87
73
107
122
106
161
126
72
8
111
122
105
97
149
134
128
124
7
93
124
137
63
141
126
128
102
8
105
126
119
120
110
73
93
99
8
97
115
126
139
99
111
85
120
7
141
106
99
124
123
136
74
137
6
162
113
156
110
98
91
103
142
10
88
123
146
120
93
127
113
115
1
129
109
95
126
113
106
124
135
7
143
89
128
106
65
132
131
91
6
110
136
101
141
106
113
126
88
7
109
141
111
128
124
106
136
84
6
94
92
120
92
136
75
83
135
3
99
103
133
98
130
78
129
120
8
97
163
140
90
107
136
133
82
9
106
89
87
93
115
106
100
119
6
152
120
128
86
104
128
122
123
9
109
123
148
100
142
110
136
106
9
87
119
83
133
97
99
92
101
7
121
117
126
102
103
111
132
105
4
95
92
89
102
174
128
107
148
10
141
125
126
113
72
114
155
101
2
96
94
141
117
82
107
95
106
10
109
141
114
141
146
134
120
142
10
154
76
73
100
133
109
148
129
9
121
129
92
124
100
123
77
98
3
97
98
128
124
109
106
100
114
2
99
107
137
116
135
121
110
120
8
126
94
91
162
115
127
92
105
1
90
126
101
86
105
110
134
120
3
100
65
134
134
120
131
86
144
4
109
100
116
135
158
99
127
104
4
121
78
84
114
134
127
100
94
10
113
106
117
120
133
109
92
111
3
113
120
145
96
111
116
118
123
6
135
126
117
147
121
113
124
108
6
142
113
111
138
87
96
137
119
9
119
113
129
87
104
135
127
131
1
96
136
134
104
132
80
134
162
0
113
110
122
125
85
139
94
99
8
136
112
132
147
85
160
134
119
1
122
89
130
135
127
124
104
106
8
86
138
128
103
85
126
120
127
5
112
112
114
124
136
142
129
115
9
98
107
103
164
142
116
132
134
8
142
117
120
115
112
122
113
80
8
159
106
105
89
166
100
80
80
0
118
123
136
137
92
153
134
121
7
104
105
143
104
140
149
96
120
6
133
115
114
143
109
149
94
143
4
138
116
109
144
104
126
119
129
6
106
127
127
99
115
88
137
128
4
120
129
100
127
127
124
91
140
8
107
71
108
98
113
110
163
80
7
109
139
124
130
121
128
109
81
10
78
80
156
143
137
138
105
106
4
138
121
125
125
138
106
93
129
10
140
136
92
138
115
140
126
143
4
113
95
120
119
140
100
115
107
1
130
120
92
114
109
113
98
93
6
87
84
134
106
98
101
113
138
3
96
151
138
129
104
123
121
127
9
110
106
143
92
90
121
126
120
8
59
101
121
99
106
119
136
94
3
134
133
108
106
132
113
96
137
3
98
106
142
108
86
84
93
108
0
108
92
90
112
149
106
148
115
10
111
86
106
124
101
149
120
146
0
84
121
104
127
129
93
129
98
7
103
137
129
142
131
151
118
105
4
107
101
119
150
101
122
113
113
7
142
147
100
109
100
108
94
120
9
106
155
112
129
151
144
133
135
7
134
102
83
104
113
133
95
121
2
87
150
115
156
114
137
114
127
5
127
124
98
127
127
141
124
101
5
135
109
132
92
94
100
74
134
3
122
114
144
123
86
119
108
128
6
115
114
134
134
125
84
142
105
10
118
132
103
153
121
129
127
123
4
149
114
105
92
91
122
105
107
9
121
134
128
133
160
127
146
109
1
117
147
112
121
134
136
106
141
4
121
99
106
119
108
127
124
97
0
120
164
131
123
147
135
126
126
7
107
122
130
153
79
125
107
159
1
135
129
123
118
101
86
115
139
8
152
132
133
105
113
114
99
141
4
129
135
156
121
113
133
137
101
4
127
113
129
127
117
94
85
97
8
132
105
126
64
106
132
122
128
6
95
110
117
142
114
92
122
135
8
121
148
127
94
109
171
114
87
7
142
88
123
95
105
127
135
142
3
160
106
92
108
102
121
128
93
6
143
117
128
94
115
141
135
100
6
130
89
85
105
139
121
138
142
8
87
113
101
128
106
110
119
138
9
100
119
126
112
129
109
128
114
2
133
105
122
133
92
121
112
111
9
100
139
119
100
117
125
127
120
8
79
104
144
97
155
95
133
107
8
112
100
92
99
120
127
79
138
1
121
98
177
128
144
107
142
140
10
108
128
136
114
116
102
118
80
3
115
103
121
78
126
88
91
109
8
114
104
111
114
110
126
115
119
2
95
149
101
118
106
125
134
120
9
173
94
126
128
77
110
110
129
5
118
128
111
149
128
112
141
101
6
78
80
98
145
196
127
73
93
3
121
135
126
128
136
120
113
185
4
132
120
80
100
101
138
65
101
5
150
107
107
157
85
155
100
133
1
121
101
101
77
136
111
112
128
7
116
130
116
159
99
121
144
122
9
97
105
145
129
131
132
131
98
3
103
125
95
153
104
93
85
114
2
130
115
94
119
106
91
133
78
7
119
79
138
92
119
121
133
118
6
115
110
126
124
141
157
129
76
8
145
93
117
99
131
117
117
122
9
95
110
120
93
113
107
148
109
1
109
133
100
92
127
72
132
126
3
105
93
107
84
106
114
127
107
7
94
105
108
86
114
142
122
93
7
120
128
102
134
116
128
139
93
2
114
127
154
95
121
120
151
123
6
100
124
96
132
91
92
117
110
6
98
92
111
143
126
92
95
78
0
109
110
105
98
100
100
92
121
4
114
127
137
108
134
120
91
93
2
106
126
106
134
129
122
126
115
10
115
105
116
79
85
115
127
96
7
88
144
108
142
131
121
121
86
4
137
93
129
98
79
142
91
94
8
129
132
118
146
152
135
122
93
2
122
148
154
140
134
137
111
106
1
119
116
167
117
133
112
140
142
1
106
148
94
141
106
121
129
70
8
149
121
111
135
99
120
86
141
4
108
107
141
113
102
141
112
118
5
115
121
119
145
73
109
92
111
6
93
112
128
98
95
129
160
104
3
117
114
152
73
79
105
114
120
2
128
108
119
116
110
143
110
133
7
146
127
124
141
119
78
98
93
5
103
113
121
136
116
129
105
108
7
152
103
101
100
141
113
137
141
3
113
130
107
143
86
114
147
114
7
125
136
128
104
115
75
147
72
3
80
107
94
114
129
97
118
152
0
122
84
76
101
128
98
136
127
9
116
126
104
94
93
116
114
130
9
131
128
99
109
120
114
138
77
5
118
129
125
117
103
109
93
114
9
113
119
82
126
91
113
149
120
10
133
141
107
145
92
108
108
79
5
113
120
141
107
114
121
119
163
5
120
126
92
118
116
126
116
119
5
131
101
116
93
143
134
139
130
5
104
111
97
119
95
106
102
133
3
160
106
112
135
127
83
106
132
5
136
141
113
121
100
102
114
115
4
133
133
106
129
107
116
111
128
3
103
112
116
127
149
136
119
122
1
116
85
107
100
85
119
115
121
10
112
108
126
137
113
91
156
112
5
107
115
109
124
125
121
127
137
7
171
100
98
144
113
93
178
92
4
110
128
113
92
85
133
121
113
4
86
89
146
143
135
121
122
102
1
95
100
116
100
101
148
121
129
3
126
127
129
127
100
92
161
132
3
124
121
154
122
78
112
87
85
7
121
128
114
140
135
175
135
97
6
125
80
141
139
161
50
136
88
3
120
114
130
106
94
152
110
127
4
141
140
144
128
107
112
128
135
4
109
106
113
141
77
117
127
136
6
131
102
109
127
136
122
125
137
9
133
109
116
113
127
136
149
79
10
141
86
112
86
128
73
108
78
4
87
114
162
127
128
84
99
130
5
122
129
109
83
112
129
103
90
0
112
104
101
134
86
100
85
121
4
130
121
99
115
126
84
142
66
6
106
120
133
120
138
113
119
159
2
80
152
108
113
110
114
100
100
6
107
113
114
119
107
142
154
146
2
127
118
152
96
118
109
86
122
4
115
105
127
68
67
141
114
140
2
109
136
138
127
99
127
123
139
2
87
141
114
147
95
109
163
115
6
149
117
107
105
121
116
134
140
7
93
99
142
115
118
106
90
110
4
141
100
106
124
103
105
121
108
3
140
86
111
110
73
100
67
109
4
143
106
97
134
138
115
148
117
4
120
108
114
108
142
84
106
136
3
104
82
78
86
120
113
120
92
6
95
119
113
126
141
86
135
102
9
72
134
95
127
104
106
120
125
5
115
84
95
123
107
120
155
161
1
130
150
124
100
157
136
124
113
6
79
156
94
140
133
109
150
112
2
84
145
107
142
108
116
124
107
8
135
110
132
136
92
107
130
130
9
121
112
149
131
113
117
114
106
2
101
118
98
112
144
147
110
100
7
124
143
87
108
106
117
113
125
2
108
115
99
87
107
119
106
147
2
122
74
129
92
92
91
117
130
5
129
130
135
95
133
93
129
95
6
86
120
84
128
114
100
91
130
3
113
135
155
112
98
137
88
66
7
113
98
106
147
118
112
114
97
10
107
115
120
136
141
119
175
94
10
122
84
128
111
90
94
162
93
5
118
121
135
115
142
108
84
88
1
122
114
118
96
126
128
126
116
8
129
84
86
100
103
89
90
126
6
86
140
116
121
114
89
102
101
2
92
141
141
139
146
70
140
131
5
134
115
136
100
116
140
105
156
10
134
114
112
103
127
111
146
134
7
106
94
126
108
139
110
132
119
6
125
128
105
107
88
72
107
112
7
147
124
130
85
135
141
129
135
2
127
126
111
97
99
141
126
116
1
114
125
100
86
121
120
96
137
8
84
83
104
166
131
123
106
162
9
155
105
147
128
130
118
138
80
2
105
115
96
106
80
95
106
100
6
128
114
127
71
99
109
98
141
4
131
139
117
121
107
151
134
111
7
160
131
135
73
144
135
150
105
6
127
100
116
124
108
106
135
107
4
121
105
90
146
100
164
107
106
1
154
131
114
134
122
115
113
111
10
109
72
113
99
117
147
128
116
9
113
105
95
77
126
139
123
117
8
120
141
117
147
86
92
162
131
4
84
125
106
103
147
153
133
100
3
104
140
87
93
121
120
123
113
7
92
107
126
153
132
99
69
105
8
93
129
123
106
87
112
113
130
1
113
104
166
111
112
129
130
102
3
123
127
132
161
122
140
109
112
9
129
134
150
86
146
105
79
104
0
144
141
146
139
112
120
142
106
4
114
100
113
142
131
163
155
141
5
148
101
113
108
156
163
109
114
6
132
123
94
81
106
98
79
110
10
78
126
90
65
108
114
113
107
4
128
139
140
91
134
115
113
139
4
132
129
146
128
120
136
110
96
5
127
121
107
98
100
120
122
120
6
134
146
72
131
99
86
118
107
6
114
180
121
99
110
108
127
107
2
108
125
99
114
85
143
115
143
9
117
86
100
150
143
104
114
92
4
96
127
127
125
119
118
153
112
6
91
117
133
115
136
111
110
127
1
100
101
103
121
109
107
114
120
6
143
101
111
143
80
90
100
124
3
150
118
86
119
65
116
140
124
7
110
101
132
120
109
161
87
153
8
106
136
177
114
136
91
90
108
3
129
94
149
83
145
111
151
129
9
92
157
139
97
128
120
113
104
3
128
124
149
105
121
93
115
130
10
131
89
92
90
100
139
91
126
7
91
71
103
128
95
96
80
129
5
112
165
121
138
122
137
118
101
5
92
109
144
103
113
168
94
112
6
93
107
149
122
110
81
103
99
4
121
134
109
119
142
97
118
143
6
120
131
153
93
103
100
140
129
3
97
121
156
99
113
141
143
119
4
127
105
92
128
112
96
149
144
1
128
109
145
137
142
114
100
114
10
74
113
81
119
91
147
102
115
6
148
147
117
105
144
118
129
122
9
121
116
113
115
107
117
98
142
5
123
106
149
106
95
123
130
61
9
112
105
107
118
124
93
134
148
4
114
120
84
91
116
108
122
125
2
93
141
121
119
105
114
116
119
8
94
128
110
92
128
103
143
128
5
78
121
107
114
121
127
126
144
1
91
142
124
119
101
106
114
120

