12
10
6
3
8
5
8
10
7
11
1
3
1
4
1
4
5
8
10
0
10
3
5
10
5
3
9
119
126
134
106
119
136
81
112
4
121
99
135
115
130
86
89
142
4
121
140
142
107
111
120
115
135
8
72
111
129
130
142
128
101
115
0
121
72
99
145
143
110
127
117
3
118
103
130
113
115
119
103
110
1
129
131
122
126
113
117
120
127
10
112
113
101
142
152
82
106
109
1
116
116
112
119
129
102
101
148
7
49
122
139
104
128
150
118
134
6
130
99
143
134
119
142
92
144
4
101
149
94
98
120
107
150
91
5
111
137
124
135
135
100
126
120
6
106
91
79
113
133
105
111
156
7
118
124
112
123
93
149
134
119
4
119
129
127
116
107
126
85
109
3
114
116
133
91
129
118
99
121
3
128
121
86
64
100
127
114
156
1
116
105
121
84
129
140
122
132
2
148
94
119
99
121
154
106
149
6
107
146
114
109
105
138
106
88
9
124
100
105
111
114
125
118
115
9
131
126
143
78
111
134
116
124
4
133
122
135
124
136
172
123
84
6
163
138
78
115
132
76
69
108
3
96
105
93
121
148
97
103
153
2
78
115
135
141
88
112
137
101
3
126
113
146
141
81
117
134
148
3
124
108
134
71
142
134
113
103
7
120
91
141
122
113
130
71
117
2
111
133
120
106
106
102
103
99
7
139
97
101
111
127
128
114
121
3
104
130
111
148
119
128
143
138
10
119
114
120
124
170
96
130
141
6
142
136
107
116
122
140
129
140
4
142
87
114
124
116
122
135
101
4
134
101
127
121
108
101
135
139
1
135
128
104
92
93
138
112
145
10
98
108
128
99
126
115
74
107
9
105
130
141
129
130
73
163
98
7
96
119
111
112
105
113
117
112
8
107
106
112
117
148
100
98
127
9
135
137
92
119
121
90
93
108
4
146
86
128
127
114
109
87
133
2
128
121
92
131
156
108
106
92
1
108
128
110
148
109
107
149
83
4
113
93
142
124
98
105
108
142
9
136
116
107
106
120
101
104
139
6
117
101
126
119
121
127
118
127
6
136
132
106
129
64
139
92
149
2
148
119
132
125
115
141
106
115
6
115
114
82
115
124
104
121
88
4
94
106
126
111
122
142
135
107
8
87
111
121
133
126
85
104
117
5
113
106
156
122
105
104
140
128
10
119
115
115
112
120
131
122
102
2
141
129
129
104
136
89
107
132
4
114
145
149
106
122
132
93
131
7
145
155
108
126
148
90
113
140
8
135
134
86
124
88
109
106
84
5
83
134
130
125
148
102
149
113
2
112
155
107
112
150
115
150
128
8
130
121
78
133
109
116
108
111
0
134
121
86
78
126
115
75
136
8
129
131
151
125
120
133
128
154
9
126
145
80
126
109
96
110
117
2
116
117
103
119
147
119
89
121
6
120
113
144
140
144
134
109
128
1
107
129
127
111
119
106
88
128
2
114
88
131
105
136
105
116
114
6
119
136
70
93
120
100
120
79
1
135
128
123
147
85
129
114
108
6
150
100
131
121
130
112
110
142
4
124
126
122
138
129
139
78
130
9
121
127
102
119
133
124
106
110
1
94
112
128
97
127
129
88
115
8
77
155
115
84
81
114
144
146
10
123
126
99
121
149
104
148
135
0
122
104
122
111
140
92
114
96
7
135
113
95
101
103
100
135
111
4
136
92
115
153
98
112
136
129
8
144
129
99
118
93
129
136
105
6
157
60
128
90
116
105
93
111
5
144
141
117
96
110
144
148
96
3
155
141
79
123
91
146
100
128
2
94
148
135
80
88
150
117
155
9
156
133
141
79
67
133
126
119
2
101
94
71
100
129
162
78
134
4
131
119
134
101
116
120
93
122
6
156
103
101
139
114
109
126
161
1
144
126
128
136
129
135
108
101
6
115
142
152
105
150
73
82
128
0
83
94
113
105
157
107
101
137
1
121
84
120
141
143
151
85
121
5
106
110
146
143
153
152
129
154
8
110
126
103
130
99
135
94
116
10
134
143
143
93
128
92
135
111
6
99
112
113
125
120
121
119
76
6
102
103
98
94
84
125
132
133
0
123
136
122
99
99
105
117
141
6
106
102
93
136
131
120
141
109
8
110
148
107
107
109
162
117
106
2
91
133
127
112
121
120
133
108
7
99
117
117
135
105
120
108
77
8
167
125
114
95
155
123
156
153
7
105
122
146
90
151
104
124
113
10
106
113
101
136
112
94
78
116
5
139
154
77
101
108
137
115
129
4
105
155
88
128
111
128
132
113
3
128
121
121
124
110
95
110
124
5
127
97
121
107
92
100
123
81
8
129
134
138
149
128
125
139
115
0
148
119
100
110
111
117
126
142
4
101
146
126
115
100
134
123
106
4
119
72
83
92
116
86
138
120
6
112
136
129
113
163
118
136
100
2
111
120
116
99
124
132
98
132
9
127
122
116
123
91
91
133
144
8
107
113
79
64
112
104
108
112
3
99
113
120
125
100
114
122
122
8
131
108
153
141
127
131
105
129
2
98
126
70
79
128
126
86
120
8
99
105
120
97
92
128
132
101
2
127
139
120
124
89
123
92
110
8
89
128
84
143
110
87
104
129
3
127
147
123
119
103
89
168
99
7
91
107
140
117
139
158
142
144
8
46
126
105
150
113
81
100
124
7
161
134
119
140
76
148
157
162
9
139
109
109
133
107
111
98
122
2
101
93
132
129
99
149
107
135
8
114
87
92
127
129
116
103
108
9
119
73
140
128
84
112
116
133
2
148
132
113
129
128
93
126
105
8
155
87
132
108
92
102
114
85
0
117
79
105
104
96
157
114
129
7
119
140
106
101
126
135
63
111
0
156
136
100
99
134
93
125
115
8
111
113
101
99
125
117
101
127
5
117
132
68
124
142
90
112
100
7
137
142
129
141
96
99
109
114
5
143
141
124
156
118
101
115
118
0
99
106
119
81
118
137
118
124
6
129
99
95
100
144
97
127
116
10
137
47
120
115
155
103
122
135
8
113
133
110
135
139
99
114
148
2
100
120
110
142
82
134
106
105
3
113
136
100
70
149
153
85
129
4
123
124
135
107
115
100
136
123
8
120
71
125
126
102
117
127
102
2
95
142
99
106
121
159
131
126
0
101
107
102
127
114
130
130
87
3
126
171
124
103
108
148
106
118
5
105
79
105
98
98
93
140
121
6
148
141
145
100
128
117
113
114
6
148
131
130
97
145
136
91
132
5
128
105
126
99
134
120
111
129
6
100
130
130
99
112
106
122
109
3
87
99
123
104
111
101
138
121
9
96
74
99
143
118
128
93
113
2
126
142
112
120
161
114
127
147
3
73
92
126
113
96
108
100
123
7
143
125
117
120
114
137
81
153
2
97
92
105
88
75
89
116
101
8
119
149
91
154
94
115
105
85
8
109
86
98
109
120
140
92
132
0
108
160
114
111
119
127
96
84
0
120
92
116
84
84
94
108
106
3
114
72
89
93
73
107
149
125
1
145
113
127
111
120
127
118
131
4
134
146
79
102
115
101
122
121
5
141
105
49
95
138
100
89
121
8
143
126
85
99
134
150
126
61
6
120
98
107
101
125
124
100
107
6
100
132
122
106
115
100
99
116
8
119
129
113
169
86
112
94
134
9
152
147
114
120
122
141
113
121
9
98
134
129
100
111
80
118
90
5
144
130
120
142
139
110
80
132
4
98
127
145
122
110
99
96
114
2
87
134
136
118
98
115
118
121
9
113
79
133
97
117
89
133
103
10
114
131
108
117
135
116
113
126
9
71
122
123
88
83
124
122
89
9
128
120
128
134
102
99
141
108
1
157
107
135
122
139
121
114
126
2
97
90
149
93
99
119
143
113
2
99
93
108
165
89
72
127
82
6
107
117
139
145
121
128
108
93
0
108
128
128
147
93
112
95
120
8
108
127
114
127
113
107
85
87
2
113
114
106
135
149
106
120
88
7
93
125
147
101
109
106
137
130
4
140
104
93
130
126
95
95
103
6
107
124
140
71
106
93
110
79
1
83
121
137
126
148
133
123
105
9
101
98
160
103
106
106
102
115
1
122
104
113
160
92
69
124
130
7
135
101
126
123
100
102
130
91
3
142
104
126
100
135
124
109
86
9
135
115
98
116
137
83
126
63
7
100
127
90
102
102
117
133
148
8
105
120
129
102
123
128
117
71
8
124
112
132
113
75
129
109
128
9
107
114
77
100
93
107
140
110
8
99
125
132
151
119
78
161
143
1
99
117
98
126
110
97
134
134
8
101
121
97
141
114
141
114
121
3
161
121
151
100
130
85
146
98
4
123
127
127
136
132
122
120
102
10
123
149
136
99
149
140
125
121
8
123
85
99
72
98
105
102
120
6
74
162
128
92
122
134
74
121
7
126
86
121
92
126
136
113
143
9
78
112
121
96
84
74
113
169
1
118
71
143
119
133
71
129
96
5
133
97
149
105
106
119
113
133
8
106
120
121
84
144
107
104
107
4
142
100
99
127
105
109
134
124
5
112
77
148
109
120
107
112
88
8
128
122
109
142
121
150
107
108
8
107
146
107
112
144
134
107
139
6
126
106
130
128
108
136
122
103
9
106
172
125
140
113
76
140
99
9
100
101
87
91
94
133
136
111
8
113
86
87
96
101
91
135
114
7
109
89
111
150
108
125
154
91
3
93
110
147
148
94
90
128
106
10
92
192
113
112
121
164
112
122
3
129
123
98
97
103
98
148
141
5
101
104
89
115
113
132
144
94
8
135
138
127
91
97
127
127
161
9
138
122
125
92
102
148
97
138
9
131
120
135
75
134
106
112
148
1
105
144
149
108
115
117
130
115
7
109
115
107
113
100
134
119
136
10
118
146
128
86
145
124
93
82
6
108
142
133
114
122
113
111
107
0
113
133
64
122
99
141
138
133
6
170
119
114
130
116
110
129
138
4
101
70
158
112
121
153
80
143
1
59
75
121
118
111
149
122
97
4
97
94
113
89
84
118
113
127
6
113
111
134
101
127
145
148
99
6
129
107
127
94
109
154
129
116
3
129
143
120
75
110
90
114
114
4
101
120
102
104
117
144
165
110
7
99
105
119
88
106
119
74
113
10
113
128
103
133
142
131
86
136
8
142
154
117
95
144
119
144
151
7
104
84
175
107
110
112
111
115
9
104
108
106
126
112
96
108
105
2
127
125
84
126
112
129
123
134
0
112
107
116
89
109
129
120
114
6
107
99
118
146
93
107
110
150
2
86
127
119
141
106
119
157
86
7
114
100
93
100
99
129
126
71
4
98
144
128
121
84
107
126
113
7
109
104
102
123
132
135
128
131
7
192
99
107
115
106
126
103
111
2
112
98
143
103
76
120
93
107
2
147
94
127
119
86
111
99
121
1
118
108
115
111
99
120
131
120
8
93
114
120
100
94
126
148
146
2
105
121
94
120
92
176
129
114
6
128
135
102
154
109
131
107
78
6
110
72
87
145
114
126
132
140
9
138
127
141
111
102
121
139
109
10
121
94
128
148
99
105
88
100
8
128
116
164
121
131
138
105
88
7
114
102
127
63
96
144
114
113
6
90
99
134
121
133
112
170
141
4
100
151
136
112
110
133
109
66
4
105
163
114
110
135
115
115
112
8
141
132
105
100
80
121
113
103
10
117
87
141
110
93
121
85
111
3
130
114
107
121
105
109
92
157
10
117
99
127
135
148
120
111
128
3
115
110
119
135
133
128
133
91
5
108
122
153
102
136
143
99
110
8
134
112
112
156
107
78
123
112
9
124
97
89
86
110
120
72
65
9
120
94
121
134
136
88
109
119
6
143
110
164
107
125
104
88
118
1
123
93
117
121
86
77
119
132
9
87
116
107
124
124
148
142
150
5
104
122
101
92
94
107
128
114
5
137
133
134
148
98
127
107
144
5
108
115
118
139
123
99
87
72
0
84
105
143
107
96
96
111
116
4
112
121
118
111
115
116
108
121
7
113
115
144
148
118
128
112
112
6
113
107
114
108
157
99
89
113
7
121
134
153
116
98
109
134
81
6
111
93
96
107
121
118
133
118
7
146
109
120
143
138
119
97
106
9
136
90
92
141
149
136
106
135
4
141
121
157
139
96
110
84
128
6
100
86
132
127
120
115
108
138
3
156
88
131
93
142
91
123
87
9
123
121
124
121
93
129
142
113
6
107
142
71
108
133
149
97
114
2
154
109
121
92
140
138
96
121
3
114
122
125
98
121
91
116
156
4
123
126
101
120
145
131
115
137
6
105
69
107
100
141
122
112
162
1
93
110
113
147
151
92
140
98
4
66
114
96
148
100
117
57
111
0
130
92
108
102
103
128
91
114
4
142
118
142
120
135
114
139
125
7
85
153
126
135
125
153
140
120
3
107
113
149
114
87
91
119
111
4
142
109
136
113
101
112
100
107
3
107
105
146
105
78
123
151
111
2
135
127
65
124
125
98
171
134
2
121
111
102
105
98
94
131
108
1
132
109
94
133
113
135
106
125
2
147
128
92
121
111
119
129
97
2
115
129
108
91
91
107
133
122
7
104
125
112
128
112
130
115
98
2
127
140
84
149
96
82
112
135
2
113
91
112
110
103
73
113
122
5
123
105
125
113
140
121
117
102
1
154
135
128
137
105
105
113
88
1
114
83
169
84
142
127
146
94
6
157
107
120
93
111
134
123
114
7
123
119
110
139
133
104
143
91
10
104
127
114
129
111
103
115
82
6
94
137
147
92
134
126
108
144
6
120
93
134
129
120
86
128
86
1
135
131
140
142
158
94
158
64
8
135
102
106
124
138
134
157
87
7
125
121
99
117
123
148
121
79
6
118
98
108
100
142
121
120
99
8
137
132
105
120
64
121
96
128
0
109
78
141
135
117
109
131
71
5
114
119
107
145
137
135
141
135
4
113
112
94
121
106
126
89
127
10
156
119
95
159
126
103
93
141
5
98
119
114
91
128
122
141
115
2
95
140
108
84
111
154
116
111
2
87
133
141
140
103
113
99
80
6
109
107
114
113
117
140
117
92
2
154
156
115
99
116
148
141
100
2
148
97
105
135
117
136
125
149
6
128
127
124
106
114
128
96
107
8
134
113
151
105
121
149
125
121
9
133
99
128
122
131
111
128
107
10
131
106
109
117
94
86
129
136
9
149
130
124
122
91
145
113
106
9
85
87
111
128
121
129
85
128
5
135
120
93
121
117
79
85
149
1
111
77
116
101
117
128
115
136
9
93
116
126
120
127
127
85
112
8
111
128
106
134
113
121
124
133
4
93
122
139
113
79
133
102
133
2
93
136
128
138
128
103
122
100
0
70
103
92
131
107
107
121
104
4
155
108
82
112
101
85
143
112
4
111
107
150
92
80
92
104
97
3
97
97
110
92
119
101
137
176
5
115
99
112
100
138
126
93
112
3
103
148
107
105
128
160
94
120
4
103
108
141
84
98
106
82
107
9
125
126
94
106
104
105
120
115
6
129
93
102
108
135
81
121
77
1
116
121
100
125
123
66
140
118
2
117
120
134
95
118
116
134
104
2
148
107
92
108
106
113
155
112
8
101
122
147
114
105
113
149
127
9
98
97
118
113
114
116
138
106
0
93
95
94
108
149
146
105
121
5
151
108
127
101
87
116
127
111
7
116
114
107
127
121
128
77
84
9
125
148
106
86
98
95
112
111
9
113
123
114
113
131
127
156
93
3
125
125
148
122
121
119
95
116
8
113
112
98
133
142
99
128
125
9
129
96
106
85
91
128
135
103
10
107
122
106
118
117
117
119
148
4
103
142
84
124
121
100
84
91
1
148
101
114
135
115
112
135
153
5
95
103
113
124
104
98
118
98
6
124
126
92
124
89
111
143
124
6
126
104
110
125
148
64
99
128
10
89
110
114
165
107
121
140
98
1
144
86
86
100
135
125
124
117
4
93
116
110
129
127
130
121
142
6
136
126
121
93
115
135
180
92
1
148
90
86
104
129
120
121
114

