15
3
5
6
4
9
5
4
4
14
3
7
9
7
10
8
1
7
9
1
9
8
4
8
1
5
8
128
119
104
101
176
129
142
120
1
109
106
92
87
121
109
120
99
3
104
103
129
100
99
112
127
124
5
122
129
100
126
73
115
127
117
2
143
104
99
116
120
136
110
149
5
128
123
121
151
126
149
100
127
5
114
104
114
119
98
123
121
140
6
98
127
147
85
163
89
82
126
10
99
99
120
106
140
129
111
131
2
126
100
99
115
132
94
106
114
10
93
86
133
152
116
79
132
98
6
141
89
108
120
129
123
133
114
2
106
112
86
134
113
92
120
107
1
146
87
122
75
121
112
131
91
6
132
86
111
114
123
56
139
128
5
128
134
183
112
126
126
93
115
5
120
73
69
91
120
140
115
107
5
99
83
142
149
86
106
135
106
0
102
93
145
148
148
119
122
124
4
119
114
92
144
134
134
113
107
9
114
86
134
126
106
128
102
135
3
102
122
100
108
156
114
110
126
1
117
98
94
126
97
113
127
134
8
127
108
119
123
121
87
122
126
7
105
130
106
100
80
122
111
138
3
156
84
105
107
123
143
122
100
7
93
148
121
89
120
122
114
127
7
134
90
134
119
132
116
125
129
9
120
114
119
121
142
89
121
134
3
87
113
117
137
128
81
145
120
0
129
100
102
123
101
133
108
121
6
85
105
91
105
101
112
99
112
7
129
142
101
122
117
99
100
95
1
88
111
81
114
121
157
122
135
5
115
98
128
91
160
108
121
127
3
98
81
126
116
146
121
111
85
2
129
102
127
135
124
121
118
128
3
135
143
97
116
122
112
125
106
3
115
115
106
126
124
161
117
109
7
92
126
124
120
128
154
164
106
3
122
112
117
120
128
91
121
99
4
112
126
84
114
118
98
107
93
1
107
101
114
169
134
157
93
120
3
93
112
98
120
130
122
133
123
3
123
116
74
113
131
87
130
127
4
117
118
114
124
119
87
119
113
7
107
101
138
112
127
114
106
87
4
85
125
112
114
150
121
131
115
1
140
106
115
137
128
127
141
141
3
116
106
107
93
135
119
116
126
1
105
123
110
97
130
94
127
120
4
120
129
69
125
105
97
128
118
5
123
105
114
99
91
135
127
98
2
101
119
96
151
124
93
91
102
9
104
105
98
154
92
89
122
70
2
116
83
120
120
84
137
145
116
2
127
122
92
124
140
92
110
138
9
129
116
150
125
97
135
90
115
8
100
142
103
115
127
161
103
108
7
80
120
157
163
134
107
100
105
8
129
94
103
94
129
124
115
94
7
107
125
118
122
121
135
150
75
6
105
69
118
133
140
105
122
115
5
103
99
128
121
120
157
119
105
5
113
155
127
100
146
93
112
160
10
166
122
142
133
128
102
60
97
3
121
66
136
154
153
113
121
114
8
90
111
147
99
135
119
93
121
0
108
154
123
125
116
112
107
122
1
168
104
125
107
148
133
140
142
4
128
106
118
93
57
127
118
93
6
124
100
90
110
114
106
96
107
6
121
116
127
104
112
129
135
103
4
112
100
88
114
68
145
135
126
9
99
113
126
123
128
114
131
136
1
132
145
136
107
148
119
45
126
7
106
155
142
99
102
120
141
105
7
81
114
113
100
110
155
121
127
5
108
112
91
128
101
80
111
109
1
96
142
125
94
96
131
107
105
7
101
105
121
131
138
121
135
95
8
92
143
71
100
104
107
139
93
0
143
106
116
114
107
103
99
92
7
126
139
142
103
132
148
113
124
5
104
114
124
121
147
135
132
98
3
109
90
79
86
114
114
121
90
3
151
104
128
110
72
99
128
86
4
87
152
77
127
111
114
119
107
3
171
145
129
127
80
127
142
131
5
112
135
108
114
88
145
105
140
4
126
145
90
140
96
99
139
108
2
154
94
92
94
110
142
138
116
2
111
147
128
100
114
97
121
119
3
100
126
82
133
125
90
131
74
4
114
143
110
80
127
113
121
149
9
132
92
80
126
121
112
96
128
4
119
128
101
107
132
110
92
93
1
96
136
141
120
146
88
117
134
2
120
83
109
141
107
101
143
114
5
109
133
95
95
131
139
100
141
4
110
88
140
100
88
113
135
79
1
87
136
100
119
137
130
103
98
10
115
94
116
133
128
75
135
147
3
105
109
110
102
96
88
142
165
6
118
113
98
127
97
106
147
99
3
141
92
139
116
106
141
135
143
6
159
123
132
116
112
99
136
125
0
148
101
127
115
97
113
92
135
0
84
59
98
142
112
123
132
155
1
70
132
128
107
151
104
114
92
6
160
181
113
110
126
131
113
132
6
137
102
72
140
160
114
121
103
6
134
134
100
116
114
100
150
128
5
132
119
74
95
119
91
119
119
8
126
137
134
140
104
127
112
156
7
81
96
119
101
103
84
134
126
1
132
106
118
127
118
136
104
126
8
125
99
121
99
98
109
110
97
9
113
127
110
92
116
107
128
119
8
71
150
109
99
113
118
71
161
2
103
57
104
105
149
128
96
76
4
109
57
140
89
98
101
121
121
2
114
126
125
88
100
110
120
121
5
155
114
98
105
114
99
119
100
5
101
150
118
91
141
119
123
121
5
108
72
137
116
106
84
118
121
1
147
130
110
116
106
93
135
81
2
136
134
126
106
164
97
137
117
9
135
136
120
115
136
100
113
135
5
120
109
122
87
151
93
105
85
7
130
137
110
129
100
103
122
126
1
128
130
148
119
94
142
105
97
3
139
126
109
105
103
143
126
129
9
112
148
148
104
97
108
91
100
8
121
109
95
127
87
126
112
106
9
102
164
106
107
120
101
81
134
2
106
106
141
125
89
126
142
86
2
136
76
92
116
113
126
106
113
0
107
133
99
97
127
158
133
162
2
149
103
140
94
119
123
103
98
6
115
102
91
148
141
101
121
100
0
120
106
119
133
129
149
128
103
2
139
141
99
98
120
125
107
123
8
119
73
120
118
90
164
129
117
8
129
136
105
150
113
85
113
141
7
101
80
122
138
135
117
139
114
9
127
133
135
132
136
100
125
115
6
107
85
100
117
116
106
107
128
1
111
149
127
124
123
119
121
138
5
138
133
94
142
142
127
127
106
0
103
133
134
93
164
132
138
114
5
106
134
93
139
139
126
133
149
2
133
145
121
134
118
138
129
102
6
80
77
113
85
113
82
140
128
9
156
113
94
78
128
100
110
111
1
120
107
120
112
130
129
106
147
6
115
133
108
108
95
85
102
114
1
126
96
143
110
106
102
114
118
10
112
120
108
114
107
135
73
131
6
128
125
118
114
60
132
129
162
4
91
156
144
121
116
135
126
109
1
119
127
128
92
100
142
114
110
6
114
68
107
111
92
106
114
127
8
107
152
142
84
117
136
113
128
4
128
121
71
117
112
108
127
65
8
133
84
120
135
107
142
93
89
0
86
116
106
100
115
98
170
115
9
118
149
161
120
111
88
98
148
8
96
120
96
128
133
99
136
82
9
107
94
116
136
100
144
142
91
5
154
101
108
131
135
110
141
122
4
118
141
100
126
127
149
168
112
7
136
85
101
106
72
115
90
96
9
114
126
127
85
110
151
117
80
3
122
122
116
72
97
118
116
144
4
113
121
112
98
122
121
100
112
2
64
118
111
113
85
87
115
110
5
141
126
127
99
133
108
122
114
7
96
98
154
110
124
123
96
120
9
104
126
117
132
156
114
81
93
3
86
112
139
102
150
77
141
112
6
117
145
122
113
126
119
154
130
2
113
117
128
120
121
107
150
106
5
162
133
134
103
162
98
117
128
8
142
134
122
126
75
118
121
96
4
106
70
108
123
140
131
131
140
7
133
130
132
113
127
133
91
115
9
146
128
91
133
106
113
106
112
8
123
92
100
94
133
102
92
128
1
122
70
142
102
94
92
132
86
3
131
145
109
138
134
105
115
137
6
109
128
133
110
103
127
113
103
3
105
92
123
133
117
117
135
100
1
115
134
103
85
110
117
127
86
5
129
139
105
133
74
108
129
163
1
112
138
131
120
96
95
124
105
0
100
150
124
101
95
124
153
116
7
112
141
168
119
120
127
95
107
3
114
127
86
113
107
141
118
120
4
106
114
95
85
96
153
111
119
5
142
99
118
92
133
117
98
100
8
98
92
116
114
106
124
146
100
5
140
134
122
149
91
98
88
77
4
139
141
89
112
136
91
127
121
9
135
115
123
80
121
103
119
121
6
118
140
110
114
132
129
135
123
1
111
90
144
115
112
91
89
101
3
102
138
120
117
143
100
86
92
7
148
125
145
134
109
131
128
100
0
114
93
117
111
156
142
148
133
0
136
113
120
120
103
161
101
135
0
100
121
155
106
112
127
138
100
5
129
133
119
152
115
118
112
105
2
134
107
112
121
131
107
137
105
8
126
102
100
107
127
93
135
160
1
137
111
150
81
119
88
107
142
0
124
132
92
104
110
106
133
128
2
125
135
80
136
136
120
150
154
0
130
66
122
128
121
115
57
94
1
91
108
102
134
103
119
121
107
2
133
107
109
107
147
120
112
107
8
129
127
97
119
84
133
121
105
3
104
130
168
123
115
107
115
124
9
122
100
77
100
112
141
91
113
4
127
126
137
124
102
120
106
78
7
102
109
149
112
120
152
143
99
1
125
108
139
109
132
104
166
143
2
113
72
97
95
177
96
93
115
10
92
102
109
98
113
101
113
106
4
121
142
124
135
125
105
116
119
0
125
96
93
106
111
103
144
110
2
124
130
121
95
138
142
122
128
10
147
105
107
131
94
98
83
108
1
128
129
138
112
102
141
87
87
2
130
61
81
100
128
124
87
107
0
105
98
131
116
127
143
139
96
6
122
114
126
104
73
105
129
113
6
120
134
83
136
121
106
145
107
4
112
117
87
119
100
121
122
110
5
101
84
110
72
121
109
74
119
6
107
89
135
113
114
71
100
146
7
95
115
112
84
149
131
88
126
5
115
108
101
120
136
105
141
118
4
111
128
103
93
98
145
148
86
3
141
134
133
107
99
118
151
104
9
103
99
128
133
114
126
101
104
4
139
143
106
94
137
143
101
86
7
106
99
146
150
95
122
119
100
5
131
120
95
128
122
98
121
121
9
109
117
93
111
72
120
155
110
6
145
123
107
104
122
100
133
95
9
98
98
105
126
121
113
94
139
10
107
113
120
121
126
110
122
155
5
121
121
135
113
124
91
100
127
8
70
102
108
110
138
130
134
116
7
121
137
163
123
123
149
142
110
5
92
130
131
129
106
118
145
129
8
127
112
76
133
99
143
116
94
9
128
107
95
136
81
102
121
111
9
113
107
128
130
92
102
85
144
6
126
119
99
128
116
106
121
94
0
71
120
135
106
90
114
99
111
6
138
118
128
127
134
99
124
92
0
113
120
133
120
125
106
97
100
7
94
84
91
128
127
137
110
108
6
139
81
107
134
106
116
130
86
0
146
162
99
88
174
113
96
95
6
128
92
129
148
136
93
130
113
7
113
153
144
123
114
90
85
103
3
114
142
88
78
106
132
114
127
8
116
121
107
103
105
137
155
148
3
127
111
122
109
117
156
113
122
1
123
129
105
122
115
95
108
92
4
157
83
144
105
134
102
108
127
9
135
112
113
120
126
146
109
110
10
104
64
99
112
85
98
85
105
4
112
129
119
78
135
71
127
137
1
80
99
106
105
128
107
121
139
8
117
137
142
119
102
84
100
140
7
128
128
132
115
123
113
108
149
6
100
109
105
144
139
83
142
122
7
149
99
143
120
100
92
106
100
6
78
126
77
94
93
99
134
86
5
112
150
122
129
112
132
95
75
7
106
115
123
139
114
91
129
107
9
109
127
121
119
123
139
107
141
1
143
89
128
119
99
141
117
102
4
114
90
112
85
143
140
123
115
4
118
115
116
128
107
93
134
147
7
72
143
93
107
127
107
119
147
0
127
123
115
111
120
79
129
126
4
147
124
92
122
94
127
146
101
1
139
93
113
109
100
107
130
99
10
107
160
113
160
103
107
116
135
7
122
102
144
106
80
87
85
128
9
79
127
122
96
148
128
134
149
7
136
125
112
115
127
114
147
163
7
134
161
103
115
111
128
125
99
2
179
127
101
106
117
134
98
132
8
141
149
84
134
108
100
135
102
4
114
94
111
148
106
134
100
101
8
122
147
121
99
116
79
133
128
7
119
127
112
99
101
126
96
110
8
135
102
102
83
135
111
123
121
1
155
77
147
126
128
87
108
115
1
103
122
115
133
98
107
102
108
6
104
124
112
93
139
130
107
107
6
95
134
100
122
116
135
151
88
1
122
87
100
126
133
91
146
135
3
138
122
99
123
115
123
88
136
4
148
101
116
106
175
134
99
141
5
99
113
113
156
86
85
118
135
1
122
115
139
105
108
135
82
127
6
113
120
114
123
120
121
113
150
10
80
135
118
109
88
85
101
155
8
147
108
121
115
115
119
94
153
3
136
101
67
159
128
129
140
97
3
142
112
134
134
85
127
106
50
7
117
131
99
108
100
93
85
112
6
105
135
106
131
120
118
100
93
3
124
85
119
117
119
116
103
112
6
141
111
120
105
120
126
134
134
3
82
98
122
137
118
105
127
87
6
114
113
79
99
114
124
148
96
4
113
106
103
129
115
117
112
156
7
106
123
110
135
112
120
72
135
8
125
105
108
129
127
125
132
107
6
109
125
141
124
107
135
91
120
7
136
136
108
137
127
114
112
130
8
142
139
99
142
112
106
158
118
3
111
108
119
111
88
160
162
132
1
134
119
123
130
154
107
120
120
9
105
113
105
103
106
113
128
122
3
129
126
112
76
105
125
138
86
3
149
134
112
127
110
114
80
98
8
137
108
72
132
113
121
114
100
4
130
129
94
114
74
108
84
106
4
120
111
100
120
141
120
106
127
6
107
119
135
126
94
101
110
123
1
116
134
96
113
129
161
90
152
2
104
134
140
87
134
121
130
112
9
167
120
144
130
120
105
66
94
7
122
126
118
99
131
145
98
114
8
142
94
101
130
131
102
144
108
1
101
136
101
106
112
97
129
131
1
138
135
143
77
115
70
120
106
3
112
108
137
86
123
92
81
118
1
115
119
105
119
75
98
124
107
6
132
128
92
113
156
121
113
89
5
126
113
95
99
130
119
109
130
4
122
107
91
114
113
108
92
84
3
118
128
141
107
147
175
106
144
7
125
144
126
108
94
171
105
137
5
70
139
112
137
122
142
152
121
5
119
116
117
140
125
148
93
129
9
117
132
101
121
93
127
150
140
1
119
101
81
98
102
117
137
86
9
100
113
102
127
111
85
100
131
2
125
154
81
128
107
132
126
129
4
128
87
158
105
126
80
97
94
3
115
91
110
116
134
134
114
126
5
78
115
128
168
107
104
115
110
4
124
97
113
141
121
115
149
134
8
156
113
113
121
141
90
100
121
10
135
95
116
91
144
107
107
92
3
57
90
120
123
122
127
150
94
2
142
169
112
136
178
142
120
132
6
142
137
105
98
154
93
118
148
2
148
108
136
114
124
106
116
130
8
106
124
83
114
138
149
116
152
9
120
88
94
94
164
135
103
140
7
135
136
128
150
117
93
85
127
9
115
128
93
117
120
130
155
92
5
155
92
94
105
119
99
120
112
1
100
118
113
151
134
140
89
134
1
100
92
98
94
113
94
98
82
1
101
83
102
98
114
110
131
152
4
120
88
141
107
105
115
118
113
3
114
153
107
111
109
89
139
122
1
116
123
82
83
115
128
101
149
2
105
129
100
139
93
108
128
98
1
88
138
118
124
151
137
148
127
9
149
85
100
160
91
149
134
115
8
115
100
115
86
101
99
135
144
7
119
139
128
118
131
91
85
89
3
92
123
89
107
127
111
100
122
5
126
114
127
124
115
121
100
100
4
97
146
136
143
141
94
121
135
6
148
130
115
123
134
108
154
95
3
124
109
121
120
117
129
104
96

