16
1
6
9
8
3
8
9
2
9
6
9
6
3
7
3
8
7
13
6
4
1
1
2
6
9
5
94
105
90
98
130
139
95
113
5
114
114
109
135
113
124
133
103
7
123
83
122
106
145
127
105
88
9
123
125
106
102
151
92
107
87
0
122
134
106
122
95
127
151
126
1
133
135
125
134
104
98
100
145
8
132
106
101
100
150
141
143
120
5
117
121
136
121
106
134
136
122
2
98
129
129
119
100
117
112
87
9
97
109
117
132
103
120
119
161
5
84
94
128
103
116
92
156
107
1
119
122
140
131
98
120
91
134
2
103
138
108
121
106
122
139
163
9
130
100
121
92
100
120
107
120
6
104
106
105
118
117
114
114
113
2
70
130
127
111
134
82
111
122
9
119
130
101
105
135
113
154
128
2
121
135
140
156
142
112
115
110
1
124
138
134
166
135
118
137
106
9
90
110
108
107
126
94
78
129
6
109
135
142
101
85
92
95
120
8
129
122
99
109
129
102
96
107
10
100
135
118
149
93
100
135
66
3
121
130
121
114
92
147
85
111
10
136
139
100
110
95
104
105
139
8
147
106
115
131
141
138
109
120
6
104
115
117
112
108
115
121
114
7
141
99
110
91
115
105
99
100
9
124
126
103
82
157
138
121
149
9
133
115
128
112
131
128
99
100
0
117
85
114
107
83
128
116
128
1
109
85
105
128
86
107
108
128
3
110
117
107
114
125
110
102
137
7
142
128
83
136
120
92
86
107
4
97
112
121
123
109
126
123
156
5
138
99
124
85
99
140
121
107
5
119
106
145
130
125
127
141
130
6
144
116
97
79
95
114
106
88
9
134
77
109
133
139
145
111
132
1
127
120
106
115
127
145
109
128
1
143
136
147
140
107
112
93
122
5
87
104
110
85
134
124
102
126
10
148
132
128
139
135
82
157
132
2
117
92
103
112
110
76
149
158
10
120
109
136
139
99
95
127
122
9
142
139
145
114
122
123
98
113
8
102
89
121
111
136
110
94
107
0
121
93
119
114
107
122
100
111
4
116
89
121
165
132
98
106
163
5
120
128
115
134
114
169
137
142
2
111
103
104
122
115
120
135
148
7
140
103
148
100
99
106
108
126
5
114
112
128
112
84
107
111
138
4
138
97
88
121
91
128
99
105
6
133
115
97
91
136
131
126
83
8
110
112
71
149
121
101
114
90
5
105
103
133
112
136
93
98
127
7
114
98
108
133
111
149
134
137
8
154
135
99
125
99
116
120
127
4
168
119
107
112
149
119
126
105
6
157
151
120
141
132
104
117
100
5
113
81
96
95
129
129
155
112
8
115
114
140
134
107
93
84
115
1
109
148
140
139
124
111
139
129
10
85
97
122
100
137
141
85
94
8
113
85
92
120
98
112
140
112
1
106
128
138
116
134
79
129
120
5
98
149
94
137
84
113
149
90
6
108
93
106
148
108
113
77
111
5
112
142
137
100
113
102
123
101
8
98
91
107
128
116
148
121
112
6
129
101
132
142
125
148
142
157
3
153
113
110
114
66
101
138
128
0
94
99
99
92
132
138
92
138
10
146
114
113
84
104
86
121
107
1
119
135
175
118
106
121
94
145
7
134
161
98
93
139
112
88
98
8
112
134
113
125
113
125
113
132
1
120
142
105
161
96
128
111
105
5
101
120
122
106
117
143
118
115
7
105
120
105
114
92
92
76
133
3
112
113
127
119
105
97
89
132
7
89
154
109
127
106
115
119
136
4
144
111
117
113
81
52
159
112
5
104
96
92
150
94
120
133
129
6
125
104
105
128
122
134
122
136
8
129
122
113
66
132
109
110
121
5
109
124
106
134
96
107
89
121
8
129
128
113
117
146
136
141
124
6
129
114
113
106
134
91
105
125
0
128
86
126
117
125
130
133
109
5
121
127
148
84
137
82
127
139
3
108
128
100
139
161
121
112
109
0
102
116
122
129
108
99
98
163
9
92
83
92
128
103
101
95
121
6
126
126
140
104
135
105
105
149
2
137
98
88
86
134
105
157
104
4
142
105
87
114
142
127
153
100
9
82
116
118
107
115
106
142
139
9
135
105
113
133
123
105
108
121
1
119
148
134
131
110
106
129
120
9
65
87
129
105
136
119
91
84
5
116
126
133
103
117
111
129
151
7
120
134
108
116
72
114
116
117
10
100
120
102
156
103
97
92
122
5
113
104
98
148
126
135
119
101
4
116
119
109
119
142
119
79
87
5
92
98
122
109
124
121
86
79
8
127
145
108
156
141
134
83
88
4
106
111
91
94
127
141
114
131
8
133
101
94
104
92
89
114
119
8
102
137
114
107
121
128
134
90
2
98
112
82
136
78
93
121
171
8
144
99
110
132
108
122
141
108
4
98
100
129
124
123
156
119
134
9
146
124
177
122
125
105
89
86
1
113
121
90
126
113
141
125
149
4
128
100
93
85
109
115
109
121
5
129
106
145
108
102
105
131
106
8
98
119
119
93
113
108
113
94
9
124
102
105
138
136
128
95
140
7
128
133
119
156
127
121
136
96
0
120
145
157
93
106
125
106
86
4
120
103
94
143
144
113
134
143
4
125
127
91
134
126
127
126
125
8
99
118
128
108
122
121
113
124
10
114
123
118
128
100
94
113
127
5
128
112
140
92
115
107
114
121
4
80
128
122
174
148
94
119
93
2
120
110
150
92
108
91
144
92
6
128
77
107
105
108
132
111
141
0
77
127
148
150
99
125
140
127
5
82
73
119
134
116
154
152
134
6
91
118
103
115
143
125
117
121
5
87
98
132
148
117
114
119
117
8
126
132
112
93
142
98
91
105
4
84
116
134
108
127
100
134
115
3
92
115
99
79
105
152
98
146
9
101
92
104
80
125
105
111
100
4
147
141
157
83
130
159
100
157
4
121
114
106
95
111
143
117
129
10
98
128
104
102
85
117
114
97
2
86
103
99
129
139
155
107
120
8
147
108
92
136
138
109
148
81
9
136
154
135
93
144
96
92
124
2
121
75
95
108
120
126
154
101
3
108
107
111
68
114
108
97
128
0
102
100
108
93
114
147
106
138
5
119
108
106
170
105
168
96
133
1
85
145
101
103
108
152
114
122
9
75
143
143
134
99
110
104
92
3
111
120
128
141
122
119
147
115
6
107
113
106
112
136
99
115
91
7
119
58
115
134
93
107
97
108
0
92
126
125
119
92
133
81
100
10
122
88
116
154
125
98
137
103
3
131
93
110
126
93
106
116
108
6
99
125
86
129
107
98
125
93
4
122
92
149
141
138
120
126
128
10
85
131
85
124
120
113
147
149
2
110
163
135
90
125
88
121
131
4
123
154
105
140
144
119
118
135
6
121
103
130
100
122
108
114
94
0
133
122
89
106
93
93
121
99
5
162
148
123
114
114
114
107
137
5
150
143
92
97
108
107
123
95
8
113
79
152
118
98
105
108
93
6
121
123
133
95
96
93
130
109
3
108
91
123
114
108
107
122
132
5
97
101
128
162
133
126
154
126
1
123
118
85
126
101
122
130
111
5
116
95
102
114
98
107
134
135
8
127
120
92
141
106
119
99
128
3
115
120
108
121
105
94
118
124
3
155
148
103
131
93
143
84
137
0
114
147
88
72
107
115
133
110
10
130
73
135
109
135
113
113
117
4
111
129
124
111
107
135
102
150
8
126
95
126
134
135
110
107
89
0
134
108
109
135
118
156
134
135
0
108
83
115
140
108
134
94
129
7
70
119
120
130
152
87
91
78
1
148
120
121
115
128
106
170
126
2
137
117
93
114
120
113
114
128
3
158
101
114
118
79
121
169
96
1
128
111
117
114
100
137
113
91
4
124
115
128
138
55
91
117
107
7
91
122
105
114
131
135
127
101
0
112
113
121
156
115
124
102
94
4
121
78
143
155
91
106
101
117
7
134
141
129
125
106
162
101
92
9
106
126
94
138
135
104
123
133
6
127
119
97
122
143
115
110
96
10
109
112
134
105
118
99
114
63
3
129
120
154
121
126
138
79
86
0
114
136
80
145
119
94
114
92
10
94
94
105
126
91
98
133
143
7
113
112
116
109
128
101
142
103
6
109
131
89
140
104
103
121
136
6
144
131
101
79
89
92
121
121
0
137
101
135
134
107
112
145
144
4
84
114
107
108
91
101
74
127
4
123
94
107
163
103
93
124
107
6
106
118
149
120
140
121
142
94
8
142
125
129
109
135
142
146
102
2
105
133
124
91
120
137
96
78
9
129
91
142
105
101
135
94
134
0
82
134
149
131
99
125
93
89
5
128
120
127
113
120
128
148
129
9
114
99
116
100
99
113
79
99
3
101
121
103
137
106
115
146
111
7
114
135
119
135
135
98
145
113
5
106
94
123
124
106
85
92
105
6
133
108
101
150
120
97
106
106
4
97
107
92
128
131
70
114
139
1
114
93
118
157
118
94
107
139
2
80
99
127
142
128
102
130
108
2
110
107
107
107
121
148
133
108
3
120
131
119
102
107
107
140
125
1
99
131
128
133
113
122
133
99
8
92
113
136
113
92
138
134
101
7
134
142
148
147
152
113
133
131
4
99
135
135
161
122
99
134
106
3
94
129
73
107
101
132
114
114
9
159
139
123
114
140
94
94
128
8
111
126
127
112
85
119
117
88
5
96
96
156
115
94
146
108
133
9
113
129
116
103
141
131
120
96
0
113
91
113
152
137
110
115
105
5
135
115
95
93
110
106
90
135
1
138
92
130
136
119
113
90
122
2
136
142
105
143
129
112
131
129
9
88
150
100
93
117
163
109
137
1
111
136
132
124
115
113
87
101
6
78
99
125
113
106
135
107
120
2
140
112
72
191
97
118
132
139
0
112
114
110
112
112
97
101
125
1
110
93
94
121
123
93
129
135
2
85
126
111
125
103
168
97
102
1
126
128
106
140
130
155
100
111
1
143
127
160
162
134
146
118
120
2
105
113
138
125
111
126
137
84
9
108
129
128
111
133
114
100
85
1
120
127
120
131
114
156
127
123
5
122
103
137
119
111
153
114
140
8
108
117
100
93
128
95
99
106
0
163
128
128
121
117
70
117
95
0
133
107
113
113
126
99
120
109
5
107
111
156
102
110
118
77
128
6
105
104
151
120
129
103
126
79
4
112
155
106
118
115
174
86
143
4
121
151
165
157
91
127
140
113
6
112
130
108
121
110
150
104
99
4
81
129
115
104
123
149
99
121
1
103
98
81
102
119
137
84
101
5
103
86
98
128
91
154
146
125
4
142
100
133
115
136
72
128
129
6
148
110
121
121
120
136
102
119
8
141
92
70
107
138
130
120
129
7
141
100
85
89
154
122
129
119
8
130
114
91
122
97
116
108
118
6
86
103
121
99
107
120
120
128
4
108
116
90
137
129
146
65
150
2
122
111
142
108
133
119
98
85
5
122
89
129
95
137
113
119
122
8
84
88
137
124
109
120
113
107
5
121
116
121
113
162
135
153
107
1
124
122
134
138
131
103
110
134
1
143
120
79
136
92
132
106
132
2
134
157
104
118
110
135
106
109
4
109
174
128
128
101
96
107
135
4
131
113
129
101
128
117
118
81
3
114
119
124
121
90
118
92
138
7
160
113
91
120
106
122
131
126
4
136
104
110
135
83
94
132
121
1
113
140
122
98
139
122
111
129
6
138
121
100
140
103
110
142
123
0
132
143
78
102
119
121
108
102
5
100
130
99
134
107
155
90
121
10
134
106
110
99
115
134
142
120
2
104
121
132
37
135
119
144
155
1
135
124
140
117
121
131
101
102
4
116
100
73
159
119
133
126
130
1
103
96
140
90
105
109
134
99
7
121
100
104
130
131
103
121
131
2
149
110
91
110
131
138
135
98
9
134
138
111
105
119
99
140
134
1
151
100
119
122
128
112
119
137
1
96
100
143
114
123
122
99
102
8
87
81
104
113
156
80
108
121
5
150
88
149
127
135
108
109
104
9
137
52
94
113
107
99
128
102
3
126
127
92
98
134
136
126
118
2
96
99
115
113
135
114
114
107
6
99
108
112
126
105
119
126
135
7
118
138
97
100
92
115
135
120
8
117
115
93
93
104
98
134
121
9
77
130
150
135
134
147
97
119
5
141
125
74
115
133
155
121
108
5
121
108
108
116
98
123
101
105
8
142
93
101
120
111
148
118
104
2
152
135
99
101
131
116
114
126
2
127
100
90
93
140
120
130
146
7
129
106
100
121
137
117
151
115
6
100
114
107
112
149
140
162
162
6
121
141
91
107
121
119
147
96
4
170
122
135
136
97
126
119
140
7
122
117
101
107
128
86
123
100
5
105
93
114
78
128
106
115
75
3
127
126
127
97
78
136
113
154
5
133
118
78
127
135
149
74
121
7
95
85
148
130
141
120
87
126
0
101
131
112
100
100
101
91
97
2
128
155
144
99
129
113
120
160
8
112
100
92
104
105
100
110
120
3
122
80
92
126
130
120
142
79
0
179
122
155
143
140
109
106
127
9
107
147
69
158
106
126
111
92
7
122
128
80
81
85
120
125
142
3
134
128
119
72
123
121
134
93
8
82
112
117
149
109
144
138
126
4
114
144
142
106
85
99
127
135
1
128
116
87
107
126
132
131
86
2
131
113
113
125
102
139
142
107
5
85
134
119
84
79
98
127
129
9
92
144
119
123
105
143
114
94
9
97
141
133
140
158
129
135
114
4
167
92
128
129
128
86
78
78
5
120
109
117
122
117
118
142
110
7
110
96
79
141
97
99
90
113
7
176
102
111
118
98
113
78
100
5
103
73
132
153
105
124
113
141
9
112
82
112
129
129
127
121
86
4
120
86
127
133
94
98
124
144
3
120
117
106
80
120
146
127
120
0
102
134
105
128
159
140
93
147
4
99
135
94
93
112
125
149
81
9
101
120
85
106
125
141
109
140
5
128
114
107
112
142
89
79
112
2
117
121
106
109
92
115
127
110
3
125
122
120
128
121
98
156
91
10
85
133
117
148
115
123
129
114
2
120
107
117
130
117
131
108
127
7
111
92
109
100
111
120
115
107
1
140
129
162
57
113
134
126
93
6
102
142
77
139
143
88
126
110
9
117
116
137
124
108
136
123
110
5
114
115
133
134
105
133
108
91
4
100
148
107
143
118
170
112
121
2
168
123
139
113
120
120
80
145
4
94
101
119
77
136
93
97
150
1
111
114
134
137
112
105
120
105
1
86
150
93
127
81
111
121
110
7
132
107
103
99
146
134
156
114
8
74
114
131
133
137
99
118
119
2
101
85
106
122
121
116
90
106
3
87
94
149
109
113
149
99
108
7
131
123
107
113
120
99
114
80
7
93
91
125
99
106
126
149
72
8
121
113
108
141
129
116
110
133
8
129
126
131
93
122
115
123
149
8
99
150
115
117
119
145
77
144
7
137
120
122
93
154
122
146
96
2
94
129
125
106
151
145
126
96
1
136
92
126
106
97
158
125
105
6
93
114
120
136
119
126
110
133
1
143
78
106
109
117
108
149
129
5
121
118
142
121
107
108
98
98
1
119
127
129
132
102
128
115
103
2
96
134
145
120
128
100
139
145
3
101
99
145
138
80
168
117
124
0
99
99
138
127
139
113
84
108
1
105
134
91
124
121
125
137
119
7
126
176
94
115
90
147
141
93
0
87
128
74
94
101
92
140
149
6
98
95
111
114
101
98
104
99
0
130
126
126
100
113
150
112
108
7
115
144
191
99
141
135
100
133
2
119
107
105
132
104
93
119
97
6
143
110
146
86
115
141
118
130
1
84
113
104
121
122
132
142
98
10
136
136
131
115
115
112
89
120
7
176
110
87
134
137
116
80
101
8
96
122
105
94
128
109
127
175
4
120
116
115
128
122
154
149
102
3
118
112
171
119
143
135
137
105
6
114
76
143
127
101
121
100
123
3
108
121
154
120
94
97
85
102
0
132
127
96
167
93
128
110
171
6
109
73
147
123
98
119
102
124

