14
7
4
3
8
0
1
4
5
7
6
1
7
2
10
5
0
2
12
6
3
6
4
4
5
9
0
141
119
135
114
98
93
183
107
6
96
118
129
148
109
110
106
117
2
149
116
107
126
140
116
78
93
2
103
88
133
94
107
99
122
112
10
132
113
93
121
113
112
150
141
9
119
101
137
120
113
142
135
116
3
127
147
111
56
127
119
105
93
9
124
107
124
125
98
127
159
136
3
94
144
113
129
107
85
108
140
2
106
99
143
114
128
114
124
115
3
126
113
128
106
109
125
100
81
3
142
140
108
105
117
162
121
114
6
83
101
83
120
136
115
108
115
1
121
139
133
114
127
87
96
121
5
129
150
130
94
116
81
113
119
8
129
123
77
135
161
136
127
129
3
99
77
147
120
121
96
112
120
5
85
136
137
120
106
117
106
123
1
105
127
127
129
116
127
147
100
3
99
127
113
111
115
111
84
136
8
127
118
120
84
131
75
120
125
4
100
120
113
158
136
109
77
107
2
134
117
118
124
82
90
134
93
7
156
108
96
97
66
129
101
106
5
111
122
109
120
88
113
118
102
8
139
105
119
129
98
87
99
111
2
154
124
161
170
184
112
120
112
6
107
98
103
119
92
128
108
129
1
122
101
139
115
123
85
135
119
7
86
100
105
139
82
109
124
94
10
130
112
98
91
123
118
134
105
8
122
133
97
121
125
115
102
100
9
109
142
118
137
130
107
121
161
4
135
120
92
108
114
150
99
118
5
134
128
97
99
113
122
115
156
6
114
142
136
81
107
110
81
125
1
128
86
90
108
97
140
138
99
10
97
144
121
119
137
134
112
120
1
109
113
94
98
106
113
127
131
2
110
125
114
140
116
118
164
115
5
128
136
117
131
112
120
92
105
7
78
129
114
97
118
120
74
84
7
103
150
102
137
100
165
124
137
6
135
117
75
131
94
127
130
135
4
121
107
127
112
107
114
91
134
8
127
124
104
114
110
149
119
85
9
108
109
126
131
92
126
92
125
10
115
146
137
136
100
114
132
134
3
83
148
121
111
120
128
97
121
8
112
124
114
133
113
110
86
123
7
128
122
117
113
109
129
128
105
5
102
113
107
121
106
107
135
123
10
93
141
128
120
141
130
140
110
3
142
115
103
123
86
134
106
108
3
115
115
99
113
111
105
142
99
7
115
98
154
140
99
98
82
133
3
116
137
128
114
127
92
115
121
0
128
137
127
100
120
112
149
106
1
111
112
81
139
135
133
119
66
10
125
114
156
133
151
128
108
132
2
154
137
115
109
111
94
130
74
2
112
124
125
100
137
159
127
94
2
103
126
144
143
163
123
119
118
9
105
99
164
145
105
107
139
120
1
153
127
110
119
109
114
147
122
10
163
106
156
150
102
128
106
107
1
84
128
137
96
118
120
112
102
1
92
88
145
113
155
116
97
100
9
127
135
105
77
135
99
85
121
5
132
103
141
85
100
88
91
130
7
94
142
122
78
130
112
99
156
7
150
150
134
83
113
145
100
85
3
119
77
105
91
150
122
130
119
4
128
115
154
139
122
122
119
83
5
91
132
92
122
132
107
102
94
9
132
148
122
132
86
154
127
76
1
106
117
87
102
117
105
117
121
4
105
121
118
108
116
93
105
135
4
130
128
157
125
99
112
85
106
5
125
132
106
114
126
79
130
113
1
107
108
176
127
122
103
99
65
1
114
133
86
93
112
124
129
108
6
132
146
85
87
110
109
135
101
4
88
124
99
111
103
82
128
139
6
96
107
155
108
100
131
138
133
1
129
136
136
157
143
117
121
112
2
121
138
108
101
129
107
133
92
2
104
117
104
91
128
81
87
126
6
162
101
100
153
144
149
136
141
1
107
140
142
101
155
120
132
113
3
113
161
124
129
109
93
137
132
2
110
126
116
114
95
121
110
121
1
97
70
134
131
127
116
178
120
3
137
97
97
100
148
109
120
114
3
81
105
101
113
103
104
144
106
4
120
76
127
102
150
136
115
106
7
67
75
109
118
110
100
157
100
5
109
110
122
106
114
127
100
96
5
126
115
120
114
93
101
126
111
4
105
136
151
131
135
134
112
122
6
119
113
86
136
156
122
93
116
1
141
144
134
157
138
128
116
92
1
123
124
129
113
96
142
139
122
5
118
102
120
94
100
94
128
101
1
122
88
92
126
128
108
132
135
6
114
121
136
133
149
104
140
91
8
101
152
130
142
136
116
109
117
3
133
103
107
167
110
156
114
145
2
78
105
163
82
135
107
160
112
8
115
122
118
137
113
112
163
129
6
109
109
134
133
121
114
115
112
10
104
120
116
137
146
122
121
106
0
120
136
127
92
121
119
92
78
8
108
135
97
145
136
114
108
116
9
110
115
92
147
95
115
143
102
3
121
109
105
138
116
97
140
139
8
99
109
126
128
126
117
141
124
6
161
119
100
157
136
102
105
93
6
114
125
80
163
108
127
86
146
7
149
89
99
89
109
129
102
120
2
98
113
116
100
127
88
152
82
4
117
120
98
142
142
117
113
118
8
86
109
98
116
92
106
108
94
7
101
107
114
114
88
148
123
92
7
139
89
132
93
108
104
105
118
3
149
125
102
143
114
86
95
85
10
140
136
115
104
132
115
133
127
0
123
154
124
115
127
116
121
119
4
127
116
63
150
70
109
108
108
7
127
80
91
134
105
94
108
130
2
126
131
129
129
102
85
107
111
6
100
107
114
140
149
107
81
136
5
127
154
122
163
112
89
101
90
7
96
111
131
127
134
108
108
107
6
143
127
99
93
157
125
105
138
10
103
108
105
119
106
93
103
165
3
151
91
109
122
131
113
113
141
7
93
127
128
126
144
106
119
127
4
99
121
134
86
105
153
145
86
3
104
136
134
128
120
108
143
140
6
115
93
114
100
107
138
106
107
3
104
142
101
114
137
100
140
163
3
119
128
104
119
147
115
94
127
8
110
85
125
128
131
127
98
106
2
149
132
121
117
126
122
86
131
4
136
131
142
78
121
98
127
142
5
127
121
141
117
136
92
107
135
1
139
149
125
121
99
106
150
124
9
140
100
120
134
92
160
105
107
7
106
120
134
117
93
87
114
122
6
98
99
131
115
125
108
99
142
8
141
129
145
141
66
108
123
126
5
126
114
147
122
130
117
98
127
9
107
106
107
119
98
94
105
85
5
117
138
120
99
134
98
127
128
1
134
119
88
74
118
99
128
80
7
99
100
122
129
140
112
151
117
9
104
97
96
99
98
124
154
107
3
99
92
95
106
148
137
125
114
9
102
107
143
117
114
112
133
100
4
121
84
109
133
78
141
80
132
7
98
159
135
106
105
125
120
128
5
85
121
106
120
86
130
142
119
8
112
170
115
153
113
99
136
106
9
84
139
89
65
149
92
95
101
7
115
121
142
106
125
115
128
121
6
120
85
155
136
91
120
99
126
1
115
121
139
140
118
128
115
103
7
116
133
163
117
102
113
88
131
6
140
134
102
135
91
132
116
143
4
107
140
127
120
102
133
158
166
3
131
135
109
100
108
94
84
78
6
116
139
89
107
117
115
124
96
7
162
106
138
122
91
106
112
109
3
136
155
106
118
128
88
119
143
4
107
142
147
149
133
146
104
134
2
107
142
100
114
135
118
129
93
8
105
127
98
127
113
133
110
106
4
127
106
115
134
134
83
105
163
1
123
135
114
128
135
151
100
133
5
81
134
129
122
110
99
89
114
2
115
95
111
107
99
101
114
98
9
134
136
118
133
162
159
128
138
8
110
98
99
150
80
124
127
106
7
87
126
131
110
143
106
116
125
7
135
101
92
124
125
146
97
134
9
136
136
136
106
116
104
94
144
9
127
126
104
131
145
112
131
121
4
131
92
125
141
113
177
101
102
5
106
121
142
145
88
101
92
127
7
89
122
113
115
115
114
156
152
7
120
110
110
150
84
86
126
137
8
116
88
109
113
153
146
107
134
8
94
160
100
132
107
115
91
85
4
132
133
135
111
128
72
85
108
8
99
86
153
148
116
157
108
114
5
113
95
94
148
104
85
90
119
4
109
88
146
133
93
112
116
117
5
141
85
121
128
125
104
102
113
4
134
120
119
98
112
95
101
115
5
126
113
118
120
107
118
64
122
10
151
100
123
103
118
127
97
126
8
112
118
95
166
112
113
140
95
1
98
97
156
143
134
83
124
100
6
141
171
81
112
143
113
137
117
9
132
139
109
135
92
117
101
104
3
121
122
84
127
91
98
143
106
6
104
98
119
93
121
105
141
111
8
131
121
134
109
156
118
114
100
9
149
107
152
163
134
115
135
114
4
99
119
124
116
152
156
108
82
4
144
127
148
124
87
107
143
89
8
73
142
100
163
119
145
121
100
5
85
140
94
124
132
122
100
89
8
114
90
87
99
101
141
113
107
1
107
126
124
107
118
124
123
107
3
108
120
114
102
131
115
108
141
2
106
167
143
99
79
110
113
148
7
111
117
104
88
123
79
118
97
5
120
99
118
110
126
149
82
114
0
169
108
115
93
119
139
98
109
1
114
116
128
111
146
128
137
96
10
109
101
125
138
110
101
127
156
2
88
78
132
81
105
128
137
140
8
129
127
114
123
142
120
127
141
3
157
122
113
111
99
107
109
96
5
92
88
118
92
133
118
122
116
5
148
144
97
119
105
120
115
144
2
166
114
121
134
133
98
82
131
4
90
106
128
65
128
107
92
120
6
152
106
105
115
134
117
121
43
9
133
135
123
137
128
134
113
104
3
132
139
137
117
127
126
114
113
1
161
119
121
93
111
85
111
98
3
116
80
94
102
106
108
130
141
4
109
89
106
125
126
95
92
85
4
103
124
143
100
99
121
146
138
8
99
141
110
124
86
109
127
100
1
120
158
117
84
87
126
108
104
10
134
134
109
116
132
150
153
104
1
92
111
122
143
100
138
145
90
4
96
138
139
103
114
103
123
143
6
99
134
105
115
96
119
142
143
2
105
115
114
98
86
163
102
128
6
117
103
97
65
127
128
117
88
1
108
84
118
86
160
141
128
104
8
92
126
119
116
142
127
94
114
3
107
120
101
120
118
108
136
126
9
99
123
86
98
102
125
120
129
7
108
120
121
123
123
138
114
129
4
147
125
115
95
150
112
73
98
1
105
120
116
115
109
99
85
145
2
147
140
119
136
102
129
129
136
1
114
129
111
148
120
79
136
136
4
93
111
134
94
150
116
134
97
3
102
119
87
101
91
118
165
112
4
120
89
102
116
107
78
111
114
1
120
114
103
108
114
128
92
128
9
121
92
118
111
108
119
98
140
8
94
121
121
108
102
155
121
120
9
155
108
72
134
132
133
142
104
10
103
143
135
121
116
113
111
116
5
127
142
118
101
99
108
134
88
6
103
107
130
123
142
93
107
88
10
136
82
115
123
118
122
124
142
0
119
112
93
107
122
99
130
143
9
105
110
127
136
121
138
141
75
9
114
114
117
124
126
134
106
113
1
107
97
105
119
135
112
127
93
2
133
141
98
123
114
107
103
87
7
116
110
78
127
139
109
114
87
8
139
86
90
106
123
106
121
128
7
126
120
85
72
137
99
84
133
3
93
113
115
120
115
94
140
113
3
117
87
106
123
132
146
106
146
5
110
126
103
127
92
131
108
112
4
144
123
137
105
138
98
107
102
8
104
144
133
133
133
135
100
93
5
92
96
68
114
151
106
120
127
9
137
110
78
115
112
126
149
146
3
162
85
98
85
100
147
111
160
7
89
79
131
104
146
122
113
113
8
122
85
102
119
113
113
129
96
1
105
106
163
96
120
151
102
79
6
120
126
107
82
105
93
89
116
3
100
78
139
98
140
119
114
93
8
150
155
138
145
92
93
141
105
2
84
113
141
146
136
99
118
121
6
112
121
128
98
92
120
114
149
3
146
113
147
103
149
133
98
109
0
91
140
119
137
114
148
149
152
0
102
92
109
106
131
113
113
87
8
150
128
111
106
113
121
118
119
2
103
116
107
101
136
123
173
93
5
101
143
129
119
150
121
119
162
4
137
100
121
134
158
98
110
102
5
154
96
94
122
118
94
140
108
3
107
119
148
142
130
88
137
105
5
104
129
91
113
86
110
108
139
3
117
119
132
103
111
95
116
141
8
149
100
102
124
114
144
156
138
1
115
125
98
79
141
123
89
114
2
155
170
106
120
133
120
146
127
6
90
109
95
133
134
115
134
134
1
116
87
133
119
79
106
107
106
4
109
149
126
134
124
122
106
102
1
139
157
106
92
109
113
105
127
7
100
61
126
120
116
134
143
94
7
100
99
161
125
120
104
121
119
7
103
133
114
147
91
136
119
131
1
120
115
158
127
121
146
100
112
5
79
123
151
122
100
98
128
104
4
112
120
125
105
100
140
131
137
7
142
122
121
131
121
184
108
134
8
104
91
116
107
136
108
147
92
4
153
111
127
121
121
120
96
103
3
129
164
146
122
100
110
84
139
8
125
127
108
148
99
119
98
138
1
134
131
112
110
94
107
143
107
7
142
120
161
118
87
101
127
104
10
100
108
128
94
111
114
126
134
10
133
112
118
104
124
105
147
110
8
130
117
129
112
134
124
134
123
9
128
124
120
135
81
96
123
107
7
135
150
107
98
137
86
120
96
1
75
133
141
157
106
78
114
110
10
79
131
115
117
113
120
120
111
9
99
168
123
120
86
125
114
120
2
132
134
91
143
127
85
127
126
1
115
112
121
91
91
120
156
122
3
125
100
134
109
103
134
121
160
5
117
106
127
112
106
91
96
119
8
94
141
100
105
125
75
125
119
9
141
113
114
126
138
104
95
111
7
93
90
104
115
134
106
146
138
6
92
115
92
84
116
134
108
143
5
67
124
116
120
120
126
110
96
2
96
105
119
118
107
133
132
98
9
91
113
125
135
134
125
107
137
7
124
137
97
114
126
93
107
103
3
110
135
110
113
113
144
117
133
2
124
81
120
120
120
126
96
105
5
117
96
145
102
108
121
140
106
5
137
100
99
85
148
93
136
105
7
135
120
129
99
58
146
116
111
7
101
103
116
126
106
135
91
82
4
156
143
118
106
156
97
119
115
3
123
103
123
141
106
99
92
81
4
100
143
137
102
119
76
131
113
1
138
66
117
137
160
105
127
128
2
100
101
85
113
92
136
135
120
4
160
93
68
121
110
78
129
111
10
84
88
125
107
120
100
116
124
7
120
125
125
99
142
107
115
118
4
101
110
110
116
147
89
120
133
2
133
80
99
148
85
100
105
87
5
123
120
78
104
99
123
99
134
4
107
105
83
111
135
113
142
83
1
133
148
137
123
148
108
150
90
7
140
134
108
142
111
113
136
121
1
121
137
106
114
124
100
141
88
1
92
94
85
113
135
112
102
136
9
119
113
135
146
134
98
141
128
7
145
110
100
105
128
130
106
136
1
108
135
83
133
136
148
114
107
1
131
141
93
120
129
115
112
110
4
98
131
106
136
151
138
106
144
7
120
123
122
148
128
101
162
105
7
107
131
137
115
133
113
119
74
6
120
123
122
114
151
98
79
95
1
121
108
99
129
113
105
107
134
7
126
78
105
136
135
110
115
146
3
125
111
128
99
100
124
70
127
1
93
135
106
163
116
107
109
127
7
114
128
83
112
119
114
93
120
8
128
119
126
120
113
160
103
135
0
109
141
77
160
73
89
116
137
8
127
78
103
99
132
73
62
134
9
93
159
130
116
123
82
105
108
7
100
84
99
129
82
100
120
110
0
78
117
145
123
84
118
150
121
6
85
100
123
110
113
93
96
93
10
135
112
121
121
123
122
99
116
9
110
106
121
104
118
122
140
119
1
126
128
131
97
127
100
125
132
9
129
79
167
106
118
86
155
128
7
90
103
115
128
120
123
94
106
3
98
130
114
112
85
138
142
125
5
103
125
101
137
135
100
134
135
3
94
107
111
119
121
125
99
111

