11
8
1
7
4
5
3
5
1
10
1
2
1
9
7
8
2
4
9
8
4
2
9
4
10
4
8
120
118
121
132
94
89
111
117
1
116
133
113
80
163
129
117
145
8
134
111
126
106
126
92
115
114
8
107
98
98
128
126
114
129
131
9
104
120
142
109
106
108
106
134
1
116
144
78
120
100
126
142
78
5
159
93
100
121
49
135
136
127
8
127
79
134
133
129
134
130
115
9
101
121
90
126
131
98
99
107
6
96
120
119
136
109
87
149
99
6
138
107
106
121
100
122
120
112
6
121
136
101
75
113
133
134
108
4
109
74
106
125
93
92
139
119
2
62
115
119
88
153
133
120
127
3
101
91
88
124
121
136
84
92
8
119
141
101
115
98
104
112
170
3
115
120
107
103
135
92
115
106
8
101
133
138
105
114
128
85
128
9
142
127
93
121
91
131
122
78
8
84
148
143
148
100
99
142
92
7
137
147
139
120
131
120
104
126
2
146
90
103
86
90
120
131
137
3
140
143
108
102
100
98
164
112
7
120
145
79
112
134
136
128
109
3
112
133
111
106
111
102
118
117
3
136
101
113
115
129
126
129
100
5
104
100
104
170
79
107
82
132
7
106
156
114
127
112
118
128
106
9
108
128
148
107
116
95
124
119
8
93
114
120
115
111
132
77
130
4
96
140
119
128
126
121
117
157
5
101
127
134
105
132
108
90
127
8
136
122
100
92
132
97
134
105
9
130
99
128
102
127
97
139
108
3
110
143
120
119
126
93
113
112
5
86
103
135
162
71
111
141
126
3
114
125
99
112
142
129
75
126
8
111
99
110
147
120
108
129
93
7
138
107
132
121
134
108
102
108
7
87
111
119
149
96
120
131
95
0
92
104
57
112
149
114
118
117
3
136
99
96
93
104
99
87
101
6
114
119
131
106
96
154
94
103
4
80
116
111
133
96
92
111
121
10
100
84
93
105
107
137
122
143
5
122
117
101
114
161
99
122
92
1
137
106
98
138
88
134
110
166
6
120
111
99
139
128
106
155
120
9
114
127
98
69
107
128
125
99
4
116
114
77
142
122
133
93
109
9
113
105
115
98
108
113
122
150
10
142
107
98
87
115
119
125
148
3
113
90
151
158
116
120
123
140
2
133
116
128
92
106
110
147
118
7
99
137
121
114
71
113
85
118
6
112
126
127
101
122
138
113
121
1
119
143
123
94
112
132
136
156
1
130
93
106
119
128
118
141
130
1
136
114
107
143
137
127
114
139
0
120
100
91
119
106
127
132
117
10
105
91
121
135
133
146
132
119
8
98
121
111
62
120
121
107
109
0
95
84
101
103
170
105
101
120
10
142
118
120
136
117
128
116
121
9
157
116
122
140
100
88
117
87
6
114
125
143
115
134
125
99
146
0
101
108
113
125
92
138
96
121
2
137
146
127
69
124
105
122
112
5
147
113
151
105
113
141
134
116
3
107
126
100
99
105
107
137
93
2
142
101
100
149
114
145
88
109
8
120
108
153
98
117
112
172
104
6
107
116
127
155
105
93
124
127
9
98
136
146
116
118
124
99
92
0
107
88
78
104
114
113
114
93
4
105
128
129
86
104
98
143
111
9
139
143
105
71
138
150
121
140
4
90
107
100
117
123
138
128
112
4
118
146
133
116
98
133
106
106
10
139
118
114
106
121
121
100
121
0
84
134
109
170
127
137
128
114
4
91
148
159
108
100
113
128
112
10
115
108
82
148
106
128
105
149
6
148
98
138
106
148
108
96
122
3
122
111
120
81
94
132
85
130
8
134
119
124
113
114
109
103
109
5
111
125
106
126
133
95
113
116
5
171
127
78
123
89
101
136
102
0
100
78
164
132
124
125
123
107
4
145
147
90
94
99
134
111
102
3
112
119
123
122
136
105
117
107
4
117
98
98
105
138
111
106
115
10
123
91
114
116
135
77
103
116
5
116
78
115
122
107
140
93
171
5
154
157
122
109
130
143
135
137
2
135
108
126
85
118
82
121
126
3
96
140
114
137
138
110
100
91
2
113
106
70
122
112
160
127
122
1
155
107
106
148
127
114
115
85
2
152
134
108
122
124
125
106
93
8
87
109
139
105
93
123
85
121
1
103
118
94
120
105
137
116
122
5
144
107
137
115
101
99
120
114
7
120
107
118
149
115
85
140
87
3
115
87
127
100
130
106
130
121
10
110
142
134
121
111
89
126
91
0
97
130
111
101
115
120
122
98
5
114
101
141
120
122
115
108
107
5
106
99
137
106
117
155
127
95
8
85
138
101
110
99
147
126
76
3
128
105
104
128
98
143
109
135
6
103
142
109
134
134
85
91
122
8
111
124
94
85
105
114
95
119
5
122
136
85
92
106
112
122
113
7
114
121
133
77
145
109
116
117
2
118
123
121
155
111
156
100
124
8
156
106
120
110
105
106
87
58
7
78
144
92
129
146
121
142
93
4
123
132
80
130
128
127
113
167
0
122
116
117
133
106
105
144
111
2
60
70
116
126
145
122
150
81
5
114
99
125
94
129
120
80
93
8
106
122
122
89
124
113
121
147
1
112
116
102
134
132
100
103
129
10
132
100
113
97
112
123
169
108
4
163
136
129
103
114
156
114
127
8
113
132
93
122
127
91
97
141
2
119
100
113
117
112
96
113
135
5
108
104
112
93
128
113
122
125
7
60
135
101
128
115
125
128
101
5
148
114
134
126
149
162
113
85
9
96
100
122
142
100
107
121
91
9
119
112
137
115
92
92
107
70
0
116
101
115
100
94
123
123
122
10
96
96
148
133
117
160
99
130
1
97
87
135
162
86
143
106
110
9
140
131
113
96
112
124
97
128
6
137
121
87
152
113
99
112
121
8
93
106
121
133
126
121
121
146
6
123
100
113
149
130
98
139
105
1
100
97
125
88
112
92
123
139
1
147
112
126
135
121
100
102
122
1
122
107
115
117
103
99
113
128
9
123
106
120
96
106
143
95
134
1
127
107
132
154
134
85
94
113
5
111
120
107
74
112
142
117
115
6
130
132
123
114
154
97
125
129
1
92
127
100
92
106
135
122
94
1
99
97
91
119
103
115
97
91
1
85
107
145
132
127
127
97
113
9
77
132
125
105
141
116
84
106
0
127
93
148
123
126
106
108
131
3
117
103
98
98
133
146
119
106
1
156
146
112
81
127
111
72
120
7
128
114
98
122
111
107
131
120
9
142
120
115
101
85
98
88
139
5
87
83
113
118
107
114
128
123
1
146
87
117
132
141
94
122
120
5
106
121
113
135
109
98
112
125
4
72
76
133
138
77
137
113
107
2
100
109
121
135
85
120
99
119
0
98
73
121
129
106
143
148
140
4
110
126
122
115
115
127
144
121
4
80
122
85
111
108
101
137
122
4
105
157
108
111
108
107
113
125
0
139
139
147
111
132
114
91
87
5
118
137
98
99
66
85
98
99
10
117
91
122
121
114
84
88
125
2
70
119
81
138
112
100
135
112
7
71
111
143
98
114
139
131
122
3
137
96
122
93
169
101
87
100
4
141
146
108
145
120
128
100
107
8
86
84
101
115
136
109
149
148
10
75
141
124
119
137
140
105
93
4
149
79
101
152
143
92
106
106
9
126
127
115
157
79
120
141
121
4
106
110
72
126
73
134
133
162
7
139
141
134
125
149
121
105
134
5
128
113
112
98
136
126
107
114
7
93
100
107
119
85
86
131
121
3
118
98
120
115
91
127
135
100
7
81
115
118
134
100
103
119
93
0
141
160
91
124
121
94
127
127
8
108
81
119
132
133
104
150
115
2
113
141
92
145
149
119
135
128
2
131
148
133
113
119
129
133
106
10
133
87
106
126
116
120
122
119
7
143
138
97
84
122
121
120
119
7
106
109
116
150
158
123
133
119
3
126
136
107
135
140
132
143
110
4
114
132
100
115
121
87
113
121
8
150
77
96
92
93
74
114
121
7
152
128
122
105
106
110
102
120
8
113
114
134
99
107
116
114
120
7
129
128
133
127
151
117
85
128
1
127
99
117
133
140
86
115
131
5
137
99
127
130
137
103
85
113
7
133
138
132
111
91
122
162
131
2
111
99
136
93
113
132
141
85
10
100
124
87
127
141
92
139
105
5
114
107
130
125
84
133
155
145
4
92
133
107
139
115
119
133
99
7
124
125
101
99
92
99
127
121
5
96
60
131
133
129
105
119
92
1
137
105
130
116
101
112
114
113
10
115
119
125
127
127
118
99
95
3
141
120
88
139
99
113
129
142
3
168
105
121
117
135
126
100
102
3
121
106
127
107
124
84
161
84
1
120
101
150
93
101
170
108
131
4
89
81
134
124
105
113
121
109
2
114
73
98
107
142
128
118
121
9
92
115
140
112
69
142
104
129
8
102
124
72
129
128
129
101
125
2
120
109
95
126
121
103
122
123
2
141
99
131
118
159
121
85
113
2
121
128
106
114
136
136
119
124
8
136
117
127
131
122
115
108
119
5
125
78
141
116
124
132
121
135
7
118
112
114
106
92
148
142
97
0
101
114
129
133
97
102
140
121
7
154
100
122
148
93
116
105
134
6
95
118
136
134
155
153
91
120
5
142
67
109
134
115
126
130
160
6
149
117
135
135
148
93
148
116
5
127
105
134
117
73
97
135
105
9
92
150
101
124
121
136
137
143
10
109
111
134
120
91
85
105
113
2
118
133
89
129
97
100
133
144
3
144
139
78
135
116
139
147
109
2
145
98
101
93
95
74
154
124
8
148
127
125
99
98
79
107
146
7
121
121
108
112
90
153
138
80
2
102
92
107
110
107
115
127
95
3
121
99
125
113
139
88
174
100
6
74
141
139
106
148
141
121
112
1
122
94
91
129
142
84
160
101
3
143
157
128
98
140
122
131
139
1
93
144
148
86
114
108
124
76
5
79
139
111
128
147
101
97
121
8
104
121
125
94
114
112
88
107
1
106
115
139
126
79
141
97
99
6
107
122
155
98
122
128
107
79
4
99
94
130
114
185
100
125
97
4
124
137
134
140
96
113
128
120
7
134
121
90
130
132
125
161
92
2
133
85
101
146
147
102
103
85
2
98
91
164
150
87
101
124
60
4
142
135
85
118
155
112
100
127
8
113
128
74
137
108
122
112
109
7
118
105
98
142
135
130
99
101
4
140
108
139
79
107
103
117
126
5
113
111
106
141
106
128
123
113
8
127
72
98
133
89
120
136
137
8
111
113
156
129
97
124
127
112
5
168
175
106
106
105
129
119
121
10
90
125
112
101
114
78
95
149
3
82
120
109
103
134
121
147
152
10
99
108
115
128
129
175
112
136
2
112
96
90
85
134
149
134
120
7
132
143
120
112
113
129
112
127
8
130
95
126
64
92
121
122
133
5
129
107
110
95
108
121
71
113
4
127
147
141
133
134
100
137
87
1
119
80
100
127
120
120
141
121
6
151
111
98
92
116
107
142
147
6
95
127
135
100
92
120
109
149
9
161
66
112
92
124
140
125
117
5
121
114
130
118
79
119
100
105
7
117
121
136
150
111
122
94
87
5
135
162
136
149
95
115
80
84
0
120
102
77
99
98
140
118
107
1
151
147
87
141
130
117
81
105
1
103
84
126
148
106
157
121
123
8
128
156
112
93
147
148
108
135
4
126
100
126
120
98
113
128
106
3
91
115
141
109
146
117
128
131
9
115
103
111
118
127
99
146
118
4
119
111
99
135
115
114
134
107
9
107
135
87
126
137
129
84
114
8
105
86
114
100
113
118
128
132
2
109
79
137
123
117
143
145
135
1
125
120
128
127
151
123
149
93
2
114
99
104
127
111
120
100
114
3
123
91
124
126
121
104
107
104
3
103
110
135
149
129
87
98
106
7
114
144
93
117
129
86
148
78
8
151
118
114
121
92
128
140
109
6
106
109
113
90
136
126
107
127
8
141
97
136
136
130
127
146
95
2
114
99
93
131
153
114
176
120
5
105
141
95
118
138
102
115
143
5
109
114
142
107
126
98
108
114
9
129
84
115
113
79
100
87
98
8
111
134
115
75
104
115
107
76
4
122
86
121
114
100
112
83
117
2
107
54
108
114
132
91
105
113
3
107
134
134
130
103
105
124
124
6
131
108
124
84
126
120
108
139
7
93
133
121
133
106
137
119
129
3
157
100
101
120
110
145
154
124
10
131
112
95
112
87
150
128
126
1
114
93
154
116
101
107
91
114
7
127
129
133
143
91
115
142
121
2
104
128
136
101
118
141
122
141
9
133
123
121
142
159
126
134
142
8
161
120
160
83
103
135
63
138
2
121
117
137
141
99
111
97
117
2
88
114
120
116
152
143
127
122
8
133
98
109
113
107
103
118
123
9
76
124
113
79
114
109
67
134
4
171
129
147
94
112
106
126
83
2
122
113
113
98
129
100
117
121
2
119
94
120
134
104
115
128
134
8
98
114
119
120
120
185
109
129
9
122
116
120
116
85
128
102
78
3
124
120
127
124
91
108
123
66
0
114
102
122
112
114
116
119
73
1
143
114
98
119
100
111
97
142
7
120
114
114
143
148
135
134
121
5
100
138
131
110
114
109
117
132
9
104
119
133
73
154
108
101
137
8
126
99
118
133
120
97
158
124
3
106
137
106
99
138
111
137
141
5
121
105
100
68
120
108
117
137
2
86
126
148
135
89
95
77
102
4
160
99
121
93
109
105
118
142
3
114
120
108
99
148
104
129
155
1
119
114
127
165
108
138
114
129
5
125
127
104
93
130
138
95
112
1
119
96
109
99
132
159
133
149
8
78
115
151
132
134
100
156
85
3
105
124
122
135
150
81
110
123
5
118
107
128
134
140
99
183
110
3
89
108
76
137
126
133
146
121
4
127
84
102
114
95
92
106
100
5
122
106
148
154
155
134
122
127
2
109
97
85
117
89
79
129
93
1
122
107
112
101
158
102
138
121
6
146
112
130
164
106
82
150
132
7
107
82
116
137
120
102
106
124
3
99
147
141
100
87
107
89
135
6
114
98
126
118
115
142
148
127
8
124
126
126
119
84
109
139
150
9
117
97
141
144
122
105
107
85
6
152
125
99
148
130
99
87
92
7
92
122
140
71
85
116
107
96
3
108
113
95
123
100
93
129
106
4
109
97
91
98
94
121
135
161
6
141
120
115
109
123
117
108
139
9
112
85
116
122
121
127
108
137
2
112
112
138
122
136
92
111
117
7
104
122
101
101
126
122
135
107
6
130
119
144
98
122
124
140
98
5
100
84
121
142
141
98
122
90
8
119
122
115
107
103
125
135
114
1
150
149
91
137
108
130
96
119
0
117
84
133
91
114
135
150
102
6
126
82
120
133
114
116
120
133
2
129
121
164
133
100
114
120
126
5
114
142
113
118
91
115
127
155
9
139
128
154
85
121
120
106
107
6
81
96
109
99
108
73
114
142
2
123
124
104
120
129
76
126
128
6
96
78
92
120
114
103
89
122
9
112
156
101
132
127
114
128
120
2
134
118
97
128
128
150
85
112
0
120
86
82
124
106
134
106
116
5
95
135
102
111
129
120
112
64
7
132
127
106
139
131
120
143
91
0
128
127
104
122
121
153
79
122
4
129
170
97
70
142
163
122
129
8
90
138
86
120
122
116
115
147
3
121
120
78
156
155
112
107
100
3
121
100
98
136
122
95
123
120
8
146
89
102
106
128
85
107
105
7
178
123
106
139
98
85
120
94
7
135
121
93
136
134
130
101
113
7
131
82
91
103
113
119
126
120
7
113
98
135
111
141
115
99
144
9
99
63
106
131
80
157
131
106
6
170
91
158
99
113
94
114
120
9
116
102
110
141
93
132
123
148
9
112
106
103
87
114
111
118
132
6
112
141
132
123
114
86
122
93
5
91
129
123
106
128
124
143
136
8
141
95
109
93
89
113
133
96
9
81
133
139
90
124
136
103
150
1
107
136
120
127
107
117
175
88
8
143
93
111
93
93
108
128
95

