15
6
10
3
7
6
1
4
7
12
0
5
10
7
3
3
3
9
10
6
9
4
8
10
1
8
9
98
137
52
126
122
147
127
105
8
98
105
89
138
123
135
128
128
5
113
144
121
129
136
138
114
149
7
106
122
80
135
134
92
139
135
6
98
107
105
102
127
99
101
127
8
81
98
146
118
138
122
113
111
2
123
148
103
139
68
107
120
116
7
133
155
132
98
90
122
135
140
1
154
119
137
93
134
81
98
103
6
120
103
122
85
117
134
125
84
9
91
108
124
140
115
128
106
99
9
105
112
125
114
114
120
99
116
9
116
115
104
142
119
116
118
150
2
112
122
130
116
111
108
133
133
0
102
110
111
79
112
146
163
107
4
123
110
117
127
85
115
113
125
7
135
99
142
92
121
141
120
118
6
142
127
108
123
129
130
125
128
5
111
110
97
140
140
120
91
132
8
98
139
145
126
120
136
118
149
2
111
104
106
110
105
120
115
91
1
109
122
114
122
106
117
110
120
4
109
144
92
120
114
135
107
128
4
168
160
112
113
119
110
132
134
5
114
113
123
122
95
103
171
104
6
140
119
116
129
96
102
119
98
5
136
98
100
134
116
125
134
157
0
146
133
110
127
112
99
121
122
6
127
108
115
129
154
100
126
191
8
120
101
137
119
71
108
141
77
5
156
119
79
126
149
71
113
94
9
114
99
137
142
121
101
116
107
8
104
143
133
106
97
134
124
101
6
120
111
121
124
106
111
92
95
3
102
121
148
142
117
119
145
153
8
100
86
114
80
146
101
127
120
4
134
112
113
122
102
154
154
95
3
99
107
102
134
106
95
110
135
3
120
135
111
110
122
131
100
144
2
100
103
133
131
120
100
128
108
4
129
134
93
93
109
131
127
112
8
127
74
145
128
139
93
129
89
9
154
139
115
101
116
72
115
114
5
115
146
119
134
136
92
125
122
7
127
135
99
165
102
98
124
127
1
77
99
118
99
85
104
129
111
2
141
140
148
111
103
87
87
118
3
100
90
139
113
126
96
111
161
4
109
113
128
127
141
105
151
106
10
85
142
135
112
96
132
119
130
8
141
150
115
114
119
111
153
88
9
102
113
140
117
122
99
97
139
4
127
114
101
109
109
108
100
137
4
85
113
114
113
127
115
145
122
0
134
93
78
123
86
91
129
101
3
80
114
128
85
128
96
113
150
0
105
141
126
110
91
119
107
95
6
97
133
125
121
108
124
122
122
4
130
116
120
153
109
130
72
131
7
107
110
131
120
117
156
149
141
9
133
118
97
131
115
100
128
78
5
118
92
112
88
113
141
113
121
6
143
115
136
126
86
103
94
120
6
142
150
114
129
99
103
129
111
1
78
107
145
108
93
118
114
114
2
108
99
109
128
135
145
117
107
9
78
112
117
132
132
83
80
123
1
108
127
120
65
122
121
78
106
9
129
114
122
116
112
101
93
98
6
87
90
93
150
128
145
114
64
2
118
111
94
109
92
119
143
117
5
87
108
124
115
104
126
86
119
4
144
114
114
96
108
140
125
142
0
76
127
115
105
141
150
108
109
6
129
109
91
130
94
94
115
163
1
124
105
100
96
124
122
97
71
3
129
95
110
101
113
113
124
121
1
123
128
114
71
121
113
130
155
10
104
149
120
88
148
132
96
129
3
122
112
85
92
109
126
126
97
5
142
146
96
85
113
104
121
115
3
107
127
97
148
128
176
136
120
1
113
135
109
122
110
94
103
134
0
114
116
93
113
149
120
126
129
3
94
99
148
115
135
126
127
113
8
108
111
141
101
118
132
97
128
4
88
126
127
102
110
129
117
125
3
122
123
121
121
163
153
97
84
4
108
115
92
99
96
97
118
135
7
100
142
120
92
118
100
117
134
7
139
94
121
65
143
85
156
121
9
98
109
104
86
121
126
122
70
0
69
147
114
139
127
107
138
157
7
106
139
102
106
132
105
123
116
10
109
124
147
161
102
117
120
115
2
93
108
105
112
140
118
87
141
2
120
98
109
99
102
126
129
122
7
99
76
78
132
134
95
134
122
0
154
121
140
161
125
142
114
98
1
106
153
108
120
142
114
142
124
1
136
120
128
150
114
99
110
92
2
102
142
149
128
157
92
134
147
1
105
114
134
134
128
120
89
119
10
113
125
132
110
97
130
94
132
4
93
114
105
74
152
128
119
121
7
119
114
134
86
94
128
129
111
7
129
104
128
131
106
128
105
89
1
127
139
112
112
98
107
133
100
6
133
164
129
136
106
132
94
118
9
128
135
123
93
104
113
104
122
10
113
107
116
115
114
144
98
108
6
120
90
122
111
102
133
92
109
10
120
89
122
81
116
117
114
172
0
100
122
113
129
129
154
140
112
10
113
139
106
134
98
146
115
136
4
156
100
71
122
127
113
117
129
7
103
164
115
133
141
94
121
120
7
145
82
124
144
100
134
94
125
4
113
82
133
156
127
112
128
83
5
84
137
157
66
128
161
120
134
4
100
125
126
127
119
86
128
140
10
129
120
94
99
126
125
107
109
4
122
147
91
147
96
118
131
120
8
124
141
136
149
134
107
112
120
9
127
121
115
135
154
96
143
149
10
113
103
115
152
105
119
127
132
8
105
121
112
120
149
85
174
141
7
106
93
146
133
100
73
120
100
9
117
106
111
128
114
116
120
108
1
108
121
121
117
99
128
106
125
5
118
86
118
105
109
114
113
145
8
113
86
114
143
131
85
135
127
3
132
113
148
93
150
108
101
115
4
112
163
116
114
113
127
111
119
10
113
106
135
70
91
85
108
128
2
90
81
114
142
101
154
129
140
9
92
148
107
150
155
107
141
86
9
134
105
123
131
121
110
113
106
10
76
146
120
126
132
105
137
125
6
123
118
116
121
93
119
108
127
8
100
102
104
84
113
137
120
145
9
84
131
127
125
99
162
144
91
7
136
86
129
123
141
136
85
105
2
150
91
146
127
127
113
121
146
0
124
134
106
154
131
120
134
96
2
126
108
128
120
119
78
121
106
1
126
99
106
127
105
140
104
115
2
88
127
128
116
128
107
96
144
7
106
141
111
106
91
105
93
127
6
118
135
98
127
94
119
130
115
1
101
96
133
111
114
106
93
113
3
101
146
92
109
121
135
103
96
5
121
135
106
113
107
106
103
111
9
117
146
114
90
126
129
100
78
7
114
133
113
100
109
115
121
105
7
92
101
142
107
96
137
102
118
7
127
105
101
91
120
70
95
105
6
113
108
141
144
148
122
118
148
9
155
134
132
124
138
96
134
113
2
154
112
99
154
105
123
115
113
9
98
128
123
108
157
94
129
128
4
128
71
161
97
71
133
112
131
3
149
115
127
101
128
137
113
134
7
134
120
113
130
108
113
114
111
3
128
86
135
101
91
132
129
121
5
101
127
138
109
100
141
130
129
4
112
102
124
102
113
86
136
117
2
114
112
114
129
108
99
140
145
5
133
82
95
78
137
155
120
105
9
98
105
110
132
128
95
125
107
3
93
118
112
125
182
135
105
120
3
120
125
122
104
144
98
129
86
9
127
127
82
129
136
64
122
147
5
107
131
75
96
106
107
103
121
1
119
140
107
127
120
134
92
105
3
113
99
142
154
106
129
127
103
6
127
133
115
128
107
146
91
113
7
141
142
129
139
120
118
134
120
1
118
136
103
165
105
130
126
140
7
107
106
120
85
134
107
94
100
1
117
114
104
122
98
120
129
105
2
133
121
140
124
120
107
131
111
0
142
130
145
127
94
128
128
104
4
107
128
110
152
149
122
126
117
6
110
119
122
120
107
104
92
140
4
121
162
96
117
73
105
108
130
9
135
92
123
134
119
103
100
131
4
137
157
162
108
98
159
86
114
2
101
104
89
100
125
120
66
71
2
104
131
80
130
114
120
135
123
3
85
87
149
116
90
120
114
134
1
65
101
157
114
144
113
108
94
1
154
128
121
107
121
120
117
114
3
144
134
120
116
105
105
132
113
7
134
100
129
115
152
92
136
92
3
128
148
101
120
77
140
128
122
2
144
114
94
125
129
118
151
116
3
93
93
143
101
134
104
144
107
8
127
81
169
142
127
93
141
112
6
139
117
113
113
149
79
121
121
9
93
106
153
103
129
119
99
142
2
127
115
122
109
103
109
123
135
3
66
100
84
138
112
122
145
112
4
127
156
154
104
104
94
138
126
6
83
120
115
135
154
98
119
122
10
129
147
133
138
118
125
114
122
9
115
122
94
109
129
126
119
122
10
103
91
153
94
125
91
95
107
9
110
106
87
143
114
142
116
111
9
137
120
121
99
106
92
144
99
5
128
120
92
99
100
100
118
87
9
136
123
130
96
136
124
94
102
4
116
107
94
112
136
123
93
135
2
143
121
122
55
98
120
122
100
6
124
107
133
104
99
124
109
147
8
166
99
80
153
122
107
149
147
0
108
142
118
85
134
101
141
120
4
112
122
115
112
143
135
148
163
7
131
138
112
134
86
131
98
100
2
133
125
111
135
121
100
114
93
6
141
129
78
113
107
114
124
107
2
144
112
127
131
96
88
106
136
9
101
107
134
121
133
111
111
115
10
128
102
99
137
97
65
87
127
8
77
92
129
120
105
107
113
118
10
129
127
122
129
101
120
92
128
2
70
131
118
93
114
105
128
148
5
142
86
100
130
122
114
107
102
3
135
163
101
107
77
128
146
106
4
91
134
113
110
115
93
93
136
8
162
107
155
132
95
125
142
137
1
66
114
138
103
111
120
103
119
5
101
117
110
101
128
126
112
158
8
92
143
148
104
139
86
138
102
1
126
135
118
140
87
109
115
107
5
141
101
131
141
127
138
116
116
10
107
126
100
138
118
160
110
133
0
114
97
122
126
169
113
92
67
3
150
81
149
142
135
95
150
114
6
107
144
97
120
100
102
133
132
9
97
142
138
120
114
83
93
130
3
133
66
133
150
166
139
106
149
9
110
121
131
114
156
126
114
108
5
121
112
112
108
58
110
112
105
8
121
110
102
105
114
140
86
141
7
138
94
140
99
114
96
124
105
5
100
125
153
124
86
141
109
121
7
106
107
171
106
108
89
106
142
6
126
111
123
71
140
134
114
110
1
118
98
140
126
154
101
139
132
4
158
129
106
118
125
119
144
105
2
118
112
142
120
127
118
94
134
4
107
117
99
92
108
99
130
89
3
159
141
85
114
109
125
72
121
5
82
92
146
108
131
112
98
140
7
128
150
118
101
136
134
114
124
5
107
140
115
122
134
100
137
156
5
100
129
89
113
114
87
118
117
5
112
122
116
74
131
141
114
118
5
145
99
95
120
101
111
96
134
8
99
73
113
142
157
92
140
114
9
95
87
99
112
92
134
104
104
4
140
80
129
177
112
117
100
131
9
87
107
119
107
102
77
108
100
3
137
89
127
133
106
106
109
115
8
135
140
127
132
132
134
124
91
9
98
77
111
125
176
112
122
113
7
113
117
113
136
155
126
100
90
10
92
136
134
110
131
123
127
124
8
120
157
105
118
76
104
133
127
5
129
100
130
104
126
114
143
129
9
123
85
121
113
107
143
128
89
2
144
96
107
96
122
129
104
125
9
143
93
91
105
122
150
129
149
1
121
81
65
72
98
121
152
81
8
119
107
95
122
71
122
113
130
4
125
106
130
85
77
126
135
119
8
134
82
152
80
126
146
106
98
3
81
91
141
115
59
129
99
121
6
121
109
127
151
138
132
126
149
1
171
101
80
122
136
100
115
112
5
105
115
130
116
117
102
106
143
4
94
104
123
109
98
117
106
99
7
135
113
135
70
75
107
152
127
1
120
101
151
108
156
125
123
116
5
94
88
128
144
107
126
63
125
10
133
135
123
89
129
106
139
117
9
106
105
170
123
105
115
97
84
8
99
116
108
99
149
123
87
163
8
107
105
128
128
74
148
106
152
6
112
120
86
87
91
122
123
110
4
120
107
148
141
128
81
121
106
4
86
140
150
104
126
86
101
152
5
100
118
114
141
126
100
148
100
6
112
107
109
95
114
82
135
119
9
86
152
96
90
96
120
87
119
2
129
118
120
100
92
101
134
122
7
111
93
85
144
107
91
141
100
3
102
123
113
133
88
134
135
109
5
122
77
130
84
105
92
107
127
9
125
91
148
98
140
119
130
168
9
91
98
110
84
100
117
75
115
8
127
135
128
142
136
168
104
135
2
94
128
128
92
87
108
89
126
8
114
80
107
129
97
117
131
123
4
112
138
102
134
127
108
53
122
6
139
99
150
134
99
143
119
155
6
122
137
122
113
125
105
104
132
2
79
106
107
141
121
114
133
71
3
120
155
117
100
149
93
75
113
9
92
121
113
94
131
133
118
116
3
127
137
93
83
85
113
100
148
6
128
156
103
126
113
66
95
127
3
77
149
117
105
101
146
153
108
0
126
117
100
135
121
164
115
121
7
121
107
149
115
106
114
121
116
4
121
178
127
84
135
157
99
135
7
113
117
114
129
93
120
87
141
2
83
131
120
136
114
148
142
108
4
116
105
112
147
149
143
58
113
10
119
99
80
112
135
118
127
128
8
139
118
113
114
104
107
119
93
6
117
82
82
84
95
90
110
114
1
149
111
144
122
126
155
113
133
6
114
86
110
128
127
118
119
95
6
156
104
113
105
136
139
142
110
6
136
114
105
106
82
125
98
119
0
84
105
141
147
115
127
107
60
5
148
136
134
110
125
126
111
115
9
127
105
112
121
121
84
129
103
1
126
132
144
128
76
149
95
118
8
132
134
129
142
80
106
120
155
6
111
121
120
133
106
113
148
133
7
114
89
114
129
94
119
115
124
4
138
94
77
129
116
94
63
101
3
111
135
82
107
118
115
139
120
7
122
86
126
137
152
156
96
96
8
139
99
64
120
150
120
89
128
8
117
142
139
121
113
65
97
115
7
155
121
127
100
116
109
138
149
2
97
100
130
161
105
95
121
113
1
107
106
139
131
121
144
148
115
1
100
81
107
132
105
100
115
116
6
103
125
133
119
84
89
128
111
1
133
140
72
143
155
125
115
163
9
70
122
126
90
118
130
157
108
6
98
118
145
126
106
132
145
147
10
128
126
88
119
108
100
87
98
6
122
105
125
136
108
86
100
126
8
109
127
134
157
88
113
128
104
1
106
118
119
119
120
129
144
129
1
140
106
120
114
133
94
109
109
9
122
121
133
147
130
100
107
117
6
114
127
110
142
149
105
127
106
4
120
127
127
140
137
106
135
99
7
120
145
114
141
94
149
112
105
8
98
148
84
85
111
130
93
122
7
130
89
88
135
122
120
83
122
1
98
122
131
148
116
103
113
157
7
130
150
128
134
99
82
68
101
7
98
107
110
126
122
99
131
119
9
150
121
87
105
147
145
93
162
9
83
127
115
102
164
113
118
163
7
99
100
121
142
101
109
114
77
1
129
131
118
114
96
146
114
130
3
107
126
129
154
140
107
101
110
8
119
128
99
139
112
113
92
142
1
104
121
131
93
86
86
115
124
9
114
150
97
104
105
116
134
126
7
134
120
99
149
84
133
135
98
1
100
136
119
135
144
113
110
146
8
89
127
106
129
134
92
94
106
0
163
140
106
100
117
110
107
100
8
91
153
127
101
134
133
129
89
10
127
151
109
118
121
109
149
129
1
124
104
102
100
104
134
127
153
8
117
77
86
125
98
105
120
113
6
113
128
112
123
127
113
107
106
7
114
111
135
128
115
147
116
107
4
86
95
89
115
119
113
88
99
3
87
143
129
106
132
119
120
90
6
99
99
127
149
111
151
126
134
1
127
105
134
146
127
123
98
136
1
136
79
111
143
98
139
92
114
9
123
114
141
107
124
100
118
152
5
131
104
149
119
114
89
107
111
6
124
107
136
127
101
108
125
125
5
127
113
102
135
83
97
114
136
5
107
140
99
153
94
105
122
123
4
121
115
126
126
104
110
128
126

