10
6
7
10
2
6
3
3
1
9
2
6
5
8
4
7
6
0
17
4
4
6
5
3
2
0
8
136
121
123
131
94
121
121
136
3
108
144
121
133
112
130
107
107
3
113
116
121
121
92
97
118
114
4
107
112
95
113
107
123
98
98
9
112
101
136
119
103
91
137
118
5
120
118
128
100
146
136
113
121
2
107
121
142
121
117
129
86
93
2
80
147
142
119
102
134
126
148
4
79
88
71
119
126
128
140
120
2
136
114
120
84
134
98
127
157
2
87
138
86
93
93
126
108
120
4
116
142
132
112
97
105
97
138
8
119
131
145
115
130
100
86
89
2
147
105
110
150
59
104
99
108
7
149
96
118
113
130
98
114
146
9
98
117
116
105
114
115
129
133
7
171
106
127
62
147
109
156
148
1
136
113
88
121
105
142
140
162
3
87
89
89
115
104
127
152
149
6
128
128
89
130
113
127
142
153
7
125
138
146
115
106
99
136
138
3
113
119
105
134
135
93
103
128
7
106
116
78
124
128
120
104
92
6
106
113
143
129
94
89
100
125
7
105
133
123
142
149
114
139
98
7
116
101
150
121
101
126
135
102
3
96
148
107
102
100
114
114
127
5
161
122
120
93
115
118
102
125
3
109
127
114
78
101
85
67
73
1
130
131
113
114
146
150
127
104
8
91
114
119
129
102
75
125
79
6
88
126
130
72
85
104
150
98
9
77
109
133
113
105
90
125
129
0
108
107
95
116
71
132
112
112
7
138
107
128
133
134
122
117
94
1
128
103
98
138
128
102
102
122
8
71
101
104
127
95
103
100
134
2
162
123
106
112
96
121
140
100
8
112
130
141
130
96
119
84
148
8
100
165
111
83
99
86
126
129
2
75
101
105
139
121
145
136
169
4
113
127
117
98
122
136
90
129
4
130
138
113
112
134
94
91
88
1
120
130
107
134
118
119
134
108
2
122
127
129
118
115
137
160
113
9
133
103
92
156
108
138
126
120
4
112
102
141
111
105
121
109
126
7
118
130
87
113
131
132
118
111
7
102
122
120
118
97
129
81
121
9
130
119
98
109
153
136
130
115
3
86
143
95
133
101
136
101
94
2
105
95
158
120
145
145
136
120
5
106
101
113
119
141
119
128
92
7
123
107
113
126
98
77
78
123
7
128
76
107
133
113
100
120
151
7
92
98
129
61
92
101
115
111
3
58
100
121
86
113
100
136
146
9
160
128
144
99
93
81
108
138
9
108
107
159
114
130
128
108
126
5
126
68
99
146
99
166
100
88
7
102
119
150
95
107
141
115
107
4
93
76
108
148
121
141
118
133
4
131
110
121
135
106
120
120
141
2
81
86
133
107
87
103
92
111
10
122
119
75
137
90
136
143
114
5
127
142
133
105
98
112
139
141
10
103
101
94
135
115
122
91
117
5
150
116
107
103
141
149
91
125
0
101
91
93
96
110
99
116
120
2
51
88
85
128
116
136
113
99
2
82
133
99
93
142
77
97
114
10
107
113
127
97
106
93
93
64
3
70
106
120
131
115
111
104
127
1
109
134
141
111
86
85
114
96
1
129
106
132
142
92
82
93
106
10
150
101
89
108
121
141
135
97
1
157
136
148
128
119
142
131
87
1
98
144
106
163
135
88
92
121
4
112
125
123
87
124
132
92
115
7
123
130
102
142
106
87
102
92
2
86
138
95
109
108
98
109
133
6
141
149
135
145
110
100
78
120
0
126
105
127
125
156
145
112
127
7
106
112
127
116
116
106
101
137
2
111
107
121
130
137
141
114
133
6
121
127
72
136
120
164
112
115
0
108
111
114
119
173
102
132
120
3
129
114
87
133
115
125
91
80
1
146
104
146
113
116
118
126
116
2
135
93
112
138
106
149
134
108
1
107
141
140
116
121
133
120
85
3
97
113
113
139
128
125
100
123
2
99
98
117
106
92
100
97
129
0
110
84
118
142
133
109
149
78
6
120
98
131
110
130
111
124
102
9
117
161
117
129
107
126
119
126
6
127
115
122
125
147
119
117
121
1
149
106
94
98
92
107
134
128
3
149
105
156
101
128
120
144
115
9
102
134
94
138
131
90
120
116
2
136
129
121
143
105
80
116
98
8
133
149
125
137
105
128
121
139
4
92
126
136
109
102
124
136
78
2
100
157
134
134
103
128
96
112
9
106
105
110
112
100
122
147
94
2
128
122
145
65
99
127
87
129
7
93
148
78
121
89
121
115
159
1
100
155
128
130
65
142
122
113
7
133
96
91
123
103
99
120
140
4
104
115
92
141
106
93
153
107
9
85
124
150
97
77
126
72
107
7
122
148
116
142
111
144
155
132
8
122
161
116
100
102
106
104
133
4
114
128
129
107
106
114
126
116
7
94
105
77
93
126
149
133
121
4
120
129
143
169
136
121
106
93
4
134
106
105
119
101
144
123
147
3
138
119
109
111
108
94
116
121
0
110
106
115
100
139
112
82
127
9
150
128
117
124
101
135
136
127
9
136
118
124
82
155
111
135
193
8
126
129
120
101
79
131
134
148
4
115
102
163
158
100
69
99
162
7
127
105
121
127
104
135
103
75
9
112
83
147
134
132
107
112
119
5
133
92
120
118
100
99
91
107
7
108
144
150
128
134
138
108
126
8
137
98
103
141
119
128
98
87
6
146
106
114
146
98
127
111
128
7
114
120
119
116
107
142
115
91
7
127
153
138
143
120
94
164
135
2
130
101
140
160
93
139
107
114
6
100
108
122
94
96
115
107
126
9
143
126
134
101
134
145
151
111
1
114
78
119
107
161
152
120
121
0
121
136
98
114
131
94
116
138
7
95
157
128
158
161
107
134
66
7
136
91
112
108
130
94
89
119
7
106
98
101
108
150
115
94
106
4
114
107
79
136
126
131
146
143
10
75
107
94
117
127
103
131
137
5
113
65
120
103
120
134
114
87
2
116
124
141
132
120
131
122
95
8
105
117
128
101
111
122
155
114
5
116
127
95
122
127
132
105
120
3
129
135
136
171
167
155
79
124
6
147
112
110
148
117
128
133
127
1
79
86
138
120
106
132
103
100
8
133
128
141
118
121
122
95
121
7
159
121
133
112
116
127
120
120
9
119
126
113
102
89
135
152
137
3
94
94
85
121
116
131
125
140
7
121
129
101
79
99
116
97
106
9
84
93
114
110
139
134
100
107
5
100
138
112
148
128
127
120
132
6
142
98
93
94
99
120
86
148
6
150
111
87
119
120
113
134
72
4
129
93
123
153
113
125
116
121
6
147
125
100
123
100
134
107
140
9
109
127
139
113
142
95
101
118
8
126
96
150
116
113
129
136
134
6
118
102
98
112
128
103
143
149
3
111
169
111
108
133
129
121
96
0
121
155
89
106
92
82
128
144
4
113
92
114
106
107
99
108
101
4
106
143
133
103
115
128
106
123
8
109
132
107
142
85
93
78
85
1
99
128
129
135
113
120
93
125
4
122
156
102
111
107
148
128
105
10
142
156
106
142
109
126
91
77
4
135
90
142
107
115
72
139
115
9
139
154
108
87
97
147
134
99
8
134
105
109
70
141
108
97
88
2
148
94
115
125
70
95
112
114
4
102
58
149
123
136
95
130
84
8
95
116
123
129
128
121
137
122
7
118
111
132
101
119
142
100
134
5
127
135
95
92
93
92
133
140
8
155
127
68
116
121
159
128
106
3
89
141
132
120
154
104
105
106
3
131
124
126
115
99
120
121
141
3
116
108
126
138
125
84
120
102
1
94
144
134
94
134
113
149
134
8
85
116
112
118
84
127
111
87
0
104
91
100
100
93
122
115
124
4
118
123
109
142
113
112
125
127
8
92
135
140
114
99
121
92
99
6
105
129
121
136
117
131
125
135
1
102
99
100
124
97
122
86
111
9
141
158
140
147
98
155
112
127
5
124
114
135
121
111
85
114
106
4
62
122
120
149
101
123
157
99
3
133
104
127
124
122
106
132
123
7
121
126
115
135
106
133
112
139
9
110
112
113
118
125
82
102
122
6
135
103
127
121
118
105
139
135
3
128
90
44
125
150
132
126
100
2
105
99
123
92
98
131
102
136
2
131
134
125
118
90
117
98
91
4
128
102
137
140
119
93
87
147
6
130
136
86
114
99
85
132
109
5
138
115
128
120
110
83
108
115
2
162
121
141
99
142
129
98
96
10
99
152
109
122
112
119
107
144
9
80
108
120
149
100
107
115
108
8
122
162
112
135
99
134
104
104
4
96
100
139
145
106
129
129
79
3
148
95
105
130
142
89
119
117
5
102
107
126
114
134
138
121
134
2
105
134
85
107
148
134
129
103
8
88
113
101
113
142
108
118
121
2
123
71
104
100
101
118
111
114
2
120
120
106
136
129
112
112
109
3
143
106
134
112
148
126
133
121
2
147
130
107
153
93
114
61
127
8
100
135
147
106
145
93
77
100
4
79
121
132
118
136
112
107
86
1
120
105
120
118
144
93
100
109
7
100
133
145
86
107
94
115
119
4
98
107
115
89
102
127
86
145
4
142
120
94
93
106
106
127
124
3
114
120
100
122
114
113
117
77
9
94
92
128
91
120
134
150
115
5
97
114
106
123
126
94
111
115
8
101
95
131
108
122
117
121
93
8
113
130
123
106
134
170
127
138
10
145
92
83
116
135
142
97
86
7
119
133
102
110
138
142
126
106
1
148
128
113
122
118
121
98
110
10
131
117
117
158
146
148
135
98
1
143
144
148
82
93
122
133
97
1
126
113
113
102
110
92
128
107
10
113
126
107
99
77
124
149
105
2
133
112
109
96
144
132
144
101
6
107
127
86
130
129
149
103
126
1
91
130
100
142
112
136
106
173
6
120
119
93
163
102
113
119
137
2
140
116
103
169
122
150
113
102
8
133
113
106
104
110
113
122
121
6
121
86
141
93
124
104
106
145
0
134
100
86
114
166
116
79
103
4
127
98
136
71
114
121
109
100
0
115
135
125
121
113
142
105
155
6
97
100
88
144
149
92
111
132
9
134
99
95
110
111
112
106
118
0
120
101
126
122
98
112
134
71
7
116
114
80
106
140
154
145
150
3
118
100
83
149
129
135
106
121
3
139
119
99
128
117
106
106
108
3
91
140
86
127
126
133
105
121
2
75
49
163
158
84
102
101
125
5
135
113
124
92
100
138
110
134
7
105
99
119
161
99
125
138
137
9
108
127
115
110
118
122
120
85
1
131
120
115
111
112
120
111
127
7
141
106
142
93
105
136
107
109
7
96
115
65
93
126
86
133
99
4
118
129
121
70
134
94
149
114
6
134
149
142
112
133
109
61
116
5
103
162
72
120
81
165
110
141
5
125
126
90
111
126
141
117
166
8
138
120
126
109
141
109
117
97
9
82
141
107
116
126
125
118
104
1
115
113
96
97
131
115
99
85
5
97
122
116
115
119
99
128
135
8
140
114
129
129
112
105
123
131
5
137
121
117
109
90
137
134
131
2
130
92
109
122
117
86
105
128
2
126
133
99
92
100
114
126
128
7
70
134
103
142
66
99
141
113
9
124
90
86
128
94
96
124
117
2
119
94
136
138
99
111
83
88
2
119
122
104
64
111
158
127
89
4
93
120
106
128
119
118
102
125
4
99
97
80
120
112
95
108
82
0
129
133
105
100
99
136
127
113
7
130
92
124
87
120
133
102
98
8
142
91
136
131
123
105
98
128
4
120
115
90
90
112
104
142
152
1
94
117
100
126
132
140
108
80
3
127
97
143
129
108
107
138
108
7
146
128
123
165
113
126
141
108
2
115
131
129
121
108
142
128
147
7
122
128
103
65
91
86
93
122
6
105
155
104
117
113
118
146
87
4
129
118
133
115
139
135
106
123
1
113
98
107
94
124
99
124
103
9
111
126
149
143
118
129
83
112
9
122
70
113
78
104
100
136
151
4
132
96
108
107
162
96
119
114
2
86
141
100
131
124
115
100
131
7
128
130
126
134
106
129
106
122
5
99
122
127
134
121
127
118
126
10
108
106
131
98
162
115
129
147
1
110
124
147
106
114
98
132
141
4
121
119
149
93
82
84
135
113
0
126
134
131
105
126
114
107
135
4
121
133
121
120
141
87
108
120
6
123
138
129
120
125
81
125
126
1
91
146
127
100
124
121
177
145
4
110
133
100
88
95
109
113
128
1
105
80
138
116
108
72
126
113
2
115
135
160
137
117
113
92
129
3
102
133
114
130
110
105
150
114
0
136
129
70
129
130
113
63
120
8
147
124
122
105
158
121
113
84
5
127
108
129
114
125
115
134
143
6
136
97
114
103
93
134
135
133
6
120
127
120
141
113
94
129
117
7
120
95
114
119
134
106
115
105
2
108
123
107
84
87
106
107
143
5
112
127
157
110
110
151
149
78
3
126
106
66
108
112
97
143
139
5
110
91
113
150
87
122
84
135
3
141
100
134
116
105
94
92
118
4
119
137
127
81
124
143
125
133
7
133
136
137
143
152
136
132
112
7
104
142
119
125
107
117
168
85
9
106
94
100
108
102
83
131
129
10
97
91
133
129
128
123
130
116
2
141
96
107
110
140
91
127
121
5
95
116
146
126
102
75
84
143
4
120
106
90
93
133
136
162
95
8
131
78
92
119
136
97
123
146
7
104
70
120
140
118
133
98
152
0
70
115
153
128
87
138
106
127
5
110
126
82
134
114
126
115
120
7
102
122
138
105
148
115
112
116
2
106
123
100
128
143
120
117
103
5
119
118
116
124
125
107
148
114
1
114
122
99
130
99
133
133
112
9
148
133
100
138
95
115
131
114
9
99
128
136
134
139
106
120
125
8
143
107
124
78
122
119
119
150
2
160
108
120
126
112
123
94
92
7
117
98
119
128
129
101
133
129
4
135
95
129
134
118
100
116
130
5
124
105
91
135
126
84
124
117
7
99
152
138
101
127
113
125
83
1
108
77
88
133
86
138
121
157
8
88
141
80
101
128
109
128
148
4
95
148
141
127
148
63
96
120
4
112
118
129
118
119
154
121
130
1
88
105
115
107
131
146
103
109
8
106
154
111
143
108
94
118
140
7
106
104
122
134
129
131
125
127
3
129
141
142
99
128
87
109
92
3
122
123
120
119
135
112
126
99
2
128
126
111
153
77
115
143
104
8
152
95
115
123
145
134
129
93
7
102
92
107
119
129
106
101
115
7
86
129
125
116
125
131
127
113
3
78
104
115
119
135
100
104
136
0
129
87
107
112
87
69
108
102
7
93
109
121
111
71
119
126
171
1
84
131
133
145
147
117
119
135
9
120
137
126
135
88
126
110
82
6
127
67
117
148
121
135
138
115
2
133
89
120
137
110
104
108
119
8
98
90
129
115
113
105
121
100
6
135
108
112
99
114
113
136
111
1
130
89
84
99
81
126
108
124
1
130
121
131
114
145
110
122
128
8
95
116
92
155
106
122
112
94
8
135
108
89
116
105
115
85
101
1
101
111
133
120
116
134
129
123
3
108
110
127
90
133
161
106
101
2
122
107
115
99
129
112
104
117
3
58
100
133
122
162
121
98
117
7
115
119
106
107
113
127
124
126
1
113
82
140
116
108
93
131
93
7
129
126
136
136
106
128
129
94
10
63
107
113
137
129
113
87
93
6
137
150
105
99
93
115
88
116
10
116
126
89
129
123
112
103
99
3
115
127
108
108
122
124
120
129
7
137
83
125
100
94
105
115
125
5
119
93
135
98
111
97
146
149
3
132
80
122
103
133
139
107
121
0
123
142
100
127
134
89
131
121
10
95
94
150
95
139
111
84
148
3
93
92
82
136
129
119
134
123
1
150
136
156
82
95
122
124
111
0
128
149
114
171
106
140
155
107
4
129
117
93
136
156
102
156
133
10
114
125
112
138
87
152
113
96
4
115
136
93
125
98
146
118
98
9
122
126
132
107
94
140
105
109
6
87
123
120
126
126
92
118
113
8
117
131
85
121
103
147
120
104

