11
1
1
8
6
9
0
9
6
14
7
5
7
2
4
5
2
6
13
3
8
2
7
10
5
1
6
79
128
100
139
101
94
144
93
8
111
128
145
115
137
125
113
129
6
124
107
56
149
94
118
120
80
2
126
153
171
120
86
113
94
145
7
117
135
128
107
111
87
88
119
6
127
120
106
112
134
93
134
163
9
142
149
115
110
146
114
106
147
7
95
100
130
136
139
84
87
142
5
143
137
129
159
113
138
134
111
5
157
117
115
126
108
133
87
151
10
116
136
91
140
142
92
127
129
10
122
100
113
142
134
103
85
158
5
148
123
112
117
144
124
107
127
6
71
122
150
142
131
122
122
107
7
148
135
123
73
98
140
90
117
1
143
150
106
92
58
111
115
142
8
127
120
100
107
107
106
127
112
4
113
112
128
92
125
108
119
138
5
169
131
121
135
128
105
92
116
4
113
107
150
104
127
113
99
118
2
98
131
125
111
131
122
145
134
7
148
122
116
90
123
121
132
165
1
122
109
125
112
113
121
139
96
1
112
119
131
125
111
108
148
102
2
140
123
109
111
108
108
120
128
7
100
130
121
106
105
93
101
134
2
139
112
120
109
107
123
99
115
8
141
120
112
105
83
106
103
109
7
119
127
92
137
93
104
82
64
1
128
122
122
149
114
110
131
85
5
113
100
94
105
102
128
128
135
3
134
78
146
120
126
108
144
152
7
105
93
108
135
86
119
93
122
10
112
106
134
147
102
138
122
122
8
126
93
143
109
129
110
128
128
3
129
150
131
127
119
126
135
80
9
143
109
120
118
122
146
112
109
0
143
141
155
113
148
131
117
134
5
145
110
92
77
107
104
92
101
4
105
134
118
95
119
148
123
139
8
98
136
99
122
163
64
111
106
8
141
81
120
105
141
101
92
97
2
118
110
138
113
106
112
131
152
0
137
125
113
95
90
105
119
119
5
129
93
98
74
102
119
102
142
9
100
94
150
95
102
108
121
128
7
107
115
106
143
107
99
107
106
9
109
106
137
68
124
142
102
128
2
74
84
106
115
104
102
128
112
4
102
93
121
101
151
154
134
110
0
138
122
126
118
109
85
142
96
6
78
132
113
154
134
149
105
127
6
108
108
119
120
81
87
100
123
8
141
134
157
97
128
93
75
100
1
145
104
175
117
105
112
154
121
0
129
115
113
106
113
138
85
112
5
149
85
183
134
112
126
129
116
4
100
118
95
83
148
103
64
87
2
112
136
120
113
118
92
142
143
8
119
148
167
117
115
110
144
93
9
135
80
123
134
152
133
112
95
7
121
120
146
99
111
114
100
115
0
112
125
145
125
120
119
126
116
4
108
85
94
126
103
144
137
90
9
125
134
123
129
139
106
119
94
1
100
128
90
95
141
117
111
129
5
85
120
114
106
141
121
115
107
7
114
105
137
134
79
139
114
93
3
142
88
133
126
93
135
108
125
0
120
86
137
126
111
86
100
126
2
85
108
88
91
107
126
114
153
2
130
136
99
100
99
80
149
136
4
146
94
107
121
90
148
126
100
2
99
78
114
91
75
100
90
91
7
99
148
95
120
137
88
141
124
3
141
114
87
86
107
126
108
85
3
122
99
100
126
108
106
116
143
8
108
115
104
122
107
126
110
106
5
159
108
105
87
143
122
105
103
2
100
110
95
133
107
112
161
126
6
119
93
119
107
149
77
97
107
2
130
128
93
130
100
92
119
128
6
130
96
150
138
118
120
139
151
6
105
154
119
154
106
104
87
113
8
128
102
126
99
142
99
123
146
9
73
84
120
129
163
113
141
146
2
141
115
105
121
136
124
135
117
6
88
111
120
100
98
98
82
131
9
137
125
137
120
120
130
115
145
8
124
164
93
135
87
116
111
115
2
142
134
139
70
112
121
107
148
3
92
130
133
99
119
98
121
127
7
113
101
140
50
110
134
117
108
10
109
149
88
92
101
138
115
94
5
117
126
132
115
95
135
141
113
6
113
80
119
155
138
66
133
51
1
152
116
105
113
114
106
121
78
6
124
149
128
106
116
128
102
104
4
86
135
87
148
107
120
120
116
2
84
124
103
91
93
107
91
85
7
106
132
93
87
103
106
84
116
2
102
127
153
137
136
124
125
156
5
110
126
126
137
123
126
101
121
5
126
138
105
155
65
115
73
98
6
114
137
131
108
163
107
114
122
9
81
96
101
107
118
105
125
123
8
107
95
127
96
114
105
107
99
7
113
122
150
133
110
130
148
128
2
117
101
114
139
98
123
140
86
9
93
120
89
126
141
99
133
137
5
116
94
106
133
93
113
104
144
0
124
132
84
115
93
118
127
107
8
114
101
98
119
159
58
76
120
4
114
109
119
99
92
123
128
80
7
109
129
118
118
100
93
112
136
2
114
121
130
97
116
127
157
79
7
107
103
162
103
133
120
137
132
0
99
100
130
129
134
136
135
78
4
94
134
108
120
85
85
151
111
3
104
126
79
106
91
98
120
97
6
88
114
98
109
129
103
109
111
0
123
59
145
133
105
112
135
115
9
135
107
108
148
110
115
107
100
9
128
89
104
96
94
124
149
107
8
92
103
86
121
114
125
98
122
6
117
138
112
119
88
105
113
128
7
128
167
119
103
142
106
155
129
7
114
87
123
126
128
165
113
100
2
146
96
110
158
130
126
81
134
7
128
102
140
121
128
140
134
135
9
112
79
83
106
114
129
121
76
4
132
89
121
112
148
127
97
97
7
72
67
121
132
150
96
106
116
4
109
143
144
138
134
146
134
101
10
90
129
135
151
91
107
150
108
2
91
129
138
73
101
92
141
108
9
94
100
91
114
81
121
99
114
2
114
134
142
135
93
121
115
154
4
69
136
156
143
128
127
103
120
5
100
135
128
130
168
105
129
136
8
106
78
109
103
95
105
107
117
5
95
111
137
115
101
113
75
134
4
98
99
127
137
60
126
119
101
9
124
108
111
141
113
106
79
102
6
113
115
115
113
140
139
83
115
2
106
121
87
124
134
122
120
100
2
128
147
144
149
85
134
103
128
4
135
96
109
92
125
121
80
111
3
98
89
143
139
104
143
127
134
2
137
102
92
105
124
100
113
114
1
141
121
129
134
138
149
93
102
2
122
140
133
120
110
117
139
126
7
106
121
141
121
146
92
105
119
6
108
86
99
122
107
143
110
84
9
128
129
114
128
99
128
130
91
3
108
92
136
133
133
101
140
124
9
156
120
145
151
129
115
147
102
1
113
131
114
98
119
79
71
113
7
124
121
104
126
126
115
126
93
5
128
116
107
128
124
122
124
101
3
126
148
106
152
107
119
132
73
3
129
104
135
167
113
113
122
114
6
79
131
142
120
114
114
107
123
7
119
101
94
99
95
91
123
124
5
137
97
124
145
100
112
80
105
3
79
137
120
134
118
97
127
112
2
96
140
126
121
101
107
80
73
5
134
120
143
135
105
106
151
106
9
133
134
86
113
119
125
112
105
3
112
133
141
120
123
101
126
115
2
71
122
141
120
114
123
109
112
0
125
130
109
101
97
85
105
132
8
98
94
101
155
106
78
129
131
9
122
126
127
82
136
98
117
92
8
140
86
112
65
141
91
91
114
8
129
94
127
110
120
120
103
131
7
117
115
124
100
151
123
99
88
4
94
133
87
123
130
142
119
130
6
116
101
108
119
101
132
134
105
5
116
144
136
77
98
122
126
105
7
132
140
148
140
114
92
125
102
9
120
84
99
113
102
128
103
106
1
158
103
141
154
137
127
128
151
3
113
93
136
147
119
133
149
122
9
93
148
141
102
134
98
88
121
3
119
140
134
93
101
126
105
101
0
133
150
115
149
126
124
88
119
2
71
122
108
141
79
156
111
120
1
119
108
134
134
110
142
98
106
2
102
115
94
141
122
141
114
90
0
101
157
83
130
135
135
93
114
1
106
109
142
64
98
100
111
106
7
123
87
102
117
78
115
123
167
2
141
135
112
122
126
126
121
121
7
135
120
98
86
113
141
143
128
4
132
124
139
113
91
102
99
114
3
85
120
121
96
93
122
143
139
5
114
93
138
107
115
113
129
119
7
126
94
108
114
99
132
121
134
10
114
94
110
185
124
95
101
99
10
142
126
98
129
75
108
94
150
2
151
116
95
136
132
131
135
105
1
124
133
90
120
126
126
116
127
7
147
106
103
95
126
139
99
101
4
139
110
96
121
111
116
119
96
0
118
108
155
147
120
118
99
114
3
114
122
143
86
128
163
146
134
7
113
133
116
133
114
115
113
102
4
94
99
113
123
123
141
118
112
2
96
159
113
96
106
120
122
103
4
120
113
131
124
98
104
100
103
9
129
113
98
136
115
83
100
85
2
112
88
126
121
173
154
115
127
10
138
136
121
106
119
158
114
126
3
120
146
89
114
80
88
103
99
3
82
115
140
115
77
150
121
84
5
149
128
112
111
107
170
117
126
7
105
121
76
114
122
101
106
122
3
119
95
136
119
147
107
127
134
0
129
100
129
152
122
101
128
93
6
98
94
100
124
120
126
82
127
5
101
127
99
123
92
134
100
138
2
108
153
135
142
127
150
86
91
8
82
151
126
122
123
107
133
144
3
145
83
111
102
122
74
108
120
8
110
114
127
97
99
130
101
107
1
120
135
115
123
126
140
134
113
0
115
127
102
133
96
133
129
110
6
138
135
127
108
143
99
101
109
0
91
150
140
128
134
143
95
116
4
118
136
123
123
127
144
128
157
10
106
132
114
143
119
139
118
84
0
116
98
95
139
128
80
106
83
5
121
112
100
111
104
91
79
101
4
147
109
115
134
113
116
149
106
7
127
105
85
163
100
145
79
93
10
128
87
117
113
107
94
98
123
6
155
133
108
125
112
136
93
118
2
106
128
107
129
121
156
115
149
4
134
123
122
105
105
113
99
87
7
142
127
136
110
97
111
100
104
5
115
92
140
86
129
133
111
176
4
105
100
135
103
105
149
119
126
0
126
92
92
155
134
111
113
99
4
95
138
95
127
119
120
116
114
8
153
88
98
106
107
108
134
112
8
135
105
137
93
135
97
122
95
8
99
129
136
102
92
96
91
108
1
130
127
140
101
123
120
109
101
1
85
107
137
85
126
89
125
120
4
127
127
115
147
127
112
134
100
5
127
116
106
140
120
122
133
99
4
108
143
122
148
151
118
135
101
1
99
127
86
129
128
105
124
128
1
97
98
104
130
127
157
87
102
5
110
135
120
115
124
119
115
135
3
109
105
103
127
110
135
114
99
10
118
119
79
112
107
117
109
120
3
114
100
120
108
92
146
105
87
6
92
106
129
134
146
127
113
140
8
103
90
121
109
140
87
122
124
6
108
128
93
100
98
100
107
99
3
110
110
133
139
141
91
107
149
6
87
159
167
104
127
121
140
106
9
136
129
103
119
121
125
105
107
5
120
149
109
136
79
77
85
134
5
113
143
107
128
101
109
107
100
8
105
112
115
134
111
135
142
117
1
114
84
120
78
120
82
120
120
2
111
103
137
108
119
91
153
104
4
86
106
88
157
130
114
138
142
6
128
102
112
148
99
136
106
73
7
150
115
118
127
123
114
119
126
1
139
100
134
132
123
126
100
155
7
114
106
121
98
84
116
100
94
1
136
137
116
130
108
130
71
93
2
127
116
131
133
119
84
110
163
8
115
128
103
128
97
106
113
117
2
88
113
127
88
100
118
115
112
7
139
146
116
128
140
106
123
101
2
93
133
117
99
123
103
113
142
3
120
100
147
150
106
141
99
101
8
135
130
131
102
118
93
111
104
1
72
100
141
98
128
128
157
92
3
156
114
126
113
118
148
148
133
1
126
110
110
124
134
109
150
129
10
129
123
80
94
86
120
151
106
2
129
113
105
106
87
133
73
125
8
122
156
128
117
91
108
107
106
7
122
112
112
114
149
159
120
165
1
95
141
112
120
120
98
137
131
6
110
116
115
112
151
126
94
129
3
138
134
131
108
91
140
119
123
4
142
107
88
136
144
118
128
104
1
100
103
114
92
100
106
81
108
5
114
136
118
124
123
143
140
150
0
136
80
161
114
179
128
155
175
5
99
99
83
85
77
101
126
106
1
120
122
134
102
104
94
99
127
9
120
102
121
106
108
128
155
143
8
98
127
140
126
114
119
114
112
1
104
118
96
94
131
154
95
121
6
153
120
115
120
100
115
115
154
2
115
157
133
126
118
79
120
123
1
136
97
119
119
64
100
114
146
1
92
114
108
114
95
98
112
110
7
105
88
66
125
163
144
87
127
5
112
107
114
115
105
106
119
95
7
86
118
97
98
77
107
157
122
4
122
112
114
92
128
100
94
149
0
114
114
99
143
104
145
82
115
9
120
113
109
108
96
130
149
156
6
73
140
94
157
109
108
126
85
7
112
103
139
106
105
97
93
108
3
118
130
142
99
116
134
139
148
4
96
114
99
151
109
138
98
142
7
144
80
122
120
106
106
140
130
1
91
95
111
124
150
129
114
157
9
139
141
105
93
112
106
80
124
4
136
86
74
111
120
148
144
114
2
97
138
101
98
137
118
119
65
6
98
108
127
136
128
118
134
127
7
112
105
94
94
127
149
108
113
5
135
143
129
120
91
129
104
142
6
112
130
101
126
107
112
142
133
10
137
166
134
125
96
114
100
111
3
127
129
115
112
156
105
157
109
10
150
123
105
112
115
123
80
121
5
120
127
129
117
127
131
121
129
8
126
115
118
117
116
91
132
114
7
115
102
92
109
127
128
143
118
8
95
100
134
132
148
99
130
118
5
110
126
153
93
95
130
73
124
6
129
100
118
76
102
103
115
99
2
79
128
126
141
108
112
100
84
7
85
134
88
130
129
93
123
121
6
103
141
133
116
126
149
149
142
0
120
153
152
79
129
149
112
106
9
110
96
100
145
143
120
123
131
6
110
125
97
119
108
97
138
99
7
112
107
121
119
112
136
140
110
8
127
123
147
102
101
106
128
92
7
113
108
107
121
112
135
166
157
8
156
134
168
140
133
112
128
132
10
118
104
134
126
113
127
132
134
6
126
118
103
120
105
107
115
108
0
134
76
122
120
114
125
126
125
4
142
128
126
134
92
115
134
127
6
135
116
114
108
114
123
74
112
6
136
149
113
141
119
120
156
121
10
120
92
131
135
135
103
143
82
7
129
116
128
80
83
86
93
112
5
155
93
86
150
114
107
148
78
7
108
142
132
73
141
131
129
121
6
93
127
126
161
100
108
114
117
10
98
148
122
113
93
155
129
139
3
92
100
100
143
100
132
149
114
8
127
127
143
121
87
120
135
78
0
128
147
112
98
87
119
108
127
1
133
81
122
128
103
104
123
130
5
105
127
126
111
125
106
91
145
5
134
95
113
129
108
150
85
121
0
120
118
101
97
133
113
139
138
0
96
112
129
129
101
145
93
99
2
149
135
117
106
81
135
95
130
1
108
126
122
124
113
98
127
145
5
116
141
91
101
167
119
92
95
1
125
158
138
119
114
81
114
129
8
93
94
94
98
109
155
92
93
4
96
93
118
139
141
113
150
155
7
151
106
105
103
103
129
135
113
2
72
96
143
109
91
106
106
106
1
132
105
150
92
110
150
145
115
8
124
120
122
121
137
114
102
130
1
110
98
100
164
88
152
153
160
4
88
79
125
100
134
116
141
92
7
103
126
93
115
127
105
95
105
9
116
91
134
115
120
139
120
127
2
99
147
112
127
115
136
121
109
1
76
120
98
91
150
92
94
112
8
149
117
126
78
119
94
108
102
0
128
136
102
92
127
121
113
99
2
131
127
132
121
86
164
141
130
9
93
112
135
132
124
126
115
129
1
100
121
120
137
96
133
125
132
8
127
84
118
106
140
120
126
99
5
128
120
92
117
114
136
106
108
8
111
116
94
100
133
152
79
96
5
131
82
119
113
137
112
124
105
3
131
126
98
117
107
135
99
106

