8
3
0
8
1
4
3
1
6
10
5
9
8
9
3
3
8
1
11
6
1
8
9
4
0
5
9
138
79
141
111
116
108
113
113
5
110
128
156
100
77
127
116
139
6
150
146
100
160
131
140
105
105
4
127
80
94
97
112
148
155
85
2
132
99
143
140
70
110
91
121
8
121
124
144
148
93
134
108
100
9
173
101
127
98
127
107
96
121
8
116
89
131
148
115
105
132
150
8
89
102
127
117
98
138
132
86
6
110
113
140
99
118
120
111
112
1
108
122
150
138
140
131
110
113
9
149
127
118
115
98
114
120
145
7
105
82
88
127
130
116
113
127
4
93
85
109
86
78
135
74
107
1
100
119
136
126
96
126
135
103
1
93
111
106
128
120
114
100
134
7
142
131
132
114
106
115
112
152
1
143
136
145
148
120
128
118
153
7
115
90
130
130
138
142
156
115
8
140
113
91
71
85
113
123
92
6
115
104
83
94
109
150
123
137
0
145
149
75
127
111
120
176
119
9
108
111
90
110
92
126
112
149
5
106
122
128
106
105
115
95
107
2
159
134
121
165
113
163
135
106
1
116
113
91
138
103
146
119
121
6
152
140
107
128
86
134
137
130
1
137
98
124
135
132
118
120
106
9
113
90
121
128
114
150
141
142
0
85
124
123
139
123
95
84
121
9
111
123
94
106
84
117
107
135
5
157
150
128
99
127
87
96
101
7
98
106
113
147
92
79
107
108
5
145
103
84
93
136
129
95
135
1
100
115
105
139
107
76
115
96
1
114
121
94
142
133
105
127
88
10
103
110
144
159
96
124
93
143
9
99
94
112
163
94
128
119
106
1
87
120
106
122
163
113
132
134
5
97
92
122
149
129
114
109
114
6
94
113
155
128
153
119
96
113
5
140
146
119
100
122
93
99
133
7
107
127
138
142
115
128
86
148
2
87
104
92
133
123
128
81
112
7
87
123
107
146
132
112
128
127
1
109
115
111
135
101
92
94
128
2
85
114
112
113
112
127
98
117
2
124
106
113
114
92
134
136
122
2
156
119
138
121
98
128
144
91
10
105
109
107
122
139
93
130
106
8
154
125
91
152
92
144
120
102
2
111
134
104
120
118
107
110
116
7
97
107
114
101
110
106
134
84
4
91
123
143
90
86
128
98
113
7
80
127
121
120
114
75
143
86
8
120
113
134
104
102
116
109
107
1
120
107
134
151
127
124
126
136
2
95
141
127
142
114
105
91
105
1
137
122
111
133
107
99
112
89
1
133
119
133
101
102
117
90
110
6
90
74
110
142
146
129
99
104
0
125
101
131
122
119
135
113
111
0
153
109
134
130
140
92
110
122
5
121
114
126
137
122
99
127
109
8
90
92
110
150
100
134
156
139
8
125
135
106
108
97
129
107
95
9
108
105
125
162
132
121
77
98
1
121
106
118
155
108
150
119
115
5
112
102
107
111
97
109
136
121
10
98
116
92
114
122
95
99
106
3
107
92
110
122
79
122
89
121
0
126
93
173
119
134
128
99
104
7
136
149
121
125
114
111
119
127
7
101
92
124
107
102
148
155
122
9
106
105
115
120
103
73
108
142
2
119
128
118
107
108
110
94
120
5
122
136
91
105
140
141
115
112
7
99
117
109
122
128
94
126
121
3
92
133
105
128
91
128
109
107
10
123
116
127
122
147
147
63
123
3
102
100
127
139
135
104
119
170
6
105
136
127
121
112
147
122
106
9
119
119
113
107
111
109
140
136
5
134
75
119
96
100
142
106
89
1
119
108
102
120
100
81
123
99
8
107
127
147
92
86
87
86
104
1
114
126
105
78
95
114
121
120
10
114
119
130
139
127
128
135
162
4
85
115
110
96
75
100
97
109
8
134
121
110
113
87
107
136
127
9
104
121
84
105
121
127
90
116
4
102
127
149
106
129
137
92
160
5
131
134
109
86
63
107
133
119
1
134
121
149
138
112
159
127
115
5
98
141
115
95
99
101
116
160
7
120
105
105
129
92
104
104
141
9
114
100
69
85
99
88
72
129
8
122
114
128
116
123
156
113
98
7
128
140
127
92
106
141
129
135
5
112
135
120
132
96
171
141
105
6
156
102
110
148
106
113
136
126
0
133
99
114
126
117
104
123
121
6
133
121
132
127
94
116
147
109
8
111
111
125
124
118
125
142
87
4
82
131
126
143
126
155
119
141
1
105
144
126
87
119
69
106
126
1
127
145
107
100
155
106
132
91
1
183
129
114
116
113
114
78
80
4
97
99
88
94
106
119
142
134
7
107
165
119
78
86
129
146
113
3
149
117
114
96
100
135
140
137
6
156
106
109
101
106
121
82
114
4
134
115
90
121
129
105
140
165
8
110
147
135
71
100
100
108
94
8
127
128
85
101
100
106
126
115
4
128
113
65
112
110
122
109
115
3
127
121
127
98
134
116
129
127
7
85
84
119
133
135
119
128
132
3
150
111
122
142
108
136
142
126
2
136
144
114
114
110
112
141
148
5
94
135
102
80
95
98
103
126
0
78
124
136
141
120
87
147
110
9
135
110
113
85
98
120
99
128
6
141
103
170
85
92
109
144
118
8
146
100
101
120
92
94
92
107
3
110
113
92
68
111
103
122
105
5
137
135
160
78
112
137
105
128
5
104
107
125
165
130
82
99
108
3
133
116
162
156
129
114
117
126
4
142
112
94
137
87
94
98
124
4
142
115
107
116
118
119
107
143
8
120
149
105
122
116
110
128
132
0
113
121
122
108
105
105
116
119
7
116
120
119
148
116
122
114
150
4
112
83
102
128
134
110
101
134
8
114
111
94
123
86
114
73
84
2
134
111
133
157
120
107
168
133
7
142
128
100
102
142
99
136
105
5
105
120
120
138
112
132
106
129
3
129
119
155
101
96
119
93
116
3
111
126
100
123
79
138
131
104
1
100
117
127
108
122
162
134
154
2
106
108
146
122
124
135
147
129
2
83
113
127
126
93
77
163
107
8
77
121
99
105
126
133
115
119
4
88
120
141
116
127
97
121
101
4
128
94
122
89
97
152
153
90
6
159
125
86
122
140
156
130
124
10
85
115
107
98
117
100
106
102
2
124
130
142
167
120
135
110
108
10
111
105
106
103
120
113
105
114
1
155
104
66
113
139
137
120
104
7
134
115
105
108
155
126
121
110
0
131
148
120
136
136
128
140
130
0
86
141
140
107
121
129
142
107
5
113
81
121
129
111
102
119
122
8
88
123
143
141
150
123
124
106
10
107
93
126
134
101
148
97
116
8
130
120
98
119
93
101
111
111
8
65
104
114
144
85
98
122
92
4
107
91
144
112
145
114
177
98
4
114
134
144
141
118
135
100
86
4
124
106
124
151
116
133
83
123
0
136
128
93
113
66
147
129
136
9
100
109
102
119
119
108
114
125
2
124
102
149
125
134
95
128
74
9
143
153
112
122
101
161
127
111
6
122
113
146
126
130
120
92
94
5
128
87
128
118
71
92
132
115
1
99
139
101
108
117
150
115
72
9
128
121
95
127
128
116
100
134
1
92
87
98
68
121
143
153
135
6
108
113
135
93
92
101
91
129
4
117
113
128
100
91
154
112
100
10
121
107
104
95
122
104
104
114
3
116
128
149
118
99
110
116
114
2
122
161
100
121
102
119
136
133
8
129
105
102
71
92
102
133
150
2
127
114
155
134
114
98
117
99
7
131
106
144
134
124
130
98
99
1
86
156
140
106
114
105
178
121
1
114
99
117
153
113
122
101
103
5
117
74
134
144
102
94
142
117
7
134
121
134
85
135
99
142
63
4
100
106
109
109
119
118
149
140
6
121
110
126
78
111
84
90
120
8
129
126
141
100
122
129
128
85
9
113
156
114
119
141
132
150
83
1
99
137
113
110
135
125
134
120
9
119
103
145
143
93
84
119
141
8
160
136
129
134
99
107
131
88
3
116
110
128
137
118
126
85
86
1
105
100
114
116
121
137
132
130
6
111
110
96
134
142
108
120
97
3
141
116
115
142
129
115
136
115
7
122
109
125
142
139
99
135
153
1
119
99
123
147
99
88
125
125
1
129
125
73
113
122
114
143
95
7
133
112
153
134
106
140
107
112
7
139
92
111
141
98
119
80
138
7
106
141
133
109
95
108
122
147
8
111
128
140
149
68
86
109
127
9
99
144
116
118
111
97
139
124
9
121
107
135
128
131
115
104
98
5
109
106
134
127
143
121
98
98
9
118
85
92
116
112
108
121
114
9
122
109
149
100
129
107
138
107
5
114
141
108
162
106
135
116
168
10
169
95
109
99
153
117
113
132
7
101
120
112
143
106
143
99
106
1
95
133
94
133
175
133
134
94
3
133
96
92
86
119
141
89
130
3
96
102
113
103
123
135
105
127
4
110
108
119
101
114
119
109
141
4
146
123
136
86
121
98
103
96
1
83
106
143
109
120
126
141
74
8
102
132
98
130
111
100
99
120
6
108
100
105
71
134
127
131
155
5
138
119
123
91
99
142
112
121
4
117
138
87
164
137
121
154
122
4
112
72
152
128
112
130
91
135
3
147
150
143
114
110
104
135
99
5
136
116
128
114
143
113
170
101
5
114
110
153
116
156
87
142
110
6
148
144
100
112
94
93
146
108
4
129
111
128
107
119
141
134
111
4
133
78
136
145
135
132
122
120
4
92
115
107
106
111
125
86
79
4
89
79
120
108
121
148
102
135
5
136
170
139
129
94
106
134
129
1
129
114
112
121
133
148
135
97
6
138
123
99
142
137
120
138
105
8
104
150
107
105
136
114
108
99
6
108
82
94
151
126
107
110
129
8
113
113
78
129
127
115
132
92
6
80
115
121
115
138
112
138
85
5
102
135
99
120
137
98
113
101
2
175
115
118
112
125
84
108
129
8
130
113
125
86
105
143
121
130
8
93
107
66
99
129
104
132
131
6
122
94
112
108
139
100
122
89
10
136
132
100
84
104
99
129
107
3
84
105
108
105
104
120
115
105
8
98
119
89
124
142
98
131
163
10
136
142
106
136
106
139
112
94
8
114
110
142
145
135
139
131
148
8
92
143
99
136
150
101
113
123
2
123
94
148
135
99
135
114
126
8
119
112
134
108
135
149
121
98
8
118
112
98
119
114
131
108
119
4
101
107
125
110
104
102
128
85
6
99
119
135
154
106
86
86
94
4
138
136
103
113
112
104
128
92
2
113
125
130
114
136
136
122
128
5
87
115
80
121
101
114
138
100
8
134
98
133
126
114
132
117
106
5
122
114
155
107
113
71
162
128
2
82
117
119
126
101
139
143
129
6
115
101
130
127
106
134
113
86
7
154
129
92
93
148
148
139
109
7
107
122
99
124
114
132
142
120
8
131
119
73
119
125
136
111
91
5
137
127
92
142
101
113
133
147
2
132
145
105
143
138
126
82
129
2
106
114
129
132
102
108
96
99
5
144
111
133
86
70
95
113
115
7
99
118
111
93
127
137
104
143
9
107
86
126
157
99
118
125
113
4
127
128
102
108
95
121
115
126
8
143
116
122
136
118
124
81
92
6
128
122
109
91
123
114
112
113
1
153
121
142
106
141
116
128
95
5
99
73
128
134
106
111
133
98
6
139
114
106
122
110
142
142
134
6
108
144
95
147
87
99
114
130
1
91
142
113
96
112
145
79
86
2
146
119
148
100
120
127
133
90
5
136
99
119
100
128
84
59
99
1
114
108
139
149
94
113
122
86
9
127
93
121
93
94
119
127
109
6
131
135
92
97
130
134
138
97
8
114
132
134
120
161
132
171
90
6
123
154
100
112
140
155
130
134
3
139
113
133
119
121
156
106
149
1
137
137
124
127
106
134
120
144
8
113
106
128
158
100
162
77
122
2
85
91
120
72
142
119
105
92
3
111
114
122
121
100
85
100
135
9
126
98
123
115
66
110
129
124
3
122
116
113
132
82
92
101
126
5
148
99
125
132
98
156
101
107
3
114
104
130
143
123
108
106
124
6
113
132
103
108
127
127
104
93
4
88
128
136
103
82
112
105
121
1
140
125
89
129
120
112
141
95
7
112
105
94
92
124
122
92
134
6
99
115
131
75
191
114
134
128
4
129
118
135
118
128
107
121
114
6
142
83
139
113
119
127
134
110
3
110
135
128
103
153
75
129
128
7
79
126
128
118
108
130
127
122
4
125
115
121
97
106
105
137
98
9
131
98
93
121
98
143
150
100
7
144
87
110
104
103
129
113
115
6
116
84
114
128
105
127
140
124
5
128
99
110
135
119
109
92
142
6
112
104
121
133
95
91
159
119
2
155
162
128
124
94
101
136
130
9
99
129
85
134
93
120
136
107
3
127
142
85
127
77
105
108
143
8
114
115
126
145
99
106
112
113
8
108
131
87
137
100
114
94
132
0
81
135
100
119
151
102
139
155
6
87
106
126
101
134
105
102
131
5
132
100
137
135
112
127
84
108
2
137
104
160
118
118
77
125
127
9
98
134
91
153
89
122
120
81
1
127
134
114
148
113
121
92
89
5
123
128
124
114
90
136
144
100
9
105
135
142
127
122
141
120
84
1
140
119
105
135
79
121
164
98
7
122
98
119
150
170
113
98
94
3
84
119
110
124
123
140
134
112
6
116
97
117
115
123
93
128
104
7
139
105
127
168
94
168
112
136
8
122
151
101
115
139
133
135
122
1
110
109
116
121
114
140
120
121
2
77
102
113
137
133
175
113
106
8
119
164
80
135
123
93
127
117
10
80
121
106
149
152
155
113
141
4
136
126
99
103
129
122
88
150
10
92
98
98
113
97
85
105
93
8
127
135
116
70
120
100
99
115
9
101
135
122
152
99
135
100
131
0
113
104
116
136
125
113
97
120
1
127
110
93
126
125
118
135
100
3
105
134
122
106
132
120
110
130
2
89
93
139
146
88
120
112
92
2
113
86
110
128
76
114
145
109
4
141
142
139
121
109
133
113
129
8
85
147
149
113
148
132
117
128
6
122
121
119
141
156
110
72
121
3
132
92
131
108
118
128
102
125
4
113
108
105
121
121
91
126
113
9
118
162
118
105
151
116
122
108
9
100
115
106
138
139
107
135
114
6
143
108
110
135
128
116
121
107
3
119
97
119
129
154
126
104
133
6
114
129
99
116
128
94
71
148
4
137
86
126
131
156
107
87
128
5
124
115
121
100
82
98
70
129
4
136
127
111
94
107
98
107
100
6
107
84
122
153
122
103
141
101
1
132
136
125
127
118
127
115
126
9
138
155
116
98
129
103
107
112
0
107
72
107
87
125
120
125
98
0
126
98
86
161
105
134
140
167
3
60
130
127
106
119
129
128
100
5
85
96
116
128
84
117
140
141
8
127
126
140
92
114
98
80
112
1
154
167
130
129
96
134
122
82
1
143
129
128
117
88
102
85
103
7
129
114
98
122
125
126
120
119
3
99
104
132
150
108
96
101
105
3
122
113
108
86
124
114
114
150
8
141
115
90
112
99
92
120
85
6
127
96
111
143
109
156
91
95
1
129
127
157
114
126
130
103
128
1
133
88
99
115
83
113
98
126
10
117
101
103
101
106
114
118
93
8
126
135
92
130
149
120
113
119
4
118
159
107
119
127
124
112
129
3
135
139
121
99
129
112
92
142
2
116
143
133
99
136
125
138
97
1
115
111
92
117
118
129
100
142
5
111
156
100
101
112
119
120
130
7
132
96
140
107
126
158
127
132
10
114
107
114
106
101
154
160
149
8
116
121
159
129
112
107
128
117
3
94
134
78
89
95
121
142
122
2
99
108
153
117
138
124
107
146
0
96
86
96
71
112
128
131
115
9
108
99
102
125
105
135
84
123
4
123
113
93
79
105
134
151
98
3
108
109
134
120
168
89
106
119
2
107
113
106
117
96
95
116
102
6
121
98
101
114
142
102
150
106
1
153
104
114
164
121
123
129
89
1
107
106
106
84
75
121
114
105
2
129
97
104
121
142
104
157
100

