9
7
1
9
4
5
3
8
1
13
9
8
2
9
6
2
6
9
16
1
1
1
7
4
9
4
6
89
123
121
136
112
144
122
109
9
79
123
99
112
103
96
142
118
5
130
128
121
125
129
125
126
107
0
115
98
120
133
128
114
112
122
1
96
134
121
121
93
140
110
147
7
99
89
116
149
142
96
120
100
0
127
114
147
151
117
140
94
121
6
113
109
131
113
141
126
117
139
4
113
132
106
115
114
82
115
65
1
149
128
120
128
115
93
66
123
4
127
110
98
136
96
85
135
130
4
127
77
127
127
118
135
105
108
5
112
133
140
107
111
143
121
111
9
94
123
124
143
107
107
99
72
1
99
148
140
144
111
118
115
147
6
138
130
137
91
106
117
92
115
3
117
100
144
124
139
120
110
53
6
112
87
92
125
112
137
115
86
6
120
117
133
151
103
135
127
135
1
111
166
99
118
93
108
102
139
5
102
88
128
93
93
113
109
119
6
60
121
124
102
107
134
135
107
1
136
112
94
105
98
93
118
102
6
91
95
104
100
115
92
114
177
8
130
126
109
114
110
107
106
128
5
128
102
129
86
113
99
129
83
3
104
133
155
120
74
93
144
113
0
120
128
86
107
142
151
87
62
9
110
92
99
114
114
114
99
80
2
161
112
80
141
132
119
115
142
4
105
116
144
110
100
131
86
108
4
145
136
117
108
143
106
126
125
10
108
148
135
119
106
126
92
80
7
128
129
107
106
128
111
144
127
4
101
92
147
119
119
71
105
104
8
102
79
107
126
64
114
133
105
2
144
141
92
106
125
102
107
106
6
126
93
125
118
120
130
100
105
2
98
113
110
95
73
108
92
111
8
127
131
114
115
95
114
131
127
7
94
96
81
138
97
101
127
116
2
106
92
165
113
107
107
122
125
10
129
128
126
116
93
79
115
122
7
154
147
119
108
164
117
127
128
9
89
111
87
104
121
105
122
98
2
128
120
159
100
94
137
99
114
6
95
146
112
133
156
112
114
120
9
106
122
102
111
102
106
107
89
9
107
157
106
92
114
102
133
103
2
105
96
107
150
104
124
141
147
1
107
109
111
121
116
116
158
129
3
130
152
139
111
134
94
121
106
10
136
123
89
107
125
114
104
142
0
108
72
109
125
94
94
106
113
8
102
114
127
141
136
135
117
110
8
133
121
86
121
100
114
100
121
7
80
118
114
98
100
99
124
95
3
108
128
107
113
138
109
93
120
3
86
112
94
129
87
122
105
140
4
118
117
100
127
128
135
135
97
10
137
130
121
92
139
128
98
148
6
99
105
118
142
120
109
115
95
2
117
92
114
94
100
127
148
121
7
177
114
119
133
113
125
114
149
5
112
120
83
146
115
83
161
120
1
94
92
119
143
158
116
78
106
7
169
115
96
127
114
109
85
129
3
113
152
81
115
112
82
120
99
10
93
119
105
100
114
133
107
135
7
115
147
96
128
101
141
111
81
9
124
90
142
127
95
146
84
120
7
147
118
105
99
120
149
120
105
4
93
124
122
148
96
111
110
100
6
113
85
111
128
91
138
93
94
7
119
126
131
143
128
111
124
117
9
121
91
135
109
119
123
134
101
1
110
116
92
135
128
125
135
128
7
112
114
132
134
100
115
133
148
3
121
105
120
114
111
114
115
113
8
154
127
121
118
103
116
138
116
9
115
94
119
128
120
78
148
113
4
135
131
79
120
106
148
61
143
9
106
106
118
95
120
107
136
99
7
63
149
127
90
114
127
107
112
7
119
134
157
106
119
121
78
112
1
126
130
106
106
118
133
134
104
5
127
142
120
137
105
107
127
122
8
127
123
134
125
85
121
123
135
3
88
92
104
103
141
129
138
125
9
107
138
108
155
97
119
121
145
5
113
148
87
113
135
141
100
130
3
115
120
99
134
126
107
121
122
4
122
152
139
149
99
129
131
92
6
106
125
107
119
96
101
135
83
4
117
142
138
100
100
92
99
133
6
118
150
133
99
97
161
128
124
4
101
116
93
130
116
143
97
73
9
113
117
117
133
120
114
106
116
4
113
142
98
117
122
128
140
134
2
130
123
106
131
93
145
137
127
7
112
136
121
121
87
171
116
112
6
103
134
127
107
116
114
102
75
2
109
142
126
121
109
145
115
139
2
125
129
83
99
94
123
57
112
2
110
127
133
99
105
103
122
97
0
112
115
127
91
113
120
123
106
5
98
131
130
102
123
129
134
90
6
109
127
99
122
106
169
109
87
7
91
80
124
122
87
112
131
127
9
94
113
104
113
140
138
134
115
6
93
87
117
114
100
125
138
108
4
129
114
122
100
95
122
135
106
8
86
135
122
91
114
132
127
95
3
53
121
92
79
123
141
146
133
1
114
93
88
135
133
122
93
86
7
111
130
108
132
135
105
114
116
4
121
110
147
134
110
102
99
126
1
128
127
115
128
122
105
84
110
10
144
103
95
119
150
85
101
152
3
136
127
106
103
139
146
156
133
3
99
139
154
118
87
118
94
127
9
90
73
115
118
99
119
126
134
10
90
141
135
113
148
105
109
124
2
127
120
135
135
119
121
158
138
0
97
115
131
150
148
109
135
94
6
115
113
89
107
140
129
109
78
8
127
136
113
102
160
136
107
106
1
143
137
127
99
112
134
89
129
1
105
106
112
112
132
129
163
81
7
131
116
106
103
102
108
85
120
6
121
117
115
92
114
101
118
143
2
146
120
101
108
107
122
113
72
2
113
67
118
105
76
113
108
118
3
126
113
135
98
144
149
111
90
0
139
67
136
163
98
128
124
106
2
93
72
108
120
111
110
143
140
4
121
114
113
112
114
128
93
116
9
125
102
113
144
120
108
121
110
8
123
129
150
110
119
142
106
118
9
51
100
120
147
148
100
93
94
7
89
143
119
120
112
124
132
82
0
129
93
97
135
108
126
130
92
5
115
104
113
88
126
135
132
113
0
100
90
118
109
133
124
125
103
1
132
122
117
139
110
98
114
115
4
95
100
140
113
129
107
128
86
8
141
114
119
114
135
127
134
128
7
124
145
114
131
138
99
106
94
5
158
103
127
90
156
148
87
116
5
139
127
101
131
98
116
134
121
5
114
100
120
112
105
112
88
79
6
92
122
138
150
119
105
107
100
4
136
142
92
111
109
97
107
123
6
128
121
105
121
119
139
104
121
2
129
135
121
122
84
110
128
113
2
99
124
89
101
102
107
111
99
8
106
135
110
121
141
148
128
116
6
96
128
79
147
101
91
126
79
9
133
97
129
122
98
134
110
94
2
83
133
125
128
121
85
85
119
3
136
113
119
115
127
93
98
105
8
118
130
128
87
108
79
136
131
7
94
113
124
97
138
134
93
142
8
110
127
135
99
106
73
115
109
9
91
101
114
125
89
128
87
117
10
111
81
99
99
127
91
129
127
8
128
110
110
110
124
132
82
96
3
142
129
94
115
74
112
126
121
6
93
114
100
80
109
120
136
148
10
139
134
121
103
127
131
108
117
8
121
128
131
85
102
101
122
99
2
119
93
105
121
93
100
144
113
10
102
116
131
98
100
146
101
120
4
124
121
89
92
81
91
116
135
4
134
79
150
119
91
157
128
119
2
118
86
134
107
106
117
145
119
3
109
85
122
135
141
84
131
133
8
112
99
137
157
126
111
99
162
10
118
140
111
130
104
119
128
108
3
127
134
132
99
106
135
108
106
7
114
101
96
79
114
119
135
113
6
97
107
99
137
100
114
109
95
6
120
135
120
146
143
110
135
119
4
104
133
118
111
155
113
92
115
7
153
120
151
129
108
73
122
99
1
97
151
132
114
136
86
107
124
3
130
99
131
108
92
131
106
109
7
121
89
100
136
92
137
96
128
5
121
159
143
97
104
107
132
165
2
135
103
129
137
124
114
106
78
3
152
141
131
134
153
115
115
94
6
140
147
134
122
114
96
106
109
3
93
104
132
109
143
108
148
126
9
117
103
88
117
93
142
105
142
2
156
131
101
113
110
107
121
109
9
113
163
106
134
85
161
132
150
7
138
95
102
129
125
156
75
103
3
127
133
143
99
147
92
117
86
6
122
116
121
100
150
133
126
97
6
112
134
102
127
107
134
100
91
9
98
110
135
137
89
129
139
99
3
161
97
123
90
103
129
140
145
1
128
103
112
128
93
131
98
109
0
71
146
95
117
119
122
115
128
6
119
128
100
80
107
119
94
131
5
114
120
122
131
138
119
121
100
1
90
156
118
127
104
93
134
128
7
101
97
79
134
134
120
129
133
8
125
106
91
107
127
105
106
94
2
107
124
105
151
164
119
138
141
8
115
126
98
131
136
100
141
133
6
133
94
119
137
162
134
127
114
3
113
142
142
134
135
95
142
93
2
149
94
114
106
121
102
121
113
2
94
127
111
127
84
162
135
135
8
115
128
153
111
106
98
98
140
6
118
89
101
102
113
129
108
136
2
128
122
151
115
115
88
117
122
7
120
104
139
106
127
99
140
139
8
126
114
101
145
151
99
92
72
10
127
120
134
131
81
119
157
149
8
122
113
127
162
130
77
128
138
1
89
120
103
77
101
141
105
101
5
108
115
107
82
123
145
163
133
6
140
106
112
116
121
105
135
111
7
98
135
106
126
74
130
97
127
2
128
114
129
129
121
69
139
134
5
128
102
123
122
103
119
133
74
7
140
108
108
99
142
105
141
129
6
106
142
102
133
114
109
135
111
5
99
133
135
120
168
133
135
104
7
128
115
145
125
121
111
103
112
6
146
117
136
116
136
84
114
119
1
79
110
126
100
125
120
134
104
1
128
148
114
97
102
171
108
106
1
100
87
112
58
135
66
93
87
6
109
122
83
99
134
156
116
126
9
153
136
119
139
131
107
99
101
5
129
97
122
118
118
84
118
116
1
121
105
100
126
128
134
111
119
4
93
106
121
146
128
104
128
84
10
112
129
129
137
111
107
127
105
5
103
118
128
79
84
107
111
71
9
104
119
128
122
111
70
128
133
6
109
117
132
141
84
85
120
128
9
114
143
108
114
109
117
116
103
2
124
134
134
126
133
72
95
124
2
123
133
130
113
94
120
107
85
3
125
106
129
93
134
125
142
92
3
111
120
93
72
99
149
123
79
7
127
121
116
117
98
121
99
146
7
114
91
98
106
134
115
109
133
10
130
59
106
117
99
111
91
123
7
64
98
145
142
131
129
97
122
5
110
91
87
134
113
127
125
99
9
100
138
142
149
85
148
105
93
3
142
117
132
154
83
120
120
115
6
129
150
93
122
149
116
143
123
1
110
121
132
140
96
134
134
96
10
127
121
95
114
141
104
102
96
9
105
86
128
121
142
85
133
85
6
141
135
135
148
118
100
113
118
2
151
133
107
92
155
91
115
112
7
99
105
110
143
119
116
116
155
1
132
106
97
122
140
118
128
118
1
133
102
107
141
127
126
120
141
6
134
134
81
127
129
122
120
143
4
119
106
133
107
140
119
119
126
1
100
79
49
119
99
116
135
135
8
93
87
100
143
128
142
143
107
2
126
114
96
142
150
120
111
87
10
92
103
107
140
149
127
119
117
3
127
127
97
115
124
125
107
112
0
102
107
125
88
121
100
124
107
3
107
108
85
111
154
119
109
120
1
126
92
121
156
94
134
120
108
7
144
118
116
128
110
136
128
115
4
63
152
80
126
135
145
93
86
6
52
125
102
127
136
121
164
121
6
112
96
128
116
126
92
141
106
7
70
135
109
106
120
132
106
120
4
148
134
128
131
132
103
138
101
7
99
134
93
104
136
85
121
123
10
115
141
190
114
128
139
150
134
10
86
116
108
88
121
63
78
153
2
141
141
103
136
105
106
85
108
9
121
86
154
94
135
122
131
132
9
117
144
100
127
93
71
121
150
4
120
114
114
94
131
135
100
130
8
87
120
123
164
133
128
135
149
8
116
107
106
108
81
110
126
127
2
128
118
139
94
114
140
108
156
5
130
124
113
111
103
119
102
98
7
127
70
162
125
101
141
149
120
4
120
113
129
134
114
125
135
90
1
143
102
100
126
59
119
120
160
2
106
107
127
100
85
78
122
128
8
167
127
125
93
91
70
104
96
2
136
108
113
112
112
155
125
155
9
134
132
64
100
133
120
81
141
1
121
95
105
117
88
142
144
107
7
114
126
128
140
116
120
87
89
3
107
147
112
114
92
76
127
131
4
134
130
87
126
141
112
148
129
7
119
126
138
130
107
109
132
154
5
96
138
141
147
121
105
147
94
6
84
107
111
111
112
131
115
114
2
127
106
103
118
130
136
92
149
3
111
120
120
122
73
89
85
127
7
156
80
125
113
84
162
123
115
5
117
140
91
109
151
140
98
101
3
117
105
141
100
102
143
100
79
8
121
114
119
116
142
95
100
116
6
122
113
112
139
70
110
143
114
8
136
128
114
142
123
119
105
114
7
118
131
124
117
128
100
75
140
5
115
79
128
142
131
113
121
81
6
93
109
102
128
100
119
148
144
7
100
104
110
114
103
106
121
87
3
114
119
122
89
110
114
99
113
1
80
106
115
130
86
120
99
134
3
122
90
133
92
69
129
135
123
4
106
116
128
129
112
129
128
109
4
135
113
115
87
134
141
81
126
4
111
119
123
117
129
101
139
120
0
127
107
121
92
83
103
129
147
3
107
142
107
114
139
110
97
93
2
98
136
114
132
100
115
106
119
1
114
128
114
120
100
107
121
114
9
136
137
154
108
106
128
132
105
9
104
112
119
106
121
90
117
72
7
124
129
129
148
94
157
80
88
6
164
93
94
122
94
73
98
129
3
115
126
118
120
123
84
120
131
4
128
113
128
145
120
121
86
114
5
107
93
149
128
128
135
112
155
3
99
101
92
86
125
99
149
102
4
109
113
100
135
106
125
98
91
2
120
155
106
110
104
92
91
129
5
104
103
89
83
86
127
85
124
10
156
133
128
171
100
85
121
106
7
101
110
84
112
115
122
102
121
5
115
107
114
130
127
128
150
123
9
114
88
125
127
109
147
143
121
4
143
95
115
87
105
99
121
162
6
151
120
118
101
136
128
88
121
4
88
112
107
70
99
140
128
126
9
105
152
128
136
114
135
152
128
2
139
110
134
113
112
113
95
85
5
106
128
113
108
116
115
109
120
5
102
117
149
148
130
101
108
90
7
117
118
103
150
112
106
109
113
6
113
78
162
107
112
131
88
105
1
82
129
81
120
142
136
149
170
4
135
135
71
143
141
140
150
107
1
103
142
130
125
134
71
128
126
4
129
112
67
82
71
97
68
135
0
125
139
97
112
118
111
85
138
2
93
115
81
143
101
107
141
129
9
123
108
112
102
121
157
92
134
7
128
68
107
118
126
122
122
122
3
100
78
130
79
104
93
114
80
9
92
126
115
133
98
112
127
100
8
137
151
129
103
100
127
105
95
8
107
102
121
128
132
103
123
121
2
105
123
107
127
124
153
127
126
5
121
111
125
173
119
106
134
141
5
121
135
153
99
140
128
114
154
4
92
144
141
139
120
134
135
112
5
108
107
107
92
135
125
115
118
6
117
98
139
133
113
129
113
101
8
118
119
131
107
97
86
92
126
4
151
107
126
112
107
81
117
116
2
126
139
106
130
130
100
138
140
9
140
86
103
148
73
124
112
78
3
138
121
152
127
92
101
127
135
0
97
123
101
118
114
111
122
140
4
120
128
120
95
108
111
97
135
5
148
131
136
126
146
102
133
157
3
114
92
77
99
93
88
149
128
1
126
107
110
109
113
116
147
114
5
112
106
131
135
130
127
125
120
7
91
109
91
134
96
143
112
107
10
135
93
117
121
128
108
134
134
4
96
102
102
113
109
112
126
109
7
114
114
106
98
115
142
184
135
5
147
108
99
84
114
121
115
129
5
92
149
132
141
111
93
126
153
5
114
126
101
115
119
150
122
136
2
153
110
92
85
108
122
122
135

