8
6
9
3
6
4
1
2
8
13
6
1
8
9
1
4
9
8
9
6
5
1
7
2
5
5
8
107
148
133
133
105
120
88
106
6
128
89
84
128
87
91
113
118
8
125
106
130
143
142
130
103
110
1
133
141
103
126
90
135
101
107
6
108
135
110
106
130
127
65
119
9
127
105
80
130
108
104
105
132
8
121
120
122
96
132
138
87
118
1
106
143
130
93
127
119
132
96
7
104
102
135
113
119
118
126
122
7
134
137
144
108
96
101
140
144
0
119
153
81
116
110
135
113
136
6
141
133
95
139
107
106
150
114
4
98
114
142
141
108
114
121
121
10
110
123
122
114
131
134
124
137
1
85
154
81
113
135
121
140
93
10
123
143
147
134
115
116
110
98
10
128
119
121
138
99
128
134
92
4
100
121
125
133
115
128
78
80
3
127
107
129
127
113
142
134
148
2
117
119
135
123
133
83
126
117
1
86
116
125
135
118
113
106
120
6
150
126
86
114
111
90
161
128
7
142
106
107
91
91
101
136
76
1
126
119
124
122
135
113
107
103
8
128
132
94
92
115
142
141
98
0
135
92
119
105
143
126
140
105
8
141
106
129
139
93
87
113
136
3
128
131
92
96
128
138
121
115
2
99
93
129
142
92
135
68
134
8
104
115
99
94
104
105
118
151
5
139
80
142
101
114
113
121
130
9
72
109
93
102
134
125
118
92
10
132
92
113
151
128
146
125
105
3
115
136
128
92
121
81
84
105
7
98
100
106
113
93
115
117
105
8
107
122
130
86
149
91
100
114
9
142
129
138
107
149
125
88
126
1
82
124
137
118
96
140
124
123
1
82
132
151
114
118
112
152
118
1
113
129
134
84
113
114
90
100
7
118
127
109
107
121
99
107
96
9
93
136
120
109
89
100
141
120
4
131
98
128
127
129
109
122
133
9
142
92
133
126
98
94
82
119
8
93
115
118
141
99
118
92
119
9
120
85
108
110
84
149
127
130
4
114
130
120
93
92
125
128
121
6
106
103
129
124
85
139
103
112
8
127
110
113
90
126
113
94
142
6
94
92
119
109
130
115
149
114
1
113
134
128
118
113
84
113
85
3
116
95
122
94
121
120
126
131
5
123
129
107
132
146
93
109
120
3
111
108
127
128
138
105
102
134
5
105
149
119
113
94
147
83
139
1
99
84
123
133
122
147
120
144
6
75
122
122
107
140
99
111
126
6
142
115
115
91
122
101
142
119
10
69
127
136
114
121
122
128
100
9
105
86
127
101
136
111
135
100
7
103
114
126
124
96
114
71
104
2
91
120
102
129
128
122
116
106
7
119
74
145
124
119
119
121
132
1
121
137
133
108
111
115
119
99
2
128
92
128
113
114
137
152
123
4
121
141
91
102
80
147
117
143
5
98
114
105
82
76
105
106
102
4
128
121
108
142
117
125
134
134
7
113
127
130
135
86
115
119
122
4
133
92
132
111
123
147
126
133
4
135
128
99
115
127
152
115
110
4
87
120
108
84
128
165
131
153
3
155
93
107
125
127
106
112
109
10
116
93
128
126
170
120
111
107
6
113
126
120
141
109
123
112
142
6
105
80
121
104
101
150
113
94
4
107
114
139
127
112
129
138
98
9
99
134
98
120
128
103
143
114
0
136
146
107
93
83
128
122
102
1
82
115
99
139
116
130
101
96
8
131
120
115
106
112
99
105
99
7
110
109
100
119
99
95
137
110
0
120
136
120
133
115
128
131
101
3
109
121
117
73
87
106
129
106
4
123
135
96
121
114
120
147
150
9
64
150
113
122
124
91
102
103
10
105
113
94
136
86
140
128
113
4
134
108
136
120
120
120
124
102
0
99
112
109
84
87
98
112
146
10
98
120
134
99
121
130
120
120
6
111
107
156
119
128
121
100
150
8
124
71
114
71
149
127
107
122
1
127
84
136
133
112
137
88
120
7
130
142
118
132
95
130
127
113
5
101
114
128
132
122
120
100
118
0
134
138
106
168
87
113
105
103
7
128
101
120
125
95
71
105
103
5
115
112
102
73
126
98
136
134
6
133
120
99
142
118
95
128
89
5
120
130
98
113
129
114
95
126
9
139
119
94
125
141
113
150
153
7
101
98
100
135
105
107
109
144
0
103
92
138
132
116
141
142
121
1
124
121
113
135
115
88
96
121
8
118
134
164
116
156
141
117
101
7
121
92
128
140
143
135
112
167
5
112
161
134
129
93
107
110
128
9
131
130
108
165
107
119
99
115
0
122
134
123
129
88
87
102
139
3
87
82
112
84
134
111
106
136
8
163
107
104
132
99
135
111
120
4
132
114
125
77
91
115
115
145
3
80
121
136
121
100
75
85
122
3
99
101
108
112
122
139
98
116
4
145
84
123
134
129
101
114
155
0
148
121
80
128
121
114
124
128
5
136
131
147
114
120
106
92
121
4
120
128
114
100
100
92
127
112
9
128
149
85
151
161
95
85
114
0
117
136
99
156
122
118
112
112
4
122
96
125
104
87
125
126
140
2
121
93
115
116
108
135
127
109
6
112
96
99
121
129
113
96
123
7
151
121
127
112
126
143
125
113
4
146
135
149
146
127
111
114
134
3
134
121
108
113
95
121
104
111
6
128
162
160
99
113
109
120
120
10
114
93
128
127
134
83
88
135
8
106
126
77
135
128
102
95
130
6
115
122
108
96
96
94
134
125
3
104
143
135
121
112
110
148
107
0
101
128
124
118
142
87
107
121
9
147
139
114
78
128
115
73
138
2
137
126
77
127
124
126
91
122
10
106
134
91
113
114
93
108
135
10
113
92
121
111
103
128
124
108
5
126
91
108
134
109
98
107
87
4
114
108
77
114
120
122
87
99
2
118
109
100
127
91
142
131
120
4
120
148
119
107
127
139
138
128
1
152
88
119
99
109
128
91
112
2
102
123
134
133
125
115
91
132
9
120
83
115
145
120
131
124
106
2
129
85
114
120
125
79
110
148
8
143
93
127
134
105
108
106
125
8
124
135
106
66
137
134
120
135
5
128
128
121
126
71
116
149
92
3
121
114
142
101
126
131
91
112
5
86
93
150
133
98
91
98
96
8
133
107
100
121
139
146
136
119
4
122
87
128
133
128
134
80
110
3
85
128
120
114
124
127
134
108
3
149
118
126
115
68
51
88
63
3
75
107
107
88
150
114
114
116
2
112
133
101
120
144
81
113
117
7
119
118
115
142
94
122
156
98
7
86
142
120
82
137
126
144
128
1
125
150
110
142
113
143
124
94
8
113
110
78
121
113
127
121
122
10
121
105
101
104
109
111
98
111
9
133
111
150
123
109
106
86
114
3
100
127
113
92
136
135
156
130
7
89
117
91
87
142
97
91
130
6
86
147
111
81
116
109
118
135
3
128
119
105
116
121
98
124
107
1
84
90
87
92
139
98
91
123
1
111
126
99
116
137
130
114
99
4
119
136
112
114
78
121
133
108
8
113
85
129
148
94
122
132
120
2
159
135
112
88
92
113
112
151
0
114
132
117
150
118
127
105
115
3
136
88
136
98
156
114
127
124
2
106
108
105
96
102
115
148
100
9
118
86
128
100
80
99
121
113
0
113
143
118
100
125
107
148
107
9
132
129
122
92
126
102
98
107
5
114
60
106
164
102
137
98
122
8
113
95
99
133
121
117
120
133
6
123
116
122
135
159
121
71
138
4
125
141
135
102
77
87
85
115
9
128
100
116
147
122
139
115
101
9
112
103
123
92
120
113
126
119
10
91
106
120
121
105
128
106
98
3
109
114
120
101
92
100
116
120
8
127
101
84
133
106
115
113
115
0
137
158
120
121
140
85
116
112
6
127
107
106
100
134
117
122
142
3
109
142
153
136
110
128
86
100
7
163
159
92
94
100
135
108
98
8
119
121
83
120
121
111
99
94
3
164
97
99
92
130
122
93
133
6
84
114
113
139
91
109
126
119
1
118
128
113
129
161
107
148
129
6
85
144
95
137
120
135
118
135
3
121
122
133
157
124
79
127
127
4
121
102
114
104
152
135
116
99
2
96
87
100
131
101
122
105
111
6
112
152
147
75
146
99
106
57
3
82
72
121
142
102
141
126
104
2
138
116
112
72
142
155
119
119
3
136
131
118
138
114
99
85
114
1
114
147
128
115
104
96
112
143
9
136
112
163
121
111
131
121
137
10
94
111
94
107
126
125
120
101
6
101
104
127
107
101
98
124
121
1
127
100
126
128
123
149
126
111
1
150
143
77
142
105
109
120
88
9
96
117
112
123
94
143
121
90
6
99
103
112
93
96
116
99
114
5
110
120
117
140
106
142
128
129
4
140
111
135
145
155
143
65
84
4
78
165
139
140
79
142
112
139
8
114
93
124
120
163
138
120
93
10
108
104
101
127
136
121
135
106
4
131
108
106
137
141
93
112
95
4
116
112
107
83
121
106
101
129
9
97
129
120
126
93
90
87
91
0
79
82
138
116
148
99
99
118
8
96
135
149
107
96
126
107
114
7
108
102
122
95
160
101
113
163
1
108
94
134
157
101
110
94
140
5
118
105
105
135
106
112
91
107
5
111
113
110
109
126
99
125
113
9
92
100
126
104
84
126
99
128
0
110
157
135
115
76
78
79
107
1
116
124
113
152
114
139
154
129
6
73
108
90
117
106
143
106
107
2
76
138
116
129
89
116
120
130
3
134
120
127
101
96
80
148
136
9
134
133
102
176
103
145
92
67
1
104
129
112
92
113
143
107
114
3
111
112
143
96
129
141
142
105
9
126
105
114
128
111
125
161
142
6
131
124
128
89
108
135
122
183
3
133
136
128
141
63
126
128
124
8
86
108
142
71
115
146
130
104
1
128
134
123
85
109
134
104
113
5
147
125
113
153
107
155
143
94
3
147
115
125
114
120
142
123
113
7
113
98
63
98
94
117
144
95
5
157
100
118
110
98
135
142
124
1
108
99
139
160
100
99
89
111
1
127
135
106
106
91
105
114
111
1
100
117
134
114
119
130
120
130
1
99
105
114
112
100
166
149
82
1
133
96
99
135
120
95
90
81
3
107
107
122
117
169
141
121
128
6
113
91
73
131
112
108
83
87
9
141
96
132
122
133
135
123
130
7
133
131
118
103
106
135
88
152
5
109
141
103
106
96
114
110
136
9
125
120
120
103
107
134
103
126
6
111
140
120
149
99
128
112
137
5
151
122
152
106
106
123
121
108
9
120
119
93
144
106
119
140
113
6
148
111
138
128
116
112
100
175
9
142
78
143
112
118
121
131
88
4
105
112
150
105
108
106
103
121
4
113
106
85
122
124
120
121
72
2
113
111
108
112
106
128
128
108
4
137
115
107
107
114
99
77
128
1
97
115
84
135
116
113
118
88
4
131
100
114
114
117
109
113
121
6
117
90
92
100
153
123
131
125
9
124
106
75
115
114
98
105
137
9
110
159
91
134
118
128
103
125
6
77
93
155
134
110
80
153
122
0
140
96
94
161
135
110
105
96
2
116
99
97
112
106
145
104
113
7
131
99
121
141
103
120
107
160
3
78
136
92
110
104
99
140
95
10
134
128
135
95
79
93
109
108
4
114
107
128
93
139
111
92
100
5
92
124
123
120
98
110
109
121
8
92
127
111
136
134
134
110
165
5
97
149
120
88
109
102
119
107
9
103
112
115
111
140
80
114
130
0
121
131
111
138
103
121
91
105
7
124
119
101
126
84
112
92
101
3
114
113
119
113
120
113
147
98
1
132
149
91
127
100
131
135
123
6
110
110
77
141
83
114
117
111
9
99
141
131
135
151
126
107
142
7
118
119
102
159
120
68
128
129
4
91
123
120
142
120
124
133
141
6
101
108
82
97
116
146
114
111
10
148
141
128
77
106
108
124
139
3
102
137
93
111
94
128
127
95
8
114
116
99
114
146
96
134
155
4
75
112
141
121
99
151
88
131
6
119
134
111
155
143
108
102
123
5
123
92
156
70
129
95
152
126
5
124
119
97
100
101
140
128
120
3
121
125
92
100
113
120
108
134
9
172
112
112
123
116
145
114
134
8
136
108
113
135
129
129
139
157
5
120
134
113
127
122
128
91
127
3
131
122
146
134
147
89
122
127
10
104
112
148
123
130
152
119
132
2
109
127
105
117
122
110
121
115
7
130
131
127
158
125
153
99
95
8
121
141
134
92
96
132
123
115
8
112
106
100
160
106
137
144
126
10
119
141
110
141
90
108
129
85
8
72
106
131
88
117
87
110
80
7
130
147
100
107
108
126
106
109
9
142
135
109
89
134
123
132
127
3
73
105
148
113
119
116
102
148
9
99
99
130
140
126
142
131
155
3
105
112
102
119
149
130
109
91
1
75
126
129
112
117
128
127
111
1
92
130
193
132
136
85
133
115
6
88
120
146
113
134
161
134
116
5
98
118
131
136
102
131
98
121
1
135
140
134
144
128
128
102
111
3
99
118
115
87
91
99
135
98
1
120
124
113
151
149
60
100
105
1
143
136
145
99
164
122
89
121
4
126
155
119
137
84
105
149
100
9
114
108
103
90
125
93
118
87
0
116
122
102
97
150
100
98
120
2
131
146
120
122
138
56
121
112
10
113
108
95
95
85
122
164
93
4
140
91
143
112
107
96
113
99
7
89
59
130
113
107
143
115
124
4
142
131
142
130
127
141
138
105
5
136
97
93
84
107
114
140
144
8
119
106
162
118
96
116
93
78
3
143
109
94
127
87
108
132
149
1
122
130
136
124
142
132
129
139
8
98
120
100
118
101
110
93
113
10
133
135
100
94
117
78
135
79
2
87
112
164
106
119
129
101
119
5
112
143
75
108
96
123
114
95
4
112
123
118
117
135
72
94
102
8
102
111
114
97
150
78
145
72
8
127
115
121
149
124
111
106
132
9
78
98
129
111
119
113
115
71
5
80
112
122
122
126
107
100
126
2
115
140
151
94
144
106
108
111
1
107
119
141
106
113
128
83
102
1
128
131
124
93
142
116
167
93
8
78
121
95
131
95
113
107
113
6
105
99
139
126
118
91
116
124
0
113
121
120
138
113
102
147
108
4
135
83
100
121
106
126
128
113
5
115
111
64
106
131
111
105
107
4
113
135
145
116
120
140
104
99
6
89
124
127
95
95
129
113
99
4
156
122
142
102
143
128
85
86
4
96
101
103
148
120
126
156
150
0
87
82
122
114
90
120
158
156
4
113
117
122
115
118
99
144
105
1
80
105
109
128
136
140
112
105
7
117
145
103
129
111
113
98
120
6
141
134
147
155
133
112
110
117
4
106
89
141
102
114
120
130
114
7
132
120
127
121
106
121
143
113
0
113
107
155
104
97
127
142
84
8
124
112
93
123
153
99
90
76
9
92
106
115
114
94
99
86
118
6
114
125
106
104
100
127
87
142
10
110
119
99
130
93
142
147
131
6
115
136
133
116
122
113
103
154
5
99
108
121
128
115
116
95
96
4
91
110
111
106
138
101
118
179
7
118
108
125
128
93
162
138
107
10
104
100
124
110
141
92
117
105
5
99
154
105
141
125
129
95
117
10
106
131
134
138
128
111
79
108
7
126
92
82
108
126
76
137
108
10
99
113
87
97
149
71
72
140
5
129
98
88
101
105
135
116
100
6
119
130
160
163
109
110
128
95
4
121
146
104
124
100
114
102
148
4
72
143
121
140
90
141
100
111
0
111
148
120
134
163
95
121
159
6
128
108
151
114
99
149
117
142
2
135
127
127
107
136
127
103
113
2
147
129
147
93
86
119
126
118
8
144
112
98
129
103
89
113
152
4
104
138
77
142
145
123
115
111
9
109
78
115
113
155
101
96
95
2
83
133
142
108
163
139
115
113
5
133
99
95
75
77
143
140
119
1
134
135
99
110
137
126
141
96
4
126
115
93
85
93
138
129
94
4
100
114
143
137
93
93
138
100
4
133
134
93
108
134
133
146
94
2
125
112
92
94
87
136
135
98

