7
0
3
4
4
5
5
1
0
13
2
1
4
3
9
9
0
4
12
7
6
3
9
0
6
3
6
125
107
127
106
124
114
128
120
4
169
121
80
96
133
132
103
120
1
93
111
120
82
107
94
142
143
1
149
126
113
135
99
115
150
115
1
120
153
130
119
121
116
93
120
1
128
143
120
128
147
128
134
114
6
157
99
149
101
123
142
113
126
10
80
128
136
148
107
120
102
96
2
121
140
150
119
122
113
129
136
1
141
118
119
135
120
118
92
99
8
120
110
126
88
129
123
117
70
10
122
132
132
126
116
89
134
130
3
118
49
85
124
141
121
140
105
1
75
126
146
125
106
112
164
63
3
126
79
131
110
101
125
129
113
4
92
79
127
116
92
113
94
140
4
96
117
86
134
138
135
128
93
10
126
114
132
150
114
96
117
106
1
92
131
141
113
123
126
122
136
5
114
134
134
108
147
121
158
137
1
100
145
121
97
91
109
120
155
3
126
102
91
136
122
72
92
148
2
139
123
101
112
101
108
95
128
4
98
130
134
132
133
106
106
100
6
106
92
80
82
129
146
112
154
7
128
102
98
94
105
126
136
135
9
130
80
99
134
113
126
126
120
8
94
92
152
106
86
141
118
168
5
92
128
105
152
99
121
115
156
10
134
128
145
122
154
137
93
117
6
121
112
130
84
145
124
125
113
8
112
127
93
110
141
92
106
115
4
96
113
129
127
112
117
126
134
6
130
142
132
108
129
109
146
142
1
79
85
109
122
132
109
106
128
6
94
134
131
121
149
121
154
126
6
114
119
122
143
98
133
81
114
7
112
134
120
141
140
128
103
126
3
135
129
127
142
110
120
132
131
2
120
125
99
120
90
135
127
126
9
57
95
114
130
120
92
125
113
2
114
99
108
118
116
114
159
85
6
162
121
100
152
126
133
92
99
1
132
133
101
110
132
134
119
95
3
156
111
117
141
78
101
103
135
10
110
130
120
121
123
101
121
113
4
127
118
112
137
81
109
141
85
9
97
119
78
130
112
154
122
142
9
120
142
90
133
105
124
113
113
10
99
131
126
121
129
111
92
145
5
100
87
140
120
129
110
114
135
7
106
100
119
99
133
128
168
143
0
134
102
119
142
108
107
138
146
6
119
142
120
91
131
152
137
148
8
133
126
142
85
136
69
99
127
6
105
113
93
99
127
108
92
100
9
139
90
130
125
113
141
119
79
9
98
144
115
85
136
119
125
122
1
132
145
119
107
119
111
134
136
3
112
114
124
118
162
164
98
142
8
159
106
116
93
103
168
127
133
9
106
120
141
141
103
106
85
75
10
94
91
107
135
134
114
98
102
7
94
114
126
113
136
66
94
133
2
146
103
114
84
133
103
111
119
8
108
110
113
120
134
106
134
142
1
108
111
103
99
101
88
122
118
4
108
149
99
107
87
120
120
67
5
134
115
83
126
121
86
118
134
6
140
157
119
119
106
114
130
91
10
133
141
146
127
111
90
111
99
1
135
137
164
152
127
134
124
86
1
99
158
130
154
123
82
143
91
7
101
119
120
107
107
153
107
85
9
155
123
133
144
142
122
94
115
6
111
111
117
128
121
100
99
110
8
119
135
149
132
121
122
127
142
8
132
92
113
107
139
80
115
122
2
85
95
102
98
111
104
133
106
7
112
100
92
93
114
133
89
148
0
120
142
113
134
99
91
140
116
4
105
100
92
112
125
103
141
92
5
90
114
148
84
89
100
112
106
7
155
85
116
108
91
151
140
99
9
106
113
129
114
128
118
106
129
1
153
101
123
103
95
111
121
111
10
111
110
142
122
120
89
116
114
5
116
117
118
119
141
73
127
103
7
107
119
128
124
108
91
80
108
1
116
82
123
112
100
101
92
128
5
143
100
134
110
127
114
150
99
9
140
119
142
125
127
118
134
106
3
94
111
99
87
120
106
100
150
10
139
120
162
143
120
86
116
94
6
118
132
132
113
124
115
119
113
3
115
128
133
123
104
72
130
129
5
86
118
113
99
118
140
124
117
0
115
112
115
94
120
91
143
103
1
93
112
118
98
135
100
126
112
8
106
119
105
73
124
98
119
108
2
98
111
147
114
86
124
88
142
6
120
166
108
142
99
132
114
156
8
101
74
135
119
122
114
107
102
3
115
106
149
142
86
124
113
95
2
75
115
106
128
118
118
124
92
8
117
103
139
96
106
142
115
117
2
115
106
126
155
155
157
124
85
0
91
141
93
138
121
85
139
77
3
90
138
148
122
113
129
104
121
1
107
127
107
97
124
148
107
162
3
114
108
126
133
100
140
120
120
4
91
120
92
106
107
122
125
112
3
102
127
80
92
118
127
105
106
9
121
120
141
134
77
89
92
119
2
133
111
119
111
91
81
94
103
4
108
119
105
144
96
99
138
146
7
115
124
106
128
115
163
88
101
5
118
140
100
121
113
86
125
138
4
107
135
112
142
122
89
126
137
2
104
151
107
128
130
135
125
100
5
147
131
156
121
115
106
127
98
6
128
92
100
142
148
131
103
124
6
147
92
125
120
124
119
127
118
6
127
132
117
124
127
128
122
98
10
119
138
114
88
96
99
124
94
10
120
105
139
71
114
102
113
104
7
121
77
111
102
114
112
111
121
10
108
71
92
96
84
106
87
96
4
129
100
98
125
116
138
99
149
7
113
93
121
106
128
136
72
77
1
124
128
121
98
127
117
129
125
0
107
90
99
142
119
100
108
143
8
99
148
143
142
99
113
110
129
8
147
123
138
99
124
123
124
86
4
75
152
80
109
103
126
117
132
5
120
112
127
162
100
100
106
140
4
71
80
80
121
135
164
113
109
6
111
122
140
100
143
169
106
103
2
126
143
111
102
127
139
124
126
8
98
83
113
122
136
122
103
119
7
120
152
149
120
143
94
121
114
8
114
71
87
143
135
129
111
118
8
101
143
161
122
111
132
113
127
7
78
110
96
103
114
140
103
109
6
131
104
100
119
155
78
128
113
2
124
114
128
129
147
159
95
148
2
98
103
85
140
104
86
118
148
4
79
148
80
110
127
97
127
129
9
100
71
162
82
109
135
134
143
3
72
100
113
133
127
92
142
93
8
108
99
74
115
115
121
99
114
2
119
140
150
109
126
116
120
79
6
120
112
123
109
71
143
127
94
5
91
93
127
101
99
105
137
118
2
97
133
114
115
102
134
137
125
10
91
104
160
170
96
92
90
119
4
133
159
84
112
106
115
120
129
10
129
112
121
146
137
147
131
91
8
141
122
114
92
142
83
86
147
5
118
99
116
102
114
113
102
119
0
82
98
98
124
102
143
114
89
5
148
112
72
122
96
131
130
135
1
155
107
135
133
129
128
119
112
3
132
150
102
106
120
106
87
78
2
145
127
146
113
100
112
125
125
1
84
121
123
123
115
100
113
127
9
106
98
122
126
118
96
114
114
10
133
118
107
123
120
90
65
107
7
114
141
115
156
134
79
103
100
8
107
100
112
149
115
93
119
80
2
138
100
168
91
157
135
118
100
0
101
117
115
152
112
126
134
90
3
127
134
98
108
137
161
86
123
7
112
135
121
64
103
149
115
70
1
95
150
147
115
106
77
115
121
1
137
113
103
149
119
113
120
105
8
129
102
134
148
94
107
106
107
3
128
101
86
112
127
93
126
79
5
112
133
106
112
91
128
127
143
9
113
113
92
99
121
96
107
106
1
110
113
100
87
115
129
114
104
3
153
107
155
142
114
129
140
130
1
142
124
128
93
71
88
144
123
10
148
106
120
134
116
106
139
119
7
139
122
88
136
114
107
106
131
2
115
105
113
120
118
112
112
126
4
121
118
72
114
153
115
101
83
2
101
107
143
134
145
135
109
134
4
141
106
126
122
130
81
127
98
5
124
128
134
106
107
126
85
114
6
121
108
136
107
128
107
100
116
8
110
103
105
126
134
120
111
155
1
142
132
113
101
115
133
121
126
0
106
98
106
78
123
121
104
139
3
121
99
97
127
123
91
111
85
6
67
104
127
91
102
97
109
119
3
124
143
145
105
114
133
115
135
3
72
94
149
112
134
144
147
120
7
119
115
116
73
71
136
128
143
6
129
105
125
101
144
98
105
122
3
105
114
156
145
121
86
100
73
5
121
92
143
132
118
124
114
103
0
122
110
148
129
108
87
106
81
1
112
128
114
121
110
109
101
78
2
134
132
101
114
72
104
101
161
4
115
91
116
132
107
135
98
84
7
91
73
122
109
72
127
75
134
10
99
101
128
115
127
114
106
122
7
122
121
98
107
125
142
115
98
3
113
148
104
99
126
120
134
138
9
120
112
125
70
92
147
100
113
8
106
97
127
148
95
108
147
84
8
145
133
100
155
91
128
124
88
5
79
154
102
107
85
135
115
77
3
114
121
144
121
114
120
100
93
9
101
128
126
124
111
116
128
155
2
135
113
100
120
96
111
105
128
1
73
125
121
114
85
126
107
95
1
121
115
136
149
151
78
120
95
5
122
101
120
148
144
106
75
114
5
107
116
89
125
117
73
136
94
6
141
107
121
120
112
95
107
145
9
125
111
116
137
109
120
96
115
9
110
128
125
110
148
115
124
125
9
111
127
107
108
105
114
90
102
7
145
93
150
128
132
94
100
115
9
105
120
150
102
127
121
109
153
9
135
123
98
95
110
126
93
149
1
131
97
135
108
86
112
121
96
2
122
99
118
127
133
92
134
109
10
134
87
148
162
104
149
108
107
6
142
99
145
116
116
121
101
136
8
106
111
107
129
119
139
123
119
9
140
100
103
90
103
94
126
110
10
156
87
146
154
96
117
109
107
3
145
92
125
114
127
128
92
105
3
94
115
113
132
106
129
142
123
2
125
102
128
106
124
134
122
105
9
106
103
128
134
106
108
128
141
3
119
127
95
102
101
149
120
143
5
106
171
142
120
134
123
141
153
9
137
98
136
122
111
95
76
128
2
129
143
115
130
133
163
113
99
1
126
113
119
87
121
121
94
104
9
149
119
122
114
105
110
157
135
1
99
143
106
128
147
142
94
89
3
142
121
118
98
87
108
105
108
10
127
105
92
98
120
125
105
102
0
123
126
114
98
100
136
94
131
4
115
113
93
146
105
106
65
100
2
81
127
115
104
107
119
135
114
7
136
129
104
116
106
111
108
129
5
122
94
114
144
112
120
127
101
7
145
142
80
127
146
114
100
100
10
106
113
94
119
118
104
115
109
4
143
136
67
124
122
138
156
118
7
105
115
88
134
113
129
132
132
5
125
126
77
149
149
126
106
122
8
113
99
95
128
96
106
119
90
0
101
121
87
95
97
116
120
102
6
121
146
140
106
128
134
97
112
8
106
92
142
85
107
120
133
99
8
126
98
126
113
122
109
132
131
5
118
122
140
128
97
117
135
99
6
117
126
125
136
109
135
129
143
6
169
112
132
106
108
114
108
140
5
115
151
107
104
131
155
133
93
9
113
130
105
100
155
119
128
121
2
147
135
133
45
135
109
120
86
7
106
114
120
115
113
122
122
125
8
95
117
107
69
114
94
128
125
2
77
122
79
123
135
104
117
121
1
153
125
142
78
129
141
95
143
1
170
135
129
135
97
99
142
118
4
126
98
98
121
82
104
130
107
6
141
145
137
121
76
115
93
107
6
130
146
135
98
120
143
142
122
8
116
126
95
101
106
148
124
79
7
108
114
138
103
105
122
120
149
2
104
94
161
122
112
131
80
100
3
100
120
85
141
137
109
127
71
9
128
85
117
120
136
114
135
131
3
128
128
114
113
119
128
133
142
6
141
136
138
131
107
96
97
151
7
119
139
103
135
143
87
132
112
3
121
135
99
139
157
115
126
143
8
127
123
113
141
102
91
106
89
9
142
113
65
95
93
110
150
124
4
135
119
79
99
139
100
102
129
8
133
115
125
98
108
147
148
128
1
147
104
82
127
93
106
111
110
0
102
105
83
139
119
149
85
105
4
75
153
125
84
153
110
149
99
1
95
105
101
152
100
112
160
103
4
112
104
122
131
130
127
134
108
7
124
135
131
106
130
85
127
120
4
103
113
144
120
140
141
137
157
7
107
112
99
150
73
101
132
134
8
131
87
133
127
137
113
107
132
10
126
128
86
97
105
96
111
97
6
124
122
122
143
140
124
141
112
10
133
95
114
99
113
109
149
118
3
113
85
142
132
107
110
105
115
9
110
115
176
64
120
94
106
168
9
93
156
101
154
90
133
152
107
4
85
115
130
119
120
74
106
106
10
121
108
106
128
89
127
119
87
1
98
92
122
132
120
119
93
108
8
122
123
100
143
100
124
119
129
4
118
114
149
140
104
99
107
83
3
117
141
121
134
121
108
115
105
3
108
141
93
110
129
109
126
136
1
104
85
114
107
122
119
119
102
0
104
124
123
99
85
114
124
122
6
119
131
115
87
151
130
73
107
2
115
109
142
124
128
123
104
126
4
94
120
113
115
126
121
106
82
0
121
119
120
98
108
138
155
115
1
84
156
128
82
108
131
132
105
2
166
132
103
120
113
90
136
102
10
100
101
100
135
132
86
114
115
6
95
72
120
136
84
98
129
102
2
97
93
85
127
135
114
128
135
3
105
123
157
102
147
126
160
131
9
147
142
85
125
102
120
128
116
6
100
113
107
140
92
99
93
129
1
130
131
132
96
122
139
127
118
2
135
117
106
135
159
135
114
121
4
142
127
133
93
135
147
90
141
3
150
77
86
110
126
96
122
143
9
97
84
85
126
63
94
163
107
7
162
112
152
106
143
119
65
123
1
94
117
156
142
108
118
87
86
2
118
118
142
150
116
107
126
107
9
79
95
131
112
110
100
149
78
5
102
79
82
107
135
99
149
118
3
103
96
98
97
115
125
92
121
8
128
115
114
83
113
148
118
118
3
69
95
127
123
101
78
143
114
3
110
133
157
132
101
121
88
128
4
119
119
144
135
119
137
127
124
2
112
106
144
156
99
138
121
135
8
107
96
147
102
119
120
56
119
3
108
143
122
151
106
113
129
104
4
121
142
99
117
115
88
135
87
3
115
109
92
129
94
93
111
151
10
140
127
132
140
99
130
112
110
0
107
133
141
142
100
137
92
96
1
134
99
108
131
105
142
97
98
1
107
130
143
123
119
151
102
118
6
103
110
114
117
127
95
114
111
8
134
138
106
121
85
116
96
120
8
115
106
108
129
115
100
92
93
1
148
99
117
128
92
115
126
130
4
141
97
134
113
91
127
106
119
7
89
99
141
149
132
112
140
113
1
99
107
113
96
87
145
122
114
2
140
143
113
99
98
104
104
109
9
119
136
112
149
139
121
115
84
5
123
111
110
135
103
137
99
107
5
94
127
80
142
114
127
139
149
2
107
115
119
114
79
102
125
104
8
79
99
149
115
115
132
100
107
9
148
77
78
108
100
100
139
130
8
105
95
115
86
120
97
141
127
9
104
138
138
164
119
111
126
128
9
108
149
119
129
156
119
81
114
9
134
122
108
121
133
116
98
70
2
103
143
134
89
160
85
99
125
5
113
114
111
128
107
150
126
128
6
113
136
138
114
106
155
108
135
1
101
95
120
136
119
128
133
129
1
91
142
88
130
128
153
125
88
4
140
88
132
116
127
115
122
87
9
106
161
134
114
127
111
87
148
4
114
103
114
106
134
119
89
130
2
125
98
120
149
104
78
122
128
5
106
114
90
128
113
121
102
112
9
140
146
147
109
132
151
113
98
5
124
74
135
152
87
114
134
150
7
119
122
102
121
164
92
95
118
3
105
113
94
114
101
129
127
127
0
127
103
135
129
145
113
93
136
1
132
115
135
99
156
94
149
80
7
119
114
104
142
128
100
106
109
0
100
101
97
120
115
120
134
96
4
151
121
104
135
144
131
128
129
8
111
142
162
87
100
72
125
105
5
148
129
110
124
76
128
113
129
10
154
126
106
134
147
135
121
121

