15
4
8
3
6
6
4
6
2
7
8
2
5
9
5
7
5
2
14
2
6
9
3
8
8
5
5
103
121
114
120
72
126
100
122
7
82
84
113
185
120
135
134
106
5
100
99
93
97
144
108
88
151
4
107
110
108
110
135
113
78
131
1
92
148
112
115
99
115
134
100
1
133
116
106
119
164
121
125
93
9
88
147
88
106
149
111
83
95
2
132
132
134
145
131
145
81
99
6
98
127
114
112
145
86
106
101
1
148
121
98
137
126
119
113
106
7
135
112
109
94
106
119
118
106
10
73
120
107
135
154
133
155
108
10
132
105
111
99
85
130
123
107
4
99
107
107
113
98
108
114
98
1
127
117
140
130
106
138
91
115
2
112
128
129
134
138
141
142
104
3
133
93
87
72
115
105
72
126
7
123
96
113
174
120
108
137
130
1
117
121
118
100
121
111
83
109
7
95
135
125
151
105
104
115
122
6
149
79
98
135
132
85
100
122
10
114
142
105
102
110
118
108
128
9
114
125
132
125
107
105
77
109
5
141
99
122
101
110
127
123
71
8
91
149
103
89
96
113
95
85
9
110
107
78
135
106
112
129
120
8
102
116
79
123
94
90
121
74
7
121
126
95
123
143
128
121
93
5
133
93
124
124
125
92
120
155
7
147
142
102
123
115
86
129
119
9
127
114
134
86
146
130
135
127
1
128
111
105
136
162
128
122
127
3
116
99
108
127
140
93
93
127
9
101
131
112
119
121
102
135
93
1
102
106
73
85
101
105
114
119
4
112
113
104
128
138
115
115
139
8
152
127
107
114
123
119
127
100
1
114
131
99
114
109
85
103
106
9
93
135
134
111
101
106
115
138
1
79
86
95
129
157
100
94
141
2
161
134
132
155
111
121
91
127
8
87
102
147
117
114
94
96
104
4
154
100
141
142
143
114
134
81
7
86
159
109
126
101
132
120
140
6
99
100
158
114
82
120
136
112
7
125
133
99
111
114
109
142
142
8
129
117
103
133
119
86
95
110
3
98
143
140
115
105
143
142
115
7
104
86
118
127
117
128
136
93
10
138
111
108
110
115
59
153
90
2
108
149
115
113
95
170
119
113
8
137
100
122
110
100
100
96
156
8
133
125
132
114
99
80
136
151
8
80
114
121
134
114
107
155
114
2
175
119
97
105
106
99
128
78
2
118
106
113
128
142
119
103
126
0
122
102
135
100
113
121
121
131
5
124
102
112
83
143
135
99
127
5
107
128
141
108
142
156
92
160
3
105
98
110
120
93
128
122
133
5
125
105
118
102
128
135
80
152
1
100
155
89
101
118
155
78
132
1
125
118
116
155
163
107
120
109
3
113
114
73
115
109
134
113
128
8
117
124
127
80
107
144
131
129
5
122
132
79
84
128
143
116
141
6
115
157
92
138
109
121
125
119
3
107
105
132
127
121
93
108
114
7
144
116
149
109
125
113
125
116
5
142
107
107
136
107
128
108
122
6
91
127
106
108
120
130
154
121
10
129
106
134
95
139
138
86
114
4
139
91
137
145
115
114
122
81
1
149
117
108
103
121
103
150
137
8
120
95
99
114
100
136
115
64
6
117
126
115
114
92
100
134
85
1
109
100
122
85
105
109
71
134
2
145
135
120
100
102
160
115
135
4
116
135
119
87
97
105
111
107
3
135
104
120
100
135
110
143
105
3
125
99
123
119
112
123
84
86
7
127
137
99
105
100
113
135
116
1
114
133
128
121
141
151
143
105
4
88
146
118
95
110
114
104
122
7
128
98
100
113
117
117
136
106
6
98
107
98
115
125
98
157
126
0
73
141
106
95
151
92
114
120
5
87
88
114
103
100
85
153
102
5
159
107
153
143
148
128
136
96
0
123
142
109
107
105
137
107
169
4
156
108
70
114
103
109
125
129
9
135
141
92
118
91
92
139
132
3
104
143
114
106
127
117
108
141
8
83
141
133
128
133
101
103
95
6
151
127
154
122
127
89
113
105
6
116
157
117
142
80
110
120
123
6
101
93
151
84
121
146
108
107
3
118
100
140
114
104
111
107
86
1
123
129
102
114
115
102
120
127
6
102
86
103
83
148
114
100
151
5
77
101
176
107
105
121
60
94
3
129
88
142
100
107
127
131
127
4
100
144
135
117
120
128
117
121
1
119
119
129
133
109
102
101
136
5
86
106
159
136
99
133
108
76
10
128
95
133
131
98
109
133
113
1
132
125
137
127
129
120
100
108
8
99
133
122
131
138
120
154
134
9
83
122
133
86
113
121
127
157
4
113
112
65
101
79
121
112
114
6
137
110
113
97
116
125
104
118
6
155
127
112
118
117
122
141
113
4
119
86
93
94
106
122
116
127
7
140
141
114
106
114
116
137
115
5
107
100
112
112
120
131
122
112
2
100
142
158
126
73
75
119
77
1
102
89
107
77
99
105
136
120
0
129
122
108
113
125
134
120
107
2
95
127
102
110
133
91
119
119
5
115
171
119
72
114
163
126
114
9
106
113
113
99
100
100
137
143
5
130
112
94
138
73
100
94
117
3
106
72
83
111
93
108
148
124
4
138
128
91
142
111
130
108
107
3
156
94
107
100
101
147
170
127
7
119
98
152
93
110
116
128
105
8
103
137
112
117
101
78
141
152
4
121
110
135
117
81
176
113
113
9
128
108
109
136
114
138
107
118
3
121
147
103
144
102
143
101
136
5
176
114
106
105
113
91
149
130
7
113
122
129
140
145
140
70
71
0
132
125
85
126
118
112
142
134
5
122
135
120
143
114
100
112
115
9
131
73
164
93
116
142
116
80
6
103
91
101
126
126
115
129
106
9
136
92
55
128
136
121
100
93
0
115
134
91
111
114
135
177
93
6
110
158
146
111
112
103
125
110
0
80
105
95
149
95
119
99
134
7
126
114
121
117
72
103
109
127
5
149
168
97
107
74
91
72
114
0
113
120
97
128
140
85
96
161
9
118
122
142
131
159
141
122
155
9
142
107
113
140
70
121
108
128
1
77
153
112
104
108
126
85
136
1
135
132
124
134
130
91
118
121
3
87
79
140
108
113
98
157
88
4
148
126
161
121
120
104
117
118
3
127
99
121
99
120
85
108
142
8
106
128
135
134
117
138
120
120
8
100
129
124
94
118
121
134
142
7
93
128
110
119
101
113
90
120
1
108
121
137
84
114
144
127
99
6
113
159
92
156
106
121
104
122
4
107
123
128
119
129
108
118
104
10
100
109
107
134
116
106
141
80
6
107
115
89
94
107
121
94
125
1
121
101
95
117
97
129
120
85
4
134
119
143
73
134
71
67
136
4
148
131
92
127
138
109
149
99
1
142
94
162
94
120
135
129
108
5
132
99
121
92
118
141
78
83
5
112
139
121
132
104
89
122
66
5
96
82
103
166
58
143
106
144
0
100
107
132
135
144
133
128
115
2
84
101
113
100
126
127
115
117
2
107
126
110
102
114
129
131
114
2
106
142
124
143
134
121
96
78
10
119
106
66
98
131
131
105
105
1
106
163
126
131
115
128
118
130
5
97
128
144
126
159
100
130
122
3
114
114
126
135
124
134
118
120
8
108
90
120
72
107
106
125
94
5
134
154
116
127
85
141
115
100
1
117
85
129
96
103
73
105
114
4
106
85
127
120
138
146
105
127
0
138
121
84
134
95
106
117
98
0
94
115
120
101
130
132
108
121
6
127
134
143
108
126
105
106
106
0
142
123
108
132
128
102
114
104
9
123
124
129
104
138
107
86
141
2
121
99
106
123
114
99
127
121
6
131
128
96
119
107
144
134
78
10
85
139
121
85
108
123
136
111
9
108
117
68
120
112
100
101
110
5
100
105
114
130
99
127
116
85
8
94
110
130
117
105
146
102
70
1
99
123
114
106
122
142
115
169
1
103
100
108
112
125
91
133
128
2
124
112
112
147
124
114
121
101
3
120
90
103
108
147
152
108
88
7
127
74
102
136
118
114
121
129
10
109
109
120
113
99
106
101
103
6
120
146
119
140
137
142
121
136
9
149
125
148
92
129
76
119
133
9
138
125
103
146
108
86
112
108
10
122
74
106
134
129
102
155
129
9
109
86
118
135
91
114
127
97
2
181
99
133
124
125
141
102
106
6
143
123
118
123
120
104
100
122
4
116
131
105
164
148
115
109
107
1
128
113
119
133
127
114
147
122
2
99
125
127
100
82
93
116
130
4
128
90
120
77
105
82
122
157
7
148
145
119
129
102
122
87
109
7
108
148
135
122
135
101
95
126
8
115
126
142
131
112
91
116
127
10
98
143
106
133
139
150
110
108
4
119
111
125
112
109
127
136
123
2
121
164
95
141
128
108
80
99
4
132
98
90
86
111
115
83
115
10
122
135
96
140
93
105
87
102
6
86
85
99
128
109
106
96
124
8
114
121
65
114
103
142
121
112
10
143
157
112
105
93
116
134
125
8
114
96
106
87
111
91
135
74
4
137
116
116
131
130
95
106
96
3
126
93
85
117
99
116
108
112
3
106
88
116
144
140
100
128
94
3
102
104
90
148
107
114
128
100
7
119
127
138
126
140
117
138
116
3
127
113
95
109
120
117
136
127
5
137
141
118
118
117
165
149
135
9
83
93
102
145
94
113
80
126
8
67
93
121
127
118
119
120
140
10
106
109
102
127
107
138
147
142
8
115
130
120
96
108
118
140
128
1
127
127
117
108
91
121
89
107
7
127
157
144
121
113
131
151
96
10
112
106
121
87
162
126
93
120
2
141
127
122
133
93
103
100
110
5
124
134
101
105
133
148
121
170
1
110
120
141
87
130
142
120
127
4
100
100
123
96
70
133
134
91
7
126
127
80
134
120
133
144
105
10
119
105
126
93
135
125
90
133
6
99
93
133
133
151
114
115
114
4
137
110
142
129
133
76
117
121
9
126
118
87
123
108
115
93
103
10
114
92
108
118
101
116
121
113
1
124
93
152
139
118
101
141
91
3
100
92
126
106
117
85
148
114
2
100
138
99
121
141
130
122
157
7
134
133
98
128
134
103
112
106
8
88
115
114
129
142
127
105
116
4
100
142
112
134
135
135
100
109
2
123
116
128
117
115
132
96
79
0
97
109
106
133
100
143
114
113
2
128
109
142
91
117
135
103
98
5
84
100
127
122
117
100
88
125
4
100
128
76
113
120
98
148
127
2
84
94
111
139
130
113
114
123
3
113
137
121
134
93
91
112
97
6
149
129
118
113
106
120
110
116
5
128
128
97
132
92
135
120
121
6
85
104
106
111
96
112
115
160
9
101
121
106
137
113
148
125
114
2
114
113
66
109
119
65
121
127
9
126
105
92
111
106
120
139
109
3
116
91
125
84
107
152
116
106
9
85
95
90
126
143
124
135
129
5
107
120
128
135
103
103
113
135
9
121
124
139
88
112
104
124
112
4
113
128
145
117
106
133
104
126
7
155
113
127
114
98
101
79
109
1
128
128
141
83
114
120
129
144
4
115
85
146
119
161
103
141
132
5
89
113
136
157
106
91
117
71
3
117
111
108
158
127
129
143
108
5
96
122
106
119
128
99
129
111
6
124
106
118
92
81
113
72
82
1
109
91
79
121
65
145
126
149
3
113
134
106
92
114
121
119
150
5
113
101
121
95
139
134
134
109
4
114
160
134
112
112
80
105
93
9
128
92
97
122
114
108
89
129
1
114
107
135
94
75
131
107
140
7
114
156
95
112
157
122
107
163
4
119
115
111
106
119
142
112
114
8
146
120
95
121
122
123
97
134
6
140
97
99
123
141
86
123
116
2
137
133
110
131
110
114
127
109
0
142
93
119
117
121
101
136
100
8
150
117
125
130
139
157
73
105
1
127
78
141
129
137
127
149
74
4
122
133
99
154
95
136
113
145
8
135
117
121
138
107
130
123
133
4
100
120
80
117
64
112
105
117
7
133
128
108
146
127
102
95
99
9
114
99
111
117
114
105
95
109
2
114
111
133
118
133
142
134
158
4
94
107
114
105
121
77
129
121
6
124
120
128
135
148
110
150
159
4
122
136
90
137
118
149
150
144
7
107
99
123
98
119
110
72
129
9
157
141
130
114
147
109
138
138
1
105
120
104
92
97
57
133
133
2
109
153
121
115
109
105
128
124
0
107
114
120
146
101
85
91
98
7
108
144
90
78
125
143
114
144
4
91
120
105
117
82
106
141
94
5
121
124
149
117
96
141
114
112
9
134
142
162
133
101
99
127
72
6
122
128
106
127
105
112
149
122
9
94
151
117
108
115
124
133
98
5
86
123
135
126
122
127
118
131
8
129
111
134
142
119
105
124
117
3
147
93
94
139
136
127
148
100
0
147
107
123
151
89
136
60
128
8
144
133
121
115
128
137
123
98
9
127
123
115
126
146
102
114
139
2
115
112
128
141
99
121
120
99
9
119
87
126
103
118
113
148
112
3
115
121
118
85
106
129
119
116
6
79
118
137
77
127
133
141
113
4
93
79
77
111
92
78
115
123
5
112
96
137
120
123
129
72
100
9
136
106
146
106
89
154
130
143
8
120
129
120
117
126
99
102
108
3
143
119
126
77
140
85
85
135
2
140
129
72
106
106
116
120
110
9
79
123
120
89
114
71
99
117
9
113
106
95
120
107
107
88
106
1
120
108
116
91
139
144
103
111
8
141
104
145
107
136
92
123
142
10
112
93
164
125
141
92
114
108
4
120
87
135
100
145
145
106
114
10
132
141
130
131
147
155
134
129
8
100
129
93
100
135
118
148
132
10
126
153
85
156
110
97
117
141
1
120
78
122
108
91
122
120
94
5
141
100
98
116
117
100
105
135
4
94
131
101
129
107
110
114
72
9
142
89
107
106
107
87
141
125
2
110
146
151
85
119
128
120
111
4
128
114
57
114
73
99
114
126
8
115
101
119
118
105
120
127
119
3
133
103
148
127
120
120
118
128
10
107
104
99
120
122
79
113
85
6
142
92
101
110
107
128
126
98
4
119
111
128
92
138
97
157
113
4
131
140
100
125
115
106
136
130
10
139
155
132
150
118
137
121
148
6
139
122
128
91
89
128
154
136
3
137
74
114
101
72
131
129
97
3
134
113
121
145
88
106
89
142
2
138
112
121
81
96
119
114
94
6
130
101
103
136
93
111
123
117
7
78
98
137
128
87
142
121
106
7
81
130
123
128
81
99
150
121
9
82
106
108
89
94
109
92
110
6
128
113
118
98
127
95
114
101
7
103
119
117
127
112
134
140
112
4
129
98
101
115
114
116
78
120
2
168
121
112
113
109
107
79
108
9
123
117
110
106
113
127
127
106
5
135
66
87
81
112
112
146
124
0
136
128
108
127
119
108
120
122
2
124
92
107
106
105
125
129
120
4
135
139
120
105
98
146
99
103
4
134
78
86
104
124
121
105
110
3
106
122
107
143
84
139
147
123
2
121
112
113
137
101
132
120
101
1
129
146
144
117
117
143
146
110
5
108
111
71
127
114
123
115
120
1
149
69
121
84
132
110
93
102
2
77
155
99
124
138
114
92
121
7
109
107
138
98
125
106
104
99
4
140
133
83
114
122
100
104
75
2
136
127
114
110
116
144
120
139
9
125
93
121
100
131
106
92
121
9
76
120
116
156
120
103
140
107
9
71
118
106
91
137
99
93
155
6
131
97
112
103
108
120
109
133
10
103
94
155
135
122
130
127
115
5
130
118
124
95
118
120
87
91
6
132
132
122
114
142
140
131
141
8
99
127
60
119
117
125
122
99
10
135
130
120
115
124
141
137
164
5
125
103
147
112
127
105
135
121
4
94
102
142
158
106
131
105
119
8
117
75
136
143
99
126
98
120
5
98
135
114
146
86
103
114
114
9
107
130
105
93
99
104
121
123
9
114
99
143
100
81
118
94
122
2
112
120
134
105
114
156
90
112
1
121
96
99
142
92
132
156
169
5
116
103
142
100
78
115
93
120
3
114
122
135
111
111
156
91
106

