9
6
2
3
0
4
7
4
5
9
2
7
6
9
3
4
5
6
12
5
7
4
1
8
5
8
9
82
68
116
93
127
107
107
115
4
123
100
147
119
120
160
121
111
1
135
84
141
125
124
120
60
106
1
107
122
114
100
100
86
120
140
2
127
147
140
113
115
86
134
168
5
121
129
142
141
127
107
126
121
9
122
99
73
119
119
134
93
105
6
126
135
135
106
91
109
128
117
8
108
134
157
127
116
114
93
140
4
128
115
128
122
113
146
106
116
7
155
88
115
148
108
118
98
114
0
106
128
140
120
141
113
148
114
3
145
122
156
134
113
153
144
126
1
114
142
141
109
135
113
114
114
9
126
92
123
113
120
120
121
124
9
98
134
100
117
157
98
157
129
9
136
71
114
147
85
127
114
133
6
95
133
128
119
79
127
86
100
0
119
142
121
126
122
73
107
122
1
96
121
99
108
142
142
103
100
0
117
132
141
92
146
97
106
125
5
125
99
116
110
146
84
92
154
7
126
115
116
87
99
143
121
118
0
106
108
106
128
103
99
110
127
1
101
135
95
143
146
107
133
122
2
87
93
123
101
101
121
121
98
3
119
113
86
119
101
125
149
120
6
130
87
118
121
112
85
125
128
7
107
101
119
102
121
134
150
126
6
136
115
119
112
117
144
91
137
9
97
125
94
94
132
129
137
136
6
131
89
128
111
114
156
117
104
8
114
63
107
92
141
120
111
82
5
155
129
103
113
155
102
98
118
9
126
135
91
123
134
80
159
109
9
135
133
66
107
119
142
125
121
1
92
120
86
92
96
113
100
157
8
110
106
139
101
85
114
137
83
8
129
127
95
114
147
97
130
110
8
103
135
97
119
131
99
107
104
9
126
120
116
103
134
101
130
98
7
85
105
99
101
125
127
97
88
0
79
84
144
135
124
134
118
134
1
90
131
138
119
156
71
116
112
8
124
113
121
114
119
120
133
114
6
93
124
119
112
64
150
123
96
6
132
103
91
79
104
105
73
130
4
117
122
125
144
122
118
112
114
3
132
125
145
128
120
100
135
116
3
133
116
98
147
115
115
142
134
6
146
128
92
93
126
125
110
95
2
147
138
137
122
109
121
91
149
7
128
124
122
89
144
127
109
147
3
114
132
92
154
138
109
108
142
1
92
114
105
116
100
114
177
149
3
105
82
99
86
108
93
58
108
9
124
97
107
104
129
124
133
140
2
114
110
131
74
114
142
127
107
2
94
120
147
129
141
93
135
150
2
129
128
120
117
90
119
112
101
1
87
158
133
143
130
108
144
137
8
136
122
138
125
128
134
122
126
1
167
105
147
131
140
139
126
119
9
122
122
113
97
120
89
103
107
3
156
131
71
112
86
109
124
123
2
79
134
162
89
93
148
159
129
1
108
112
127
111
92
116
93
92
10
108
125
126
96
129
109
98
91
2
156
99
114
154
105
112
111
148
9
120
117
140
92
98
139
136
88
4
148
73
122
132
144
113
134
120
5
123
137
155
121
95
82
101
95
7
81
107
120
94
126
125
105
115
0
149
88
120
143
99
156
81
76
1
157
148
120
99
104
81
105
107
8
106
77
90
148
106
104
119
84
2
154
160
121
134
120
159
135
105
10
130
80
151
101
100
96
129
139
6
144
114
140
128
105
87
108
108
8
135
129
84
107
116
143
150
125
1
140
133
99
113
95
74
119
90
4
118
105
111
84
129
100
193
161
5
123
128
109
94
141
99
123
114
7
106
106
134
98
103
126
100
133
9
161
121
120
89
142
116
123
118
5
92
167
98
98
100
107
98
87
1
79
114
115
114
58
94
104
98
1
127
112
139
140
121
135
124
113
5
142
111
100
156
79
130
115
133
9
152
137
151
94
103
143
90
118
9
118
130
88
88
89
135
135
99
4
87
126
109
106
87
148
128
63
9
99
130
116
108
114
118
93
115
8
100
109
99
111
123
77
120
110
10
114
127
123
127
128
128
119
147
8
110
124
106
128
110
133
100
96
4
114
145
124
101
118
132
111
110
2
124
130
133
103
99
125
127
126
7
105
104
101
120
135
121
92
164
7
114
131
98
99
116
129
135
126
7
127
95
155
118
98
91
88
136
4
106
87
99
87
103
132
107
85
8
96
96
131
146
154
92
91
121
6
114
84
166
106
114
118
126
128
4
108
114
122
103
110
109
113
70
9
113
120
114
135
83
96
106
142
1
94
107
153
116
116
130
129
114
1
114
114
127
108
114
100
119
101
7
147
102
127
132
139
122
103
141
9
93
92
143
76
126
142
130
70
9
104
117
155
113
136
99
105
67
5
114
117
71
136
95
82
135
128
1
121
117
129
119
142
104
158
150
4
127
112
117
116
122
110
115
122
2
110
92
131
78
111
126
125
125
7
126
108
119
129
91
86
115
122
3
138
114
141
140
145
112
128
114
1
160
118
74
124
119
115
144
114
10
105
98
135
119
102
95
120
141
6
123
107
141
102
121
149
116
126
8
105
95
127
101
82
158
141
132
3
112
133
121
152
115
120
120
115
9
105
132
106
110
108
128
116
113
2
111
128
125
120
114
133
121
116
7
92
171
108
156
149
106
118
129
8
139
125
109
137
117
87
114
131
9
107
114
141
94
85
114
132
105
5
122
127
129
122
129
94
137
116
5
153
85
120
97
93
86
113
112
4
163
91
96
112
128
124
86
129
9
82
150
150
110
113
133
151
91
0
99
142
92
121
123
141
100
100
9
120
108
126
90
135
112
135
109
2
131
106
119
106
134
113
111
160
10
142
100
127
120
112
129
146
114
0
119
103
78
106
101
108
118
97
6
109
106
103
99
120
106
118
114
0
119
113
69
67
146
127
114
128
4
106
132
147
106
130
129
121
115
9
149
116
99
130
122
144
123
110
4
115
149
133
117
134
88
111
107
4
118
163
122
135
146
86
155
120
4
100
134
95
70
129
140
95
93
6
106
151
134
105
114
135
121
134
2
113
104
111
113
115
99
112
115
6
148
116
108
113
135
78
127
113
2
84
114
155
112
114
133
78
74
3
91
134
122
131
140
103
121
141
4
144
129
123
87
125
85
132
94
8
99
119
104
105
118
110
100
104
3
114
107
133
99
120
113
119
106
5
110
99
119
127
128
101
118
127
6
132
119
111
126
127
105
126
137
0
76
107
118
116
120
130
127
164
1
125
135
122
109
131
107
137
116
8
118
108
126
99
113
121
120
115
5
149
122
128
116
110
150
115
139
5
113
78
115
135
103
119
113
121
8
135
76
119
154
104
155
99
81
7
126
129
99
137
121
126
143
132
9
138
120
132
148
111
105
133
75
9
88
113
150
99
98
137
125
127
9
142
109
106
126
144
125
110
107
8
117
149
64
85
133
171
124
115
7
86
95
139
127
105
138
97
125
10
99
136
127
116
122
82
146
117
1
96
110
76
98
117
92
105
121
9
106
140
112
129
120
140
149
108
1
94
121
116
117
99
155
129
136
2
113
131
127
89
128
97
80
134
2
122
107
113
136
88
121
99
115
9
140
106
89
149
105
128
137
124
6
144
89
135
171
97
129
104
119
5
115
114
100
133
91
94
114
132
1
116
103
84
99
128
142
109
115
0
118
85
126
116
104
129
147
100
7
83
102
128
117
91
121
97
143
3
117
112
134
135
142
98
124
135
2
93
100
128
113
136
149
100
112
0
91
128
103
96
126
100
112
113
6
129
113
141
134
106
91
142
100
10
96
142
105
99
169
106
122
132
3
130
111
139
101
55
155
133
124
5
114
120
148
154
105
141
72
85
7
134
109
164
137
103
106
104
140
9
127
84
126
128
130
96
112
123
6
113
136
125
108
98
122
145
86
1
135
122
105
116
86
155
135
123
5
155
110
115
127
116
114
141
120
8
90
85
111
87
112
120
119
95
10
132
152
150
113
100
93
123
117
2
106
91
111
134
94
121
98
108
7
170
115
72
120
145
116
115
104
3
108
127
119
148
112
128
103
155
1
134
143
153
120
127
103
126
106
9
124
79
145
126
121
136
107
111
2
141
137
98
146
129
122
100
144
7
100
113
85
105
144
99
123
141
9
109
131
78
154
121
150
112
129
2
140
102
105
108
129
125
121
114
4
111
75
141
127
134
125
105
111
10
149
141
114
129
138
125
111
86
5
80
115
80
146
78
107
125
120
10
134
120
117
101
108
106
118
110
0
75
85
128
116
111
111
104
106
3
133
124
115
133
121
75
138
121
4
142
135
141
134
98
100
97
98
7
99
122
106
106
90
112
148
104
3
115
93
127
107
120
141
148
160
0
100
121
109
144
128
130
126
130
1
129
113
92
101
133
112
113
127
7
128
77
112
127
121
126
113
112
8
100
107
86
92
134
113
149
91
0
120
93
101
87
91
152
131
125
0
126
93
121
100
115
117
133
119
8
116
121
100
113
123
85
95
112
0
153
102
99
111
108
116
117
122
0
89
138
65
129
137
119
124
123
2
135
99
97
127
142
120
126
95
1
124
148
127
118
120
105
146
127
3
154
72
123
99
129
72
124
105
7
99
115
126
119
98
107
93
125
6
125
77
132
119
137
119
107
120
0
114
111
65
89
93
107
113
107
5
120
92
92
109
124
124
145
101
9
145
99
83
126
146
126
126
95
7
117
124
111
136
122
105
109
114
2
168
114
123
126
115
91
149
139
7
91
108
111
101
118
111
127
88
10
118
135
109
83
105
98
127
111
3
143
152
153
102
101
127
110
120
7
155
101
82
97
101
129
121
77
9
158
170
120
78
106
113
134
119
2
144
120
128
133
116
133
113
105
9
123
127
127
129
140
128
109
85
6
141
138
70
117
127
94
111
92
2
104
114
133
120
121
122
115
94
1
115
132
88
98
110
121
139
100
5
130
103
107
100
105
129
136
119
9
128
144
130
126
107
136
84
106
5
97
124
127
93
102
84
133
116
5
113
64
127
93
88
106
121
106
0
68
119
117
115
116
131
114
123
2
91
90
137
152
101
127
122
123
2
121
135
115
87
127
79
99
93
7
107
158
119
133
131
135
92
121
1
98
127
120
85
107
146
79
129
9
80
112
127
106
127
102
93
104
4
97
140
109
94
137
125
141
83
3
85
131
108
100
100
125
97
141
8
110
117
141
104
128
148
107
106
4
120
141
86
112
115
109
130
99
3
87
103
131
126
120
133
136
121
3
114
113
77
113
94
105
128
88
1
105
79
156
127
135
104
98
122
4
135
139
132
116
113
157
102
108
8
127
92
132
111
120
107
138
125
8
71
118
91
85
65
107
127
111
3
114
122
115
107
174
124
135
121
0
135
95
107
131
143
153
134
163
3
124
135
76
156
149
111
148
135
6
112
135
95
124
149
114
138
105
9
161
107
88
134
127
107
114
128
2
127
122
132
123
107
123
149
128
5
163
115
112
126
100
147
116
120
5
121
118
135
131
147
123
78
110
1
105
157
114
101
134
120
150
87
8
120
130
128
116
129
121
73
156
1
130
118
103
122
100
103
138
133
7
115
112
114
117
122
128
127
127
8
117
134
141
123
125
143
154
169
1
133
120
101
125
122
120
112
115
5
62
91
85
74
124
122
83
129
4
127
136
115
77
105
128
136
135
8
107
136
92
126
143
159
114
105
2
141
112
137
90
113
136
117
125
5
90
103
119
93
126
133
110
142
10
77
135
147
106
115
126
103
106
9
117
105
155
95
128
100
93
135
2
126
138
113
147
127
117
99
75
2
140
148
152
132
104
156
140
107
8
89
120
105
125
125
121
167
92
4
100
127
111
80
133
132
86
117
2
112
107
125
107
106
102
135
127
4
127
132
93
120
112
121
150
136
1
128
129
130
121
109
85
87
133
8
121
142
76
132
141
99
133
133
6
105
105
113
132
98
121
156
108
7
119
102
107
122
126
97
108
134
1
143
132
122
150
129
157
108
80
2
94
128
116
108
133
153
105
93
8
135
148
101
109
127
122
129
107
8
119
81
149
124
116
93
118
94
10
148
118
154
156
65
113
110
121
6
116
144
142
100
103
104
110
142
6
127
78
98
98
127
107
127
138
1
86
114
105
97
140
115
101
121
6
92
127
98
120
93
121
146
128
5
120
113
113
126
84
140
92
134
0
134
120
123
78
142
138
108
150
2
103
148
99
139
124
124
147
134
8
134
119
113
135
113
150
87
113
7
93
92
108
137
100
127
134
136
4
128
101
91
84
165
152
149
98
3
97
169
98
143
127
99
103
122
5
120
122
124
140
124
135
94
123
8
114
163
120
135
152
69
100
134
8
129
137
128
101
91
107
121
112
6
87
133
78
101
100
107
128
109
1
141
137
126
156
98
111
95
95
1
122
130
103
128
101
127
107
79
1
110
87
114
107
106
107
72
113
4
80
114
94
119
135
106
98
118
4
100
92
127
128
119
97
115
79
8
137
135
119
146
124
133
123
123
3
140
152
116
150
148
98
114
145
3
127
121
128
129
121
158
117
134
1
120
94
106
105
80
140
122
107
10
116
135
121
120
142
114
116
112
10
150
124
129
152
149
74
124
124
1
119
113
106
183
74
106
151
125
3
87
111
112
128
126
97
133
95
4
85
124
129
93
104
116
129
141
7
97
107
160
108
112
139
129
77
4
113
112
149
168
109
87
92
135
4
109
131
120
85
104
106
106
107
10
97
92
124
146
127
119
99
136
7
105
130
147
125
128
164
73
92
1
107
126
115
136
134
91
126
113
2
113
107
92
124
114
114
106
85
5
132
121
120
86
96
92
114
110
2
120
144
127
103
122
93
161
119
2
140
131
82
92
160
148
100
107
5
141
158
113
150
143
99
126
128
5
111
102
148
148
136
156
99
87
5
134
117
107
90
148
136
123
100
3
147
127
127
132
105
96
117
108
10
147
96
85
149
131
157
91
123
2
137
163
103
156
106
138
134
113
0
121
106
143
97
160
127
124
141
5
121
120
155
152
127
107
119
112
3
122
90
114
96
114
118
122
137
9
108
133
94
158
121
113
113
108
8
104
88
144
105
142
141
116
81
7
145
136
114
123
106
108
107
120
8
80
126
126
139
133
142
106
114
2
79
79
121
92
91
117
111
103
9
127
61
135
149
115
155
114
121
6
100
139
84
124
86
108
89
101
7
125
147
120
106
126
100
85
104
9
107
117
99
104
119
128
125
120
3
123
133
119
120
105
114
121
106
2
92
155
121
123
150
164
136
114
5
118
164
119
120
118
100
70
149
9
106
90
107
147
91
123
165
118
8
112
85
115
103
134
104
112
135
1
127
134
108
95
104
128
93
99
4
138
121
123
99
114
123
130
114
5
135
115
129
113
133
142
117
112
4
120
142
89
114
101
124
140
112
6
137
142
97
128
145
111
147
100
1
127
98
133
83
112
112
128
105
5
103
121
129
138
159
123
142
101
9
86
123
105
121
136
136
135
113
7
147
128
110
120
114
102
77
127
6
136
118
102
119
112
133
121
115
10
89
135
105
119
95
128
95
120
9
117
159
154
142
112
127
119
94
2
127
106
133
108
127
120
85
92
8
113
134
156
123
122
107
116
121
3
108
127
120
124
104
124
94
68
10
97
128
109
156
102
60
108
120
6
99
88
100
120
121
113
73
109
1
132
97
120
134
85
119
101
107
7
134
127
117
116
105
115
116
120
5
92
115
143
128
113
100
130
110
9
134
94
121
105
72
97
106
127
7
121
144
153
121
142
107
123
94
2
119
98
113
106
121
85
119
138
3
78
131
127
107
115
114
97
99
7
139
117
121
80
105
115
135
125
9
138
120
128
115
143
141
78
63
1
153
103
107
145
140
99
142
112
8
89
131
85
125
121
160
94
159
10
129
122
126
114
111
100
128
112
8
105
131
108
152
90
84
131
119
8
85
111
116
124
125
105
106
79
8
116
82
126
112
119
133
137
79
7
100
134
103
150
86
86
131
125
7
88
114
122
126
122
98
110
79

