9
4
8
4
5
1
10
7
6
10
1
9
6
7
9
7
10
7
8
1
7
7
2
4
5
3
4
126
133
100
131
80
95
107
101
4
134
107
130
83
113
110
157
131
1
120
99
85
132
125
105
113
111
3
135
120
100
123
107
116
109
142
5
77
125
91
114
135
102
121
135
1
121
122
75
113
108
94
122
115
1
132
102
128
126
137
127
128
107
7
160
87
140
127
96
121
142
89
10
106
139
103
133
82
103
136
101
6
106
104
131
144
139
107
127
109
8
127
88
117
136
153
116
119
115
0
147
121
113
120
109
83
85
117
10
100
110
104
99
92
118
124
105
3
119
121
115
153
108
114
125
116
5
142
128
106
130
88
108
132
143
8
120
155
108
143
95
110
97
123
1
100
122
117
123
97
99
125
114
7
115
121
107
92
116
137
127
129
0
99
123
113
130
105
122
135
92
3
163
122
130
154
112
125
112
88
8
130
112
112
105
120
111
156
118
3
100
128
87
130
120
121
116
141
7
114
112
118
140
134
93
113
94
8
93
119
130
100
150
119
149
106
9
122
120
121
110
93
116
111
127
6
112
106
142
117
133
77
94
103
4
92
126
119
100
109
113
109
113
5
94
100
126
114
124
153
128
105
6
134
114
80
140
126
141
135
157
10
119
131
79
132
111
94
114
87
9
113
158
154
87
126
106
103
120
1
127
113
128
72
92
156
129
105
10
143
147
127
120
101
113
105
91
3
85
118
156
134
129
118
127
136
1
88
154
113
78
118
133
134
134
9
133
106
165
142
101
159
90
104
1
133
90
150
122
169
103
90
111
7
98
115
92
155
118
134
134
147
2
107
100
110
84
94
78
127
127
3
113
99
103
126
136
116
113
92
5
97
107
140
87
124
122
120
86
0
136
159
106
100
94
128
115
85
7
102
101
147
121
153
103
114
133
9
135
98
154
120
92
98
115
125
10
110
85
95
112
80
95
143
99
6
75
116
114
74
106
117
136
126
1
144
156
106
120
134
121
125
98
4
128
108
123
130
137
147
107
77
2
102
113
167
79
153
142
114
143
5
134
116
116
121
102
150
101
111
0
118
114
156
71
132
140
89
120
10
117
107
163
120
120
116
120
130
7
81
112
82
116
120
133
107
111
10
152
143
93
117
103
101
60
132
3
131
136
157
86
71
111
113
96
6
120
115
141
119
153
108
80
109
7
131
99
126
87
135
138
117
112
6
129
103
96
106
148
142
108
141
0
100
140
142
105
99
154
116
128
7
162
131
95
58
78
156
120
147
3
127
121
135
94
115
114
112
142
4
110
114
100
106
124
107
130
124
2
136
126
111
134
135
130
103
142
3
116
122
105
139
128
120
156
119
10
141
105
111
117
156
138
125
114
6
130
123
131
84
145
127
113
113
9
81
108
129
133
154
140
170
98
1
131
101
89
82
111
137
71
106
1
95
103
112
128
139
98
118
108
6
140
170
108
95
105
78
131
102
5
164
107
105
102
86
149
132
135
2
114
106
121
146
135
116
100
104
10
161
93
113
131
111
105
96
118
5
121
136
147
100
115
148
113
120
1
125
93
102
135
128
107
130
154
1
123
85
113
139
120
115
148
93
1
102
117
99
122
90
109
132
88
1
96
104
125
112
120
90
142
135
7
129
157
83
86
141
86
170
109
6
121
98
143
113
145
103
110
95
10
106
105
142
127
128
140
86
102
2
106
120
100
105
106
131
129
136
8
95
98
92
151
122
113
98
154
1
129
106
104
114
104
135
110
113
3
107
168
118
120
139
128
121
122
8
124
100
139
140
128
127
104
125
2
142
98
105
140
141
147
134
112
2
104
150
113
105
107
110
118
99
7
148
134
119
92
100
125
121
127
4
141
119
110
118
99
113
149
130
7
106
98
93
133
93
140
85
100
2
156
129
168
129
113
124
99
115
3
156
112
124
123
89
144
147
84
6
80
113
140
96
64
118
127
69
4
79
99
119
96
149
119
107
110
4
101
139
93
141
118
143
99
136
8
110
98
123
122
100
165
100
100
8
113
115
114
140
101
107
72
112
1
127
115
113
143
99
123
118
132
7
109
147
135
81
117
121
116
99
3
156
92
129
138
114
115
114
86
1
98
119
126
117
106
137
108
85
9
121
134
100
138
106
144
98
102
5
136
75
124
102
113
109
141
94
1
129
147
135
141
142
113
140
113
3
108
114
118
132
113
112
132
113
4
130
127
118
83
113
133
126
156
1
79
131
141
99
127
128
148
107
2
118
105
113
139
131
132
98
120
9
126
133
71
128
127
111
114
133
0
145
95
124
121
153
66
100
121
5
133
144
111
85
163
118
117
127
8
95
130
75
132
105
88
119
114
1
107
137
135
121
108
135
100
120
4
86
122
107
127
78
96
128
138
6
120
121
141
89
133
99
100
141
7
100
108
135
138
120
111
106
107
8
161
108
120
129
108
116
128
155
2
128
108
147
129
154
117
142
101
5
101
113
105
103
155
115
101
138
10
136
147
105
105
128
75
121
113
5
129
109
87
76
133
114
115
85
3
95
138
113
101
143
131
114
97
9
138
140
91
134
126
114
112
123
4
125
147
124
128
92
130
113
126
10
100
106
107
99
111
92
140
116
6
81
84
100
148
136
111
104
127
5
102
133
147
110
154
112
145
102
5
118
135
107
162
114
129
100
113
1
131
135
156
103
137
116
93
113
7
128
93
119
114
132
132
116
94
3
134
121
115
103
91
92
117
104
8
104
85
114
100
148
129
115
127
8
113
84
120
123
113
88
129
93
8
101
129
85
143
123
82
124
121
2
103
98
135
114
141
122
106
121
6
111
98
126
143
95
107
113
120
3
121
179
104
92
119
121
113
126
9
122
101
112
92
142
126
109
106
4
143
136
134
91
108
98
128
108
7
135
113
112
104
142
115
126
108
8
121
103
111
109
92
120
122
103
3
53
119
134
152
93
109
128
94
1
134
112
78
123
131
86
121
100
9
126
112
148
153
115
81
116
97
5
114
115
128
146
132
134
102
160
6
154
100
123
98
127
133
147
143
9
102
109
111
110
113
142
125
122
6
129
157
78
128
154
109
144
122
2
105
76
108
117
113
119
72
127
2
114
120
121
90
149
81
122
125
8
135
143
113
109
93
106
116
77
6
103
133
140
112
109
89
114
140
2
121
121
100
128
136
134
94
107
1
133
148
162
147
140
144
157
141
10
133
149
118
113
84
91
126
107
8
124
116
120
114
139
101
87
120
8
111
115
109
110
82
116
139
125
9
107
97
114
92
113
120
117
98
10
93
135
88
119
106
127
99
109
8
160
116
133
113
105
110
120
124
1
109
112
162
139
112
105
149
119
3
99
105
111
89
133
122
157
127
7
134
115
132
128
122
142
86
114
5
73
111
117
91
97
122
116
128
10
155
84
100
143
147
106
92
112
1
106
134
99
72
121
93
120
101
4
111
94
147
122
153
150
142
65
7
101
159
86
125
122
109
119
127
2
152
106
125
102
100
133
94
106
2
119
157
106
129
138
104
131
145
3
112
114
148
108
121
91
118
113
7
111
123
102
98
117
115
140
150
7
136
107
126
107
127
86
125
127
7
111
116
105
134
137
119
95
126
0
134
135
116
94
99
141
99
113
1
114
107
114
124
106
103
111
106
8
116
142
87
144
85
93
86
117
4
121
96
130
122
127
81
89
119
5
107
104
124
100
100
177
148
105
6
117
144
131
108
94
143
112
106
6
133
114
159
85
119
95
103
109
1
117
90
132
105
155
126
134
91
2
119
100
105
117
100
118
129
90
4
173
115
135
128
106
121
113
157
5
120
112
114
130
124
120
131
142
8
87
140
133
114
132
128
142
125
4
122
64
116
111
119
118
108
62
8
121
127
100
108
149
107
153
132
3
148
122
88
92
124
138
112
112
1
163
122
82
106
101
93
101
99
4
128
122
148
127
136
112
98
107
9
128
124
108
135
121
130
81
100
4
125
141
112
121
76
133
134
134
5
142
110
141
116
106
97
121
121
8
126
150
131
95
134
139
134
163
1
137
129
96
122
146
120
103
155
8
115
152
73
135
95
98
97
128
10
136
148
116
121
92
105
115
93
6
102
102
85
148
111
146
92
146
3
126
122
128
119
134
109
118
107
4
114
89
135
117
129
134
85
120
2
133
121
123
109
85
129
126
105
2
72
58
105
139
108
110
103
100
1
122
128
143
136
135
119
139
127
5
133
138
99
127
104
121
149
113
10
125
90
165
124
124
123
102
80
2
99
159
129
125
136
122
153
120
8
100
143
156
128
137
136
143
144
0
103
155
150
119
156
118
142
107
9
126
107
100
101
107
106
115
95
0
114
139
144
127
121
117
107
101
9
114
119
95
129
126
134
143
84
5
96
95
149
145
120
137
133
107
7
105
120
95
149
119
122
132
100
3
94
100
130
87
107
123
107
124
0
121
162
155
80
101
112
102
110
6
100
99
75
105
119
144
110
127
6
124
125
91
105
114
104
127
142
8
143
106
142
144
120
93
105
118
3
128
105
107
127
120
127
112
107
3
165
134
124
83
102
98
80
106
6
97
74
104
121
112
99
130
107
8
102
115
127
106
135
108
120
94
7
95
122
108
137
146
85
125
87
1
114
111
99
105
84
120
117
95
5
139
108
116
112
122
125
136
88
1
135
136
160
116
143
93
140
127
4
131
106
133
115
107
132
130
119
8
127
92
120
106
117
91
134
75
8
118
104
149
120
106
134
119
105
8
149
110
145
116
96
119
84
143
4
135
79
129
132
103
165
84
126
2
136
128
86
118
79
99
119
126
7
155
114
108
106
124
120
136
114
2
128
121
110
166
135
132
101
105
3
99
134
138
90
133
122
141
129
7
93
115
110
102
81
134
108
138
8
97
141
142
125
93
134
113
131
4
156
113
93
118
128
120
114
136
4
133
104
142
99
100
106
132
122
3
114
118
58
159
126
129
115
119
5
112
113
111
104
130
98
149
154
3
111
98
136
112
104
109
120
126
4
107
101
113
110
93
141
141
95
7
114
140
133
127
156
137
85
134
9
112
116
113
135
126
129
113
75
9
110
153
147
114
127
121
124
114
4
127
136
127
101
84
144
161
121
3
117
115
87
95
115
116
138
141
3
131
102
149
99
136
143
112
131
6
139
91
141
110
98
124
104
107
7
120
139
141
129
108
80
136
135
4
90
121
156
147
127
109
101
114
0
127
125
152
109
126
79
151
113
9
139
92
131
104
126
133
107
182
8
106
113
101
88
127
106
102
127
7
137
85
135
94
118
135
136
149
1
136
83
75
135
119
99
123
144
4
116
100
105
136
118
118
143
86
7
100
113
164
95
92
147
100
78
6
109
100
108
128
73
113
96
87
3
121
163
123
115
112
107
93
100
4
100
127
117
124
120
96
99
157
1
136
120
103
160
109
92
111
104
9
127
114
158
99
76
124
89
56
0
140
124
106
114
147
109
113
135
3
113
124
141
90
72
117
101
133
8
106
133
114
129
99
118
114
107
9
133
88
131
127
127
114
84
125
8
131
159
99
61
120
133
108
141
7
151
108
114
96
110
101
82
106
10
86
118
114
115
83
78
81
141
5
87
96
113
100
89
142
98
100
3
116
149
125
114
108
107
151
115
4
122
99
123
148
100
115
106
124
2
134
125
125
109
86
79
107
149
6
144
79
150
114
106
145
108
124
7
95
92
128
90
149
111
105
84
3
121
99
120
105
143
107
102
99
0
135
101
98
154
131
111
115
129
3
134
137
119
136
105
50
103
138
3
127
124
94
135
150
131
123
138
3
117
135
107
112
156
111
120
119
6
115
127
131
148
120
145
137
131
5
112
110
122
113
155
128
103
86
2
121
86
139
102
103
104
122
76
10
125
131
141
110
119
91
81
91
1
149
108
134
139
112
113
140
123
1
133
93
162
126
120
79
114
114
10
70
128
107
97
133
92
108
100
9
82
125
134
79
113
96
109
126
4
106
137
127
106
111
116
84
122
4
92
122
121
141
97
116
74
82
4
142
94
108
115
135
135
86
139
4
155
118
129
109
99
100
103
99
9
140
149
69
131
152
103
95
129
5
117
114
109
101
121
112
111
99
6
87
141
132
106
80
128
146
100
6
88
98
99
157
106
138
129
127
8
121
109
130
120
123
162
106
129
8
112
120
115
101
117
128
121
100
7
107
127
98
60
78
91
61
119
4
114
120
93
122
153
79
145
124
3
142
106
101
115
133
109
109
131
10
107
104
103
110
121
150
132
151
7
150
143
106
79
117
126
128
135
2
95
138
106
133
156
82
128
106
4
105
114
155
113
126
79
142
113
6
129
116
134
116
113
79
77
135
9
145
106
130
105
109
136
81
106
6
110
126
142
154
91
134
100
108
6
120
121
162
107
127
143
139
121
4
114
92
134
133
127
76
108
108
2
148
133
100
87
96
141
123
120
5
106
97
114
128
129
86
119
127
1
127
82
135
120
113
122
109
134
7
108
120
78
122
121
88
128
98
10
82
143
159
101
119
120
123
134
4
92
89
110
113
142
107
124
135
8
104
125
128
93
149
98
88
114
3
115
84
141
122
118
122
112
102
1
121
120
117
111
108
108
114
115
1
88
99
129
119
75
126
122
126
4
99
116
105
102
123
80
89
100
8
119
124
136
135
155
116
139
120
5
132
106
120
124
97
140
101
127
9
123
128
120
109
92
120
92
85
2
107
108
110
118
102
120
106
131
3
87
163
134
91
120
108
130
113
3
136
79
122
143
92
147
91
112
7
102
136
93
114
135
84
122
139
2
157
85
94
113
93
110
115
118
10
156
135
83
101
93
117
85
93
10
139
79
100
105
143
120
128
100
7
121
129
112
116
154
112
103
142
1
134
87
148
115
141
87
92
126
9
108
114
112
143
106
131
116
129
4
106
127
107
122
99
140
121
105
1
105
81
109
114
150
89
127
148
3
131
126
101
100
132
139
122
85
6
139
102
102
137
65
129
119
120
5
109
105
90
102
167
124
106
101
3
111
138
84
115
110
135
141
132
1
152
121
114
95
102
126
134
119
8
87
107
107
84
149
129
104
86
2
122
141
129
120
144
115
141
107
2
97
129
135
116
121
110
122
99
7
112
140
135
120
138
121
107
133
3
113
105
140
110
121
131
151
127
6
128
96
147
76
119
99
86
181
9
126
144
106
119
84
106
87
171
7
104
120
116
108
145
103
122
126
8
106
114
135
100
142
137
114
152
5
118
82
109
117
119
85
99
130
3
90
94
149
126
155
89
141
120
9
111
106
123
125
91
122
134
113
6
120
127
115
141
103
113
119
138
6
106
135
164
131
112
91
123
140
6
116
129
150
113
107
119
96
119
10
149
161
114
128
151
131
147
129
5
108
154
87
78
143
123
107
148
10
111
98
92
117
114
119
156
117
0
138
134
85
108
142
108
106
115
9
113
99
146
142
108
92
143
143
2
122
120
89
101
106
141
105
128
7
148
100
142
111
121
126
120
78
6
120
124
136
111
134
129
119
131
3
108
121
117
86
106
128
115
123
2
98
128
87
116
121
124
122
122
9
100
96
126
114
116
107
116
101
9
136
94
140
118
125
127
109
88
3
133
145
107
122
98
160
143
145
10
130
118
101
160
141
105
101
136
0
141
119
128
133
77
102
75
107
8
116
127
97
148
107
134
143
114
6
101
135
131
101
101
127
116
146
8
131
98
113
108
164
128
98
152
7
106
99
126
123
136
135
88
114
5
107
102
113
106
122
132
111
124
2
122
94
103
96
134
90
130
148
1
86
124
160
77
115
171
91
136
9
106
151
133
87
116
149
95
115
8
91
132
150
95
100
125
85
136
3
100
127
115
90
111
121
156
100
10
114
148
136
118
135
108
101
114
6
90
158
123
68
139
119
124
137
6
82
155
100
138
94
114
136
112
3
94
116
126
133
87
127
120
111
10
87
159
125
68
142
128
120
139

