11
2
0
9
9
0
8
4
4
14
4
10
2
8
5
8
6
10
13
8
4
7
4
1
0
5
4
107
107
145
125
127
106
141
142
8
132
115
168
140
136
112
134
100
5
115
133
134
131
141
143
149
122
4
98
113
117
125
109
114
156
132
7
100
101
97
125
147
138
114
142
10
129
130
105
71
112
106
122
112
1
131
131
127
114
142
99
104
149
3
114
117
127
134
93
125
120
98
6
117
106
118
69
152
121
113
120
6
119
93
93
113
103
107
148
110
7
106
128
100
143
113
115
117
100
5
105
98
121
102
132
109
114
100
4
108
105
129
122
77
136
118
138
8
115
123
100
136
99
114
110
115
1
159
114
101
86
115
82
133
114
10
107
101
122
158
133
107
129
98
5
113
135
127
133
124
168
69
114
5
148
86
140
92
177
135
110
141
6
148
127
83
102
120
108
106
128
7
94
136
127
113
134
114
84
135
4
148
141
133
156
150
103
128
112
7
121
162
91
142
101
137
89
139
9
87
94
133
113
129
149
111
112
7
105
73
100
119
101
69
105
146
2
112
105
128
106
120
128
100
103
4
122
125
124
98
112
135
89
130
5
93
124
85
124
90
66
92
117
4
131
119
108
144
133
112
136
86
5
136
87
135
108
131
92
154
137
7
123
135
99
125
149
106
132
125
6
81
97
128
139
82
71
79
94
6
127
137
117
128
140
125
114
119
6
147
108
135
121
75
91
103
178
6
126
126
149
126
126
172
70
109
2
82
101
147
143
134
134
154
147
9
100
107
141
60
125
110
112
109
4
106
109
143
116
89
142
109
112
7
93
111
93
113
131
98
102
142
4
93
78
109
95
113
101
117
119
8
115
113
127
137
121
115
90
127
7
115
78
92
94
116
140
156
167
10
157
112
100
138
79
79
122
102
4
127
109
112
134
105
105
113
126
9
122
102
85
150
162
130
141
135
5
115
110
140
86
153
127
121
121
6
94
107
58
127
153
141
86
144
5
127
120
108
119
99
83
164
128
4
164
137
92
109
81
155
127
138
2
105
121
110
151
119
112
123
108
7
143
94
140
84
99
142
88
136
7
109
86
124
135
107
126
96
126
5
123
92
77
162
106
113
126
92
4
123
94
114
105
162
125
138
78
6
132
104
102
127
100
120
91
94
9
112
107
128
121
142
110
141
125
3
110
126
127
106
102
134
102
121
1
119
131
113
113
98
117
141
127
5
112
107
76
105
98
97
99
112
10
120
140
100
124
97
119
135
85
5
104
107
131
123
110
119
107
118
9
115
106
157
140
114
135
114
108
0
122
111
87
127
94
92
118
142
7
97
121
100
121
78
108
115
140
1
118
115
106
122
132
136
120
116
3
113
89
108
112
128
113
119
152
10
170
104
108
91
121
145
112
144
8
152
105
120
129
120
140
128
116
8
129
133
132
127
144
134
98
131
2
127
113
136
117
168
85
117
138
6
64
101
120
174
147
145
120
114
1
123
116
113
115
142
128
85
124
9
98
116
130
68
121
106
122
156
4
86
132
147
152
129
110
93
127
2
135
150
108
134
161
116
108
91
3
114
85
127
178
140
99
139
137
0
114
129
163
148
92
114
147
124
1
120
113
148
106
81
106
107
119
6
134
118
135
114
88
124
112
83
5
127
146
130
105
122
117
101
112
2
153
100
128
128
121
94
120
123
10
123
105
113
87
113
121
85
105
4
74
71
128
112
140
125
138
113
9
132
104
113
127
122
132
102
120
4
95
146
101
130
112
136
160
125
5
114
106
112
150
148
128
130
123
3
141
134
134
142
157
119
130
163
0
136
112
87
103
133
107
126
119
7
121
154
112
73
127
123
118
143
0
103
139
146
111
122
76
122
86
3
134
118
106
69
95
114
118
142
7
82
120
96
106
101
141
70
104
7
114
120
129
116
115
137
142
113
5
121
124
93
100
114
140
67
112
4
132
127
114
137
98
102
84
146
0
122
161
135
92
72
156
122
119
3
109
151
100
114
87
136
102
106
1
104
101
123
99
84
143
109
116
8
100
128
99
96
103
114
127
114
6
119
158
93
87
135
122
139
135
8
156
118
132
116
120
133
109
100
7
114
120
129
107
77
107
142
96
8
129
136
128
114
126
148
119
104
5
161
142
100
99
110
110
154
114
2
111
125
112
107
113
134
113
135
9
111
133
127
99
133
104
134
112
2
110
104
93
110
114
88
111
148
2
117
159
126
93
125
105
67
113
8
134
129
111
119
79
93
148
105
0
105
128
111
130
78
111
85
100
8
75
152
128
145
122
155
108
113
7
92
128
136
160
155
127
143
99
5
126
117
114
116
114
105
98
135
7
121
123
64
137
113
104
108
121
1
84
156
106
120
135
130
129
108
1
94
96
133
95
78
106
124
98
10
74
109
144
136
86
107
109
99
1
116
128
119
120
127
120
112
101
4
133
97
131
107
119
132
155
104
3
98
149
143
142
104
127
114
106
9
134
93
140
100
120
110
136
90
3
138
101
149
114
107
136
101
108
6
113
133
109
98
94
120
108
106
7
132
89
129
147
120
107
113
88
1
84
114
95
100
140
101
115
106
3
125
143
122
112
113
115
133
117
5
146
167
115
126
149
145
129
176
8
118
111
132
117
110
149
108
103
2
114
85
93
103
112
125
90
128
4
93
102
130
119
92
138
112
123
5
105
107
114
103
131
120
129
144
3
111
108
106
127
98
79
127
116
3
135
113
100
118
110
122
106
109
3
119
150
108
122
101
107
99
85
5
149
127
128
133
92
112
94
94
9
162
134
133
113
84
103
115
78
4
100
119
121
146
99
85
112
117
10
102
114
127
112
117
119
133
114
8
143
101
123
127
135
146
79
92
3
143
106
100
97
123
106
131
126
6
130
127
139
114
123
87
119
121
0
111
117
129
113
117
128
122
127
5
97
100
119
63
107
94
94
150
3
88
142
97
139
75
85
92
99
1
150
146
100
127
93
92
100
114
6
148
122
104
80
120
94
128
109
5
116
127
111
144
94
69
90
98
4
148
129
140
114
135
113
104
128
3
131
124
142
99
99
119
97
95
5
119
129
120
163
121
120
177
97
3
118
119
99
133
119
126
143
107
7
103
114
65
100
86
105
96
121
4
120
152
113
131
128
93
123
110
4
90
134
120
99
123
98
73
135
2
142
106
128
112
101
105
109
93
9
100
127
128
47
105
105
130
56
9
111
112
112
97
111
106
127
103
4
134
106
99
105
122
156
146
135
0
130
107
114
111
140
112
125
97
0
95
115
99
100
93
118
126
116
1
110
133
110
116
111
105
127
89
5
147
109
95
99
95
116
119
120
6
141
113
115
122
84
113
126
115
2
140
113
118
106
128
90
118
98
7
134
93
115
105
136
97
93
118
7
111
96
145
107
129
115
128
148
7
100
112
114
113
117
115
123
150
2
114
95
95
93
119
119
113
151
1
120
82
71
115
114
161
128
125
7
132
102
104
101
111
94
116
121
2
115
91
114
158
121
97
137
87
8
129
123
100
114
105
105
119
102
1
95
106
93
119
130
134
142
136
3
123
115
130
107
102
100
106
117
2
87
102
113
103
128
129
130
117
7
111
136
125
142
132
91
121
114
2
127
113
91
120
101
139
102
154
6
113
96
102
100
139
141
127
114
0
121
107
124
127
84
87
105
112
3
128
109
179
115
99
107
137
145
7
154
112
133
107
117
91
106
105
10
128
133
112
107
114
109
113
71
5
123
111
121
113
122
114
100
137
3
127
91
77
96
144
98
112
113
7
110
92
151
87
91
157
157
122
7
107
175
109
124
134
92
94
148
1
142
156
112
94
123
93
124
89
0
142
141
135
98
114
141
112
94
5
153
115
121
135
107
107
115
86
8
135
125
133
136
94
76
85
165
1
124
128
129
106
146
131
140
127
3
143
135
139
115
127
112
119
113
0
133
81
72
121
143
87
133
86
10
163
92
113
93
109
127
117
130
8
144
95
136
119
139
116
118
125
4
128
136
143
127
128
101
128
111
1
106
106
107
112
147
91
96
87
4
84
127
142
106
109
116
154
131
0
83
99
107
100
164
118
134
106
1
143
102
120
97
112
122
162
134
9
128
133
110
86
112
125
169
130
5
91
114
112
138
105
134
105
134
6
141
154
149
96
101
100
108
93
8
115
129
114
122
125
105
110
134
9
128
120
129
99
127
93
100
85
9
147
100
143
94
142
113
101
98
6
113
116
112
100
136
117
120
115
6
73
119
92
102
135
141
165
117
2
127
138
130
143
113
135
108
100
0
119
115
102
163
116
126
148
138
3
108
107
91
135
120
111
142
102
4
116
142
103
127
103
156
141
126
0
105
88
105
115
107
134
105
127
4
121
149
110
138
99
124
92
83
3
144
63
119
118
77
118
106
135
7
119
79
141
128
118
110
86
133
1
133
85
131
129
130
148
99
66
7
128
123
112
111
105
77
91
147
9
120
95
135
122
113
108
72
148
3
122
106
105
114
105
106
106
127
3
103
126
91
122
148
106
107
114
6
135
109
117
144
99
107
128
125
1
136
170
130
108
100
127
100
96
2
103
127
140
142
98
145
127
117
1
128
98
101
79
118
112
108
119
2
95
134
128
80
93
115
123
92
2
105
112
118
116
131
160
137
132
2
105
127
143
121
114
97
111
147
0
116
119
92
112
100
131
134
128
6
120
142
108
156
124
85
119
151
5
100
119
127
87
96
161
130
136
7
98
121
133
94
113
82
139
105
8
87
120
125
85
107
83
109
102
1
118
136
112
85
108
136
132
132
6
129
82
148
105
104
106
141
114
10
98
86
109
138
129
77
127
159
6
87
124
143
136
151
134
129
116
3
85
102
104
138
149
102
178
132
5
128
83
135
98
102
133
143
121
1
91
167
116
155
125
157
139
98
9
120
147
101
108
121
107
109
108
3
103
94
115
136
115
135
129
126
9
141
63
95
115
127
141
118
146
8
113
95
130
130
103
99
120
109
1
106
103
124
155
113
146
126
148
7
136
118
94
128
119
93
131
120
3
124
127
133
117
92
142
141
115
6
78
98
115
107
112
87
85
80
7
99
116
67
107
150
106
107
127
3
118
113
107
117
125
114
105
127
3
129
126
148
107
134
108
84
142
7
85
84
99
127
112
140
121
129
9
122
131
112
120
131
114
88
141
7
115
122
117
126
113
126
137
126
3
121
144
156
135
121
145
125
132
2
133
106
137
148
107
172
123
137
4
147
115
120
143
133
107
149
97
1
141
108
126
88
128
141
101
87
8
106
88
149
123
132
140
80
92
8
133
128
121
93
152
121
95
121
5
126
121
99
86
130
116
119
141
5
155
116
148
86
136
104
105
129
8
84
115
120
123
120
120
113
114
7
69
126
98
104
114
87
133
114
1
92
119
146
95
71
121
100
92
3
138
93
108
114
95
138
154
131
6
163
113
135
101
77
133
121
150
1
115
127
137
128
142
148
113
99
9
104
89
131
121
120
141
105
116
9
92
93
126
119
117
120
81
147
2
97
72
65
136
110
122
115
120
10
127
114
147
115
106
66
93
123
1
145
97
146
98
114
124
119
81
0
149
110
141
119
115
138
80
118
3
78
121
122
120
140
121
63
145
1
96
121
91
134
84
100
127
133
9
92
75
114
150
104
121
134
106
3
78
129
90
104
118
142
106
112
6
140
92
121
134
116
79
105
100
2
121
113
105
113
137
92
128
127
7
115
115
132
139
139
119
118
96
7
122
100
123
101
98
127
128
93
7
157
120
126
112
128
113
113
137
6
145
107
112
143
108
103
147
98
6
103
108
125
130
105
101
133
139
6
96
96
110
128
141
86
105
105
5
108
134
107
113
107
110
104
86
6
113
122
97
121
124
102
63
102
10
124
135
103
108
120
116
146
114
7
125
115
109
98
133
85
101
98
1
92
120
119
120
102
121
100
93
9
163
109
169
115
133
119
115
80
6
98
110
86
143
118
95
88
102
9
115
108
90
105
120
78
119
101
2
126
139
83
128
127
140
157
137
5
161
108
136
162
87
116
77
93
7
84
119
113
120
73
116
143
82
7
124
132
137
113
127
120
119
109
1
142
88
84
102
113
133
108
141
7
139
105
122
87
106
136
113
126
7
117
119
112
115
134
118
147
83
1
113
122
114
112
95
122
101
119
0
93
114
102
114
128
138
142
124
5
110
134
150
99
156
91
120
92
10
129
116
104
119
93
95
132
117
8
58
137
105
107
104
114
97
99
7
120
119
109
114
94
105
95
109
7
133
149
154
78
82
95
183
90
5
124
121
126
143
130
103
111
136
1
126
94
146
154
122
146
111
145
2
132
126
113
95
115
103
111
114
3
132
120
104
91
87
112
129
95
7
109
84
154
99
79
124
113
106
8
134
100
118
121
121
142
129
120
3
114
119
106
129
114
129
126
153
1
107
148
162
129
120
98
150
141
2
99
92
121
149
76
120
133
146
5
124
121
111
141
115
84
119
98
9
105
114
115
128
149
161
142
134
10
110
118
112
129
121
134
89
109
3
150
152
140
132
101
153
107
125
3
126
84
142
112
100
92
130
116
9
141
103
66
130
88
128
148
93
8
97
134
115
99
108
111
152
106
0
110
132
133
111
113
91
135
85
8
122
96
113
126
123
119
86
148
2
142
115
129
139
99
107
98
122
4
118
97
121
138
166
114
114
105
7
107
117
122
124
108
129
117
135
1
119
123
84
115
119
84
116
91
4
139
121
113
117
145
86
111
99
2
105
129
120
133
131
79
141
157
5
100
81
115
99
86
100
119
107
4
137
72
129
141
94
147
122
124
6
157
120
129
152
115
115
109
120
7
128
120
121
129
126
113
120
92
0
136
117
120
140
110
142
117
108
2
88
124
126
86
100
120
110
91
1
113
138
115
94
129
117
112
134
2
119
75
115
147
113
115
125
121
1
130
108
131
104
83
136
119
92
6
136
91
146
132
128
124
107
78
2
120
148
93
132
132
113
124
150
1
117
128
105
116
102
142
119
140
8
90
93
121
121
144
104
103
106
5
105
149
126
98
147
127
107
86
7
109
155
135
112
97
112
123
135
4
106
121
128
107
150
130
107
112
6
94
123
121
136
135
112
113
103
2
115
135
159
121
134
141
130
122
9
134
78
146
133
106
138
136
101
6
120
155
111
155
132
134
104
119
2
128
124
114
148
122
118
99
126
4
121
107
114
141
69
111
134
91
1
99
116
100
117
113
122
100
136
3
117
86
102
121
113
114
124
135
6
92
121
129
131
162
86
145
105
6
130
144
105
116
137
113
93
170
10
121
123
115
110
136
121
131
103
7
123
119
160
162
130
134
142
133
6
168
148
111
95
131
106
119
149
2
130
112
127
77
113
112
133
112
2
121
108
107
115
113
140
114
93
5
122
126
88
127
123
96
143
93
4
105
106
100
98
112
135
94
81
8
114
113
105
139
120
153
137
128
4
134
143
137
137
132
132
133
157
5
107
143
81
135
124
65
116
112
8
97
154
109
131
133
114
97
131
2
127
105
121
96
103
118
108
131
1
123
96
123
84
102
97
134
84
9
121
113
120
87
154
128
122
122
8
67
145
126
127
134
102
80
115
5
98
142
105
126
140
143
82
125
9
98
128
119
135
116
113
115
131
7
108
103
106
116
136
106
74
145
3
130
112
138
105
113
162
78
93
1
100
130
127
127
116
84
124
73
3
100
96
114
121
126
72
155
121
2
124
91
108
109
125
135
124
91
8
135
113
74
87
100
113
113
120
7
128
116
153
86
127
86
134
120
4
133
124
121
184
91
126
105
120
3
109
92
112
107
132
120
78
134
10
115
136
111
58
96
114
93
136
6
70
128
97
142
100
92
107
84
1
133
90
58
112
121
83
104
105
2
126
120
112
130
130
145
147
121
8
153
125
130
118
125
102
91
112
7
130
92
54
113
120
83
105
98
0
121
122
110
129
126
145
149
126

