15
2
5
8
2
5
8
1
4
14
9
9
0
6
9
8
2
3
15
4
1
7
5
7
3
4
10
128
127
114
135
106
105
114
129
10
125
111
122
113
102
94
145
98
3
118
147
126
80
93
105
127
128
3
135
101
86
113
111
94
146
117
2
135
100
100
119
138
107
97
161
5
156
81
97
130
120
128
113
113
8
106
114
120
170
132
86
104
119
3
93
100
127
112
124
140
121
143
9
115
127
99
113
114
94
120
100
4
98
110
119
155
115
86
141
125
9
123
114
149
119
113
101
104
125
10
121
123
94
100
150
107
101
95
3
99
129
100
117
110
123
120
72
6
147
84
86
119
120
126
119
111
8
64
116
154
96
130
107
139
136
1
119
112
162
129
130
116
85
84
6
81
171
122
128
120
114
121
131
1
104
134
108
89
130
112
125
117
5
136
135
126
88
126
132
97
95
7
113
113
128
110
80
126
132
168
10
114
128
129
123
126
84
139
114
7
108
122
125
92
121
87
106
108
7
106
138
82
120
127
131
88
100
1
106
118
107
110
80
87
100
96
4
121
143
122
104
125
108
117
112
1
93
95
103
133
130
114
130
92
2
133
144
127
116
128
112
128
102
10
124
97
134
138
109
82
128
127
9
92
103
121
97
133
136
121
78
6
115
171
134
87
125
91
111
176
5
124
93
100
132
88
156
103
105
5
105
120
119
123
146
100
126
95
5
100
127
95
163
106
105
128
119
9
106
124
95
151
105
149
127
76
3
118
100
137
125
121
105
138
117
8
128
81
106
149
135
131
147
103
7
106
168
110
150
103
116
121
141
1
127
119
112
104
94
142
79
135
5
129
140
118
148
145
115
166
106
10
115
121
140
92
103
120
128
171
5
100
125
123
73
141
92
95
115
4
123
114
91
122
115
128
140
133
6
92
79
114
133
82
105
143
78
1
60
107
143
125
85
110
132
133
1
96
115
120
116
124
105
129
121
3
84
138
117
130
128
144
121
82
9
113
92
112
129
127
141
138
129
2
119
122
108
157
89
91
122
99
10
101
101
130
92
134
130
83
112
8
113
97
132
122
107
115
107
122
9
85
108
98
133
115
116
130
122
9
97
103
100
128
107
119
99
119
3
116
153
115
138
126
112
129
106
4
91
119
134
129
105
114
107
75
9
107
101
120
141
115
100
88
131
9
109
136
113
83
115
150
113
118
5
122
98
123
108
89
149
131
105
8
106
135
120
74
111
150
112
99
8
133
130
85
119
92
114
78
115
7
111
111
148
121
118
148
91
119
5
137
134
112
71
67
129
120
87
3
94
108
95
163
81
108
127
83
6
106
79
113
100
119
120
136
99
3
105
142
123
121
119
98
78
107
3
103
147
149
123
114
149
127
121
1
115
127
109
134
138
138
109
106
1
80
126
128
114
120
124
105
121
2
77
106
119
123
120
126
105
117
4
107
129
147
129
85
114
133
121
9
136
83
119
149
113
109
91
150
0
126
156
139
143
110
82
147
84
5
82
118
106
127
136
84
125
128
5
110
138
106
113
121
117
113
142
6
93
150
75
122
106
162
150
123
3
161
112
119
154
120
114
113
114
0
130
135
133
66
137
122
97
119
10
122
88
93
119
150
128
142
150
3
144
88
113
127
93
108
141
121
5
106
136
107
142
70
115
118
138
8
122
118
102
132
115
94
135
93
8
107
119
100
113
122
92
127
133
1
135
134
74
152
105
136
106
107
3
95
107
110
137
92
158
108
113
2
136
130
111
123
104
115
172
146
1
127
113
118
91
121
123
121
169
4
94
113
131
113
135
121
127
126
6
111
118
95
141
143
123
97
137
4
137
112
143
100
104
129
129
147
1
107
64
113
136
117
114
138
130
1
85
117
136
61
98
127
103
121
8
136
107
104
113
129
120
102
122
9
106
86
127
115
137
105
119
106
4
100
129
98
163
151
86
119
100
8
131
147
141
81
103
128
94
131
7
124
114
120
122
77
96
90
101
1
97
100
134
123
119
95
136
153
6
113
120
99
115
152
149
114
123
8
121
82
142
142
79
95
107
136
5
133
89
138
128
102
115
96
101
6
126
163
134
81
122
107
128
101
5
129
98
153
100
126
94
96
84
5
99
113
113
140
99
89
155
92
7
105
154
107
133
120
100
128
108
5
136
79
98
101
115
137
125
134
5
137
140
136
131
130
91
129
126
5
129
121
124
145
115
119
89
104
6
112
122
142
169
170
140
126
115
6
136
116
164
136
96
93
136
127
0
137
167
137
117
112
105
146
93
5
129
119
124
155
118
64
114
109
4
134
91
138
116
148
147
113
106
4
100
102
119
127
105
127
141
105
5
105
155
128
129
90
120
120
118
1
116
101
135
129
132
149
167
132
9
142
104
134
127
85
120
105
122
2
106
134
107
149
128
108
141
149
3
108
93
108
126
109
88
106
92
6
129
112
164
135
150
117
121
155
1
122
101
142
115
130
139
142
134
5
128
96
112
119
135
135
130
150
9
115
113
138
154
113
115
114
162
3
98
92
92
137
97
108
128
142
9
140
101
133
117
112
137
92
89
2
98
80
103
101
128
133
99
142
8
73
100
107
125
130
115
135
122
4
119
117
79
73
87
144
136
122
8
151
130
98
128
142
153
102
168
3
105
157
145
133
98
132
126
138
8
136
103
127
131
128
140
127
128
3
99
111
110
135
99
108
124
122
6
108
141
137
121
120
126
120
158
6
110
107
77
128
122
107
100
136
8
114
120
93
128
122
107
140
74
6
137
128
109
110
121
136
101
87
3
88
98
123
94
113
128
110
117
2
112
138
129
124
93
115
128
97
8
89
115
129
99
149
140
107
79
8
116
141
108
157
100
118
118
120
6
113
102
135
119
124
104
151
119
2
134
113
126
128
132
94
125
88
3
133
120
106
126
121
107
105
156
4
89
121
104
98
92
112
120
107
8
92
121
103
114
102
128
89
102
6
72
87
79
163
157
121
147
119
4
107
135
140
132
148
78
100
109
5
177
110
96
147
153
163
142
162
4
114
108
114
98
114
86
121
127
5
88
72
113
97
143
116
148
134
5
101
115
121
101
103
107
108
133
7
107
120
113
105
115
132
120
85
6
77
78
110
140
86
121
135
124
7
86
83
118
88
100
129
116
136
8
128
168
119
112
109
123
154
94
9
105
141
91
112
121
85
113
106
7
119
107
141
108
102
88
93
122
7
108
110
120
119
113
111
99
142
0
121
128
120
121
148
115
95
119
7
122
101
88
134
126
100
147
123
9
86
94
99
140
114
115
135
176
8
126
106
131
130
115
144
125
124
10
69
149
114
107
128
147
98
129
4
101
106
70
124
124
80
115
130
10
128
98
122
88
123
98
151
103
2
127
149
103
99
162
134
156
112
8
115
112
140
141
135
133
134
135
9
136
123
110
138
119
121
133
157
2
92
128
81
143
98
92
127
143
3
108
79
90
82
134
107
150
134
6
126
125
120
114
159
81
92
114
0
109
133
113
149
113
102
125
120
5
114
145
75
142
163
107
141
83
0
84
101
94
87
113
108
128
124
3
137
155
99
126
97
164
128
79
1
86
143
115
129
103
101
101
86
3
112
163
98
109
124
101
101
118
4
101
119
79
93
141
118
113
92
7
129
110
125
116
88
108
117
93
8
135
133
135
152
87
98
121
127
0
138
134
71
128
84
71
106
102
1
140
95
134
118
117
97
129
117
4
86
122
100
68
123
108
129
119
3
98
91
111
124
132
104
135
120
5
126
115
123
156
110
115
107
129
6
131
106
115
108
113
117
122
104
3
99
111
91
81
112
92
143
113
6
128
110
106
108
118
121
111
75
3
118
113
108
113
126
117
121
130
10
128
107
94
108
106
136
138
117
10
115
100
139
102
89
131
112
146
5
117
91
77
132
98
119
86
119
7
91
120
81
86
124
141
123
109
9
144
128
134
142
149
151
108
72
9
134
101
121
157
120
97
114
149
8
144
109
123
116
112
137
129
103
2
110
106
99
120
104
122
94
110
7
122
86
128
127
127
102
139
95
7
121
96
147
91
102
109
124
125
3
103
114
136
136
94
121
140
120
1
130
121
145
96
157
94
117
129
10
125
113
111
82
119
120
134
104
8
127
127
88
126
98
133
101
113
6
96
126
124
126
173
99
142
114
10
104
114
148
128
112
120
107
106
7
109
86
113
140
118
147
101
132
0
91
92
139
92
112
134
115
79
7
128
135
113
116
92
129
140
114
3
97
107
117
129
94
106
106
121
4
112
106
109
123
120
116
89
152
6
91
88
115
135
86
141
84
133
4
128
119
125
131
129
122
104
130
6
141
141
101
113
108
86
156
153
1
143
99
103
102
104
105
115
91
9
107
108
102
136
134
113
153
96
8
105
171
108
106
120
107
56
91
6
141
102
112
108
113
82
127
114
7
114
106
72
106
133
94
103
148
4
131
123
131
88
141
127
98
142
7
104
118
144
121
119
86
101
127
5
156
132
124
140
127
114
91
98
5
149
115
113
106
115
110
143
128
6
146
153
101
150
127
99
130
98
3
106
143
110
100
102
106
111
136
6
140
146
109
136
120
92
113
98
6
126
140
160
156
133
141
89
120
5
131
85
136
100
103
111
135
108
1
143
120
93
115
131
103
124
100
9
95
117
117
116
160
115
65
115
6
112
165
154
111
126
108
109
117
5
112
114
126
129
113
128
125
89
3
124
106
138
102
101
145
110
80
6
100
134
98
107
122
108
90
94
3
108
120
109
98
99
124
113
83
2
148
117
99
119
79
93
128
157
5
98
107
119
106
130
118
116
164
1
142
119
89
136
115
95
101
140
3
126
128
135
77
141
98
148
106
1
135
91
90
125
149
84
146
101
4
116
136
117
106
119
92
134
93
8
84
134
93
91
156
112
115
142
3
116
117
122
119
81
120
155
123
9
84
107
66
113
113
130
101
98
9
147
116
164
111
134
113
139
113
5
144
128
120
139
119
122
134
124
7
135
114
127
138
114
115
109
120
3
116
119
133
104
128
121
125
109
2
96
146
141
106
120
100
107
114
10
109
119
121
96
122
109
127
142
3
120
97
133
104
87
123
100
98
2
101
127
106
115
120
85
120
104
9
118
124
121
99
105
128
152
124
0
146
93
140
135
68
129
113
106
4
119
105
98
104
106
106
92
93
8
140
116
98
102
115
101
116
121
2
110
114
121
145
112
131
111
106
1
114
124
133
108
119
140
115
83
7
101
126
150
143
50
141
99
66
8
66
78
127
108
96
119
128
141
5
112
93
106
86
123
89
141
142
1
108
134
102
129
86
107
91
129
1
133
145
107
114
100
136
135
128
8
113
127
137
142
104
118
156
85
2
115
100
114
128
84
127
47
105
8
136
90
133
118
70
114
114
114
6
115
102
100
95
127
120
115
121
6
115
121
140
141
94
92
106
96
6
138
133
132
133
126
144
105
101
4
122
141
100
103
78
142
163
118
8
99
149
123
91
131
94
142
126
9
126
86
87
100
123
106
87
109
2
136
116
128
112
98
119
85
85
3
129
139
120
144
115
91
114
100
0
130
127
60
134
134
118
71
122
9
111
116
140
113
116
141
140
86
6
119
109
124
131
124
123
120
125
1
139
122
140
126
136
106
124
118
7
81
119
103
143
107
102
141
124
7
93
142
99
90
164
92
103
125
3
106
142
75
134
124
117
99
120
0
111
100
109
114
98
136
131
119
9
90
100
149
137
136
100
78
107
5
106
122
126
87
129
136
127
109
9
113
134
113
102
91
121
110
136
1
105
145
94
108
110
105
128
136
8
105
148
91
98
129
114
118
111
1
117
104
109
111
86
124
112
141
9
78
142
92
147
93
88
137
100
5
126
127
143
113
135
171
103
135
7
122
114
113
126
121
108
139
113
2
132
103
95
92
98
105
140
105
8
114
110
105
143
108
120
137
120
2
120
128
119
82
121
119
127
85
5
121
102
133
149
96
105
99
108
8
116
156
145
115
129
119
99
121
6
149
99
114
131
85
129
115
126
1
123
117
81
129
127
112
150
116
6
115
140
147
113
114
99
138
135
10
97
102
132
98
125
115
93
132
2
140
78
128
142
118
131
110
118
10
127
95
131
117
113
116
127
92
2
115
142
113
129
99
101
106
135
9
106
72
102
94
114
142
125
101
7
140
120
125
121
153
97
87
140
8
105
96
112
108
120
139
100
127
4
101
112
139
106
157
94
114
136
7
92
143
143
124
110
117
147
108
8
146
107
122
121
127
145
115
142
1
105
133
135
128
148
135
127
128
4
123
139
109
105
124
113
120
134
2
135
113
94
114
84
100
103
110
5
105
134
111
138
127
109
93
107
4
132
140
120
125
113
96
100
124
5
136
152
111
108
120
121
114
121
2
96
85
99
126
97
147
100
109
5
113
137
135
108
125
100
124
142
0
93
133
135
85
126
89
89
119
8
117
100
80
76
92
137
100
93
3
85
97
94
112
128
125
109
98
2
116
127
89
140
102
101
101
148
1
151
127
116
107
107
125
137
108
8
92
114
92
116
113
115
129
97
3
114
156
139
130
123
120
108
117
9
128
106
143
118
104
115
106
137
8
107
136
95
145
80
101
128
125
7
125
106
141
81
99
135
86
128
2
73
94
79
119
170
110
119
112
5
105
126
119
87
109
91
120
61
7
140
86
125
106
109
106
130
103
5
154
95
133
124
140
156
77
148
3
125
104
105
94
113
114
148
129
5
99
111
132
120
117
100
99
119
5
126
99
112
145
101
117
71
107
2
128
143
136
114
100
117
135
89
4
109
158
137
138
126
135
112
119
9
123
112
135
134
111
124
108
142
6
122
99
144
119
141
119
98
122
4
149
108
130
133
96
123
136
119
3
110
109
124
115
175
113
128
170
3
72
110
130
122
92
127
72
157
4
115
119
83
95
122
145
119
105
8
114
102
93
104
99
99
91
113
6
155
107
127
130
113
120
126
125
2
143
116
120
170
73
125
121
127
1
112
99
126
147
128
107
108
141
9
135
107
120
120
94
115
120
126
1
127
131
135
100
136
102
113
102
2
136
156
127
101
110
123
122
106
4
114
105
148
133
124
121
137
107
3
104
95
99
114
108
120
110
122
1
128
150
111
121
155
124
130
142
6
149
100
122
108
98
132
108
107
9
95
120
141
123
137
122
100
130
8
85
93
114
123
107
75
136
89
3
143
101
121
135
144
95
118
113
6
120
93
86
119
111
109
126
131
8
112
103
94
120
124
108
154
116
6
116
144
136
105
110
120
114
134
7
113
136
116
121
111
104
130
123
7
148
106
163
121
129
114
134
125
3
121
87
120
109
102
97
104
92
10
112
112
82
97
149
123
78
127
1
151
151
132
135
135
106
144
115
1
140
94
88
102
125
112
140
116
0
95
117
91
122
125
109
132
128
1
121
92
134
119
135
133
127
98
8
94
118
91
92
128
145
143
119
8
94
84
100
100
116
111
99
82
6
115
106
120
117
93
108
117
101
5
121
97
144
128
128
120
149
124
10
104
92
128
121
141
106
107
127
3
118
98
113
113
112
100
135
121
2
114
126
144
64
102
141
113
115
5
114
119
121
118
127
116
118
128
10
132
114
133
85
102
119
106
105
0
104
102
112
100
87
121
89
123
1
143
109
98
110
116
123
109
111
7
105
129
100
149
101
100
94
89
3
126
91
104
120
136
128
121
144
3
109
127
107
100
113
141
108
142
9
121
101
115
110
134
105
156
124
2
121
171
132
122
127
133
127
128
9
155
101
119
132
121
89
106
115
9
121
126
87
104
130
106
148
91
9
121
142
112
140
98
101
114
137
7
70
122
135
135
102
123
136
134
1
92
103
129
150
71
111
120
126
1
128
123
130
142
131
119
98
146
6
113
108
106
153
98
128
122
106
1
129
101
110
143
118
100
146
132
2
129
119
121
103
155
110
120
114
6
113
105
114
150
105
136
126
105

