11
5
3
2
7
6
2
2
3
15
0
2
1
6
8
6
7
9
8
4
9
7
9
2
5
1
7
115
106
103
96
113
131
112
95
6
67
106
118
136
141
80
124
132
9
90
111
101
122
145
100
116
96
10
131
117
156
80
99
100
124
106
5
108
119
86
121
102
148
142
122
0
110
126
95
147
120
112
100
92
1
89
127
114
111
136
130
93
149
5
116
155
106
128
113
106
139
138
7
135
124
155
190
98
150
115
129
9
182
101
104
84
126
110
114
85
6
115
127
122
92
127
81
113
90
10
139
134
101
133
104
128
111
133
10
129
78
113
134
131
72
149
112
5
78
120
122
132
117
120
134
134
2
131
114
121
140
127
114
105
93
7
102
128
112
106
91
126
104
147
4
141
127
125
118
135
163
127
102
3
128
101
58
147
108
118
120
131
6
120
91
105
112
113
111
126
135
5
94
151
122
81
117
141
134
134
3
131
116
96
111
140
120
119
152
3
106
104
107
118
114
134
100
135
10
147
101
77
86
125
98
131
141
2
110
96
91
96
93
114
114
92
1
83
115
105
72
103
108
157
176
5
127
129
141
156
129
156
123
116
3
133
130
79
99
107
101
104
113
1
107
113
138
121
101
133
123
92
5
140
134
105
100
129
84
107
106
1
139
106
130
75
106
135
121
81
3
120
121
141
128
135
137
112
92
3
100
133
99
136
117
104
89
122
1
120
105
122
99
112
130
111
93
9
153
104
132
121
154
158
158
121
6
112
128
117
78
127
106
144
116
4
119
119
143
86
134
106
102
121
5
93
126
100
121
126
91
142
108
2
149
85
88
127
138
111
102
127
5
141
164
122
78
152
155
138
158
6
146
92
101
92
108
111
131
119
9
120
119
120
110
126
131
115
121
3
110
134
102
142
120
71
99
120
8
123
117
96
122
112
97
133
115
6
121
112
176
157
108
154
87
124
6
92
135
115
141
127
88
129
108
3
85
80
132
110
134
105
117
110
0
117
145
141
105
115
135
114
90
6
120
135
100
98
128
114
148
73
2
123
129
97
98
149
136
113
114
1
131
93
80
113
150
117
107
115
8
93
129
127
120
110
134
147
131
10
115
71
93
120
99
126
111
140
8
104
125
135
97
76
92
94
122
5
78
133
122
100
111
148
121
99
4
122
148
150
120
122
127
113
142
1
103
100
122
113
127
139
143
141
9
133
125
108
80
119
93
137
92
3
123
92
106
118
108
108
132
74
9
120
131
127
112
140
132
155
84
7
125
116
99
115
138
126
123
93
5
124
113
114
106
126
107
134
95
2
124
78
127
107
124
124
135
127
7
100
154
155
150
114
121
94
106
7
123
129
100
132
108
91
137
109
2
106
156
129
105
77
142
99
88
2
128
114
128
121
141
86
71
119
9
125
127
105
89
107
118
134
118
2
104
120
137
116
108
111
109
110
1
139
118
115
129
108
91
126
137
3
114
103
99
110
91
122
114
119
3
114
93
120
107
143
106
124
108
0
132
138
139
136
113
107
101
120
3
105
112
124
120
136
115
112
114
9
103
136
130
130
121
143
141
128
6
133
126
85
129
128
144
155
119
7
100
120
101
133
84
129
120
147
7
127
91
74
86
79
99
94
135
1
140
113
71
84
134
110
110
79
8
103
124
132
121
141
120
126
129
4
143
120
128
113
113
126
145
86
0
147
116
138
110
149
132
101
157
3
132
121
86
117
130
92
128
154
2
126
102
157
133
112
123
129
123
3
135
130
106
101
72
134
113
155
8
90
141
129
83
107
76
125
128
10
100
128
134
133
110
139
142
115
7
95
149
114
104
115
127
110
121
0
117
111
122
116
130
118
102
89
6
93
100
100
105
139
100
131
120
4
124
79
140
135
105
128
127
101
4
127
106
91
129
101
107
134
85
5
103
114
135
143
119
127
116
99
1
100
112
146
121
111
108
148
100
8
122
95
107
112
142
101
102
120
3
87
105
140
86
100
154
100
149
6
112
139
100
121
111
127
111
116
6
98
102
145
114
100
120
131
117
9
121
101
148
77
100
111
134
92
0
98
89
130
130
157
135
70
150
8
84
105
156
115
128
134
168
99
4
141
120
131
94
143
148
147
120
6
102
116
121
121
81
153
107
107
5
87
114
94
113
121
117
100
157
8
107
129
128
148
102
133
141
132
5
113
164
112
115
125
134
133
137
2
99
124
121
112
99
133
161
98
10
125
94
127
149
94
162
129
100
10
89
133
91
136
120
131
143
113
2
82
114
85
82
77
121
138
64
7
105
138
108
74
127
111
106
90
8
108
154
127
113
89
124
133
150
4
122
142
85
128
121
121
116
137
6
128
118
106
120
100
99
89
134
1
149
115
133
116
114
132
49
75
8
63
148
86
152
94
136
130
121
5
96
135
79
143
87
169
114
87
6
147
94
102
156
114
138
127
92
9
126
145
128
90
120
119
130
116
9
105
106
115
161
112
124
132
102
6
117
88
156
78
144
96
142
123
5
128
106
136
92
96
100
129
119
2
100
108
110
139
106
105
133
121
8
127
125
70
107
96
141
78
113
1
101
149
107
127
150
98
133
110
4
102
136
100
109
136
116
91
113
6
131
125
112
135
130
131
119
111
2
125
133
125
92
120
86
106
121
2
134
107
103
142
155
142
94
118
4
130
104
92
119
126
123
131
91
1
142
144
85
143
151
114
150
134
9
91
93
107
142
116
96
138
129
3
92
134
107
134
99
133
91
158
10
126
101
93
112
159
124
134
85
6
118
112
111
99
100
116
127
94
3
160
141
118
118
136
106
128
114
1
98
123
134
121
121
113
149
107
3
141
129
148
158
110
147
79
88
9
99
121
101
129
92
135
122
152
1
128
116
126
127
126
92
121
156
9
147
137
93
147
143
145
78
148
0
131
129
128
141
119
121
129
109
3
102
101
122
116
124
123
111
91
3
175
157
124
114
107
86
136
156
10
110
135
147
115
126
83
136
147
7
86
99
136
106
135
131
118
120
7
101
140
104
126
123
92
78
141
7
148
106
135
102
134
95
94
111
8
100
127
113
134
81
127
141
81
8
122
123
125
77
138
98
107
125
4
135
120
150
123
132
143
133
125
5
99
132
118
119
74
120
93
87
8
71
105
105
100
116
165
81
114
1
143
141
121
78
123
136
130
96
8
97
87
112
125
101
107
139
114
7
101
93
82
101
99
91
131
130
9
108
107
85
124
152
116
103
118
8
106
127
109
107
107
81
120
126
4
72
147
108
107
126
106
133
119
6
111
96
144
107
133
119
104
98
7
110
139
97
117
75
100
152
145
5
129
84
130
110
117
141
106
121
2
164
98
107
97
121
99
119
150
3
159
100
141
100
119
126
131
113
6
108
129
108
92
73
120
133
120
1
101
155
105
137
122
92
124
106
5
100
96
151
150
127
128
120
122
8
126
134
135
106
128
147
149
119
9
109
139
136
144
136
127
106
149
9
120
122
84
113
113
131
129
163
10
147
162
142
155
100
107
113
145
10
135
96
116
128
94
119
129
125
10
86
120
85
143
136
93
137
170
8
127
138
119
129
139
61
106
116
3
139
148
106
126
105
162
121
86
9
141
121
91
96
107
162
111
108
2
107
143
116
95
91
126
183
104
9
119
105
99
127
134
127
101
121
0
116
113
98
95
109
113
107
131
10
151
127
127
107
112
114
120
138
9
148
108
111
115
129
108
129
135
9
100
134
92
106
123
121
91
121
6
139
101
119
131
128
112
125
121
5
106
146
114
108
100
105
133
88
1
63
83
111
123
133
80
107
137
0
137
105
116
123
114
107
144
113
3
107
128
99
94
124
127
102
112
9
105
119
120
84
87
140
123
94
9
100
106
98
110
109
113
106
122
3
117
111
93
107
119
126
89
135
9
119
100
138
111
109
115
115
81
4
112
107
132
101
81
146
86
97
2
119
116
157
105
131
96
115
103
0
107
120
129
133
75
81
159
86
9
106
85
115
161
117
101
111
115
5
115
91
120
129
112
140
113
103
4
94
81
106
142
116
110
128
120
2
71
137
127
139
124
114
139
124
8
139
106
89
142
134
116
100
146
0
89
120
85
113
105
146
101
119
9
112
84
106
95
110
87
143
117
10
127
135
99
113
124
79
97
94
5
98
121
144
121
108
80
95
117
5
132
100
145
100
99
128
130
105
9
120
141
128
115
92
172
113
122
7
114
117
95
144
119
112
106
117
2
134
91
139
79
119
120
103
112
8
89
130
105
126
93
98
103
124
8
122
134
110
147
120
146
126
108
2
147
129
96
147
139
134
84
114
10
92
92
124
75
118
112
86
126
1
129
116
120
144
146
107
145
110
1
111
134
115
106
115
85
121
107
8
122
132
114
132
119
95
149
121
5
122
62
129
78
145
117
144
108
2
102
91
103
133
107
128
120
117
10
147
109
91
105
89
72
141
148
5
141
117
111
113
96
115
100
92
1
129
98
120
101
106
112
107
131
8
80
126
132
161
141
114
113
107
5
133
94
107
101
94
149
139
122
1
107
119
143
121
98
142
87
135
1
79
107
106
143
115
109
140
99
1
120
113
156
110
120
149
97
140
5
115
107
113
138
112
120
153
97
7
145
104
73
104
110
104
128
118
6
113
123
112
100
87
86
119
112
5
144
128
100
93
106
93
105
101
6
111
100
98
88
98
97
104
114
4
133
122
115
168
119
113
104
134
5
121
147
89
120
118
163
135
118
9
120
135
143
94
121
125
122
115
9
107
132
107
88
134
99
108
118
6
122
133
130
118
84
106
125
154
7
104
126
99
102
118
169
108
113
4
137
135
125
99
148
146
108
87
4
105
126
124
71
87
143
107
134
2
132
101
129
128
141
100
149
133
2
120
120
84
114
110
168
133
114
0
79
112
114
113
142
124
147
114
6
140
134
157
119
136
125
120
140
9
113
139
84
100
111
117
127
142
3
116
142
168
140
103
104
84
155
6
128
127
128
124
135
120
109
114
2
128
99
101
120
108
138
135
128
3
121
109
101
79
133
120
144
107
9
129
65
134
82
123
134
128
111
1
129
128
120
135
57
125
157
148
8
137
129
80
66
93
116
97
78
1
121
114
91
114
129
127
92
108
1
142
150
154
100
93
100
115
132
2
93
126
93
97
127
114
129
102
8
119
105
94
105
109
135
123
140
7
112
107
110
124
123
128
153
88
2
143
106
124
100
121
120
148
128
6
116
123
105
129
125
154
101
99
1
115
118
86
145
134
137
106
161
4
138
142
90
103
119
108
100
120
6
113
97
144
133
108
137
85
127
8
135
122
104
136
115
114
99
98
7
95
124
140
103
129
99
112
128
9
121
133
117
99
106
135
97
124
5
93
171
76
115
121
105
128
107
2
93
93
85
117
129
94
107
120
8
107
134
93
149
105
94
112
135
2
101
99
114
122
78
115
126
120
1
131
99
78
86
98
136
121
109
7
106
135
112
105
93
105
141
104
7
126
114
125
112
114
121
99
121
8
119
68
107
149
115
98
100
91
3
112
135
77
86
102
117
112
122
8
120
119
130
105
121
128
140
128
10
119
81
145
134
115
127
145
104
6
85
120
148
121
124
86
135
113
1
132
115
107
88
80
67
93
98
9
118
135
108
116
70
158
93
122
10
124
97
92
126
122
68
68
102
1
92
107
136
128
134
108
109
171
1
87
130
104
114
139
123
92
101
6
126
113
106
126
143
133
111
100
3
113
131
110
100
127
123
111
111
2
138
128
106
78
135
88
123
101
4
136
92
104
134
103
133
134
80
9
134
171
142
130
128
119
102
88
1
146
100
127
98
108
120
119
125
7
112
94
128
114
92
109
120
156
9
91
135
135
117
111
112
125
87
5
85
87
103
113
165
118
81
117
6
84
91
120
103
113
133
141
111
5
128
76
114
107
114
126
120
161
4
121
165
127
101
133
162
123
122
6
115
104
111
102
147
134
144
142
8
134
103
128
94
89
85
97
118
4
86
121
120
112
135
129
110
123
3
120
106
144
107
128
143
122
81
1
115
120
164
145
116
151
113
111
6
143
128
108
120
128
142
75
137
5
108
104
74
122
146
82
102
117
3
98
129
113
149
102
102
92
126
1
100
86
149
159
121
94
107
128
5
126
140
109
106
145
102
102
113
4
134
119
140
119
99
108
159
127
9
88
111
96
126
152
155
110
105
1
106
107
112
118
94
131
131
132
3
128
124
111
169
106
90
149
107
6
114
119
106
120
127
140
126
114
2
126
140
126
104
116
147
113
114
8
135
120
111
104
83
128
133
113
6
106
128
114
82
121
119
92
145
2
99
91
134
116
114
101
136
126
3
109
129
131
97
111
92
88
84
4
100
117
87
128
119
93
107
117
8
120
121
124
135
135
139
92
76
7
108
132
99
115
87
149
118
128
3
129
107
97
123
152
92
120
159
9
65
132
100
134
139
72
128
142
8
125
119
129
128
106
123
133
101
1
121
132
128
115
109
104
143
119
5
142
101
113
138
70
110
106
135
7
115
130
152
126
105
93
111
127
9
114
121
110
128
135
112
118
104
4
114
114
99
108
108
107
113
114
8
125
99
77
86
116
100
120
119
10
115
104
108
122
137
128
127
116
3
121
92
106
96
119
98
125
127
4
120
120
93
118
106
128
114
101
5
114
145
127
108
138
100
114
124
3
133
106
96
112
114
103
119
125
10
107
129
95
92
121
117
117
89
1
121
113
73
114
84
140
105
102
2
119
162
121
109
130
128
84
131
0
85
134
129
145
94
141
113
109
9
99
113
112
128
110
135
98
144
6
68
143
89
138
98
121
106
116
1
92
124
115
150
101
104
110
114
6
74
161
80
115
143
103
120
98
4
149
112
95
112
83
112
126
128
2
95
123
132
162
86
126
114
113
9
113
101
115
127
71
149
123
123
6
100
92
119
156
99
111
115
118
5
127
99
127
128
169
100
120
115
8
113
136
113
130
120
88
142
132
1
109
120
115
134
99
115
107
104
10
92
127
158
114
134
102
93
128
0
157
117
153
127
151
116
106
101
4
125
136
101
101
84
129
135
93
6
137
169
120
123
124
126
148
79
9
83
116
124
134
101
94
86
131
3
133
114
120
67
160
100
112
111
8
92
129
121
129
128
115
115
110
4
139
119
96
117
127
120
85
62
10
130
93
88
121
119
130
125
143
9
82
112
105
139
121
150
85
145
4
106
122
127
118
92
105
95
116
7
120
132
135
93
134
127
103
75
1
107
132
142
147
98
121
102
105
9
90
143
70
145
122
97
136
142
3
116
110
113
141
149
158
135
128
7
123
107
105
149
130
122
144
100
4
119
120
74
113
141
134
129
132
7
122
99
107
106
119
88
127
104
7
156
102
101
115
94
133
146
107
9
121
120
116
135
143
119
81
86
2
86
98
95
95
125
129
114
84
3
105
128
98
91
103
101
92
121
2
112
134
135
99
86
125
119
93
8
100
84
72
104
121
112
110
119
2
105
129
133
120
127
106
125
73
2
108
123
112
152
141
83
130
110
6
106
136
119
99
109
113
98
128
8
126
118
116
106
119
116
151
91
1
100
118
134
125
116
100
119
102
7
120
132
101
157
125
113
143
109
2
133
82
108
134
143
116
148
100
9
85
140
87
100
102
133
131
129
1
112
114
102
127
168
98
112
101
7
114
120
149
140
133
93
106
108
4
98
140
136
142
148
132
107
142
3
126
149
142
132
95
117
129
141
5
100
103
156
81
128
113
114
98
9
65
135
106
129
80
113
151
141
1
114
107
122
120
123
116
116
164
5
98
89
65
89
136
139
128
102
2
118
140
145
135
135
160
136
122
6
99
135
117
149
152
109
117
133
3
106
135
112
130
124
121
88
126
9
112
111
128
105
127
115
116
99
5
141
114
130
126
134
97
139
107
1
72
120
115
119
103
93
93
85
3
110
170
141
128
133
129
130
108
3
136
108
130
133
137
93
135
104

