14
7
7
7
10
2
4
8
5
15
9
0
7
2
9
5
9
4
11
6
6
5
4
8
9
9
7
113
114
133
143
94
117
134
102
3
77
91
89
85
106
115
127
93
2
140
154
81
129
135
129
80
108
2
126
73
114
94
94
112
135
125
8
142
87
102
126
118
134
119
84
2
149
155
126
149
103
69
88
115
6
115
113
101
117
140
115
102
128
3
152
148
119
167
138
96
121
134
5
125
161
120
106
111
154
106
147
4
89
100
127
122
123
135
72
128
3
108
119
105
142
103
107
113
103
4
134
130
110
89
120
134
129
109
3
141
132
131
127
127
108
142
137
2
113
90
106
141
111
135
112
90
1
140
128
139
113
101
104
89
124
9
117
119
114
140
92
138
113
141
10
82
103
156
94
106
130
128
99
2
150
92
124
105
148
114
121
70
6
93
120
89
89
120
134
119
113
3
99
86
98
134
113
94
102
80
3
143
119
144
116
122
113
85
97
8
96
101
99
85
131
154
72
132
8
132
121
132
116
108
127
122
63
9
103
140
118
106
128
73
141
134
1
138
97
113
79
163
92
124
129
3
117
100
100
140
99
122
126
115
1
138
99
84
98
161
133
114
165
6
97
80
152
127
111
98
127
128
4
150
101
118
126
140
107
113
100
3
135
116
114
133
141
113
139
147
2
133
85
119
121
93
104
154
135
3
128
168
140
100
127
88
145
126
9
102
99
142
101
84
117
162
79
10
122
94
90
121
145
143
118
89
8
134
139
78
107
127
133
99
96
2
130
99
143
133
86
113
132
106
6
114
86
106
108
109
123
156
116
2
107
113
91
110
84
125
115
165
7
97
134
129
106
141
152
122
108
1
187
129
139
127
112
112
109
150
3
135
98
118
147
92
94
105
135
6
107
93
138
128
142
127
70
136
3
133
94
138
121
112
126
87
148
1
118
138
142
57
98
142
80
107
2
112
102
133
100
116
106
133
121
9
80
105
124
132
92
128
93
113
10
114
114
100
91
129
126
76
149
2
99
113
106
82
125
157
78
117
1
70
84
125
114
83
98
133
122
4
120
148
142
141
155
103
134
140
7
101
130
123
163
110
129
119
93
9
100
113
123
86
93
106
144
130
3
108
96
142
121
115
64
114
126
9
107
137
109
100
119
131
93
91
3
102
112
107
143
164
113
122
109
1
111
150
125
135
156
99
140
127
5
143
150
86
121
157
140
93
135
7
91
128
123
102
143
141
141
123
6
111
136
94
107
163
124
66
128
6
136
123
114
148
99
112
103
93
7
79
93
92
127
99
104
131
141
4
119
132
129
127
92
157
119
147
6
121
100
92
148
94
136
92
128
2
137
113
108
126
111
132
152
106
3
159
98
99
115
127
120
121
116
8
100
132
99
149
98
109
126
93
8
85
92
100
100
154
113
119
124
6
89
142
151
113
120
120
82
113
0
107
117
140
143
108
91
135
129
1
75
128
131
116
105
125
136
138
6
120
71
151
106
84
148
93
90
10
110
128
86
120
121
120
108
106
8
137
108
121
134
135
99
130
108
4
119
154
113
142
169
98
132
115
2
104
116
96
163
155
90
78
76
6
113
136
113
107
86
78
92
110
8
104
105
135
113
122
120
100
91
8
149
116
113
112
101
148
93
117
5
118
143
112
88
141
83
133
108
2
116
154
110
129
126
128
98
118
7
127
129
106
102
98
121
114
120
0
159
92
117
136
114
135
113
122
6
128
130
95
128
108
91
135
104
6
101
139
140
109
121
97
73
108
6
97
78
108
76
108
159
144
93
10
124
98
131
126
136
131
86
85
2
134
162
125
143
113
116
129
149
5
114
126
123
141
119
105
99
85
1
115
107
132
142
99
119
110
113
3
112
147
102
87
106
99
89
118
5
105
135
156
119
128
126
107
92
3
106
127
92
141
91
134
102
135
6
131
97
119
120
107
120
108
86
0
81
148
152
127
111
119
161
126
5
128
147
128
92
120
77
119
75
7
100
148
108
134
112
127
128
112
2
147
115
101
138
98
134
106
100
4
126
101
127
133
129
104
128
121
9
134
100
92
98
113
168
116
162
1
110
154
126
99
69
157
157
91
8
90
106
141
135
112
120
115
133
6
120
107
118
115
109
78
120
104
3
136
138
108
84
122
126
141
143
1
120
127
127
113
113
102
126
111
5
120
102
138
130
117
126
104
100
2
129
108
114
96
143
100
110
74
1
116
102
105
123
106
142
128
120
2
131
108
120
84
111
106
92
130
3
104
99
142
135
86
115
120
96
2
145
92
111
115
96
93
141
126
4
142
146
128
115
141
100
115
86
6
88
113
163
133
107
107
119
133
2
111
101
134
85
83
135
139
82
7
132
113
87
136
123
149
114
128
1
131
127
108
151
113
113
118
72
0
126
127
136
123
121
151
134
117
9
148
130
143
100
142
79
99
142
6
92
112
98
136
160
126
122
114
3
118
100
138
145
120
129
151
120
8
144
111
107
122
110
129
127
121
4
119
124
114
127
134
122
108
87
6
91
114
112
135
90
109
150
153
7
110
99
160
97
132
116
97
106
6
136
109
127
101
80
155
141
127
7
160
96
118
109
164
105
99
103
4
120
104
107
92
134
101
121
81
2
119
131
132
114
153
128
126
119
10
103
127
136
120
129
119
127
171
8
128
99
136
136
145
110
111
123
8
122
105
110
141
118
106
126
154
7
93
84
105
120
114
149
135
99
6
128
84
131
91
85
127
107
136
3
98
125
114
107
108
79
63
107
3
113
169
106
99
161
71
93
116
5
92
113
139
80
120
99
97
140
2
118
108
134
130
129
108
119
105
3
121
105
131
123
95
86
123
151
8
100
101
159
114
106
134
136
108
3
140
105
108
118
143
116
113
107
5
150
147
105
85
111
142
141
134
1
119
133
112
141
134
137
119
123
8
114
133
98
126
108
110
119
107
3
124
102
136
110
98
115
115
140
0
122
103
94
147
92
134
130
126
8
99
88
110
92
79
120
98
108
2
112
136
129
121
100
136
133
109
7
73
114
118
107
100
92
103
120
8
115
94
105
133
133
128
91
109
0
108
134
113
129
121
123
114
88
3
79
104
136
120
88
120
115
82
7
106
115
115
146
119
86
147
138
6
104
99
113
133
86
120
100
99
9
129
103
122
128
117
107
99
86
2
115
110
119
148
112
107
102
122
6
135
93
121
126
92
122
100
142
8
144
113
59
119
123
125
105
107
4
131
115
87
98
117
147
142
135
3
94
120
83
113
85
94
114
108
5
97
147
154
144
122
150
93
127
0
149
140
124
120
109
116
110
141
8
122
140
96
126
119
115
128
100
3
106
104
112
149
91
104
130
117
2
112
106
134
133
143
79
134
129
5
97
126
112
131
132
95
86
115
10
108
121
165
138
120
108
119
103
7
136
133
129
93
108
136
140
107
6
105
77
155
133
155
92
131
131
3
110
119
75
118
98
133
101
142
8
127
87
118
120
156
95
142
106
2
119
85
122
119
107
148
138
100
6
86
123
128
144
136
132
120
137
6
117
113
115
127
103
154
129
139
5
112
142
107
99
120
96
119
104
2
79
123
143
109
113
127
145
97
8
98
94
128
82
116
103
114
150
5
123
120
120
148
148
146
104
102
8
86
127
83
136
104
133
146
157
7
103
128
107
114
107
77
110
120
4
169
105
82
85
138
122
150
101
9
140
119
122
115
108
119
151
99
4
99
114
152
121
106
86
126
107
5
127
86
129
114
127
122
132
110
1
126
129
130
91
121
142
129
138
4
135
121
139
112
105
91
152
124
4
75
88
121
162
112
136
142
139
6
139
143
63
129
120
107
120
113
5
142
113
95
129
133
119
135
132
5
106
148
108
88
129
86
112
92
6
142
118
121
113
99
105
115
77
5
106
136
105
125
131
91
128
113
2
116
156
131
118
108
129
132
101
1
132
106
121
135
121
94
128
100
9
119
151
100
147
101
134
127
113
4
104
97
60
120
153
137
135
134
6
121
112
112
112
129
93
91
88
1
145
119
108
114
91
118
105
105
3
162
93
115
109
126
89
106
123
10
127
78
100
86
137
147
119
107
1
123
140
143
123
105
127
118
59
4
144
142
105
130
154
107
142
146
8
136
89
143
92
119
81
125
106
7
142
85
101
163
91
109
121
122
9
108
99
95
129
123
101
151
89
4
107
137
120
127
120
70
93
119
5
131
110
153
126
93
139
118
121
9
118
115
107
123
134
177
164
112
0
147
142
108
135
105
83
120
116
4
122
125
176
98
141
126
93
138
2
150
127
139
121
101
120
132
99
9
135
111
137
107
127
100
95
125
0
117
122
121
106
129
127
132
133
4
100
108
146
141
127
116
116
100
4
121
90
126
129
146
111
132
111
7
141
97
96
148
99
93
119
85
4
88
127
116
105
113
123
113
116
1
145
103
141
124
128
106
92
136
3
112
147
148
133
128
139
116
113
5
146
108
116
116
135
107
128
121
3
132
140
134
122
140
126
124
121
9
119
111
139
103
114
134
91
128
8
125
93
115
149
147
110
102
149
6
122
112
121
134
134
141
148
138
4
136
72
124
116
114
99
99
110
2
113
113
136
162
129
82
133
113
1
130
125
143
140
121
121
122
141
4
134
113
120
118
108
126
135
117
3
141
111
147
126
91
96
139
133
4
166
119
113
123
122
122
126
110
3
147
112
142
130
107
151
98
133
2
119
122
149
124
119
136
133
92
8
97
109
145
92
126
127
107
99
2
133
140
92
99
112
96
134
92
8
101
81
99
112
107
118
101
104
6
119
79
138
120
76
113
148
120
8
136
127
117
168
100
108
118
129
3
121
151
155
148
129
113
126
113
8
119
123
92
108
128
118
127
100
4
128
118
128
121
124
115
128
124
8
93
135
133
126
130
128
112
101
6
149
112
91
99
133
94
127
99
8
116
129
141
125
122
124
118
139
3
147
142
117
154
137
69
121
157
8
141
135
139
108
91
74
128
119
8
113
79
135
121
106
100
117
98
7
114
105
151
95
136
94
104
100
6
115
121
128
102
111
119
134
128
4
148
108
115
121
85
115
92
135
4
100
106
104
135
153
100
94
115
7
134
119
107
132
104
108
92
119
2
109
115
88
92
131
163
103
108
9
91
149
113
103
119
100
122
113
1
131
155
96
101
163
96
106
112
5
123
132
148
115
120
119
106
113
0
121
56
93
140
123
104
116
94
9
119
153
130
134
119
106
119
114
2
113
100
110
130
119
127
94
119
1
106
108
85
133
92
106
109
92
7
115
95
126
140
64
128
93
141
6
147
114
135
122
91
99
120
108
10
141
105
128
97
112
126
162
114
0
95
147
98
85
125
100
136
86
7
93
150
137
78
69
122
122
99
5
113
128
127
97
132
142
147
149
5
78
85
98
128
107
81
113
135
5
118
121
124
156
166
112
134
157
5
92
100
141
99
101
126
112
105
5
117
134
107
98
140
116
90
131
1
107
99
106
81
100
132
104
127
4
120
123
137
134
85
127
114
121
9
85
135
132
108
125
134
130
114
9
105
86
104
93
90
134
162
114
2
119
168
98
129
127
127
128
63
5
82
149
128
85
94
81
107
156
6
134
104
85
141
115
117
99
127
3
142
108
150
123
100
110
113
106
2
109
96
155
133
131
135
112
116
4
106
137
128
137
120
106
133
123
8
126
118
79
91
118
129
124
110
8
108
135
118
128
100
117
117
99
10
99
151
90
135
92
125
149
140
9
132
129
115
109
113
96
105
110
5
122
113
129
122
139
120
113
104
9
149
99
121
98
121
114
108
126
9
71
149
79
121
150
176
128
120
4
134
122
105
89
107
130
127
96
3
102
146
136
101
140
133
96
120
5
120
128
108
90
143
99
100
114
3
93
115
113
110
119
139
137
108
5
125
119
108
115
100
115
110
127
9
126
110
112
112
110
121
155
120
6
104
92
120
86
105
139
124
103
4
118
146
114
114
148
161
117
165
8
122
148
79
142
107
123
83
114
1
107
128
136
118
140
152
133
127
5
111
127
144
119
143
78
74
101
1
92
120
167
131
143
105
115
139
10
95
111
120
108
87
113
124
110
9
119
135
88
97
106
113
101
124
5
112
140
95
86
141
105
106
118
10
84
113
131
117
107
113
110
101
8
59
123
128
125
120
107
110
132
4
154
117
124
101
134
131
141
110
6
115
97
125
135
97
126
102
78
4
100
110
149
135
111
149
128
103
1
135
119
87
143
74
88
119
126
8
128
123
129
144
131
122
127
149
6
106
156
140
116
111
99
106
109
6
114
137
142
111
114
97
140
72
2
120
107
114
102
108
119
113
107
5
143
145
113
105
156
128
93
102
9
116
105
113
156
93
85
133
119
0
130
151
109
128
142
121
113
122
1
127
100
88
107
119
129
77
71
9
126
113
98
108
105
106
118
121
6
100
116
112
124
125
101
149
108
2
102
107
126
128
160
135
98
102
6
136
98
111
119
113
137
126
111
1
127
78
94
114
96
114
113
119
5
168
107
113
96
108
125
142
75
7
90
85
113
78
98
105
66
112
8
130
113
114
107
130
115
131
105
6
99
114
92
140
129
103
89
101
2
95
103
129
101
109
105
149
93
2
113
173
107
84
120
114
155
132
10
107
141
127
116
100
138
105
114
9
118
94
107
126
116
85
102
132
5
95
115
133
123
120
136
145
125
7
128
87
85
84
94
123
110
126
8
109
113
104
109
134
132
93
92
1
108
94
141
97
84
125
149
115
6
125
93
121
99
121
113
117
101
3
133
133
136
93
111
145
99
120
9
114
109
122
129
126
99
126
99
8
127
162
114
129
134
131
100
125
4
115
117
134
116
109
126
93
142
2
91
131
120
131
125
112
94
98
7
95
110
107
110
84
148
65
107
6
134
103
143
124
106
108
90
87
7
134
115
108
88
141
108
121
128
9
113
121
120
143
121
90
91
96
6
134
121
107
98
113
103
151
106
8
98
150
106
163
127
123
121
105
4
137
133
107
115
101
130
85
120
7
81
122
112
101
101
149
147
105
6
136
117
146
90
124
85
100
62
3
106
100
128
128
112
124
127
107
10
141
110
120
101
127
121
85
92
5
128
129
112
137
118
101
121
107
5
119
100
133
126
145
114
125
114
5
135
116
137
133
99
114
120
151
4
104
110
123
97
144
105
133
136
7
129
86
106
120
113
105
128
84
7
141
120
106
118
140
77
114
106
3
120
148
106
97
120
141
106
109
7
129
119
133
124
115
126
133
130
5
110
129
98
129
95
133
118
118
3
106
86
137
117
133
100
145
162
9
119
114
98
100
122
132
129
115
6
101
107
118
122
126
147
152
134
3
156
92
107
120
81
128
79
97
6
139
127
136
143
109
100
140
116
8
114
121
113
123
71
83
132
97
2
134
128
98
126
107
90
113
86
2
114
147
122
138
134
79
120
152
1
159
154
121
124
107
110
120
178
2
81
142
126
114
107
91
124
89
2
93
133
139
124
119
132
78
99
8
107
107
171
140
114
121
142
106
2
133
98
113
84
101
117
134
119
7
133
149
116
90
156
109
93
109
9
105
101
117
108
107
100
126
108
9
138
138
92
91
103
120
127
121
1
114
138
117
93
106
112
91
103
3
105
85
123
125
130
170
114
120
6
142
137
108
128
112
101
155
87
6
137
100
126
113
135
135
136
112
5
66
104
141
139
86
135
100
79
9
105
79
93
148
98
132
137
104
0
106
117
119
141
106
126
137
110
7
130
136
139
110
163
151
103
116
3
97
120
98
162
143
113
100
122
2
112
134
129
127
128
130
156
89
6
92
133
134
106
110
102
132
136
7
118
104
103
113
73
102
92
105
0
104
117
109
113
134
149
132
137
10
78
127
112
130
104
116
102
154
1
103
120
94
157
106
99
133
99
4
100
104
100
92
124
147
141
112
5
73
131
116
127
104
116
106
157
2
98
120
100
159
100
105
136
100

