12
9
5
1
4
8
9
9
1
13
8
0
9
5
2
3
2
10
11
3
2
5
1
9
7
6
6
106
116
162
91
85
128
94
128
8
101
99
105
138
141
134
101
100
9
115
128
109
121
98
139
153
120
8
99
134
97
124
114
101
129
113
2
117
121
129
127
122
108
98
146
9
120
92
91
101
86
129
121
131
6
154
87
110
115
121
93
99
106
10
129
106
93
93
91
121
92
86
6
97
125
121
116
85
129
128
99
5
140
115
128
145
132
136
125
70
7
70
115
141
121
163
101
93
101
10
142
162
137
148
148
118
119
110
9
107
92
100
135
103
137
121
101
7
137
108
79
117
106
94
133
116
7
160
100
127
105
127
109
125
108
9
100
134
118
112
135
116
142
109
10
106
106
120
66
95
102
145
126
6
123
102
122
56
137
131
107
128
8
92
114
110
132
109
122
133
138
4
108
94
92
142
97
118
127
117
2
104
102
93
120
140
97
99
120
1
135
132
132
81
102
101
129
113
3
102
168
131
132
128
124
107
107
0
116
142
90
107
138
106
105
143
9
112
129
126
125
117
108
111
121
0
60
133
138
127
93
126
162
128
5
120
132
120
148
117
132
71
132
5
150
146
125
100
113
90
128
135
6
103
84
152
96
97
103
168
86
9
126
128
115
112
85
112
101
106
5
135
143
117
149
112
105
77
114
2
114
88
105
124
135
152
161
108
9
127
122
104
132
147
110
126
116
1
136
101
140
134
85
154
152
112
4
114
101
106
122
156
122
80
102
4
105
140
128
126
150
97
97
126
6
131
118
129
106
106
121
85
127
7
135
142
131
137
89
110
85
140
6
142
81
114
119
92
127
126
124
1
119
107
150
136
113
121
137
116
4
134
121
121
167
98
100
147
107
8
135
142
102
134
84
127
119
170
5
123
142
106
106
150
138
136
121
1
93
136
87
133
106
117
141
141
4
115
112
116
126
99
118
150
120
0
96
101
115
84
143
93
101
81
3
107
75
150
125
148
106
111
82
4
110
124
121
110
119
110
137
152
4
135
120
117
85
117
113
111
125
5
128
134
130
121
133
109
115
94
7
136
115
141
73
173
163
135
79
9
113
61
130
87
135
80
93
137
8
134
103
77
149
120
99
134
118
10
103
76
84
127
108
91
114
118
9
151
98
139
133
128
134
110
121
9
122
140
124
113
95
92
87
100
7
133
119
69
162
106
112
107
113
4
126
122
73
107
141
123
122
114
3
104
149
116
115
109
107
119
112
8
109
140
107
104
115
100
100
136
0
122
114
127
126
120
106
107
92
7
110
85
90
122
134
120
121
136
9
110
120
120
100
93
113
148
141
4
141
98
135
142
135
143
131
143
6
157
119
94
138
140
113
113
97
6
141
111
113
114
113
107
134
100
1
129
138
129
112
112
121
122
105
4
116
139
128
69
91
107
144
99
9
127
115
135
141
155
114
121
125
6
117
86
120
66
110
99
123
98
3
142
111
127
114
120
147
120
139
3
83
107
95
74
94
101
128
135
2
112
101
129
134
122
140
113
135
5
113
80
117
91
83
112
121
148
2
122
122
96
115
135
169
102
122
9
121
99
121
91
147
91
99
91
2
143
93
84
108
121
120
126
129
7
147
117
118
129
134
111
167
107
8
93
121
82
133
121
126
131
141
1
151
115
133
138
147
104
115
112
4
122
100
81
106
120
130
103
128
7
151
80
156
78
83
128
142
120
9
112
113
93
114
91
109
93
112
3
146
120
108
134
63
121
100
89
4
126
164
136
118
86
157
132
140
9
109
135
115
84
77
104
127
93
4
120
127
133
118
94
118
140
108
9
119
155
115
122
108
100
103
102
10
149
106
134
142
168
95
99
141
7
85
113
103
111
131
142
138
134
5
132
71
121
94
100
100
106
100
3
122
116
127
101
120
105
115
152
3
106
131
97
128
94
143
99
133
3
136
86
125
73
148
104
111
142
0
87
127
86
106
106
81
92
111
2
132
113
125
106
127
96
160
100
3
129
113
132
98
137
98
136
114
2
112
145
109
120
113
101
128
94
5
122
126
113
128
106
127
138
99
5
127
71
109
93
73
135
119
133
8
126
126
130
150
109
107
141
93
7
108
105
86
100
113
96
126
92
7
115
120
114
115
82
114
138
129
2
115
106
72
134
99
88
100
119
9
100
120
118
128
92
126
115
85
9
85
134
107
81
126
125
128
122
5
118
127
120
97
145
100
139
114
9
80
131
134
132
107
132
78
100
1
66
105
128
142
129
117
133
113
2
149
114
118
124
101
93
128
120
2
104
150
137
137
98
156
100
81
5
122
100
121
106
114
112
171
139
6
117
105
95
137
95
113
121
123
0
137
121
104
134
92
126
97
125
2
135
116
118
149
128
134
92
93
8
115
140
95
107
128
77
94
120
3
141
121
120
119
135
133
128
123
6
124
94
83
131
86
149
122
114
9
143
137
100
114
125
99
81
122
5
87
85
129
122
128
131
100
136
3
126
118
126
141
135
113
147
98
10
149
107
104
97
142
98
87
82
6
81
88
150
133
107
105
121
134
1
108
106
129
102
94
162
138
121
7
93
83
110
94
126
98
113
143
7
115
135
135
99
108
120
115
119
9
123
105
100
89
100
77
112
128
7
133
108
127
76
84
118
138
133
8
134
107
79
127
113
129
146
71
5
134
88
105
145
108
106
136
127
2
128
104
131
98
110
120
133
109
5
70
129
127
115
136
89
108
110
9
56
122
113
139
128
114
139
122
3
124
92
121
83
92
146
106
118
9
132
107
120
83
92
114
120
136
3
119
149
114
119
133
149
119
76
5
108
111
105
137
140
105
116
100
6
70
87
115
117
126
115
80
86
6
149
105
108
121
125
163
136
94
6
99
94
111
93
131
112
131
142
5
121
120
94
107
143
115
120
103
7
123
78
151
133
106
145
104
151
5
122
120
161
122
102
124
103
128
4
122
117
100
112
127
113
131
103
4
128
158
143
127
119
135
112
154
0
121
136
100
159
140
128
149
94
9
142
85
92
109
133
112
115
143
7
121
93
148
84
141
93
128
155
9
119
109
128
162
91
118
133
136
6
93
112
80
118
121
129
117
122
2
136
115
113
126
69
95
95
160
7
122
126
105
94
136
113
106
128
0
89
111
125
104
100
102
101
115
1
102
119
93
119
99
92
138
143
8
99
135
128
121
114
135
74
116
6
118
121
101
115
115
85
111
124
5
102
134
124
107
88
143
94
112
5
98
78
125
86
140
132
115
147
7
143
112
128
113
112
107
110
144
3
128
113
88
107
138
118
102
141
9
102
147
128
156
101
112
107
115
4
114
100
134
93
68
87
121
120
1
112
115
128
112
108
137
99
87
0
131
124
122
155
128
120
92
114
1
149
173
72
135
144
116
135
142
2
91
132
159
116
105
139
161
121
7
131
99
121
133
125
147
147
120
7
131
107
126
141
103
108
147
128
1
111
150
167
92
90
132
106
101
7
128
68
111
141
141
127
120
120
1
105
83
156
120
106
96
101
120
2
123
105
100
126
107
157
101
75
6
156
117
154
124
99
152
119
135
2
88
107
103
135
133
119
119
93
5
126
100
108
114
135
122
137
125
6
112
122
148
121
106
113
119
119
3
148
71
136
87
72
125
112
159
7
116
96
114
108
134
149
110
119
7
136
119
136
100
100
101
113
142
6
129
107
94
93
110
93
128
117
3
107
106
111
135
100
144
118
114
9
131
77
135
148
132
78
114
107
3
134
144
115
151
139
112
126
116
0
114
128
129
130
156
114
110
106
0
99
79
133
99
142
90
125
98
10
114
94
112
93
99
107
131
85
8
110
111
110
87
77
111
116
116
10
117
159
113
109
161
117
132
130
0
131
72
124
103
155
120
108
121
2
127
143
129
134
116
108
71
123
6
121
64
128
108
75
127
102
99
0
104
125
126
133
133
137
94
155
4
131
107
123
117
72
101
117
137
3
109
108
116
121
108
93
99
101
2
100
120
122
115
106
120
109
148
7
101
128
127
135
120
115
102
79
5
126
113
115
91
98
149
102
110
8
128
107
98
116
114
117
117
92
1
130
132
86
98
114
106
134
110
9
124
102
125
117
100
112
133
122
2
101
127
112
119
128
126
95
120
0
112
100
122
135
117
122
103
117
9
92
111
99
142
131
102
131
130
8
126
143
119
144
103
87
98
107
5
102
120
121
105
142
163
113
81
1
136
118
119
132
75
134
94
94
8
129
113
91
79
106
94
132
119
3
114
133
127
107
120
139
106
125
8
105
108
142
145
140
158
96
126
7
136
88
137
113
100
106
72
101
4
93
108
119
111
136
82
111
158
5
106
121
107
72
130
107
104
146
10
127
88
116
134
176
94
110
103
1
108
121
142
116
115
133
121
124
1
127
96
102
123
128
96
108
119
8
112
103
127
94
100
137
105
99
2
72
112
130
137
123
126
97
114
0
135
144
123
148
79
104
147
115
2
88
110
142
110
79
136
122
147
9
93
125
99
72
113
117
113
106
7
106
90
100
115
117
123
106
145
6
135
132
128
104
114
119
114
134
2
124
107
96
157
98
124
134
85
5
124
129
116
133
84
91
137
162
9
99
107
130
97
91
155
100
144
5
133
100
156
119
136
154
137
116
6
113
95
92
156
107
96
147
108
5
86
77
156
90
110
135
135
108
5
138
121
125
85
105
111
124
126
3
151
104
121
83
110
134
101
114
6
124
127
119
102
142
101
107
57
6
128
128
110
91
145
93
99
109
4
108
90
115
92
136
85
148
101
6
154
146
108
116
117
133
105
114
0
133
72
123
136
90
134
106
94
3
112
112
87
90
124
113
125
129
5
119
78
128
99
110
105
128
153
1
106
101
120
105
133
142
105
129
4
102
110
128
134
102
91
103
141
5
156
122
112
132
112
141
160
108
9
120
135
102
156
131
110
91
102
3
168
104
122
114
128
99
106
114
2
132
137
92
89
108
96
80
132
9
132
106
93
121
108
130
152
136
10
96
118
121
114
125
137
111
138
5
86
115
100
87
157
102
80
145
1
145
105
85
125
100
112
145
119
10
121
128
125
116
133
108
126
99
8
106
88
126
96
139
115
135
138
5
161
106
96
91
146
85
87
99
1
119
153
120
137
118
141
133
136
10
143
99
119
92
120
146
99
154
3
104
123
104
112
102
109
142
131
7
94
101
147
115
122
115
130
121
3
125
118
129
114
142
128
141
78
3
135
115
137
136
119
84
109
98
1
126
138
119
133
92
114
106
71
5
119
128
107
141
135
143
119
116
8
97
149
119
130
76
141
98
86
9
107
100
119
113
91
126
119
96
2
136
123
132
152
117
139
121
104
8
128
115
98
133
129
130
111
145
6
69
152
113
93
106
74
114
117
5
142
108
156
153
101
118
126
101
6
113
151
100
164
129
98
107
130
4
106
120
64
97
87
118
93
114
4
154
114
133
92
147
129
58
116
9
123
104
105
118
100
114
121
68
9
118
110
120
133
137
85
148
127
7
129
113
110
134
128
100
99
100
2
125
107
120
129
100
108
131
141
3
104
134
112
145
114
130
123
137
4
118
89
107
115
115
102
110
120
3
91
116
99
106
86
84
120
112
5
131
150
94
113
134
93
140
131
10
139
109
107
123
96
120
114
113
7
122
142
84
83
119
144
117
129
4
94
123
102
84
120
116
99
123
6
128
143
142
116
121
97
135
145
8
122
121
120
122
126
113
105
108
2
99
136
132
137
77
158
111
128
5
121
106
111
97
144
108
132
108
4
97
101
117
104
112
119
145
139
1
122
140
136
110
121
115
94
105
6
112
79
77
121
109
111
127
149
9
108
109
135
109
122
94
93
98
0
86
98
137
133
121
114
111
134
5
122
108
100
88
143
102
135
115
2
143
128
118
136
129
121
71
132
10
114
83
109
101
81
134
114
99
2
126
134
91
115
120
154
112
91
2
137
94
128
123
106
137
157
106
3
91
118
91
93
136
95
136
129
3
130
107
91
98
108
113
129
108
2
105
145
122
93
99
100
150
90
1
129
122
143
113
77
98
128
114
10
94
103
127
105
139
109
114
107
7
100
87
119
133
117
121
106
98
3
120
95
120
144
58
137
155
121
4
105
116
131
128
110
141
109
113
5
113
120
104
109
130
125
96
84
3
93
108
104
114
115
93
121
106
8
112
95
129
131
107
143
121
104
3
124
110
106
106
117
114
114
117
9
143
104
97
108
114
148
107
125
2
115
113
97
88
97
127
106
114
6
136
111
140
105
130
105
126
127
8
98
144
101
149
127
128
120
92
5
113
109
112
130
143
149
134
120
3
114
132
149
91
99
134
166
135
8
122
95
98
119
128
114
142
129
1
110
128
152
120
126
100
108
123
5
121
92
153
140
84
109
125
125
0
153
116
84
127
129
108
72
125
9
100
89
98
139
106
121
131
117
2
142
130
127
82
94
123
117
106
6
139
86
106
109
98
87
125
136
3
133
121
91
120
100
119
134
95
1
107
134
115
140
78
114
123
103
2
127
130
128
118
113
92
138
119
8
100
107
150
112
127
92
113
142
8
102
126
70
95
136
96
164
113
8
128
113
157
136
128
143
120
134
2
153
94
101
88
119
92
173
112
9
91
97
114
80
140
99
136
120
7
138
120
117
142
95
99
114
143
4
130
114
106
107
112
136
113
115
5
122
145
111
142
117
106
99
135
0
156
105
108
106
121
93
135
149
1
94
93
76
133
129
126
114
118
4
102
119
106
115
108
98
121
84
10
104
101
102
126
126
113
113
121
1
134
162
149
121
122
119
147
100
5
123
103
82
118
98
117
129
118
3
145
129
71
135
83
148
136
98
4
149
119
101
105
136
100
150
135
4
90
101
112
124
136
143
100
149
2
127
160
176
128
127
92
107
137
5
103
129
121
117
93
131
111
101
6
133
111
101
102
127
123
102
113
6
114
104
104
105
92
127
107
127
6
76
86
121
122
115
130
135
102
10
119
103
105
159
149
148
134
128
6
169
85
106
151
95
117
107
117
1
82
143
120
128
99
136
92
144
1
95
128
167
107
75
122
110
148
7
155
127
97
152
122
147
106
110
2
106
101
89
98
119
114
106
113
2
119
125
86
77
139
128
71
104
10
130
120
125
135
100
104
130
178
4
69
126
106
108
124
103
95
133
6
142
134
134
131
94
134
102
119
7
93
116
127
94
100
119
131
97
9
127
119
106
103
141
145
135
119
3
122
128
128
142
156
114
105
131
1
121
99
82
154
87
128
112
104
2
133
119
100
135
94
116
100
84
0
109
101
127
129
107
120
107
128
4
86
104
125
140
82
116
100
106
4
131
122
119
127
117
100
101
93
7
108
116
122
113
92
135
142
107
5
135
125
127
82
128
101
94
69
5
113
134
111
114
94
71
119
135
6
129
104
107
138
127
127
112
78
4
146
138
125
106
140
147
123
121
4
113
116
99
112
108
113
134
113
1
129
90
178
116
124
128
102
134
9
107
123
148
138
149
136
108
78
8
136
105
94
70
135
129
94
88
2
83
131
86
107
134
125
105
89
9
77
85
117
136
136
129
72
107
7
129
126
129
112
106
127
164
93
6
128
139
132
104
102
132
125
138
9
119
118
113
133
120
129
93
147
8
136
112
135
110
127
116
108
114
5
127
117
149
114
164
83
103
94
2
107
127
101
122
107
115
129
94
2
103
128
135
79
119
130
85
154
4
110
120
106
121
121
118
121
92
10
137
99
113
119
127
141
111
78
2
69
136
161
106
107
96
94
122
8
69
91
126
125
131
112
101
110
4
105
128
161
140
142
112
127
106
1
135
107
136
72
97
130
111
149
9
113
113
170
97
87
120
120
115
6
91
100
157
110
142
148
95
88
10
128
149
126
101
84
115
128
149
1
95
122
117
143
120
123
82
123
8
120
115
97
115
103
157
112
109
4
128
147
130
100
91
111
126
149

