14
3
3
0
1
4
2
0
2
12
7
3
1
8
1
2
7
1
14
8
4
0
6
4
7
8
2
88
83
87
126
102
123
142
136
1
171
105
149
156
104
129
131
119
2
107
86
111
124
128
133
100
128
8
126
127
117
108
109
112
121
128
2
148
131
108
126
134
129
133
113
2
113
127
106
92
114
94
138
108
5
147
106
146
122
99
121
106
99
1
121
136
138
99
130
120
97
150
3
112
126
129
120
130
101
129
119
8
108
135
119
98
121
133
131
99
7
142
120
101
113
154
107
117
116
4
120
106
127
113
109
136
113
143
7
121
100
114
141
107
156
115
122
9
85
157
141
108
113
115
140
149
7
113
83
150
104
107
100
113
119
10
120
160
166
115
127
133
80
132
7
74
146
84
104
113
114
114
99
1
115
150
127
130
153
140
144
141
2
119
104
106
135
88
93
112
122
7
115
160
116
162
114
124
106
141
1
113
117
134
140
129
136
99
85
2
124
137
114
117
121
98
150
107
7
134
120
117
97
115
133
109
106
2
129
120
134
144
148
120
143
91
6
87
128
87
111
109
130
89
156
10
141
152
135
111
112
164
100
110
9
107
102
140
118
135
134
109
124
6
121
142
168
92
115
115
142
139
1
116
124
115
122
127
90
136
90
2
114
95
127
120
138
127
126
135
4
147
102
135
86
106
128
152
112
9
108
126
100
110
91
146
135
92
8
99
148
115
86
128
115
118
141
10
127
102
90
144
116
111
101
98
2
127
104
93
94
122
127
123
128
7
118
83
114
85
134
97
113
119
3
92
144
99
101
137
93
84
95
2
107
98
97
113
87
116
129
100
1
150
86
154
135
125
135
152
106
5
143
99
111
117
97
128
109
137
10
162
165
127
129
100
87
113
99
2
141
121
142
119
157
91
142
118
7
101
108
147
123
85
95
145
157
8
137
112
133
122
110
124
153
91
7
155
143
112
154
114
124
147
130
6
114
114
84
126
107
99
154
108
5
107
92
107
157
123
110
120
105
4
98
121
156
119
88
87
115
155
3
143
127
139
147
136
115
103
132
1
122
98
106
122
139
160
123
148
5
128
91
126
138
106
133
102
161
4
84
123
109
101
124
115
134
115
4
108
131
123
115
135
105
97
157
5
90
131
87
106
135
113
114
125
5
106
120
87
102
71
109
98
128
7
130
134
121
127
131
88
101
97
2
136
116
117
87
119
150
117
163
3
104
116
134
94
84
133
60
96
8
111
121
141
124
98
133
141
92
5
126
100
141
112
124
134
124
84
7
110
114
128
136
98
120
115
102
9
89
142
98
99
110
119
126
93
3
133
110
120
134
106
120
160
93
1
110
132
100
106
99
119
129
125
4
104
128
127
116
84
117
155
100
6
133
85
98
112
120
121
124
96
9
85
109
134
118
110
119
135
127
7
125
110
114
110
113
100
145
124
8
142
112
124
122
123
77
116
107
6
127
107
128
81
116
107
114
121
1
98
130
93
83
107
118
127
100
7
130
125
135
122
124
119
120
130
6
119
126
100
95
113
153
131
105
9
121
94
123
120
84
132
126
121
8
108
117
92
168
128
114
110
105
7
109
126
138
107
130
113
103
170
0
129
131
114
98
127
112
114
124
7
149
112
147
142
142
94
121
131
5
127
106
84
87
94
134
134
152
0
113
101
148
106
101
122
106
92
6
120
100
127
101
153
96
98
159
9
145
109
112
113
126
101
156
120
3
114
133
134
109
99
120
98
103
3
105
85
91
125
107
100
138
115
6
78
110
128
104
122
135
112
101
2
127
118
128
145
101
123
65
131
3
112
121
122
113
117
137
93
115
5
140
135
86
134
140
119
116
99
8
103
141
134
105
119
120
134
140
8
122
111
109
97
90
92
160
130
5
115
100
123
106
92
148
107
91
4
123
93
122
122
91
120
129
119
3
124
154
139
105
133
114
101
127
6
141
106
92
119
98
148
123
99
8
117
140
126
138
134
109
114
113
3
105
121
111
105
148
111
89
100
1
86
145
134
133
86
126
111
91
5
93
92
140
80
88
131
105
127
8
110
114
138
101
139
148
104
134
5
137
88
86
121
109
135
114
148
7
118
145
140
90
131
147
107
116
10
102
104
115
130
90
120
128
78
4
128
76
107
145
126
121
111
101
4
136
134
93
128
92
141
120
119
5
125
93
118
76
83
127
137
115
4
101
115
127
134
129
122
92
99
1
119
115
126
115
113
96
148
120
5
93
103
101
120
149
113
84
120
8
101
133
120
120
103
97
99
106
8
94
150
83
133
108
138
92
141
10
109
114
84
115
118
98
140
80
8
108
86
105
85
121
117
115
113
2
134
120
115
110
84
106
135
139
7
127
129
111
129
106
109
125
112
1
112
120
142
134
142
96
109
119
6
127
126
111
133
117
105
96
124
9
84
49
147
135
66
125
130
145
1
162
109
121
90
105
127
148
128
4
141
123
149
107
139
103
72
100
6
115
111
112
107
155
117
128
134
9
128
142
150
134
136
130
114
112
0
103
157
93
127
143
112
143
96
7
110
128
94
106
105
129
141
107
7
107
120
138
127
89
113
114
153
2
108
125
100
94
88
114
144
85
5
135
98
113
130
108
128
125
129
8
134
106
93
93
103
100
121
129
7
125
127
116
108
110
157
100
76
7
128
121
133
134
111
148
131
122
4
71
105
92
51
113
115
109
46
4
134
156
120
100
82
135
79
129
8
112
90
80
122
134
93
92
128
0
136
115
121
104
76
121
134
126
4
126
102
103
135
130
90
103
90
1
136
109
75
66
134
116
117
90
2
92
72
98
116
127
103
122
129
6
143
111
116
120
132
124
126
105
1
103
135
108
97
99
133
124
105
1
81
115
100
106
130
105
100
145
1
111
115
99
119
135
128
111
106
6
97
92
101
92
142
140
163
119
7
125
152
91
155
99
96
130
117
10
116
104
115
172
109
140
105
111
0
100
148
135
99
72
135
102
132
2
137
101
107
119
135
87
105
114
7
93
108
51
107
73
87
114
92
4
114
140
142
70
118
127
110
91
4
99
125
102
105
128
136
145
94
8
91
100
140
89
143
100
156
131
0
113
129
119
110
106
128
132
121
7
142
55
114
114
120
114
114
107
8
80
100
113
114
141
135
114
118
2
165
92
127
160
145
116
132
135
6
121
99
106
127
73
94
126
128
2
119
121
133
157
123
147
111
120
6
113
127
81
161
114
124
100
93
1
154
135
94
109
113
147
150
138
8
133
114
141
100
114
94
126
127
5
108
110
125
150
92
129
108
144
8
114
113
119
103
130
164
72
111
5
113
105
129
121
105
145
157
88
4
122
149
91
130
93
120
141
122
2
126
106
143
108
120
86
134
87
8
130
120
99
78
129
109
75
142
9
140
125
134
169
119
88
127
119
8
99
126
106
121
106
128
131
92
0
158
110
105
117
82
118
91
121
7
147
114
138
118
133
114
144
118
9
163
105
129
123
127
91
135
121
4
134
123
130
105
108
126
111
127
7
127
107
132
101
117
112
109
160
2
153
109
115
86
133
108
113
113
3
121
118
113
139
89
155
122
140
8
124
138
133
88
79
108
106
71
9
119
158
169
99
93
92
127
96
1
152
123
125
113
119
145
127
140
1
120
121
109
112
92
143
102
97
0
101
100
96
93
141
127
126
113
1
121
101
122
105
149
107
120
113
8
86
70
159
95
146
105
93
128
1
127
130
120
127
140
122
142
106
8
108
108
68
98
110
114
143
98
0
106
154
111
127
118
111
169
95
5
125
112
106
108
155
87
134
129
2
101
136
134
149
125
136
115
128
10
166
126
118
107
85
100
122
151
10
100
135
124
121
118
115
128
72
4
120
97
132
120
86
111
141
116
3
74
99
87
101
98
106
102
141
6
114
99
135
102
119
109
120
99
4
73
79
149
66
93
93
126
135
6
166
119
92
121
109
106
107
116
2
126
100
150
106
142
98
119
108
8
131
134
148
98
73
121
97
115
2
133
114
135
143
104
115
130
134
7
134
138
106
136
93
105
125
121
8
126
101
135
135
67
93
107
70
2
128
122
126
85
95
125
114
150
4
139
108
132
99
145
118
149
123
5
116
109
107
97
151
135
105
94
3
102
111
119
106
127
107
70
141
5
165
118
114
126
140
112
113
121
8
117
152
105
119
107
127
104
114
5
108
124
79
102
86
171
110
121
0
115
131
148
135
120
119
109
140
1
108
121
90
81
113
126
132
149
9
115
137
108
130
102
109
154
128
6
135
111
86
72
131
75
107
126
9
92
123
122
143
120
131
129
128
2
120
132
145
82
107
150
101
156
10
162
141
116
120
141
135
101
95
5
118
149
122
152
134
140
142
121
2
124
133
86
100
111
112
120
99
1
100
95
93
134
117
100
124
132
5
115
113
132
90
130
159
127
121
5
97
152
122
101
110
102
123
122
3
104
142
71
169
129
88
141
119
4
127
81
152
87
99
107
107
99
6
97
109
89
121
132
113
100
115
5
108
128
100
119
94
125
113
116
8
100
87
124
121
116
84
164
96
9
110
130
117
119
128
135
100
71
3
99
129
131
86
133
114
122
122
2
122
128
129
115
127
136
85
107
3
143
104
147
71
107
121
100
120
4
115
128
128
99
84
94
118
100
8
154
142
100
140
134
118
122
96
8
96
129
93
135
116
143
122
140
5
121
79
98
100
105
109
119
84
4
151
121
109
86
122
109
107
141
7
96
88
121
117
106
142
112
142
1
126
123
113
85
70
93
109
128
6
85
116
131
119
114
112
98
122
1
72
142
130
98
112
127
122
126
2
127
129
119
170
135
140
135
145
7
108
122
148
97
98
114
117
109
3
142
110
136
101
122
122
114
84
6
116
112
108
118
164
123
84
125
2
105
109
147
105
108
141
120
114
0
113
124
86
148
116
136
137
148
4
95
96
81
130
112
135
111
94
0
138
108
135
136
122
136
141
112
5
96
116
127
119
133
91
116
139
4
104
112
157
112
91
132
120
95
8
102
166
148
156
125
98
132
96
9
136
121
117
117
109
103
114
127
1
92
114
92
122
88
117
85
155
3
96
120
134
126
105
87
99
126
5
99
130
135
132
120
143
116
109
9
98
94
114
141
121
105
95
108
4
98
137
91
146
108
100
142
135
1
94
169
121
77
135
79
93
112
10
106
139
71
132
106
149
112
121
1
83
105
122
107
129
111
105
144
4
121
57
124
104
128
113
91
100
1
138
93
84
85
87
86
149
109
10
132
127
141
143
80
116
128
134
8
113
98
105
105
100
90
100
148
2
131
93
136
112
120
156
118
114
3
129
137
127
131
99
118
136
127
4
125
112
58
114
109
114
98
87
2
134
125
137
139
133
129
173
135
9
121
108
97
121
99
72
92
121
9
126
132
98
86
95
95
121
103
10
121
110
121
96
125
98
108
114
0
140
135
101
135
135
87
125
129
8
93
100
100
147
154
135
122
135
5
105
95
103
170
152
116
113
136
3
144
114
118
147
127
112
138
124
3
88
99
94
108
121
87
111
121
7
127
120
110
143
78
120
113
141
5
92
105
98
77
104
126
133
79
3
124
96
142
112
125
127
127
97
0
141
105
106
135
147
100
133
128
7
128
155
107
126
101
127
98
96
0
134
148
85
121
110
148
114
110
7
113
93
107
92
121
131
84
94
0
89
127
121
129
94
120
98
107
2
149
110
72
157
151
106
92
113
2
112
156
139
128
112
134
78
127
6
110
92
99
96
101
107
86
154
1
139
112
79
105
96
131
124
100
9
158
134
136
135
115
107
134
106
2
119
111
121
98
133
103
101
115
5
117
127
106
121
94
114
137
99
10
140
141
121
113
59
128
106
103
4
135
116
141
106
125
101
146
108
9
126
115
158
96
170
80
151
129
1
107
92
130
72
98
127
117
138
6
133
128
159
112
102
122
152
112
10
96
96
130
145
113
117
128
123
7
110
89
97
79
133
121
136
81
5
114
104
95
119
86
125
128
124
8
113
92
98
104
126
140
89
106
1
113
123
128
141
144
128
87
110
10
128
79
142
134
74
130
148
66
4
127
92
115
121
133
99
117
116
5
101
99
103
107
95
78
111
126
6
92
114
125
98
99
106
120
111
5
108
92
125
101
103
69
97
114
0
95
113
155
116
130
125
105
114
7
93
135
109
93
107
103
130
141
7
131
121
93
141
111
121
92
114
8
95
102
130
99
114
126
89
135
9
120
94
147
89
101
111
115
104
8
124
133
91
112
167
106
94
118
2
91
106
94
112
89
100
107
144
7
140
114
148
131
92
95
108
113
4
102
127
115
127
120
146
136
85
8
114
134
79
83
145
134
127
116
6
111
101
107
108
113
111
152
103
9
110
98
121
111
137
86
113
120
5
143
118
91
137
107
86
127
123
10
118
86
99
138
120
109
116
126
1
120
122
106
92
133
123
131
152
4
113
111
104
101
105
132
128
92
9
134
169
98
124
144
112
156
131
5
90
141
92
133
120
103
84
123
5
99
109
142
132
106
110
85
119
4
101
130
112
159
131
100
123
112
4
113
102
143
94
102
113
120
122
5
115
105
103
113
89
132
124
130
5
127
119
124
133
116
105
105
140
1
94
87
99
129
123
119
132
142
9
101
127
129
116
146
125
100
122
1
111
156
91
117
135
78
101
93
1
127
108
117
131
148
120
110
102
5
154
135
120
108
88
126
163
137
7
101
115
98
144
141
115
128
130
6
120
63
129
78
122
131
103
129
5
86
127
131
101
120
109
114
108
1
105
93
133
107
118
152
114
121
4
130
125
84
134
93
113
82
140
6
113
112
150
123
155
132
122
115
1
116
133
112
107
93
108
101
111
5
103
135
160
148
106
103
127
116
5
127
122
113
93
99
127
109
110
1
139
108
93
134
98
112
119
139
4
132
108
99
77
121
145
140
147
4
101
128
149
122
134
119
108
154
6
121
150
101
142
83
148
144
107
5
100
92
123
130
116
140
141
80
6
106
107
121
122
120
111
136
91
1
119
116
114
140
127
72
134
104
4
96
125
92
130
142
119
127
120
0
141
150
103
56
126
135
113
111
5
93
98
91
130
118
97
135
127
8
115
135
134
140
106
149
119
112
6
114
108
134
106
121
113
104
133
6
116
94
113
109
110
100
134
103
7
151
105
97
140
98
120
147
123
9
136
96
174
101
111
142
135
101
5
103
91
114
125
113
142
133
129
5
79
112
149
141
99
134
97
123
3
99
113
81
113
124
118
149
116
4
122
135
103
132
105
102
122
118
1
160
102
110
103
135
149
83
123
8
113
162
99
148
70
169
120
80
3
134
106
132
70
103
126
105
104
1
114
134
158
67
113
148
94
108
1
122
117
153
80
101
136
151
110
7
94
156
120
133
119
120
90
92
3
116
119
112
91
84
105
110
96
5
102
127
142
98
129
116
108
92
2
106
114
122
90
122
128
163
106
2
156
100
135
127
151
123
147
139
2
88
141
149
142
122
111
116
94
10
119
96
70
126
93
114
85
92
10
131
126
105
108
141
125
115
159
7
123
140
135
80
130
155
149
120
4
99
127
132
94
121
99
106
125
2
131
73
143
114
122
76
104
121
1
115
148
148
85
124
105
105
123
9
116
127
97
141
127
111
78
111
9
119
134
108
101
127
120
147
107
0
86
85
82
101
104
128
148
131
10
116
80
150
134
106
117
101
126
8
135
138
139
113
115
103
125
108
4
134
120
141
115
111
120
123
122
7
136
126
103
102
153
93
136
114
0
91
123
102
81
85
114
143
108
10
140
98
135
124
91
164
135
107
2
118
108
122
114
126
121
108
117
3
120
75
103
143
131
117
128
115
3
105
107
150
130
121
101
77
78
2
85
157
149
135
111
133
126
81
1
147
124
114
86
116
65
127
126
1
78
147
112
123
105
96
149
109
8
104
136
112
148
107
135
122
129
4
150
125
106
89
121
68
122
134

