15
4
0
6
5
2
6
1
5
9
7
7
5
3
1
1
1
6
9
10
6
7
8
7
8
3
8
99
129
106
72
101
98
72
103
3
114
132
102
135
135
150
113
142
5
143
122
110
105
115
145
109
82
9
130
124
134
133
106
72
145
116
5
108
109
137
129
113
121
134
129
2
78
92
116
155
146
135
106
137
9
135
135
86
157
134
120
121
114
4
117
137
92
101
138
149
107
107
0
123
101
91
128
98
109
120
112
8
120
91
121
118
142
97
102
128
1
122
115
112
114
141
93
125
107
1
115
111
124
115
108
141
137
108
4
99
142
133
100
107
92
144
121
9
114
80
70
108
119
121
126
118
6
100
127
135
121
105
116
126
94
10
131
134
149
97
103
87
128
150
5
105
156
134
124
106
94
86
140
2
120
110
115
109
99
131
120
125
3
128
150
111
129
132
126
135
67
5
143
128
99
122
82
119
143
126
2
93
141
114
116
90
90
136
92
10
80
119
130
98
120
101
134
114
7
115
160
103
112
142
130
136
114
0
108
140
101
98
155
105
119
136
4
126
114
105
122
110
138
140
112
10
99
138
129
119
114
124
115
120
6
140
96
116
104
127
106
105
122
0
128
100
106
80
86
100
99
148
9
110
93
88
153
68
82
118
98
1
150
128
100
88
119
120
140
106
8
131
85
86
155
147
114
137
104
3
108
114
99
112
101
128
120
106
4
61
95
108
130
95
139
158
125
5
120
112
133
113
121
123
143
134
2
147
126
115
78
142
111
78
133
10
121
144
99
110
132
128
135
134
9
93
129
116
153
119
127
111
139
5
105
112
164
133
148
98
120
80
10
114
107
109
127
109
143
117
120
10
133
120
114
130
113
115
135
105
2
104
127
108
102
143
134
134
121
9
144
103
135
130
111
159
101
161
7
113
106
130
117
123
108
127
129
5
132
124
114
104
158
103
141
121
4
113
114
91
135
109
132
104
133
0
155
127
99
150
141
119
110
99
6
85
120
87
113
128
139
86
97
2
144
113
136
132
116
141
106
159
3
131
91
85
135
105
95
127
120
3
111
128
107
134
112
112
99
129
1
119
88
117
93
152
106
143
107
7
114
101
113
93
123
108
114
120
2
156
100
123
116
146
106
143
98
2
149
148
114
128
125
106
98
107
8
135
109
107
83
113
79
119
109
7
92
130
108
102
99
107
123
125
9
108
113
110
106
148
91
115
92
2
137
114
125
86
92
138
141
113
8
71
157
132
109
131
106
105
111
1
129
90
118
113
128
137
120
118
7
136
113
127
135
110
143
91
100
9
114
131
106
107
136
109
114
118
7
118
133
128
125
108
105
135
145
9
99
158
122
134
107
117
116
150
3
108
120
121
103
98
115
122
148
6
126
101
141
119
114
137
91
129
9
97
89
133
131
108
106
95
110
4
182
97
128
148
93
113
116
113
1
88
136
81
131
134
122
119
80
4
134
88
149
148
122
140
128
137
1
121
129
109
126
92
85
136
89
7
70
114
141
129
126
102
108
131
8
116
98
117
118
122
149
132
102
6
93
118
135
139
119
135
97
112
6
86
142
115
136
122
92
121
87
8
131
149
116
128
85
137
93
132
9
113
88
120
94
98
99
107
109
8
89
124
66
149
129
154
120
136
9
131
98
139
105
93
120
106
129
2
138
120
159
143
100
105
112
92
9
141
85
126
127
128
135
124
109
6
106
104
146
141
99
130
92
108
3
127
129
150
65
102
99
113
124
3
121
90
146
106
131
140
109
121
9
122
132
113
106
115
130
112
99
4
120
136
85
111
133
115
134
107
1
113
80
121
112
93
137
104
105
1
125
157
104
116
99
142
89
99
0
122
148
142
128
137
112
127
79
5
112
107
138
73
126
99
135
119
4
119
148
148
128
89
112
110
92
3
127
85
109
94
121
111
150
127
3
118
108
112
109
65
100
116
129
1
112
120
129
139
128
152
138
131
5
156
112
156
107
71
94
122
86
1
149
81
164
140
153
101
108
163
2
105
113
108
161
114
89
113
113
3
102
77
126
105
110
114
127
132
5
142
94
129
124
137
140
104
96
0
129
116
163
107
114
99
146
93
5
134
120
129
154
109
97
133
123
1
133
122
123
145
125
108
113
135
6
102
107
85
147
75
60
113
107
5
77
118
101
78
80
89
108
145
9
79
126
100
133
120
99
141
113
7
92
108
95
125
106
140
112
98
8
121
144
96
110
102
96
132
134
3
106
99
133
145
135
120
125
101
5
110
117
132
99
124
119
112
138
10
79
128
136
88
81
114
121
160
8
158
129
117
135
106
155
122
91
5
142
180
126
120
103
159
141
132
5
106
116
140
122
104
69
108
87
1
124
136
100
127
63
155
122
125
7
121
127
78
149
157
109
150
137
6
99
130
141
142
127
115
94
136
9
156
118
121
90
117
142
94
134
4
133
129
123
138
118
95
108
99
8
86
79
148
117
93
136
139
93
10
161
92
112
105
93
132
143
105
5
78
109
115
93
126
117
128
108
2
106
115
105
125
107
136
129
117
2
136
112
121
128
153
117
113
85
3
150
84
129
106
87
124
108
120
7
114
155
120
133
123
149
107
147
5
154
94
107
63
135
105
107
143
6
128
104
152
136
106
149
132
100
7
114
93
101
134
95
134
138
131
2
113
76
117
81
120
140
146
113
6
126
120
121
120
124
155
113
148
2
150
143
77
104
112
141
94
108
2
98
134
122
55
121
163
94
142
10
162
92
106
100
101
111
96
121
3
129
134
92
101
105
124
99
152
1
114
128
129
85
112
121
114
147
2
129
128
109
98
92
118
116
129
3
87
130
109
128
155
80
90
119
5
96
131
128
144
124
115
100
110
1
118
106
128
119
83
103
97
143
1
136
112
105
104
129
65
138
113
4
113
156
134
76
108
99
121
92
5
106
83
135
107
112
117
114
114
7
128
132
112
107
85
100
128
101
1
104
121
96
135
120
137
110
115
6
130
127
120
147
121
92
157
106
2
106
71
108
108
117
113
60
106
10
100
117
85
110
121
65
94
112
1
114
92
112
100
148
107
121
133
1
142
102
128
106
120
158
119
135
10
114
85
101
133
121
140
120
90
5
82
140
112
112
117
142
106
122
6
120
126
86
156
106
113
108
106
5
137
127
95
116
141
122
113
95
1
118
115
103
87
122
126
102
115
5
128
146
93
117
113
113
121
112
4
98
119
102
111
80
107
85
122
8
118
144
111
130
115
94
126
119
0
110
107
69
72
106
124
128
127
4
128
167
121
90
117
134
97
114
10
109
115
114
114
140
115
112
108
0
92
121
148
120
126
117
129
97
8
93
144
106
114
98
152
116
128
5
107
148
117
148
135
77
158
128
1
97
130
123
92
98
117
117
119
2
122
133
128
113
117
114
136
112
9
116
119
136
103
138
79
98
107
1
134
119
146
119
106
117
129
86
9
112
120
133
143
161
156
130
157
4
108
121
91
105
120
112
121
134
5
113
106
97
128
148
78
78
123
4
121
78
96
112
121
112
128
127
1
128
113
116
100
107
166
129
134
3
122
114
119
131
128
106
138
95
4
141
122
133
100
98
128
134
128
3
115
114
118
114
103
83
94
119
8
114
115
121
143
141
114
134
93
1
133
95
112
157
145
120
102
88
9
107
149
134
132
110
99
118
108
6
134
141
102
103
142
98
133
134
2
122
114
91
133
149
129
78
141
2
126
123
112
118
123
120
100
141
0
129
150
85
143
135
78
127
114
2
78
107
128
143
157
126
100
171
6
99
107
100
112
108
107
99
119
2
145
91
135
116
109
110
120
117
5
106
124
106
94
121
115
139
123
0
121
122
138
93
82
120
122
152
6
141
83
119
127
108
120
121
87
6
127
154
136
142
116
119
78
104
9
118
139
103
121
85
73
126
129
0
99
123
128
134
92
113
130
109
5
107
136
125
130
129
148
120
85
8
121
87
114
120
113
128
161
140
6
113
170
128
107
130
123
122
108
8
91
119
128
133
142
80
99
161
4
114
107
106
112
149
139
94
134
4
116
139
108
95
120
106
108
77
9
120
113
126
85
136
98
120
125
5
120
132
129
145
122
114
111
101
10
135
124
128
118
93
125
127
139
5
134
112
92
132
157
100
113
147
3
133
89
120
105
105
96
72
114
5
121
98
125
88
122
115
91
133
5
83
117
110
112
139
106
134
121
8
116
120
112
128
100
132
92
120
6
120
124
142
100
138
92
79
124
10
137
125
108
92
142
141
128
133
5
163
119
95
153
148
113
129
106
9
107
120
105
77
91
107
126
85
4
98
138
73
117
77
147
115
148
3
116
125
119
126
115
98
118
107
3
94
128
122
139
107
103
111
134
7
112
149
106
94
142
153
139
147
5
90
94
85
135
130
105
113
147
1
109
86
124
123
129
89
117
145
2
114
107
114
111
137
92
66
73
3
127
142
121
121
99
113
113
99
3
95
146
125
114
121
101
116
104
10
84
98
100
126
89
126
112
99
2
109
107
136
102
116
120
131
113
8
122
98
110
150
88
133
106
115
5
108
115
132
110
121
106
121
129
2
133
120
144
133
113
141
138
140
3
91
92
94
89
116
118
123
86
8
106
114
121
139
127
128
82
106
4
80
112
112
100
108
116
94
106
9
121
124
128
89
153
84
106
116
5
127
101
116
128
122
100
107
114
6
121
149
106
98
120
157
114
141
8
89
115
116
119
92
92
157
138
7
128
112
125
82
112
144
140
125
9
141
111
104
107
104
113
99
111
2
112
92
99
135
118
109
114
100
10
121
121
124
108
87
108
98
112
7
158
120
115
104
113
107
72
138
0
122
115
92
121
106
116
114
108
7
127
149
76
108
136
86
142
107
4
90
123
119
124
85
122
148
85
9
106
128
134
140
114
136
105
127
5
108
102
153
143
130
150
119
122
3
89
86
125
122
109
126
124
94
6
94
129
141
100
103
113
127
89
9
117
102
124
107
82
148
87
128
8
127
153
121
108
131
136
139
122
4
99
85
100
153
125
107
119
78
0
88
100
84
120
145
102
121
110
5
106
119
166
121
106
101
109
127
9
106
149
117
120
132
148
93
121
6
141
84
82
102
115
107
124
105
8
135
102
157
151
95
124
111
48
9
102
135
112
112
124
80
115
126
0
128
84
107
104
149
93
104
86
9
96
142
118
101
107
87
128
123
2
111
154
106
142
146
126
100
110
7
113
157
146
99
115
120
114
121
3
126
129
111
113
73
148
129
81
2
142
109
126
129
96
119
132
136
8
126
118
114
77
162
87
100
95
3
78
155
122
108
140
147
95
121
10
168
100
106
102
105
106
95
113
8
130
146
89
133
129
101
115
113
6
84
111
100
122
85
69
124
87
0
107
126
121
104
152
114
141
106
10
107
149
99
132
109
121
134
133
2
115
146
74
119
105
139
141
115
4
135
119
120
97
100
91
135
133
1
112
124
109
116
119
95
96
127
6
125
134
149
89
125
95
94
134
5
134
88
106
132
120
122
134
113
6
142
106
119
121
113
138
99
172
9
122
138
120
119
135
93
101
115
1
122
114
77
101
114
89
106
149
5
130
129
144
123
156
126
88
142
9
123
114
80
125
162
86
126
130
1
121
116
135
119
136
100
138
126
9
138
97
129
110
89
126
111
100
5
106
117
141
149
119
137
128
103
8
109
111
111
87
87
147
85
147
3
114
97
119
98
119
98
136
79
10
134
101
99
99
119
124
82
110
1
122
106
149
129
125
127
146
130
5
92
153
165
83
120
118
150
108
10
110
132
134
103
115
96
103
116
1
111
142
111
159
114
123
111
121
8
106
140
101
110
118
119
105
149
8
135
98
108
136
113
90
119
88
2
141
118
142
105
135
134
106
128
9
80
110
142
121
110
154
115
144
2
109
149
142
123
92
143
127
155
1
115
112
119
98
130
92
119
117
2
104
100
140
93
155
133
101
105
3
181
93
99
103
85
113
99
85
8
134
102
113
106
119
100
166
121
9
105
122
113
139
115
120
72
116
9
118
88
80
99
127
98
106
119
7
118
82
103
94
147
97
117
142
9
107
103
135
126
97
139
115
115
3
165
117
153
93
126
78
108
126
2
110
107
78
119
139
122
128
135
7
146
132
125
95
151
87
106
142
8
148
123
86
127
130
87
118
159
3
111
140
128
78
95
143
125
131
8
121
93
87
147
108
123
120
150
8
126
126
122
107
92
116
123
113
9
121
115
85
129
133
127
72
134
4
144
100
147
143
107
113
133
132
2
121
149
93
120
141
136
66
141
0
133
101
104
99
83
120
142
128
9
117
127
92
100
93
114
148
112
7
114
136
91
119
95
143
108
81
7
86
127
97
117
143
149
113
109
9
101
120
96
105
128
102
102
109
9
133
115
134
97
115
108
115
92
7
126
119
114
83
136
106
129
110
8
81
140
106
130
129
85
137
123
8
125
92
127
134
127
137
137
148
8
120
120
112
120
80
122
94
162
2
122
94
112
127
118
117
134
119
4
118
109
108
112
155
117
96
135
1
98
150
96
163
135
78
125
111
3
122
126
127
106
125
111
109
106
3
132
118
93
120
133
102
131
97
2
118
118
145
111
112
95
114
153
10
114
118
121
103
95
128
115
122
2
123
111
138
119
114
131
142
91
4
128
142
119
100
115
108
137
91
4
102
136
95
92
117
127
115
88
9
78
113
143
94
99
126
120
106
4
116
99
134
112
120
109
126
112
3
122
86
87
67
128
150
85
157
9
108
98
111
134
149
139
78
126
1
125
80
97
110
124
122
87
128
2
90
116
115
85
95
138
91
134
8
119
131
138
105
83
101
128
95
10
142
88
137
112
139
93
112
122
7
106
88
141
87
136
110
127
117
5
141
96
107
111
124
117
73
114
1
92
133
140
137
90
115
115
119
8
112
122
103
90
117
137
118
71
3
93
141
118
105
112
98
106
130
7
133
107
137
133
133
110
109
141
2
99
72
108
125
105
131
110
138
0
110
155
109
128
121
106
106
91
8
123
120
104
144
97
114
106
153
3
143
127
126
135
114
78
117
141
4
134
150
129
132
113
103
146
117
3
99
114
118
117
118
104
101
144
6
112
110
109
99
139
105
117
105
7
88
133
135
134
142
102
113
92
2
107
145
96
107
138
121
85
124
1
107
120
151
111
113
131
133
114
9
88
107
103
107
107
142
146
102
7
112
99
109
135
125
122
117
120
1
123
74
136
113
117
89
121
114
1
146
126
150
117
129
150
149
123
8
77
130
109
129
51
107
105
149
9
99
75
130
115
121
102
106
136
3
100
124
115
129
102
105
100
135
10
102
126
105
143
110
106
96
117
1
127
87
113
108
128
134
129
113
6
99
141
127
109
106
113
126
109
1
128
121
101
111
102
106
127
143
2
120
114
93
115
84
132
138
120
9
51
90
94
100
93
103
88
122
6
149
112
114
81
125
120
155
121
4
135
99
104
135
154
114
101
101
5
115
124
92
85
112
107
135
105
1
117
108
135
98
136
135
102
128
7
115
139
78
157
147
99
106
93
9
113
148
93
128
119
132
89
97
8
111
135
133
144
98
103
140
106
9
149
112
140
114
101
114
125
137
4
107
111
99
135
139
113
127
84
9
88
152
114
100
104
110
94
113
9
123
111
122
93
157
142
120
97
2
115
128
120
141
90
94
60
146
4
106
148
113
102
129
114
91
106
0
119
140
118
107
99
117
115
106
3
102
126
148
87
99
114
105
121
7
120
105
86
134
84
98
117
108
4
95
116
148
128
94
127
53
117
6
99
97
129
121
157
107
138
107
7
141
96
117
128
131
112
162
120
6
121
113
112
121
122
128
104
139
1
136
126
126
139
85
100
121
99
6
126
109
141
117
128
120
121
91
2
139
128
124
160
122
127
120
128
3
128
126
119
102
57
81
129
150
0
136
151
128
92
101
114
132
136
8
139
125
121
161
119
123
119
126

