8
6
4
7
2
7
0
0
9
15
7
9
7
5
7
5
7
4
12
6
3
7
3
4
1
1
9
119
107
116
107
112
143
132
107
7
122
127
110
100
126
84
133
118
4
133
119
135
94
128
148
124
74
4
135
106
102
113
154
120
120
112
2
135
102
122
93
122
143
128
110
2
147
127
118
105
101
104
84
107
9
113
101
134
113
134
112
128
109
2
124
90
144
121
126
151
134
113
4
134
89
110
98
100
111
112
119
1
134
97
126
120
88
88
103
103
9
79
166
134
121
126
92
101
133
5
117
89
134
120
119
123
129
94
7
93
128
114
128
112
143
105
125
6
148
140
124
101
106
107
105
120
0
108
80
116
105
148
111
128
148
2
131
124
141
96
120
121
119
106
4
132
100
119
115
155
107
122
112
3
107
129
123
121
109
92
101
147
5
139
113
99
131
92
127
128
146
1
131
137
105
134
165
106
145
124
10
107
120
124
94
135
153
142
148
4
148
92
78
108
110
121
125
156
8
127
107
141
108
104
107
114
100
1
114
98
97
101
102
128
139
121
3
136
147
115
133
127
121
99
117
3
100
117
73
130
118
130
92
120
0
127
119
131
124
100
102
83
144
6
146
110
121
82
106
127
129
98
8
126
147
139
134
94
112
82
106
4
107
125
140
114
99
136
148
95
6
144
115
94
101
95
113
118
160
8
151
111
107
87
108
135
126
119
5
94
128
112
116
163
108
129
95
6
112
120
115
126
102
91
86
95
5
85
97
129
120
141
148
136
100
4
112
99
147
106
122
159
119
136
10
138
135
79
113
99
98
117
88
8
121
109
80
92
128
140
132
133
3
93
115
114
90
97
123
147
123
4
136
118
77
93
107
148
113
138
5
105
114
117
121
101
160
132
125
2
98
121
107
117
118
117
121
93
10
104
113
113
107
120
117
134
108
6
118
119
126
162
133
103
105
100
8
122
127
126
120
85
113
78
119
0
107
101
135
115
97
150
118
107
10
121
125
119
129
99
148
119
107
4
142
139
120
108
114
104
114
88
10
91
131
92
116
116
111
155
148
7
122
119
120
129
120
108
120
94
10
108
107
112
99
139
100
77
86
6
103
118
132
126
126
121
122
126
6
135
115
154
124
153
108
119
125
9
138
120
104
114
157
110
92
108
7
148
151
130
129
134
106
110
85
1
136
100
134
116
154
150
121
101
1
127
121
113
129
113
114
101
139
4
128
107
134
122
141
141
132
127
0
140
100
50
141
123
141
94
170
6
92
106
139
125
156
126
98
124
4
140
107
130
121
105
142
112
126
6
127
108
128
97
100
119
123
96
6
127
93
169
107
83
91
85
129
2
128
137
141
145
127
92
94
72
6
107
134
89
135
119
121
131
99
9
136
107
108
134
87
119
124
122
2
99
118
124
114
156
136
122
116
3
106
111
115
114
126
120
98
108
4
98
112
136
142
119
82
100
80
2
157
101
101
135
121
135
125
171
6
106
128
124
117
99
96
138
148
8
96
85
122
90
128
118
143
129
8
126
106
109
108
137
139
94
102
9
98
114
115
123
149
116
110
125
9
133
94
129
121
116
179
142
113
0
100
141
101
126
133
128
114
117
8
102
127
128
115
121
106
123
98
9
107
126
118
119
130
98
144
142
2
122
105
127
100
85
121
104
121
6
90
77
112
93
132
127
89
114
0
120
127
86
83
100
114
134
128
2
126
99
114
104
134
130
136
127
4
114
112
115
101
71
98
134
149
9
92
104
136
92
87
103
87
126
3
107
134
111
127
120
74
151
81
1
116
108
126
108
117
95
104
84
6
122
143
107
104
80
101
136
106
8
114
114
130
116
68
113
136
92
9
134
123
126
129
100
107
102
80
10
136
70
164
126
131
100
113
117
2
85
124
108
107
119
126
117
120
10
144
87
107
118
74
130
90
111
5
126
120
95
137
107
135
146
141
9
140
106
92
144
114
134
147
112
0
93
122
84
116
104
113
108
116
2
131
133
152
126
118
113
134
99
5
89
127
143
98
116
127
148
103
7
109
114
153
154
98
128
114
143
5
108
138
64
57
102
134
126
135
5
101
94
120
105
121
103
106
117
2
127
120
111
141
71
149
115
96
7
123
121
102
143
124
130
120
140
4
98
150
107
146
142
112
123
99
6
129
104
111
128
61
142
149
136
0
86
84
121
100
93
171
114
76
0
133
98
97
132
142
89
118
119
3
128
127
113
120
93
120
149
116
10
163
87
99
134
117
142
116
119
9
94
131
129
123
115
107
99
142
2
120
72
93
143
133
128
129
98
6
102
103
113
128
112
131
119
127
4
121
131
125
108
114
185
152
121
8
122
99
108
127
94
115
96
136
3
99
134
127
110
115
123
97
113
7
106
98
98
107
121
121
130
130
10
135
120
120
131
92
134
134
104
1
101
85
128
95
135
113
127
84
5
120
106
99
85
109
148
112
80
3
112
120
86
128
106
99
79
95
9
122
133
95
134
132
114
118
154
8
93
134
103
113
114
121
135
122
10
111
141
82
113
121
142
149
130
8
120
111
121
115
109
113
126
107
9
112
106
101
126
131
114
105
107
0
99
74
122
141
151
90
100
115
2
108
120
123
135
113
129
126
101
8
115
86
103
86
91
114
126
119
4
164
108
106
114
120
106
148
94
6
122
105
94
164
139
100
144
85
2
133
133
125
117
136
94
93
128
8
106
99
112
122
99
124
113
136
4
152
137
130
85
155
101
91
130
2
127
84
120
122
132
79
112
120
6
86
100
122
124
126
78
148
113
3
168
98
134
125
80
127
98
128
2
169
102
129
135
91
127
141
115
7
87
137
128
114
93
155
124
135
4
124
120
120
137
112
107
101
155
7
140
93
101
125
91
152
122
142
5
146
78
98
98
104
129
89
107
5
121
113
150
142
114
107
135
129
6
153
124
117
125
116
147
86
99
3
150
94
131
149
127
113
111
133
1
82
161
120
128
117
142
136
123
0
139
128
130
113
56
96
88
128
2
119
94
113
111
119
148
125
100
8
121
134
91
132
135
105
142
126
5
107
116
92
99
106
128
131
121
9
118
120
119
143
161
80
145
122
10
74
111
93
99
92
141
122
88
6
100
121
85
107
78
129
125
137
4
101
121
137
93
105
121
100
101
5
92
107
150
121
154
132
115
87
6
116
121
91
126
106
106
112
128
7
142
126
94
133
125
117
156
111
3
143
145
136
98
137
100
111
120
7
155
103
128
129
105
113
105
101
3
112
123
130
92
138
120
120
111
5
99
105
84
100
115
77
86
96
4
119
128
112
143
77
142
119
107
6
127
100
134
145
120
119
127
127
4
112
89
120
103
115
162
113
94
6
140
119
123
100
113
99
125
85
10
104
124
113
135
113
99
73
106
0
152
120
119
94
115
116
100
131
9
103
99
102
129
147
106
148
113
6
163
91
141
143
85
136
121
129
4
98
86
106
159
121
106
122
109
8
120
125
114
142
114
107
87
93
2
118
107
156
122
95
141
93
119
5
157
108
142
121
128
58
114
111
6
122
107
133
136
123
155
113
127
5
113
84
101
101
85
93
120
115
2
100
86
113
108
108
132
148
147
6
115
137
133
103
100
121
104
141
9
139
103
97
113
115
129
147
110
2
115
88
101
116
111
155
119
122
9
143
117
105
95
103
153
109
128
9
106
78
118
79
101
121
121
127
3
138
146
147
119
174
140
147
114
5
171
107
139
106
81
122
106
150
8
119
110
84
125
128
121
110
115
2
82
143
129
159
143
151
121
115
7
137
117
108
156
123
105
157
109
3
120
106
100
134
92
118
126
121
8
85
109
88
100
86
78
71
123
9
93
105
134
135
110
109
126
120
2
82
76
139
110
133
127
130
113
3
149
104
122
86
116
105
158
117
7
99
129
127
142
98
141
90
150
1
94
135
103
147
128
126
147
92
9
117
101
137
131
98
125
124
145
9
105
148
91
101
143
84
117
87
8
126
94
90
99
121
144
113
121
5
65
85
150
122
144
93
118
92
7
115
94
109
107
147
124
81
129
0
116
138
118
107
117
112
126
127
3
127
115
139
111
107
153
111
137
5
165
163
142
99
109
114
110
125
8
73
119
111
126
79
120
152
126
6
92
118
92
122
98
140
105
119
8
135
101
85
115
73
96
141
129
7
96
143
146
114
134
109
109
146
8
116
140
181
134
95
128
91
99
2
131
101
101
106
93
139
112
78
7
137
107
98
121
113
106
122
110
2
136
72
125
103
128
105
127
128
9
153
121
160
121
103
100
92
185
7
108
102
101
102
110
107
94
123
8
91
134
126
133
89
93
121
121
10
128
105
133
92
132
108
119
95
3
90
114
93
120
127
115
97
140
4
139
112
142
93
98
120
79
131
1
122
108
111
102
106
136
80
121
6
135
99
113
140
142
89
128
129
0
135
96
121
141
147
109
104
127
2
113
92
141
121
114
107
115
122
0
114
106
100
148
107
134
97
108
4
114
107
141
112
120
127
106
114
3
118
135
112
73
100
135
159
135
4
134
101
86
98
107
107
86
92
1
107
141
113
143
136
162
96
137
5
110
108
110
84
107
86
137
133
0
86
96
106
106
122
124
139
105
2
128
95
107
98
106
134
138
109
3
134
122
96
127
92
149
123
87
3
81
106
113
104
112
141
139
108
8
78
114
137
150
161
111
104
127
2
148
96
78
120
131
94
144
133
6
97
105
107
101
102
134
98
99
10
82
112
124
186
137
107
147
99
6
127
122
111
107
130
125
135
82
5
98
96
126
155
145
62
149
112
0
142
148
107
73
95
114
134
91
8
133
117
123
142
103
122
126
165
8
100
107
148
104
130
107
131
120
6
107
128
125
126
142
115
132
108
5
130
127
115
106
127
136
113
83
3
120
112
124
141
108
113
132
118
4
116
98
129
134
120
128
107
112
8
116
120
109
98
106
117
146
157
3
133
111
141
77
120
93
130
122
8
81
101
126
163
119
152
108
93
3
113
103
112
91
120
148
150
70
0
88
114
127
90
137
106
88
122
7
99
154
92
109
108
103
140
107
3
106
114
119
101
120
120
101
158
0
152
142
123
97
156
114
142
107
4
106
115
137
130
86
143
118
128
2
112
113
99
135
121
127
132
136
9
142
87
148
132
136
93
128
95
9
131
126
137
115
136
99
154
118
2
66
109
99
132
129
111
125
94
2
114
150
143
122
138
116
127
136
2
78
152
166
117
138
94
110
119
7
119
89
110
169
110
108
132
127
1
105
133
123
157
112
128
143
120
2
88
127
124
105
87
106
127
128
9
150
136
170
115
79
121
114
101
8
114
106
116
109
140
135
119
125
5
107
105
96
126
122
120
68
130
1
131
136
114
100
86
139
122
99
8
107
108
93
162
132
127
99
100
1
105
120
137
118
132
119
149
87
4
148
125
134
113
63
99
132
92
4
128
84
98
130
141
128
126
122
4
143
130
149
131
114
84
110
93
2
128
127
121
111
127
158
100
132
1
105
89
168
92
84
134
102
132
5
117
145
146
112
104
101
140
114
4
105
132
155
156
78
145
120
140
4
88
106
105
147
106
153
92
103
2
118
75
100
123
95
134
117
127
5
107
116
129
133
127
129
135
146
5
108
134
136
129
109
122
102
113
2
96
105
127
83
133
75
128
93
3
106
134
135
130
121
80
87
94
3
121
106
137
142
106
112
141
114
4
133
107
95
89
99
141
125
126
6
116
129
116
108
134
106
89
124
7
114
144
134
121
115
129
127
126
10
138
114
100
109
134
115
103
84
4
108
102
136
107
138
140
127
145
7
134
124
103
107
156
117
143
100
3
134
114
83
99
99
106
132
81
1
122
113
140
115
124
103
163
128
10
146
133
95
150
140
102
107
106
1
118
135
178
102
93
99
143
150
5
154
117
113
104
128
138
107
121
5
118
138
124
108
78
82
107
162
8
140
147
106
127
119
129
101
136
9
125
130
127
126
91
114
121
100
2
104
88
112
108
110
132
133
118
4
127
100
116
119
117
101
112
111
7
122
101
133
124
85
112
155
105
4
88
118
130
126
120
135
98
134
4
93
100
106
140
139
117
110
133
9
141
137
128
127
70
113
152
86
6
116
99
136
93
90
109
134
119
8
98
121
121
101
112
128
120
121
1
130
113
141
139
142
138
117
113
2
132
135
102
109
128
134
140
135
7
134
98
157
118
121
103
97
124
1
101
116
133
111
93
115
130
147
7
114
124
146
105
104
112
113
109
6
99
128
156
127
146
99
142
83
5
79
105
116
106
110
150
124
126
8
142
128
121
136
104
107
120
120
7
93
108
157
99
111
133
113
120
2
118
132
113
70
107
99
177
99
10
176
139
117
100
133
100
123
142
4
113
92
93
130
133
146
125
148
9
107
133
105
127
149
127
122
107
6
139
153
87
122
126
107
93
145
5
127
121
99
121
122
128
114
85
9
117
112
137
133
108
92
106
113
0
121
98
128
86
123
103
127
126
6
126
127
131
105
131
128
140
142
2
131
98
148
67
117
126
94
88
6
134
118
134
109
71
143
135
122
6
122
125
127
104
109
103
104
128
5
106
113
128
139
105
139
136
119
9
148
135
112
98
155
153
112
134
7
126
130
76
85
107
113
138
150
0
108
148
123
133
156
100
122
109
2
127
96
113
109
98
127
99
113
4
133
104
128
100
112
82
129
113
3
142
133
115
94
116
110
120
124
6
155
127
119
141
56
118
133
129
8
70
108
84
121
111
126
93
134
3
134
138
139
156
104
100
138
127
9
105
110
82
99
133
147
127
117
10
127
86
159
155
119
120
116
118
1
90
99
85
125
131
108
71
134
10
120
119
109
107
104
119
96
133
2
107
120
114
92
122
126
104
114
5
106
86
108
148
162
114
128
113
7
133
107
140
86
129
120
106
109
8
94
123
91
127
130
100
96
129
4
120
124
77
125
102
85
126
129
7
97
133
100
93
114
101
128
138
6
106
117
118
112
114
92
109
111
1
125
106
106
109
93
130
93
105
10
89
119
99
120
147
103
107
139
5
109
106
95
119
170
135
156
115
1
103
112
118
114
92
105
134
85
0
83
120
109
106
105
153
143
105
6
117
106
113
105
117
133
138
126
10
128
119
137
142
136
126
85
78
9
83
99
121
129
160
142
98
107
5
117
128
127
80
89
86
111
128
1
115
143
96
129
82
130
142
118
3
102
101
130
117
152
148
134
158
7
106
130
128
113
97
100
106
113
0
107
87
109
127
129
106
122
120
10
139
88
150
106
107
105
114
113
0
133
111
110
114
128
118
104
92
5
124
115
91
138
147
94
107
92
7
121
94
123
153
96
136
133
108
9
99
141
130
108
143
122
93
135
3
126
114
104
92
84
131
81
99
3
128
177
127
83
93
98
115
92
5
133
136
118
132
92
112
99
95
2
107
134
150
134
99
85
113
114
7
114
99
135
117
88
111
114
72
8
122
137
100
105
118
121
121
100
6
101
81
112
118
74
125
92
95
5
128
109
113
87
115
132
106
121
8
124
80
127
97
147
112
144
121
6
92
136
139
71
91
110
81
123
9
114
67
99
112
94
111
79
147
5
77
104
127
148
78
122
150
127
3
128
150
125
142
148
96
123
138
0
130
163
121
106
91
112
113
121
6
125
133
114
105
96
168
133
94
9
156
128
107
138
116
79
151
136
5
88
126
133
133
142
106
106
112
10
124
125
135
122
134
119
127
99
2
86
112
118
134
135
120
93
91
2
96
119
128
106
113
127
110
110
9
113
95
98
113
115
107
96
127
7
102
125
122
130
116
123
110
123
4
122
105
108
114
128
135
122
90
2
77
101
109
91
135
73
119
127
9
121
133
83
144
138
164
129
139
1
101
116
106
135
91
94
105
149
3
111
120
146
108
146
128
127
118
9
104
87
95
139
121
92
141
93
1
129
73
128
102
67
115
115
104
7
112
119
146
115
141
127
120
119

