9
8
10
4
6
8
1
7
5
13
3
4
7
6
1
9
7
4
8
2
10
0
7
1
7
2
7
118
106
130
105
114
97
134
116
5
121
106
143
139
93
99
135
144
3
126
82
108
96
103
134
98
131
1
78
106
141
116
140
121
86
101
4
125
112
131
100
107
109
91
112
9
107
114
128
93
109
141
99
138
6
119
92
86
147
123
140
83
136
9
139
109
138
149
156
89
118
129
9
115
135
86
78
99
111
86
143
6
114
120
121
94
128
142
132
103
4
119
134
98
133
84
127
140
146
8
120
121
136
110
127
122
134
98
6
74
100
121
122
149
92
93
100
8
113
110
87
99
132
161
125
127
6
107
92
155
110
95
128
109
142
6
100
152
130
109
98
126
122
107
7
105
105
100
99
159
135
120
108
7
161
125
149
129
103
134
128
141
1
119
107
106
120
99
121
109
113
6
99
149
114
96
84
100
100
149
6
127
91
127
98
98
118
120
99
10
113
116
90
76
169
155
124
98
9
108
113
110
98
102
128
147
136
5
103
84
129
137
148
119
131
154
2
106
112
114
140
109
127
150
114
9
92
104
98
100
93
64
107
125
9
105
116
114
151
139
79
120
126
4
124
94
100
130
111
137
134
148
9
121
104
140
140
118
84
106
122
7
80
116
127
100
111
126
90
124
7
111
157
106
128
99
106
93
102
1
102
109
160
133
99
91
129
132
10
106
119
111
116
135
136
135
137
1
99
120
115
100
98
129
100
134
1
115
156
92
155
115
100
136
127
8
138
148
106
120
127
84
98
91
8
106
115
119
121
133
114
92
136
9
145
137
113
117
130
91
90
116
3
99
123
81
108
134
118
111
77
3
99
146
106
103
134
105
122
92
7
120
128
144
99
105
111
118
126
3
122
152
141
126
100
128
108
106
5
83
138
123
128
111
79
101
115
1
154
83
133
68
105
101
95
105
10
126
93
85
111
132
112
100
106
2
104
104
114
142
122
103
131
115
6
143
145
164
114
72
124
136
133
1
128
175
115
121
99
110
133
80
6
103
123
141
78
100
106
113
132
3
118
86
120
94
90
127
107
101
4
93
109
113
139
132
121
129
107
8
99
134
122
94
142
148
140
120
1
127
112
115
156
124
91
115
61
7
99
112
111
144
86
149
120
129
6
149
126
96
100
134
110
154
135
6
97
128
128
115
113
131
120
103
5
134
135
118
112
120
90
98
94
3
91
142
131
139
64
115
99
116
6
105
126
128
152
131
107
127
116
9
131
133
113
85
89
119
92
122
1
92
142
136
115
140
132
101
118
8
112
89
123
93
105
111
92
142
9
110
101
107
93
107
93
126
118
2
128
108
127
150
130
124
98
120
10
132
101
127
107
98
116
118
114
6
110
158
112
111
135
135
148
129
8
149
116
126
106
127
165
127
117
10
122
123
155
115
95
127
132
135
7
170
113
98
100
136
129
142
103
3
156
113
147
149
175
113
127
113
6
124
116
112
149
111
154
134
114
8
121
106
100
136
123
159
91
93
4
137
115
116
132
124
141
107
86
5
71
143
145
105
161
138
132
121
5
131
100
123
96
73
93
154
127
9
143
103
129
114
106
115
82
132
6
121
134
114
93
108
150
63
133
9
156
102
120
163
141
117
76
130
5
90
82
116
129
135
121
121
106
8
129
114
120
127
136
112
107
161
4
113
113
121
121
98
119
153
109
3
126
105
123
134
97
128
109
114
8
141
106
113
100
119
105
112
133
8
162
115
105
106
103
115
136
116
1
156
91
124
125
119
115
134
138
6
134
134
141
111
130
136
115
94
4
127
89
122
126
116
109
67
80
8
106
98
101
113
122
106
100
115
5
117
162
129
117
122
116
96
101
9
95
85
145
117
92
107
92
120
8
86
75
91
118
114
105
121
106
6
110
86
158
127
104
115
91
141
0
138
135
78
122
111
92
111
134
9
130
105
126
112
125
106
100
141
2
122
97
134
107
135
111
94
129
1
164
140
135
172
104
106
92
126
8
98
121
118
125
100
101
125
126
4
141
119
88
127
96
90
99
95
3
107
110
76
103
103
126
146
108
10
105
136
151
143
161
135
146
125
6
127
120
122
131
88
134
148
143
8
129
114
108
128
122
87
101
149
6
142
101
115
161
129
133
92
114
3
114
91
77
111
100
135
119
101
9
112
126
133
91
86
113
113
123
9
148
127
98
120
100
166
117
134
2
121
101
106
103
132
116
67
98
6
105
117
104
137
143
139
103
83
6
134
129
135
106
133
134
114
120
6
153
118
116
135
135
113
133
91
2
97
136
100
91
101
105
158
110
8
104
98
130
104
128
127
92
157
5
135
142
114
57
135
126
143
131
1
128
101
140
97
138
145
113
114
1
101
121
78
143
122
106
134
130
1
98
111
113
78
111
125
106
67
8
93
109
149
140
112
135
121
103
2
121
142
147
130
89
121
133
148
7
113
120
100
149
105
108
129
89
8
104
156
94
142
99
84
109
101
4
90
121
141
112
142
128
94
125
7
115
80
150
123
134
116
154
107
5
89
139
86
106
117
121
124
100
4
152
147
112
109
141
129
119
92
5
118
136
105
71
109
124
121
121
2
144
161
121
140
92
136
131
84
1
114
139
141
88
141
99
89
109
1
136
113
142
107
100
121
153
121
2
128
124
121
84
128
80
112
85
1
108
107
129
111
118
71
84
131
6
127
117
118
91
142
108
109
118
10
160
135
121
108
110
99
135
113
5
82
119
105
107
98
99
97
102
5
106
140
91
78
96
105
131
100
3
126
107
162
147
121
165
101
116
2
145
108
108
132
100
92
142
128
1
112
105
114
119
119
116
132
98
9
137
147
94
125
154
89
106
129
7
73
111
103
82
85
131
120
134
8
113
120
123
108
119
107
143
111
7
153
101
99
100
136
142
120
129
8
140
112
120
108
100
121
119
100
5
115
119
133
138
130
115
127
111
3
116
105
129
163
127
107
118
121
3
100
105
171
66
85
100
143
143
4
132
125
136
80
141
115
117
125
7
148
116
146
106
135
78
119
102
9
113
132
107
135
117
129
111
94
6
108
117
84
98
144
119
128
132
8
125
85
153
120
114
99
78
110
0
100
87
100
68
121
105
107
119
9
105
113
80
107
119
126
126
114
5
79
123
98
105
144
151
110
151
2
128
119
126
91
107
85
91
79
6
127
122
100
121
87
124
101
110
2
99
142
120
91
88
132
107
147
7
139
95
100
140
109
134
158
120
1
127
130
122
99
94
135
81
149
2
138
115
143
86
145
115
105
97
2
75
115
141
127
127
107
101
95
5
95
111
100
113
109
166
105
127
1
103
114
120
151
135
129
108
148
1
113
124
121
107
140
183
96
117
5
122
141
106
64
93
129
131
111
1
118
125
118
113
118
110
117
108
7
122
141
121
107
119
101
135
113
7
75
129
113
141
142
170
117
103
3
102
86
113
113
127
94
106
106
9
113
120
127
140
136
123
129
81
9
94
116
142
116
112
127
134
109
7
136
126
135
127
128
134
113
134
4
99
134
123
106
120
115
78
133
6
135
74
132
92
151
133
130
114
2
114
135
95
120
127
113
107
129
7
105
137
98
118
101
120
128
142
3
100
109
124
94
113
100
90
148
4
120
117
78
107
134
134
81
113
4
106
117
112
110
135
71
134
106
4
141
122
114
141
101
85
113
128
2
104
119
96
120
106
116
129
136
7
163
109
79
126
113
119
127
109
9
129
134
124
99
105
146
114
143
6
134
71
128
93
103
102
134
155
3
112
115
113
93
109
137
96
124
9
94
124
100
136
101
121
79
120
0
105
77
123
115
149
95
105
126
1
107
108
87
125
161
130
126
135
7
110
119
143
139
147
143
90
107
2
98
154
138
145
87
111
123
149
0
128
161
141
108
113
114
122
136
5
108
118
143
114
102
95
108
128
9
121
76
118
89
140
146
112
113
9
139
135
135
132
140
123
117
100
7
159
99
138
147
129
121
83
120
7
119
122
130
177
155
106
141
133
10
68
92
132
130
138
116
113
94
10
91
120
134
123
118
134
95
109
2
142
125
109
123
120
146
177
101
6
121
95
128
110
100
109
114
120
8
108
104
147
109
125
74
131
113
2
119
95
120
94
126
92
114
129
8
136
98
125
118
117
142
125
91
9
106
112
111
95
127
106
104
91
9
117
135
121
129
110
113
129
94
9
95
165
147
94
81
174
100
107
9
100
134
123
115
114
135
101
137
10
114
124
123
112
143
153
72
139
2
144
96
108
101
100
132
92
117
7
129
83
118
105
114
111
147
121
6
132
119
111
105
94
110
107
107
10
121
147
118
128
133
73
108
133
1
125
87
92
95
109
112
103
91
8
99
138
121
97
134
153
136
111
2
122
129
128
101
119
136
125
153
6
142
107
128
106
114
109
106
167
1
162
115
136
106
108
112
126
134
1
148
108
117
89
92
129
132
100
2
107
130
99
95
126
108
115
137
7
101
105
119
119
110
118
135
120
9
121
92
105
108
135
139
138
107
1
113
106
82
128
147
141
108
138
10
85
120
121
105
164
121
140
128
3
111
106
119
120
98
146
118
63
2
102
107
142
121
156
142
79
92
1
106
128
107
81
125
90
98
160
9
92
126
98
122
120
127
104
103
9
101
111
90
99
156
132
148
114
6
121
100
111
93
125
129
99
121
6
80
128
85
119
131
154
99
116
9
107
115
106
113
127
119
125
114
2
133
122
125
123
113
101
105
117
7
136
107
117
110
121
115
117
157
1
100
120
111
145
101
111
121
125
6
142
120
100
115
154
123
107
127
2
93
77
131
140
111
114
94
107
10
130
98
87
78
127
116
149
133
5
123
117
132
132
119
135
127
83
2
103
114
154
128
146
86
129
135
3
113
96
117
106
112
108
141
146
4
95
123
95
139
127
93
99
123
1
150
79
107
127
109
122
128
66
9
100
78
123
100
157
91
126
124
9
92
114
94
99
111
113
101
113
4
150
110
100
128
114
139
126
127
5
147
84
130
117
114
148
94
101
10
120
119
128
77
135
59
135
40
0
113
115
135
119
87
95
72
115
6
114
150
117
108
112
122
112
111
5
122
134
101
118
96
154
122
139
6
147
122
114
88
109
147
115
96
9
129
104
124
115
91
134
138
159
4
152
84
106
120
107
151
120
113
7
108
112
128
165
103
148
134
84
10
131
85
139
117
91
120
155
124
2
133
107
92
127
127
124
71
109
6
127
84
91
127
102
98
121
140
8
142
107
128
112
126
128
115
89
6
113
130
119
102
115
141
93
92
7
115
103
127
124
115
120
86
136
4
141
129
123
120
89
91
91
91
5
122
143
128
97
89
119
121
140
4
107
118
143
124
127
135
107
93
4
113
112
82
113
109
107
93
109
5
125
91
134
139
132
108
111
126
3
127
98
113
113
104
108
98
96
0
111
129
122
85
149
113
112
126
4
142
120
113
134
114
134
87
113
4
140
95
112
105
100
116
72
144
9
118
133
97
100
146
125
88
99
8
134
114
128
114
112
135
117
74
9
121
115
126
113
141
108
95
106
2
92
106
121
85
126
77
95
125
8
78
147
161
108
105
99
68
115
7
98
126
118
101
93
110
152
109
1
119
89
102
140
78
105
115
128
4
123
111
78
120
123
184
113
120
8
126
149
125
108
100
113
108
99
8
100
107
120
96
149
103
112
115
1
133
128
134
129
104
102
109
134
10
113
93
142
143
87
144
134
106
3
92
169
131
160
149
141
162
95
8
106
65
115
130
105
135
134
121
5
122
152
135
123
135
100
140
139
6
104
121
113
99
115
80
126
97
3
107
115
123
81
97
141
134
128
8
88
136
98
98
120
115
92
111
9
124
134
108
114
142
103
95
104
5
127
154
92
150
142
149
102
81
5
128
118
99
137
125
140
111
125
4
106
85
133
136
121
115
107
115
4
107
120
122
143
138
73
120
122
4
107
96
126
134
108
114
114
106
3
107
106
127
137
128
109
163
119
6
109
108
116
102
127
128
138
121
4
113
71
140
110
171
106
146
133
2
116
126
115
122
126
141
121
122
4
126
106
134
121
127
116
119
141
0
122
113
91
145
100
135
132
183
9
97
79
98
129
139
110
129
127
5
104
121
140
74
162
106
119
115
7
105
89
124
57
93
97
121
121
2
90
122
119
93
109
128
99
78
7
109
80
149
98
134
153
115
103
6
124
102
136
119
108
135
123
95
6
93
135
117
145
128
79
113
135
9
114
143
139
105
118
116
134
101
7
132
135
120
94
107
87
120
137
7
155
115
142
153
119
157
106
139
1
140
116
93
156
102
99
146
126
3
109
95
91
107
112
133
100
128
8
120
128
118
113
138
92
128
101
3
79
138
139
98
121
107
134
115
5
78
127
111
97
156
143
131
124
6
110
157
115
133
142
168
120
141
6
129
135
135
152
139
88
99
130
10
134
104
141
116
95
87
83
116
0
108
116
92
107
86
119
120
73
3
107
79
159
110
135
121
126
114
8
113
116
142
135
122
122
97
120
6
116
102
113
141
117
99
106
83
10
118
94
109
142
154
128
153
135
8
98
143
132
149
128
140
141
134
1
136
147
84
101
137
112
120
122
0
124
137
113
102
167
132
154
106
0
109
127
123
128
118
126
109
93
9
123
129
138
170
120
108
119
131
1
82
138
135
92
67
124
117
136
0
132
114
125
125
102
142
121
125
9
106
126
146
127
90
115
127
137
7
142
112
121
121
119
105
101
136
1
92
149
115
107
110
106
115
128
9
122
140
100
106
135
85
154
112
10
100
95
101
105
133
136
128
112
3
116
83
140
91
117
113
123
108
5
119
96
114
96
129
103
101
113
7
134
111
127
138
106
115
124
100
4
72
105
134
133
143
103
162
103
8
112
113
126
145
149
123
142
93
0
107
113
133
97
133
83
67
124
9
118
89
112
127
99
112
91
77
0
99
141
114
93
107
78
129
113
5
138
115
121
134
122
102
132
146
10
112
104
101
122
133
117
106
155
8
139
146
127
123
120
106
108
113
6
129
122
90
105
101
129
101
151
4
102
122
107
103
124
121
115
93
7
148
95
113
145
84
120
128
100
1
120
124
135
113
74
93
103
120
5
91
84
107
135
91
122
121
99
9
134
131
115
115
139
130
128
96
7
101
78
115
100
113
151
118
106
2
128
142
120
147
102
112
56
118
4
105
123
79
100
160
119
156
123
3
125
133
119
91
95
96
120
134
6
166
95
120
111
101
122
113
86
8
85
93
116
170
109
121
114
114
4
135
137
97
118
116
99
127
93
6
79
92
135
92
134
129
109
132
6
116
108
133
120
135
146
117
123
5
112
134
111
137
121
117
94
122
7
132
115
121
94
136
118
110
115
3
127
123
119
85
159
134
112
140
9
95
148
121
111
120
99
104
108
2
127
132
119
90
102
122
114
122
7
83
102
102
143
142
117
92
121
7
135
129
148
100
118
127
122
83
9
79
114
115
126
143
93
126
104
5
128
113
134
123
98
113
121
152
10
114
118
140
119
129
141
124
92
1
105
131
76
130
113
119
109
139
10
132
150
103
77
120
73
118
113
4
112
136
143
142
107
121
104
102
3
72
131
123
135
129
89
93
118
8
127
106
136
100
140
81
132
121
4
102
127
118
134
84
138
154
136
6
131
109
98
98
114
98
121
93
6
96
114
145
142
125
113
106
170
0
99
106
98
108
106
89
107
121
1
99
122
142
107
142
126
126
136
4
120
56
106
115
132
126
127
86
9
133
87
120
98
141
86
115
88
6
112
134
112
114
120
98
93
149
9
158
121
142
100
114
136
128
146
4
117
108
144
137
127
98
109
108
4
147
115
97
117
120
130
128
122
9
110
113
105
127
72
133
103
131
5
93
116
113
113
142
107
147
113
3
102
100
109
112
78
129
94
129
1
96
113
129
104
133
90
134
129
3
96
114
108
114
140
107
156
115

