8
6
9
1
3
6
6
9
5
9
9
6
9
4
8
6
2
10
8
4
9
2
4
7
8
6
5
110
110
121
136
105
168
133
133
0
113
88
94
124
86
137
113
120
10
100
134
117
100
146
114
114
139
7
115
129
153
129
93
135
124
97
10
147
112
135
127
97
105
126
113
1
117
123
155
100
93
126
96
100
3
112
122
119
113
92
108
122
85
8
124
130
88
120
89
114
113
138
6
105
163
141
120
127
132
85
106
4
114
98
116
109
106
114
121
122
4
81
138
120
103
121
107
154
104
1
120
175
133
105
129
101
99
150
5
121
88
113
111
135
115
88
148
2
123
124
115
102
78
130
159
106
8
88
131
103
112
102
129
97
94
6
130
77
87
106
100
131
121
55
9
71
134
108
137
115
101
149
107
8
132
103
100
128
115
94
103
139
0
113
108
134
92
100
80
147
113
9
107
140
92
154
105
121
149
152
2
98
92
131
98
86
127
105
102
1
126
131
70
92
104
111
141
115
8
139
127
95
119
120
121
119
113
6
129
103
108
79
135
109
115
66
9
129
154
105
105
143
135
128
147
6
100
99
126
114
109
96
103
109
4
105
83
105
127
87
147
112
123
6
129
106
96
116
122
100
129
129
6
108
128
78
113
156
131
99
125
9
144
78
120
128
127
149
93
102
5
127
124
114
114
117
142
121
108
7
106
108
120
125
122
92
88
113
4
100
94
132
118
138
113
141
119
4
131
130
120
89
135
118
87
138
4
105
105
116
161
100
104
103
91
6
136
142
121
155
107
104
102
116
8
106
128
147
83
132
113
126
111
2
91
89
94
113
119
114
147
134
1
71
134
108
77
154
149
93
159
10
84
69
119
94
99
116
157
141
1
83
86
170
127
99
107
92
120
5
121
106
106
129
133
134
100
119
10
113
126
108
112
101
135
84
141
0
119
107
121
100
119
130
98
79
8
106
123
85
147
102
144
122
126
0
116
123
134
115
108
129
84
116
1
106
102
119
113
122
131
107
126
9
78
111
108
111
114
138
79
86
4
149
118
93
108
127
124
119
129
8
117
113
109
93
99
114
125
101
5
123
116
99
96
100
98
118
142
3
91
113
143
82
126
122
135
120
3
85
113
141
105
134
132
110
143
0
134
108
129
131
136
133
111
133
9
110
128
112
127
133
97
132
143
9
136
70
88
137
98
105
128
99
4
121
143
92
106
117
85
111
127
8
171
135
135
150
119
133
129
117
7
132
76
92
102
82
156
132
103
5
124
106
88
134
118
101
123
142
4
115
116
93
128
144
147
135
132
6
115
112
115
108
148
121
149
121
4
123
115
118
126
103
163
125
132
6
119
114
121
144
121
111
104
119
8
111
147
117
156
148
136
106
132
1
122
104
106
117
132
135
85
136
7
132
128
112
127
135
148
92
116
4
114
157
120
108
110
135
148
141
8
132
107
85
133
136
138
101
92
6
122
137
112
110
149
98
124
114
8
119
98
113
133
149
107
102
92
1
145
99
122
106
119
103
101
95
0
149
105
123
110
105
114
119
124
6
114
79
107
107
109
127
126
127
1
115
108
132
120
90
143
91
92
2
138
108
114
130
108
116
105
125
7
121
136
141
112
113
86
106
120
4
113
135
127
92
119
127
118
113
2
119
84
74
131
106
100
150
86
3
128
79
148
145
85
85
122
94
7
112
114
142
119
100
85
124
102
8
101
123
103
117
147
127
132
80
10
83
134
131
91
122
78
110
92
1
120
128
129
104
105
103
126
114
3
157
112
113
133
154
119
117
127
2
98
100
140
141
129
127
111
124
7
131
128
119
146
101
97
113
125
2
114
130
124
127
134
134
117
160
4
137
103
75
92
106
114
106
107
8
87
148
94
126
91
110
102
88
1
127
109
86
104
121
136
107
141
6
128
119
107
75
143
129
149
120
10
138
129
128
117
135
85
117
142
9
145
94
107
99
102
112
108
91
2
134
112
134
94
109
126
93
113
2
142
119
114
98
98
127
123
116
8
133
91
155
114
77
78
139
107
3
116
107
74
119
95
106
100
129
4
108
114
135
122
149
116
134
115
2
117
141
121
110
122
132
148
143
9
131
116
80
133
103
112
114
96
7
92
112
92
106
134
142
132
136
9
164
101
123
113
154
102
128
133
8
91
108
76
120
121
105
132
113
1
100
54
100
116
107
125
118
92
4
138
118
120
139
127
120
134
65
2
129
142
89
104
121
113
98
99
3
101
134
131
98
142
88
126
100
4
113
121
88
116
125
150
88
96
0
95
100
119
144
93
121
95
138
7
142
128
79
126
49
112
130
131
7
102
113
110
122
86
134
99
99
1
137
93
121
148
114
142
98
111
7
145
115
135
122
105
122
82
96
5
105
125
126
102
114
103
121
102
7
119
115
100
126
135
139
98
119
3
143
126
102
127
100
128
143
114
2
134
95
111
86
102
133
107
97
2
114
106
142
137
100
124
118
140
8
70
91
89
117
89
111
119
99
9
98
136
110
129
113
99
110
100
2
140
122
126
125
142
96
106
141
4
115
132
107
126
99
133
125
95
4
127
110
122
92
125
73
125
131
8
120
119
92
119
114
101
120
100
7
97
101
138
120
107
142
126
97
9
155
128
108
135
132
115
124
111
5
125
111
101
116
109
114
98
141
10
154
75
107
107
134
97
113
113
8
130
111
154
80
113
141
106
126
6
98
98
113
100
118
133
127
151
4
96
129
155
156
130
141
130
104
7
135
97
145
138
121
98
134
92
4
113
115
113
143
119
135
125
108
9
175
107
107
110
105
131
94
100
5
143
114
135
118
85
113
120
137
0
131
119
124
110
114
113
120
122
10
83
113
106
168
84
136
120
103
8
105
91
70
113
101
112
86
133
8
107
133
114
147
156
126
108
121
1
102
132
114
73
100
106
129
76
2
147
98
121
115
154
100
105
115
8
86
134
93
103
115
83
118
107
0
122
126
128
77
91
145
145
126
8
124
127
103
127
138
119
109
115
6
54
109
126
126
118
130
101
136
4
132
125
134
129
79
120
115
86
3
119
113
100
150
67
86
126
104
7
142
99
128
102
163
153
111
141
0
154
98
129
140
82
109
156
142
3
130
106
112
90
100
106
110
104
6
127
97
93
105
143
82
101
87
0
127
113
156
78
86
124
151
100
2
107
104
120
106
129
128
141
100
4
128
57
98
120
118
147
120
80
7
93
107
92
100
115
104
128
77
5
135
104
119
151
112
114
121
101
0
113
87
150
79
135
83
148
122
1
87
134
119
107
140
108
120
97
9
78
120
123
106
124
106
136
99
2
149
88
135
148
118
115
156
137
9
85
128
127
120
89
129
108
140
1
114
155
93
106
74
132
105
116
2
116
131
127
115
119
110
77
92
9
74
139
134
98
108
117
97
79
4
91
142
123
101
93
91
135
128
1
70
100
116
119
76
107
136
103
8
108
119
73
100
108
122
129
129
10
107
134
93
120
84
150
114
135
7
142
111
143
105
96
134
98
126
5
111
133
92
135
119
126
78
92
7
111
120
99
117
130
79
128
149
1
138
126
134
134
138
86
116
103
7
84
99
148
135
93
119
93
141
8
110
113
114
90
104
147
74
114
5
131
107
147
155
147
100
91
150
2
150
120
108
91
100
126
134
107
3
130
65
125
107
123
77
134
115
7
90
91
113
122
149
106
137
114
9
133
142
93
113
89
121
127
114
9
150
116
73
113
133
119
147
127
3
126
110
84
141
103
145
157
69
4
102
113
105
125
144
121
113
100
2
99
85
110
138
122
103
113
126
3
119
101
131
157
99
135
113
106
3
101
70
142
104
85
103
148
106
6
112
127
122
106
140
132
97
104
5
104
103
126
109
75
127
95
147
3
118
107
128
148
127
104
121
108
5
126
107
112
128
78
112
92
137
4
115
126
122
99
132
81
105
149
4
108
136
129
100
157
89
83
91
2
125
151
116
78
106
108
141
81
8
93
131
84
113
133
106
70
113
7
156
120
97
121
114
103
99
112
6
116
163
99
145
150
113
100
91
10
91
107
107
107
107
134
142
103
2
122
119
149
107
101
117
96
72
5
115
138
85
83
108
103
120
120
1
136
107
125
141
113
150
69
120
9
106
130
97
109
132
100
119
135
5
121
140
137
137
131
118
148
135
9
110
107
121
101
116
101
130
114
7
142
127
120
120
150
143
155
116
6
100
94
112
110
112
123
86
122
5
135
113
114
120
100
141
119
108
2
98
141
136
137
112
110
105
98
9
73
115
132
126
77
141
109
135
7
77
72
120
119
123
80
168
111
4
139
78
121
95
125
120
128
92
0
116
124
108
139
139
120
146
103
8
78
114
138
106
137
147
127
119
3
137
121
100
78
129
135
110
75
0
103
156
112
95
113
113
140
94
6
98
114
110
147
91
129
107
131
1
93
114
102
146
102
142
120
119
6
144
127
104
101
107
114
117
85
6
102
96
99
110
135
102
114
111
6
120
138
148
70
106
121
94
129
6
149
100
106
92
107
124
81
82
4
106
88
113
138
123
121
102
93
7
114
142
126
115
86
140
155
134
4
118
122
132
119
120
139
96
118
9
86
106
98
125
100
137
117
73
2
127
101
112
134
122
150
119
120
4
142
115
131
127
123
126
122
119
7
96
134
101
121
127
191
114
127
5
128
150
155
95
92
121
142
131
3
57
131
89
135
129
134
115
120
0
140
114
120
162
100
144
94
110
0
94
100
103
134
117
115
102
90
0
148
120
140
91
108
106
113
100
4
136
128
78
145
71
128
155
121
3
112
129
114
121
109
150
93
85
7
136
142
140
112
120
123
109
124
3
101
111
101
117
112
101
143
121
5
88
134
107
66
104
120
125
137
8
117
123
98
144
94
113
98
127
7
97
122
118
137
144
141
107
138
5
103
98
130
129
112
92
135
138
0
123
107
109
122
139
108
106
98
10
135
131
135
106
108
107
137
141
9
80
95
136
122
96
136
114
119
0
87
136
120
135
146
129
128
99
8
110
110
92
123
116
146
107
119
1
174
116
98
121
111
137
129
114
8
114
126
125
150
95
114
148
123
6
125
154
135
105
90
103
100
87
9
108
97
128
124
95
85
113
120
8
120
109
121
105
165
127
66
141
6
99
141
131
122
141
100
114
77
9
136
127
114
113
96
119
133
113
6
94
146
108
115
142
99
121
82
7
98
148
104
124
120
93
122
91
2
106
113
133
86
143
86
122
111
3
114
141
159
151
137
172
85
101
8
121
99
106
124
79
131
133
105
5
115
119
83
86
119
102
83
169
2
128
121
105
130
90
123
113
90
5
149
97
113
89
86
78
112
134
6
128
126
102
115
92
106
131
119
1
95
127
94
115
148
115
74
98
7
114
72
139
101
113
111
120
87
7
119
157
121
135
122
100
119
123
7
119
149
134
136
136
121
72
106
4
86
120
130
132
115
102
105
118
1
128
127
126
151
113
85
112
109
7
142
141
86
110
134
147
136
109
4
133
133
150
97
102
104
113
120
7
100
129
126
112
71
94
120
111
6
120
63
142
76
95
111
163
99
4
105
110
114
119
135
113
136
140
5
134
121
88
97
103
70
105
97
6
92
94
121
112
136
163
128
86
0
114
148
109
119
131
87
94
106
1
119
148
121
103
106
177
106
86
2
109
134
136
135
107
99
127
116
8
126
118
106
131
135
96
109
113
8
105
136
97
126
142
121
113
121
5
150
128
141
123
124
113
150
78
4
90
102
136
143
107
126
86
167
3
108
123
137
113
106
148
124
135
0
123
94
141
140
167
104
159
86
3
118
97
153
106
136
137
118
98
6
115
89
107
113
85
124
130
99
10
155
134
118
124
89
117
108
93
10
95
143
111
158
112
137
129
107
9
101
122
74
88
107
108
140
139
6
91
120
99
84
120
128
140
105
2
120
77
115
121
128
134
105
133
4
119
113
137
134
99
99
119
98
0
130
100
110
101
126
161
91
129
4
119
113
127
144
92
186
116
125
7
125
122
144
129
135
87
157
120
5
87
122
145
78
147
93
105
128
6
117
90
111
128
128
150
122
79
5
150
112
153
110
156
111
111
72
4
127
121
129
112
114
150
155
119
3
149
121
85
150
157
130
85
136
7
128
107
134
134
139
120
128
142
3
92
78
93
145
99
78
113
111
0
138
131
107
128
113
106
66
98
4
132
84
135
67
130
130
119
95
5
93
104
153
133
129
111
113
150
1
112
122
89
155
126
111
114
148
2
92
130
125
116
155
79
91
127
2
93
102
100
113
100
100
89
106
4
152
117
124
110
130
115
102
127
7
93
111
135
91
112
130
128
154
9
122
98
123
102
100
118
164
135
7
134
111
104
136
143
127
120
126
8
155
112
108
93
113
121
150
113
7
138
91
142
126
104
143
163
156
9
140
135
122
141
157
130
90
81
7
124
102
131
98
140
134
129
119
5
98
102
105
115
86
117
136
127
5
158
123
133
142
155
154
106
124
6
143
123
119
104
122
100
84
79
10
97
135
133
153
111
123
128
108
9
116
107
89
140
135
104
111
143
2
101
97
144
131
99
125
133
139
1
136
107
128
128
84
143
127
112
2
153
121
128
90
100
119
114
119
9
114
88
109
128
139
107
165
140
4
101
112
119
132
104
103
114
140
4
142
156
101
136
128
84
168
121
5
114
113
140
126
100
70
122
129
2
120
105
127
105
116
122
128
106
4
91
136
126
119
141
89
135
125
5
102
101
107
93
113
113
120
95
3
92
116
113
110
112
126
106
131
10
143
142
147
120
85
88
118
138
9
122
131
67
99
100
120
115
139
7
146
94
97
105
113
115
101
99
1
124
124
108
131
164
133
148
85
6
104
107
129
108
150
110
80
98
3
127
128
175
140
140
120
121
117
7
82
107
134
139
124
133
65
130
5
109
101
94
107
158
100
121
91
7
128
121
107
117
102
103
137
100
6
121
115
118
94
131
110
128
92
5
136
113
71
122
150
113
107
142
3
125
99
112
128
116
122
134
122
8
129
123
124
112
114
135
114
156
8
131
129
134
104
123
139
120
133
7
119
112
130
121
112
135
103
96
1
93
111
126
121
101
99
120
142
6
121
113
87
123
110
99
105
133
1
114
150
127
132
147
99
139
105
0
142
122
59
121
129
147
126
120
7
143
145
127
143
90
102
121
84
8
127
121
128
149
105
135
135
129
5
101
128
122
89
100
118
136
87
1
111
151
132
142
125
97
141
108
4
109
127
113
107
123
111
131
143
2
141
115
130
121
113
86
120
106
5
115
128
107
140
143
127
134
56
2
111
88
57
133
111
100
105
116
2
105
79
128
131
79
109
114
93
10
105
107
117
141
84
119
142
98
9
87
86
166
107
142
91
124
115
7
110
115
118
131
122
137
121
94
8
142
120
122
157
124
121
128
112
10
119
98
98
117
105
94
58
127
4
141
100
113
118
89
98
124
112
2
106
133
106
115
115
133
106
136
6
125
127
143
116
152
136
72
90
7
155
133
145
121
112
124
110
121
2
79
93
134
131
108
97
103
91
10
134
134
144
99
110
94
111
106
10
155
132
125
103
143
101
137
115
8
142
109
106
87
107
144
140
128
8
111
127
128
114
110
78
106
104
9
125
99
129
139
157
150
96
141
5
133
115
161
114
102
131
99
119
5
122
124
146
112
119
132
107
136
3
98
118
126
128
156
106
115
125
2
128
121
127
113
117
102
162
110
9
84
106
135
143
91
127
114
116
7
121
126
136
109
101
114
155
116
3
99
118
98
131
129
160
143
101
3
111
111
118
81
94
113
140
116
10
96
136
117
100
98
106
91
122
0
90
95
84
133
107
92
106
127
7
126
141
122
126
87
113
141
98
8
114
106
153
85
118
106
106
119
9
155
64
76
99
157
128
115
133
7
85
119
121
100
109
127
128
162
8
105
91
129
126
115
113
121
121
3
163
58
77
94
156
131
111
140

