13
5
3
8
8
7
2
9
10
7
5
2
3
1
3
7
1
7
17
1
5
2
4
3
9
7
0
138
148
122
106
112
142
87
137
5
114
114
126
113
120
128
148
154
3
136
119
123
116
80
133
149
128
3
134
121
106
80
102
119
114
116
4
135
95
128
130
114
92
107
112
8
112
150
119
163
103
105
121
105
4
137
147
142
121
119
94
99
134
8
129
142
140
145
108
99
136
111
3
156
110
128
71
61
127
82
129
6
100
110
133
104
120
126
113
112
4
93
113
118
123
125
110
88
128
7
109
99
120
135
120
135
100
133
1
147
120
119
91
143
102
99
93
4
122
107
91
105
106
124
129
142
2
101
149
98
115
104
93
123
131
6
100
130
98
112
93
133
126
138
2
150
66
114
128
155
141
90
83
7
110
112
110
95
98
131
122
94
0
106
95
129
108
129
135
112
136
4
80
129
142
113
105
103
147
98
2
106
112
164
93
113
133
131
117
2
112
134
130
100
133
112
169
72
5
128
131
151
85
86
108
129
91
9
123
106
108
103
113
121
118
129
4
141
191
146
143
114
81
126
107
5
118
82
125
156
124
125
136
113
2
141
123
93
139
134
105
88
98
1
91
145
74
144
99
133
134
114
2
120
107
101
164
146
133
121
159
4
116
102
103
119
119
114
113
96
3
155
94
110
145
121
113
182
108
6
99
99
136
130
101
125
135
113
8
111
100
134
129
127
113
63
122
6
87
113
93
149
101
117
116
113
7
120
141
107
141
112
94
111
91
2
144
89
127
100
137
128
139
106
2
129
139
89
141
114
100
110
140
0
85
110
109
89
109
108
108
122
5
106
132
106
101
119
109
99
116
5
125
114
124
133
121
121
102
139
5
109
126
136
132
124
89
121
143
3
110
107
104
114
92
147
108
150
6
112
85
94
114
99
138
135
113
8
108
116
146
132
157
120
120
102
4
86
112
113
96
126
116
106
109
3
94
133
135
74
106
128
114
150
5
132
128
128
109
107
117
94
102
4
112
101
157
73
146
122
133
129
8
103
61
106
114
89
126
74
108
7
139
122
103
119
72
79
116
116
3
132
127
103
125
95
147
128
112
3
128
116
112
86
135
119
95
104
7
129
100
112
87
125
142
126
138
1
115
98
110
120
115
130
136
106
3
152
106
126
163
114
102
126
112
3
141
124
106
114
125
151
117
96
1
136
128
121
99
124
107
111
139
5
105
140
93
116
115
88
120
142
5
93
124
103
122
126
95
136
127
5
147
120
121
142
119
101
107
107
8
121
125
112
126
114
148
111
120
4
127
149
133
128
130
95
119
102
5
132
136
85
104
137
142
129
140
7
117
150
128
134
102
149
147
142
7
126
109
141
160
115
142
72
133
2
157
169
124
93
101
114
94
104
4
106
111
133
105
121
114
143
122
1
143
133
109
100
97
103
106
91
1
118
134
71
107
101
136
147
111
2
132
114
119
121
129
113
109
104
9
135
92
127
120
142
91
82
126
0
152
89
126
108
121
101
113
144
3
134
98
133
128
117
92
127
92
5
91
93
116
129
143
127
156
137
3
75
79
141
121
127
105
127
131
4
92
104
126
97
106
106
119
113
4
99
119
135
110
105
123
144
103
6
114
122
114
131
119
148
126
94
0
149
87
135
116
123
156
112
84
5
95
105
122
114
114
165
106
156
10
114
116
113
128
101
74
107
147
1
120
96
127
102
137
108
137
123
1
134
117
86
119
107
145
143
118
8
111
101
93
135
93
135
148
130
1
110
119
116
85
92
132
132
94
2
97
126
154
100
84
150
100
107
9
113
142
108
134
119
113
128
92
3
108
154
68
125
133
117
135
121
3
94
107
121
128
120
129
114
121
8
135
100
120
135
127
142
89
142
6
122
81
83
106
88
85
115
114
5
115
93
135
132
127
117
140
123
3
89
97
110
113
116
115
121
108
7
128
134
142
137
129
115
107
79
3
140
148
119
125
128
86
128
108
7
106
120
161
124
141
127
113
119
6
98
125
137
123
138
114
105
163
8
111
110
67
139
118
148
108
126
6
122
124
153
112
97
135
135
107
2
111
123
101
89
80
97
130
143
9
113
112
86
118
108
114
121
106
7
144
94
121
119
129
106
125
108
3
132
122
133
101
133
123
132
114
5
112
101
133
111
132
84
111
144
4
114
80
94
99
125
105
147
82
9
113
127
120
108
121
90
109
121
8
128
141
87
121
145
108
150
121
2
96
140
142
124
129
85
99
124
8
145
135
128
123
146
106
129
97
3
107
102
94
119
115
114
92
73
1
112
78
124
108
115
112
142
129
4
132
101
156
102
142
136
95
115
6
129
137
119
113
126
80
122
108
2
105
98
115
94
140
80
102
108
5
100
95
98
85
129
92
113
98
2
129
109
116
135
136
93
115
110
0
121
126
107
125
135
135
101
114
9
92
101
137
113
123
127
109
144
0
120
151
136
91
115
102
130
98
1
141
131
120
120
132
91
105
124
2
135
150
130
155
130
115
97
130
1
118
136
113
147
118
135
129
142
8
123
126
145
84
121
110
132
147
5
111
128
116
156
79
113
92
118
2
81
93
123
107
100
131
98
135
8
116
134
119
99
98
91
113
135
3
106
121
78
103
149
140
82
108
8
134
100
71
148
105
145
137
105
10
150
126
115
107
81
116
93
106
6
121
135
74
141
104
113
138
114
8
136
155
102
109
118
86
113
84
7
115
118
116
89
121
126
138
131
5
100
150
102
147
112
121
113
100
6
99
117
122
118
99
92
123
129
7
73
110
121
113
141
86
129
86
4
128
156
129
129
77
136
79
120
4
91
99
154
101
119
145
119
96
8
129
86
111
120
78
152
126
149
1
79
119
97
114
109
119
100
148
3
112
93
129
126
100
95
161
106
6
117
142
123
107
111
91
51
71
0
85
141
93
106
143
117
145
93
6
106
94
131
104
101
99
101
92
6
107
130
99
130
113
115
122
111
9
93
115
99
137
122
91
136
78
8
78
59
101
134
101
133
130
103
2
122
122
113
128
140
116
128
174
5
122
124
170
93
121
91
113
156
7
142
117
65
101
95
108
149
133
3
144
143
104
130
134
126
126
121
10
124
126
72
134
125
113
185
139
4
106
78
45
117
140
124
128
142
1
113
120
151
103
72
92
121
147
10
150
129
105
133
122
121
156
107
0
124
100
144
78
115
169
136
106
8
139
57
129
149
120
134
91
146
2
95
147
112
149
138
69
114
113
2
131
121
133
121
116
113
67
134
4
135
132
181
109
76
102
121
113
9
114
98
106
126
106
110
98
148
1
111
121
113
97
106
148
160
141
2
130
84
83
150
125
155
89
101
4
116
74
120
92
132
101
79
117
8
98
87
105
114
76
113
95
79
10
148
134
127
117
107
130
112
85
1
118
92
99
79
99
108
107
125
3
64
104
131
156
128
139
122
99
8
106
151
98
71
108
95
99
126
2
124
127
154
105
121
120
146
88
4
127
119
121
106
154
121
112
126
10
113
127
115
162
112
90
148
140
10
90
107
136
94
106
145
155
125
3
95
81
147
117
147
130
79
92
4
125
121
114
124
127
100
104
125
9
128
144
141
133
136
85
119
122
6
125
112
79
118
127
118
122
109
6
134
124
107
99
117
125
101
97
4
121
105
110
119
111
74
114
112
7
99
106
141
136
158
102
136
141
2
144
82
120
121
113
134
114
100
3
116
112
130
102
154
98
147
87
6
112
87
135
97
86
141
124
106
8
114
147
143
89
123
89
132
135
9
141
101
121
122
140
74
107
136
8
134
101
128
122
134
75
91
146
8
101
122
113
135
78
109
134
135
2
106
87
78
105
106
117
114
85
2
135
114
108
76
160
95
129
122
5
121
86
100
110
91
84
120
99
2
136
154
132
108
135
67
144
155
9
86
141
119
125
97
122
117
95
7
120
124
130
93
112
108
151
142
1
108
93
106
105
79
108
114
107
2
147
115
132
83
116
90
133
149
0
119
147
100
125
131
100
135
130
7
101
119
126
127
95
149
136
75
8
93
142
114
99
106
107
58
133
2
143
112
106
129
114
122
100
107
9
113
103
122
118
167
175
99
112
6
83
91
120
123
104
78
110
105
5
104
153
127
125
102
105
126
106
0
114
99
95
136
110
103
148
135
7
105
129
113
99
129
148
138
131
5
128
107
92
107
71
121
105
155
7
128
128
80
113
115
131
136
76
1
123
129
106
111
120
109
97
116
0
118
88
157
116
127
134
112
86
4
135
106
119
127
122
84
108
148
5
106
117
126
129
112
123
120
132
4
113
123
99
109
107
128
107
111
2
113
146
114
128
126
119
114
130
1
98
135
108
122
117
92
135
146
7
109
105
112
120
121
190
113
100
10
156
127
100
120
103
80
135
135
5
98
84
134
118
123
112
126
124
8
107
113
112
128
91
99
127
100
8
112
94
100
133
134
71
127
136
7
114
109
122
126
119
91
162
115
10
84
105
74
107
121
128
133
100
0
86
128
86
86
100
86
93
169
2
121
94
113
124
135
129
123
112
5
112
145
99
162
127
124
132
107
10
101
109
111
112
125
141
81
133
4
126
103
96
134
142
87
123
138
1
142
122
98
138
87
109
133
113
7
116
134
119
164
111
119
122
85
1
97
95
134
112
106
94
111
137
1
127
122
126
116
112
83
98
101
7
123
84
97
108
125
93
170
100
7
107
162
132
78
113
126
127
112
8
143
99
134
99
119
102
99
113
5
85
72
107
117
129
110
73
126
7
130
121
105
107
168
130
105
113
6
129
126
88
113
72
93
93
139
0
119
143
120
127
136
150
111
135
10
115
150
96
128
110
137
121
117
1
104
119
115
114
120
161
104
114
10
86
146
91
136
56
139
59
116
5
88
141
136
136
120
91
136
100
5
133
87
100
128
141
129
115
109
1
156
108
126
120
125
119
88
157
6
96
117
87
135
128
105
146
121
10
99
99
126
126
119
91
105
158
10
99
78
154
104
93
132
121
141
5
122
126
127
142
109
119
119
113
7
143
101
131
105
79
143
132
128
2
133
120
129
114
139
94
108
114
5
115
118
121
75
135
86
110
107
7
177
133
121
155
101
82
128
87
7
124
111
94
133
118
120
140
106
8
111
103
94
135
137
147
123
131
5
154
116
113
101
116
112
138
125
4
122
149
103
113
106
106
135
115
6
86
103
111
100
116
136
107
92
3
133
103
127
134
127
78
141
121
6
122
150
133
126
126
70
148
121
5
89
137
79
118
91
169
124
141
6
115
151
105
124
81
114
140
108
7
107
147
118
79
129
87
99
145
8
98
137
130
108
139
120
127
121
6
108
98
105
113
133
119
106
134
4
58
148
114
108
140
127
128
135
3
141
153
120
92
121
119
135
109
9
100
107
102
112
85
102
129
100
2
92
118
106
113
149
94
137
103
1
86
110
103
135
154
111
143
116
3
104
100
107
120
102
128
169
124
2
121
132
121
141
123
117
87
151
9
101
149
113
111
135
79
128
152
0
92
92
138
100
108
125
112
104
2
113
136
120
156
123
123
120
115
7
99
100
127
117
101
121
107
153
7
90
135
98
112
119
155
107
91
9
153
113
80
113
111
134
118
122
6
111
122
88
87
91
97
141
116
0
138
133
90
148
106
92
120
112
5
133
89
114
128
116
114
122
97
9
97
143
133
134
128
128
89
123
6
96
119
139
82
130
128
149
126
5
143
118
127
80
133
90
96
105
7
152
94
113
107
134
112
101
111
5
93
121
108
131
135
94
133
129
0
71
136
115
103
106
90
78
128
3
122
126
159
119
147
101
107
78
4
140
78
127
116
119
105
91
85
4
124
119
103
118
94
81
135
127
8
122
138
69
132
100
155
107
124
4
112
127
96
91
111
126
101
136
1
134
91
118
114
122
120
73
137
7
128
127
129
92
112
133
117
126
2
133
93
49
100
105
113
107
131
4
142
146
98
92
103
93
117
98
3
99
148
130
106
123
118
108
107
4
158
129
120
117
92
114
135
141
1
112
126
121
126
112
88
113
107
3
133
102
136
108
92
101
122
126
6
138
106
93
144
111
150
127
154
7
115
158
136
157
88
99
69
90
1
99
120
111
134
130
127
92
115
5
126
138
129
116
119
113
125
164
8
141
79
100
128
156
134
84
123
6
105
101
129
88
120
113
103
86
1
109
152
135
103
81
147
130
114
5
117
135
113
141
92
62
112
75
8
72
150
161
73
129
107
136
121
1
102
135
107
106
121
123
147
90
1
139
125
129
133
106
127
127
113
4
109
82
79
113
125
116
113
135
4
189
97
134
119
148
132
135
127
1
75
113
123
108
124
97
108
134
3
96
130
129
131
109
101
125
113
6
122
82
129
89
113
144
133
95
8
92
94
120
127
109
105
114
137
1
97
92
116
123
105
100
100
72
5
112
98
130
112
108
87
94
116
5
123
184
116
136
115
107
121
102
5
124
106
100
144
139
147
152
115
1
129
142
85
141
110
154
161
100
1
109
133
147
115
135
92
118
135
7
106
105
145
135
123
114
117
122
3
112
129
115
112
100
113
107
129
1
97
87
121
111
130
129
85
104
9
78
84
105
109
120
122
97
137
8
112
89
132
107
133
80
154
80
8
127
153
91
126
93
133
97
127
6
115
96
140
135
100
119
127
138
3
127
109
120
101
92
111
115
126
1
128
85
122
138
113
124
153
86
0
111
119
121
143
99
122
102
110
10
105
69
142
133
122
117
120
97
4
98
115
162
120
71
100
159
120
9
108
123
133
96
112
137
84
135
8
119
137
144
133
127
108
109
96
0
128
115
100
117
128
116
136
106
5
80
101
132
113
148
110
121
130
7
112
105
102
115
94
147
100
136
0
128
119
111
98
142
124
125
64
5
148
103
108
84
101
142
167
114
9
118
136
121
119
118
122
87
119
0
122
99
142
102
110
93
158
107
2
111
106
84
139
125
100
89
115
4
124
65
122
82
84
107
105
98
5
131
100
96
113
132
119
93
94
6
123
143
148
134
99
148
115
100
1
108
97
95
144
97
120
100
142
1
143
108
121
142
122
126
127
143
2
125
90
93
155
122
103
113
93
9
78
121
128
78
135
134
93
120
7
120
114
113
80
135
119
110
101
7
121
107
141
121
87
121
140
118
8
100
85
125
97
137
126
105
88
4
112
113
94
128
119
120
99
119
9
101
128
109
86
118
130
94
123
1
120
99
151
94
95
152
136
124
1
111
125
116
93
128
98
92
112
5
152
96
137
128
92
137
97
144
8
106
121
135
102
97
107
87
162
2
93
116
92
120
124
100
117
91
1
126
109
122
82
156
118
93
122
3
107
132
128
101
123
123
128
97
3
101
81
105
120
97
101
122
102
4
134
91
106
128
88
123
132
68
2
131
150
120
122
79
86
106
149
2
113
85
118
136
140
120
155
159
9
111
144
92
121
148
121
118
122
10
79
126
126
128
136
74
107
133
4
128
114
143
110
91
129
154
120
6
113
139
114
98
99
154
120
80
1
68
113
93
128
123
105
147
115
2
135
119
84
89
134
130
132
142
2
151
110
121
106
85
95
119
94
2
156
122
108
103
114
113
106
137
6
146
112
91
94
148
121
125
96
5
155
111
127
106
106
123
128
104
5
108
105
137
137
117
92
141
109
5
134
106
138
121
104
82
105
122
4
91
108
100
117
114
110
115
113
7
120
109
84
100
119
100
132
155
2
133
78
129
130
105
111
89
145
8
134
88
147
92
107
147
122
137
5
99
108
145
149
105
106
131
71
8
112
119
107
156
100
87
113
120
1
113
156
155
128
133
95
101
142
2
68
108
113
134
105
132
99
119
5
94
121
155
116
103
120
129
97
4
153
121
114
133
112
126
84
140
9
121
136
135
99
128
81
120
170
1
94
94
113
142
109
121
145
121
2
142
106
128
138
135
163
105
110
10
120
131
134
93
128
80
113
169

