8
9
4
3
3
7
9
7
8
7
6
10
7
4
9
3
4
2
13
1
1
3
2
1
0
5
8
133
91
120
99
133
100
98
107
0
142
122
136
127
120
100
133
140
6
113
145
119
125
116
134
121
121
6
122
135
93
100
120
99
133
117
5
134
121
102
134
102
129
131
114
7
112
86
123
155
92
118
130
107
9
126
91
112
128
128
100
72
142
9
102
125
128
122
93
121
79
78
8
113
130
131
136
129
110
113
126
2
122
90
117
129
99
112
84
147
2
116
155
113
122
129
140
126
118
8
112
144
86
143
105
121
141
123
6
142
147
147
118
100
83
122
112
4
118
113
154
112
107
101
147
108
8
129
122
120
121
155
144
121
93
1
134
105
118
148
92
133
120
119
3
112
106
123
80
127
136
127
95
7
151
101
98
110
107
93
135
109
6
138
142
84
110
120
113
133
144
3
138
143
120
93
134
136
105
114
1
121
110
98
127
102
135
100
133
7
88
145
128
122
150
99
109
157
9
142
116
112
86
78
129
134
148
4
81
102
142
120
141
98
110
147
9
126
117
89
116
140
118
104
85
1
116
138
106
129
147
107
87
142
8
84
132
114
94
102
133
103
141
8
150
119
141
121
121
112
119
140
4
123
105
110
106
138
100
103
146
3
114
148
113
127
100
164
125
141
1
57
116
116
130
137
121
87
144
9
134
145
135
123
93
135
107
93
4
116
105
121
99
108
115
120
103
9
111
102
132
114
114
104
106
131
1
135
96
115
120
121
99
135
183
0
143
104
155
107
99
84
142
126
3
64
98
128
103
150
108
112
143
10
127
148
86
98
108
120
103
123
5
135
112
119
157
100
123
94
149
10
114
112
87
136
86
147
99
107
1
105
78
127
138
107
143
135
99
5
87
99
109
138
126
106
124
135
5
106
97
113
115
93
103
117
110
0
122
135
101
106
142
91
115
116
8
100
146
146
115
136
85
134
162
2
105
128
73
154
86
100
87
152
9
120
127
106
153
130
143
118
85
8
108
108
108
101
128
134
129
98
9
137
127
99
111
101
120
102
123
2
152
122
120
111
123
114
93
115
4
72
119
114
114
107
127
120
127
0
118
106
115
105
114
111
145
98
0
112
162
104
128
98
146
144
121
5
117
121
112
126
151
107
99
135
4
89
150
156
51
147
149
121
127
2
162
124
86
113
121
143
147
138
5
135
94
116
95
130
150
128
102
1
120
114
82
114
101
112
137
95
1
107
121
131
102
126
120
107
120
3
137
127
113
116
105
77
120
115
5
141
127
143
99
109
126
92
142
9
80
95
71
133
100
119
147
121
1
146
105
127
92
115
128
115
87
10
126
122
96
107
128
84
135
132
1
136
133
132
109
130
93
122
126
3
149
98
110
122
132
98
75
77
1
99
136
150
134
86
100
126
141
7
121
121
163
133
135
149
133
129
7
136
130
115
93
87
88
109
156
10
118
121
105
157
120
82
107
92
9
113
133
121
114
99
105
93
124
6
134
100
106
106
85
107
138
107
1
114
134
81
107
113
121
104
160
6
126
113
125
144
111
128
155
149
5
92
121
163
93
85
99
140
121
7
111
79
108
71
105
146
115
108
5
121
77
120
126
122
135
105
105
1
115
128
93
105
85
121
101
127
9
141
73
100
118
126
127
112
135
6
106
71
104
131
95
150
136
132
5
143
107
103
128
142
101
95
142
9
126
105
113
121
106
106
115
121
2
124
118
149
135
93
99
114
119
4
149
112
95
126
105
134
104
115
9
114
134
121
164
112
153
119
116
2
98
106
150
150
147
102
109
146
7
95
144
78
127
147
116
128
129
8
96
156
77
113
113
119
128
94
8
123
107
114
158
107
121
132
126
1
107
125
76
100
135
99
113
80
2
119
84
125
122
101
93
128
116
4
142
130
156
120
99
101
119
121
3
92
86
110
86
141
114
113
121
1
139
103
149
121
107
85
106
103
0
122
135
114
122
140
136
92
120
6
127
101
100
126
111
114
115
143
7
129
119
114
97
134
98
93
109
5
147
121
131
109
121
116
126
120
3
90
127
100
115
116
102
168
135
1
119
135
107
100
101
123
128
115
8
79
126
156
127
120
96
115
99
9
96
100
112
128
146
113
122
143
7
111
112
149
112
108
100
98
105
4
119
114
110
120
125
137
98
107
9
128
102
130
79
142
148
127
121
9
84
138
137
107
112
120
119
91
5
136
119
101
103
113
71
72
141
4
135
87
80
97
87
109
143
141
6
96
115
87
142
92
155
108
114
5
101
79
120
122
59
169
125
107
9
121
111
117
97
93
98
91
115
2
113
107
110
107
93
119
79
77
5
116
128
107
107
75
136
157
108
10
165
120
122
128
133
104
135
112
5
171
115
119
101
101
117
146
102
1
139
141
123
85
114
85
119
129
9
86
157
112
120
131
110
123
141
5
134
113
115
114
126
112
141
106
3
142
145
111
108
139
83
144
101
9
106
101
148
117
119
117
105
144
7
139
108
122
114
106
139
88
102
2
116
127
120
120
99
93
136
106
3
144
129
80
118
64
80
133
160
7
87
135
129
122
86
105
118
131
1
149
103
97
127
134
129
107
107
8
133
120
149
127
113
158
83
128
2
120
111
110
76
138
110
146
91
9
102
103
126
148
149
127
77
112
2
105
114
101
105
96
98
114
119
0
135
77
110
123
135
92
93
134
4
108
112
134
88
108
113
158
103
0
148
106
127
127
120
134
97
113
5
123
124
130
158
118
120
137
158
5
119
64
111
142
134
91
131
80
3
100
130
103
126
134
114
120
121
7
153
103
99
94
114
115
95
100
6
99
101
121
85
124
136
87
119
10
115
135
133
121
100
149
121
109
1
79
122
123
126
112
123
90
123
5
115
107
116
75
76
100
91
96
9
109
155
115
147
122
105
137
126
5
64
120
115
142
154
115
134
77
3
100
145
144
108
101
118
141
130
10
107
120
119
124
114
118
146
127
9
120
121
116
113
127
132
146
136
6
123
93
126
124
135
129
106
102
2
133
111
106
111
101
112
105
97
5
120
150
129
115
117
129
111
112
8
155
126
110
108
95
159
98
116
6
135
113
77
104
129
128
79
174
3
101
123
122
140
124
133
138
136
1
91
85
74
122
136
82
103
131
5
128
107
73
125
108
93
119
100
0
121
124
118
132
79
109
114
131
8
134
125
122
129
124
120
112
155
2
116
105
65
114
121
140
120
113
7
113
86
102
127
97
92
94
93
7
92
120
141
125
119
110
98
93
5
122
68
122
151
117
106
128
125
2
98
76
124
107
113
107
112
99
7
65
108
132
101
129
103
122
124
0
155
113
133
135
124
132
140
171
1
91
114
109
123
125
128
128
158
0
114
135
128
133
133
92
113
121
10
136
143
101
101
133
107
131
102
3
121
93
114
99
102
121
99
135
5
114
144
102
112
157
117
124
109
10
121
127
92
130
134
110
108
117
5
123
85
139
103
149
101
130
134
8
125
107
97
115
149
114
130
124
1
112
98
98
99
93
99
111
143
6
104
95
154
121
97
104
127
106
9
108
155
100
96
92
106
120
148
7
136
114
140
107
129
122
141
106
3
99
103
107
87
143
132
149
123
1
99
141
126
150
108
102
133
106
5
121
112
85
81
81
102
92
100
2
99
169
150
115
119
98
114
114
0
91
107
141
115
132
95
132
139
8
72
134
86
105
112
121
106
128
7
76
103
90
139
88
95
107
105
6
106
59
129
119
159
131
116
100
3
103
122
108
113
94
125
102
112
7
91
141
121
134
102
82
120
138
1
152
118
107
140
139
144
144
129
6
107
134
134
107
118
116
119
120
3
139
116
132
86
120
101
93
118
2
132
125
121
141
129
119
108
98
5
135
123
94
169
127
113
98
109
2
141
132
106
136
121
144
82
137
0
124
100
73
112
71
133
166
132
5
107
112
153
105
110
103
141
120
4
111
82
134
121
121
138
107
98
8
145
123
112
95
86
115
128
133
3
143
133
121
131
85
150
104
91
4
102
123
117
134
119
111
119
119
7
86
135
133
111
124
135
144
128
4
130
101
145
92
143
107
134
115
9
141
122
148
78
92
125
111
91
4
99
120
106
115
114
119
138
147
7
128
127
85
125
104
115
119
115
8
116
114
119
143
154
138
139
86
9
96
116
138
117
148
140
104
122
1
134
108
141
91
155
78
119
113
2
127
107
125
145
104
91
91
78
1
96
128
95
138
149
99
129
104
1
113
96
88
124
108
95
76
104
4
120
115
153
73
105
135
98
120
2
122
134
84
149
134
119
128
123
4
93
86
140
113
97
89
121
113
1
100
153
79
113
112
101
139
115
0
116
134
111
134
155
95
116
135
0
91
134
91
127
128
147
138
107
9
111
96
121
150
95
103
109
132
8
130
116
85
116
114
101
103
104
5
153
146
100
94
116
140
128
110
5
101
127
94
106
141
120
153
147
7
147
103
116
93
106
140
113
69
3
120
102
121
99
139
101
146
121
6
163
106
64
129
107
113
102
131
8
156
108
124
112
94
140
123
139
4
122
85
125
121
141
121
98
99
6
122
110
93
107
141
161
126
100
4
126
112
142
94
113
128
107
92
5
109
100
128
162
108
76
97
101
4
116
85
124
129
152
102
148
161
6
131
119
117
104
109
135
120
158
5
130
99
121
127
99
165
145
133
6
169
112
97
106
109
96
92
106
10
155
126
135
86
116
129
110
78
5
88
123
146
112
109
105
145
122
8
129
99
110
126
86
127
126
94
10
136
87
147
131
100
127
107
113
5
120
141
137
126
134
126
123
114
3
94
131
155
111
101
131
124
143
7
133
122
117
117
107
113
140
118
5
78
128
76
71
149
118
129
103
1
98
122
157
83
119
143
100
108
2
135
112
90
110
79
117
120
118
6
117
135
114
101
135
141
114
80
10
128
106
101
119
121
114
113
119
4
151
100
96
118
127
129
134
83
9
112
127
113
78
133
99
145
100
8
113
146
140
119
92
101
118
141
6
147
141
103
152
141
86
89
116
3
113
120
115
113
148
133
114
134
8
115
85
121
128
159
103
100
144
10
115
120
124
131
139
113
112
161
3
94
114
84
114
135
120
108
141
10
121
127
90
162
125
141
125
106
1
143
91
133
74
119
84
133
117
0
138
135
67
133
137
142
110
128
8
95
135
127
128
104
107
112
149
6
117
141
96
96
112
106
98
109
6
109
139
114
141
124
127
127
107
4
118
121
108
133
88
119
120
111
9
99
92
132
100
126
100
93
108
6
92
98
117
91
128
136
121
124
6
132
144
135
142
115
117
105
141
4
125
84
142
128
101
137
149
89
9
105
114
72
108
100
80
69
138
3
117
125
84
97
151
129
123
125
4
85
126
113
146
118
114
95
146
4
65
94
94
99
104
93
107
100
6
123
131
114
86
162
106
127
100
7
117
86
99
142
121
148
128
157
6
140
143
105
127
127
111
118
94
9
137
113
107
113
107
128
105
128
1
121
148
85
100
115
100
106
115
10
130
121
136
87
134
101
121
110
10
135
134
108
94
101
69
95
118
2
130
158
95
92
138
96
101
72
1
107
114
118
135
90
93
81
109
3
90
107
141
107
112
101
88
109
6
121
128
108
111
122
120
99
134
4
125
141
93
107
85
134
122
147
4
136
115
98
91
110
132
135
92
6
136
107
101
127
86
110
112
132
3
132
111
113
98
121
135
106
134
1
128
108
92
107
120
133
99
157
8
107
114
106
134
164
90
114
131
5
160
151
100
84
120
101
77
95
7
119
128
154
111
126
106
99
140
8
126
74
120
97
146
93
117
128
3
107
98
108
108
99
147
122
137
1
131
115
144
109
113
96
108
121
8
114
113
108
121
146
68
106
152
6
127
164
96
140
91
100
129
108
3
124
120
99
136
111
102
94
128
6
169
66
126
99
167
154
118
149
1
98
135
77
107
126
132
124
91
8
118
114
90
142
102
129
145
83
7
124
156
72
106
111
84
128
100
6
90
121
111
113
145
108
126
134
9
152
167
92
116
86
129
136
125
0
100
126
121
100
126
113
87
115
1
119
113
140
98
107
85
121
88
1
130
87
131
113
141
114
111
86
10
176
79
113
126
134
120
112
93
4
92
134
120
100
137
108
112
136
10
156
78
112
109
105
93
118
117
9
149
97
97
93
80
113
120
127
2
107
102
127
124
149
144
146
105
2
105
104
120
111
125
112
139
112
10
92
130
163
99
115
107
105
99
2
119
134
101
139
119
127
87
129
2
108
119
101
90
86
154
131
142
3
83
96
98
115
127
101
94
129
5
126
94
88
114
147
105
134
110
4
116
135
113
128
72
97
100
122
2
115
109
101
128
126
127
122
132
6
139
131
90
116
105
92
134
117
2
101
121
114
112
100
126
105
133
9
92
119
114
119
114
120
108
78
6
90
121
108
130
141
154
91
131
2
157
71
106
131
157
107
133
127
5
93
127
126
107
134
164
113
107
1
141
114
121
81
108
113
129
90
5
80
125
105
138
138
128
117
133
8
154
136
109
126
99
86
118
126
1
134
100
129
135
142
119
126
138
5
107
107
115
127
82
124
94
133
1
78
108
117
125
99
92
77
129
1
100
124
125
116
130
142
131
120
0
86
101
133
98
113
106
177
123
6
94
113
136
114
114
126
109
102
3
88
133
110
141
135
98
125
121
6
115
110
126
126
128
149
155
128
6
126
99
92
107
97
110
120
106
1
112
125
106
75
79
98
113
129
8
87
114
140
99
130
87
129
107
3
78
130
112
117
121
86
108
86
8
126
106
100
119
78
136
139
135
7
79
128
142
133
115
128
99
88
3
116
155
134
94
131
140
151
107
5
129
125
135
128
127
86
98
98
10
107
119
134
114
141
131
137
95
7
128
100
87
115
108
102
123
132
1
131
110
105
116
120
132
131
133
10
109
119
128
146
77
141
120
140
7
141
148
101
143
114
150
99
113
5
118
143
108
121
93
98
149
121
7
137
100
113
133
127
128
122
132
5
176
92
104
105
112
104
126
140
8
104
92
98
93
102
123
115
119
3
91
117
114
141
113
105
119
157
5
143
147
137
152
117
108
134
130
8
95
101
70
124
130
77
150
87
5
136
93
135
103
108
119
112
130
6
135
134
121
141
113
115
127
123
7
120
130
116
109
141
135
110
142
9
123
110
131
121
101
156
101
99
8
120
103
92
126
84
120
126
118
3
109
93
133
121
121
123
142
123
7
128
121
116
102
127
95
136
114
3
151
111
113
156
99
157
141
143
1
123
103
132
93
127
113
137
132
6
102
122
142
108
109
141
92
98
3
113
122
117
138
135
135
84
122
3
122
101
128
114
122
109
141
124
1
85
102
124
101
108
85
139
129
9
61
92
117
148
110
103
138
141
3
133
93
103
96
134
92
123
93
6
140
120
120
122
109
135
125
128
9
130
84
126
123
104
105
85
107
1
99
107
128
126
108
94
130
125
9
136
119
151
87
113
92
84
115
4
126
74
76
136
89
101
68
88
3
118
96
113
141
108
132
78
113
6
101
77
147
104
143
122
108
85
3
150
117
127
114
139
100
107
102
5
109
100
85
77
125
146
103
91
9
119
132
119
121
128
100
119
109
1
137
99
114
142
87
111
113
98
2
114
114
148
174
114
94
141
134
2
123
72
141
138
91
148
131
109
8
94
96
127
126
111
80
114
134
5
119
105
131
88
90
127
98
114
8
122
126
127
143
149
107
114
92
1
113
94
89
128
136
120
163
107
9
116
143
116
134
120
131
113
113
0
128
148
97
113
123
105
117
141
9
99
85
91
129
90
136
140
112
2
110
110
134
107
112
152
121
98
1
116
96
140
76
110
119
100
103
5
119
146
93
141
105
102
112
129
9
107
105
105
171
107
121
102
130
1
80
99
127
114
127
150
147
108
6
117
150
101
141
107
99
113
134
5
106
111
107
162
112
116
104
129

