17
5
5
5
1
5
2
9
1
9
1
4
3
1
7
3
1
2
9
5
3
7
9
3
4
2
4
121
121
119
107
143
99
117
119
6
134
95
115
128
105
149
127
154
4
110
108
116
91
66
86
117
92
6
106
118
98
106
119
122
106
112
4
105
106
110
65
91
70
122
101
6
91
133
119
99
128
114
115
138
3
141
111
110
109
102
128
148
143
9
93
99
139
128
129
86
142
156
10
92
128
98
126
90
119
94
106
1
114
97
100
80
114
91
149
152
3
127
136
115
151
91
133
71
110
7
143
110
120
126
108
117
89
120
4
100
112
144
123
120
102
124
117
5
122
142
145
102
110
135
148
141
7
124
128
66
114
130
131
113
131
0
106
108
100
68
111
120
121
139
1
138
112
74
147
104
135
107
114
3
71
96
133
107
163
117
104
142
1
128
119
85
100
115
128
154
135
9
93
119
72
122
147
112
103
110
10
89
129
133
129
131
107
106
73
4
108
133
116
119
99
149
118
98
9
121
100
119
137
103
149
125
134
4
125
98
121
109
115
160
125
111
8
121
137
106
108
149
90
107
116
1
107
130
103
97
98
94
121
152
1
111
140
100
131
107
134
150
92
1
90
155
110
101
93
119
109
128
7
100
129
149
140
76
121
116
91
8
91
109
93
127
83
94
97
79
1
112
96
149
154
120
106
120
81
2
127
130
149
120
119
139
138
144
8
142
86
120
114
135
99
113
140
7
140
142
149
154
104
140
120
94
4
121
141
139
122
117
143
133
92
4
141
113
115
94
99
134
115
116
2
116
133
76
115
127
135
133
125
5
101
65
139
106
114
121
127
108
9
111
105
142
139
135
167
138
135
6
114
144
133
114
119
93
124
153
1
93
129
133
101
142
123
142
131
3
127
150
115
112
114
102
120
101
2
131
120
116
133
135
112
128
144
2
120
106
129
129
114
148
114
101
2
92
129
111
124
147
106
106
88
3
144
72
101
92
140
105
146
85
0
112
73
122
121
126
92
107
153
4
125
96
82
157
129
127
127
79
10
161
120
106
116
129
113
120
119
7
121
113
142
96
118
111
122
112
1
122
154
142
127
142
148
149
133
0
133
128
121
72
90
86
126
113
7
127
148
114
88
127
129
142
109
9
93
133
143
154
114
98
126
106
9
120
127
121
121
122
130
127
127
8
129
81
120
121
146
110
121
99
3
110
80
123
118
102
81
104
111
5
107
118
100
144
99
113
114
85
10
128
139
139
133
113
122
120
109
4
98
133
127
113
127
121
121
94
9
99
134
117
98
98
135
110
78
1
127
134
99
98
91
102
120
108
6
104
126
106
126
108
113
137
163
8
110
126
92
122
88
96
108
110
6
103
122
107
75
135
91
111
152
1
107
122
108
119
91
152
142
92
9
149
110
132
101
76
107
105
112
5
144
120
140
114
121
105
120
117
5
136
85
99
112
149
120
142
93
4
135
101
115
122
117
135
136
96
5
147
106
92
130
131
131
106
137
4
121
128
135
151
154
110
127
99
3
65
132
87
123
154
113
128
108
9
118
113
134
85
143
95
142
136
1
108
136
113
178
142
86
118
137
6
125
93
81
116
93
112
140
146
5
128
102
51
117
154
102
142
108
9
88
115
122
101
114
98
106
136
6
87
131
122
121
106
133
116
152
6
103
105
113
102
101
162
84
99
9
110
169
95
135
114
121
120
126
9
108
95
125
111
134
120
141
149
7
73
134
91
91
128
149
145
100
8
126
150
112
104
148
95
112
129
5
127
107
117
130
150
106
107
89
9
99
142
104
116
135
114
149
78
9
138
127
112
93
142
157
114
122
7
87
128
107
118
89
122
127
83
9
138
121
82
108
81
115
128
114
7
85
91
141
120
148
128
142
114
6
102
102
135
145
133
131
109
122
3
117
115
143
87
143
129
100
111
5
95
127
147
76
131
96
115
142
6
84
125
133
135
168
94
100
114
7
112
149
93
141
130
102
110
113
7
134
143
87
109
146
88
107
127
8
128
103
145
139
122
85
116
105
1
94
147
157
83
121
108
116
104
10
107
114
114
91
141
84
99
121
6
116
148
151
72
112
112
88
107
5
116
107
100
91
148
142
161
121
6
96
129
120
110
101
108
140
124
9
155
122
96
145
128
103
105
116
0
89
107
121
129
122
77
140
84
2
106
144
161
117
112
138
90
110
2
70
126
98
135
90
105
97
136
5
147
136
80
91
112
113
100
115
10
90
96
127
116
113
115
126
120
1
120
99
113
110
113
104
88
80
8
128
140
149
146
132
133
159
113
9
136
102
127
92
97
101
133
112
5
120
111
102
106
103
162
124
136
3
93
107
97
120
71
150
107
143
3
85
98
140
132
155
107
115
98
4
99
127
136
72
85
95
141
99
3
105
129
141
91
143
133
122
151
3
134
110
121
126
126
126
119
101
8
92
107
134
147
136
107
121
161
9
121
86
91
153
124
132
87
128
3
110
135
120
87
101
134
155
120
4
109
57
100
107
119
79
129
123
7
103
120
134
133
144
123
150
134
2
100
98
119
121
64
97
101
85
9
95
111
101
104
143
114
123
113
2
93
105
109
100
144
134
128
128
7
83
114
101
109
138
115
129
93
5
126
115
129
99
100
155
99
99
5
107
116
101
94
129
91
97
127
7
115
134
149
105
102
118
114
126
4
103
136
101
111
88
141
113
100
1
82
92
117
124
116
116
122
81
5
154
149
92
94
108
89
129
143
0
128
128
72
121
139
133
133
120
1
122
143
109
141
149
99
98
93
2
131
140
88
121
132
91
118
94
4
134
93
115
126
93
134
126
108
5
105
113
131
113
127
128
128
92
7
120
137
108
99
106
126
110
114
8
101
132
123
106
108
92
130
126
5
80
87
120
138
121
111
105
86
9
82
132
92
130
87
99
113
99
10
108
99
126
104
108
129
116
129
5
99
113
91
99
104
93
100
114
5
121
121
123
105
92
114
151
100
5
115
113
125
92
94
90
92
136
3
148
135
105
113
132
70
120
135
3
155
105
137
107
100
114
99
78
6
99
127
142
113
148
71
81
112
4
119
113
93
111
124
117
107
108
1
83
147
99
106
100
140
126
115
7
121
110
107
79
110
134
123
144
6
152
143
135
119
145
113
94
162
7
106
102
85
105
127
127
149
96
7
96
130
102
114
85
106
73
122
2
141
124
116
149
94
161
55
117
9
133
141
112
112
107
163
142
146
8
136
106
155
99
133
108
120
102
3
92
106
118
111
83
106
121
134
9
134
113
146
112
86
150
126
76
3
114
136
132
97
155
126
124
113
2
127
92
143
142
108
163
100
145
7
108
112
138
87
112
147
136
119
1
113
131
115
105
108
94
143
113
4
126
98
100
107
96
116
76
93
1
130
156
96
99
129
141
95
94
10
99
98
112
119
101
98
136
91
4
67
130
109
120
114
95
136
141
7
97
112
119
151
101
154
135
143
3
142
188
133
94
121
86
79
107
9
151
112
110
86
153
87
128
114
6
93
97
160
133
118
87
125
105
9
126
88
155
111
85
110
102
104
6
104
148
130
111
116
114
117
115
8
104
93
105
135
124
105
132
141
7
144
131
108
101
105
129
119
82
4
101
129
108
135
109
124
126
113
7
100
170
105
98
102
82
154
117
1
121
128
75
81
98
131
107
112
4
83
121
125
161
124
107
115
131
5
113
107
126
106
83
99
127
114
1
124
121
109
114
103
85
141
143
9
99
87
113
146
139
78
105
91
5
149
134
120
112
119
106
122
110
7
100
121
127
93
114
129
77
111
4
130
92
107
175
126
125
107
124
9
135
114
109
118
137
128
107
119
6
101
129
78
128
105
111
123
148
8
128
133
121
121
158
134
87
98
10
86
171
134
106
124
130
103
134
7
110
113
142
122
70
80
150
139
4
78
135
100
120
112
100
105
92
2
121
135
126
112
109
89
66
93
2
114
125
114
114
146
114
113
119
7
99
127
78
112
129
125
122
120
2
100
125
80
115
127
123
92
123
2
124
97
65
116
117
128
121
111
4
113
128
115
123
119
122
78
134
7
91
94
116
139
97
127
120
120
4
102
109
79
100
156
108
123
108
9
139
101
122
127
134
125
135
106
4
129
157
105
125
121
149
118
100
7
148
155
107
116
85
121
118
92
8
134
134
152
149
121
116
131
146
2
121
124
132
125
77
85
93
106
4
137
148
108
148
73
107
86
121
9
109
84
152
123
141
131
112
114
1
135
115
92
122
99
132
119
100
1
106
116
135
93
134
68
104
124
3
113
127
99
133
121
112
128
147
1
116
113
85
123
93
129
115
112
3
120
96
124
91
121
128
95
142
2
124
128
114
108
142
113
127
163
8
118
118
135
89
139
87
148
91
1
97
114
99
118
140
148
87
131
5
127
137
81
119
149
139
92
119
10
120
107
119
114
78
92
91
59
3
131
122
93
77
105
127
137
146
6
107
145
108
141
120
117
107
112
5
112
133
152
88
112
116
120
113
5
95
134
129
113
120
110
92
97
8
125
129
112
143
136
131
101
115
4
99
90
113
116
108
120
130
87
7
98
132
113
160
138
155
135
132
5
99
114
127
99
75
84
136
138
7
137
122
95
107
106
108
136
139
3
98
92
100
162
64
172
120
115
0
143
90
93
126
113
115
107
148
4
161
99
120
148
120
97
99
115
2
88
77
135
99
124
84
118
88
2
101
106
131
101
121
95
98
124
1
115
132
157
98
112
67
110
91
1
115
91
136
124
107
71
112
98
4
152
64
101
154
115
115
164
92
0
115
129
83
117
129
141
129
138
10
116
96
119
100
126
112
93
134
4
130
107
120
145
129
135
128
159
7
112
149
119
94
150
150
129
121
6
92
153
127
109
44
135
145
135
4
147
100
128
159
135
145
93
111
5
121
101
118
135
108
151
132
118
5
143
136
110
136
106
149
113
127
9
116
118
87
111
134
134
86
105
2
65
128
129
125
94
130
101
108
8
144
103
108
133
139
111
107
102
3
135
99
108
113
122
114
137
142
10
164
85
99
133
105
136
137
114
7
157
134
126
113
94
118
112
98
7
138
117
84
122
93
117
102
127
4
106
123
162
122
111
91
102
120
9
107
96
132
120
80
85
85
126
5
75
142
106
106
123
110
115
133
6
139
134
101
107
116
121
112
126
8
112
126
135
126
106
86
130
113
9
106
122
101
125
117
87
92
106
5
127
136
164
89
123
82
80
140
4
120
121
103
77
86
100
102
106
6
146
114
85
93
134
116
119
131
8
142
108
126
117
114
86
136
109
7
99
115
120
122
113
84
145
95
10
85
126
191
108
80
79
126
119
2
81
93
120
115
112
142
143
111
9
93
117
122
130
118
146
106
111
6
163
107
140
111
142
125
115
154
1
119
115
96
120
119
95
104
86
1
92
84
91
135
116
123
123
126
7
92
107
144
116
134
86
91
106
6
74
112
175
108
142
126
153
135
5
98
107
145
127
133
131
111
128
3
120
110
112
146
143
86
157
128
3
122
113
100
119
120
132
103
124
6
138
106
112
156
76
137
136
151
9
120
143
110
125
150
105
138
124
8
143
109
121
143
96
128
145
110
5
128
141
120
117
131
149
108
124
0
94
101
149
83
120
110
142
99
8
177
102
129
115
105
100
102
68
6
123
120
125
115
106
148
108
92
10
128
117
145
120
127
119
157
84
8
81
118
134
117
107
119
145
160
3
140
104
155
108
112
119
125
123
1
131
96
140
120
148
70
136
121
10
114
102
114
138
83
100
144
114
7
93
120
135
135
98
97
91
154
0
148
114
98
112
104
93
107
86
5
123
101
134
112
152
145
156
143
3
88
142
125
104
126
128
113
112
6
124
156
99
141
122
127
109
124
2
106
135
101
122
110
125
125
106
9
106
93
121
126
109
108
108
120
6
117
148
105
114
140
114
101
122
0
111
134
154
151
104
121
132
131
7
142
107
100
88
106
139
105
115
1
109
126
81
127
106
98
120
99
4
156
100
142
148
133
75
94
111
5
128
100
136
134
141
120
160
141
4
164
103
130
111
129
92
134
116
1
102
95
120
127
120
79
112
83
8
120
120
117
115
127
102
134
147
7
127
93
125
138
123
154
100
99
6
149
144
107
65
87
125
113
112
8
101
106
139
153
118
109
134
155
10
135
102
91
85
140
155
99
123
5
114
127
120
94
134
120
145
149
2
102
114
148
151
132
136
115
106
6
114
94
122
131
127
113
116
97
0
103
90
97
110
128
137
135
90
4
128
89
118
137
142
163
102
134
6
130
104
87
93
162
117
142
139
2
105
90
108
71
117
136
122
110
9
114
130
111
117
105
99
149
86
4
104
109
109
132
136
86
87
121
7
120
100
140
109
104
94
141
136
10
109
155
127
133
110
98
103
101
1
78
131
128
120
114
106
98
114
5
116
116
121
126
74
145
117
77
3
77
129
112
127
95
93
142
94
2
106
119
159
107
135
114
120
99
3
166
125
122
169
106
108
117
92
8
117
106
135
114
100
121
141
128
8
126
138
108
91
142
135
117
85
6
102
98
106
106
91
107
87
129
7
147
106
162
129
141
108
117
130
8
111
132
100
108
145
87
127
146
7
121
92
97
123
107
109
90
115
8
151
113
126
129
149
114
109
140
7
111
149
134
115
127
114
121
114
4
134
133
68
127
131
129
120
91
4
128
93
134
105
100
124
123
142
4
117
88
94
117
153
93
142
82
1
106
119
128
135
106
136
129
147
0
94
99
115
125
113
126
120
142
1
50
114
101
79
104
113
128
107
4
107
134
121
92
88
106
139
115
2
131
89
101
95
121
109
86
142
9
124
124
113
133
115
106
142
118
4
92
131
89
127
92
108
105
115
7
93
106
142
131
147
142
96
105
6
128
142
121
105
132
134
113
87
1
100
120
108
105
125
105
127
122
6
110
130
95
177
103
126
100
101
6
136
91
128
106
126
90
80
161
7
139
105
119
140
108
113
145
129
9
135
120
104
126
100
145
118
105
7
98
149
130
116
125
100
127
105
6
89
138
111
127
100
83
140
119
6
114
113
111
115
141
141
86
113
4
119
121
100
132
115
139
110
120
3
96
136
145
111
124
119
126
113
9
154
92
112
105
111
116
133
120
7
106
91
135
121
119
105
119
121
2
85
79
128
83
129
122
138
98
6
80
142
101
125
103
73
117
103
4
120
134
127
119
106
125
133
130
9
126
109
127
144
129
127
120
68
10
142
136
121
137
91
100
107
140
9
79
119
92
114
155
141
113
99
7
91
134
115
100
87
142
112
90
0
88
105
133
149
119
148
110
100
6
121
91
106
152
128
129
91
154
2
106
120
114
138
131
112
110
96
8
142
140
116
129
98
78
102
125
2
131
142
140
86
113
98
118
144
9
124
120
140
145
105
150
78
113
7
120
162
119
122
109
160
93
105
8
102
144
94
107
121
95
124
99
2
121
95
134
109
141
106
133
146
4
110
115
122
108
110
82
125
142
5
87
147
117
126
121
117
139
62
4
106
152
106
112
124
119
101
110
5
141
141
143
114
93
59
119
121
4
136
103
140
120
112
127
104
108
9
102
79
101
118
135
105
124
126
9
113
126
123
128
105
122
149
146
10
103
138
90
108
135
118
114
93
9
112
150
75
95
136
96
125
112
9
129
122
95
126
111
150
128
121
1
160
105
132
135
124
141
97
124
10
137
122
113
101
119
123
134
130
4
105
100
123
110
131
106
141
99
9
128
115
99
108
91
122
111
129
6
59
128
139
127
146
96
113
118
2
91
122
124
95
121
117
122
120
1
114
125
128
89
100
112
93
90
7
86
101
126
121
104
92
115
96
1
126
120
105
120
138
91
134
93
7
101
90
106
127
112
114
93
131
7
113
122
137
119
111
107
105
128
5
123
120
100
84
94
130
128
134
1
104
86
107
121
107
110
85
135
8
120
124
140
113
114
105
101
129

