10
2
2
4
6
5
3
4
4
7
1
9
10
2
6
3
9
1
12
10
8
1
5
2
5
9
3
141
121
102
133
144
130
123
100
5
109
93
101
134
97
93
163
142
8
85
108
147
87
148
150
51
131
8
101
85
134
116
106
109
139
120
7
135
148
122
93
120
94
128
117
1
100
162
103
127
116
91
111
70
4
154
117
125
126
117
127
123
112
5
73
143
130
118
116
122
96
121
9
144
98
134
122
123
112
135
162
8
129
119
115
123
94
141
119
134
9
110
97
141
109
118
70
88
109
8
123
94
105
139
105
149
78
142
7
148
116
127
132
119
138
116
112
9
155
141
136
117
77
136
128
96
10
95
135
122
128
123
138
124
126
6
107
147
107
93
114
99
64
124
6
129
116
124
119
134
138
57
145
6
115
91
143
99
103
113
106
66
3
135
149
110
86
137
105
141
106
9
114
115
129
141
123
119
119
106
4
105
124
129
87
115
106
127
99
8
149
125
95
91
113
84
117
130
8
93
85
69
113
92
104
122
130
8
108
126
114
119
93
71
171
126
7
100
135
108
72
141
137
117
93
2
124
133
131
107
107
135
121
117
10
108
112
126
139
121
143
124
110
9
112
119
113
130
142
139
90
112
4
158
137
127
99
114
130
138
106
2
78
108
141
126
122
109
127
142
2
114
128
137
77
100
138
136
115
4
95
99
135
100
150
135
155
139
5
122
106
100
126
122
104
129
134
10
121
91
87
87
125
83
86
121
7
84
103
135
139
134
98
133
92
9
122
129
156
161
131
109
80
111
2
116
84
126
130
145
70
94
113
6
81
113
99
79
125
121
110
103
4
89
101
121
133
128
112
127
122
9
137
66
164
132
110
98
113
124
7
93
128
115
128
136
113
78
143
2
85
121
110
123
138
101
106
85
3
122
97
88
102
113
128
124
114
5
133
135
130
106
102
147
125
107
9
105
120
93
99
83
127
118
99
2
109
106
135
98
128
114
153
138
8
152
100
117
107
139
108
128
169
6
103
115
101
133
109
141
156
93
1
115
127
122
82
127
140
138
67
3
120
128
127
130
133
122
167
106
4
108
128
113
145
127
148
99
126
1
90
108
105
139
135
105
113
126
1
143
141
101
103
113
119
126
108
0
122
143
114
108
139
149
139
122
9
115
123
132
148
97
101
115
164
3
106
114
121
115
138
113
136
136
3
156
102
109
119
118
102
135
101
10
130
89
98
168
116
107
86
111
2
94
148
102
114
126
124
90
128
3
85
119
116
113
138
91
113
132
5
101
105
143
129
120
131
94
124
3
86
132
70
112
115
137
135
126
9
136
127
105
106
112
94
95
107
3
91
132
133
98
145
87
131
95
5
132
93
94
65
107
122
91
110
2
144
120
128
113
108
119
135
100
6
133
126
114
113
108
107
94
100
3
119
116
119
153
138
171
142
117
3
103
150
127
127
73
123
120
137
5
95
106
93
121
137
123
142
154
8
106
105
145
146
108
122
147
97
5
114
105
100
130
85
108
162
132
6
78
151
93
95
88
97
122
147
9
84
148
102
127
145
118
121
162
3
149
102
141
96
91
127
133
99
5
88
144
131
135
119
110
109
120
3
112
122
117
155
139
91
80
112
7
114
90
134
122
114
92
88
139
7
129
98
134
101
135
116
116
115
4
102
92
132
127
147
126
88
110
9
105
121
150
117
137
131
137
127
4
136
145
101
133
122
99
122
114
4
78
107
114
98
167
116
114
127
3
135
120
87
142
120
130
112
130
8
123
140
101
106
128
118
135
139
10
104
125
114
134
155
129
108
122
5
95
114
117
117
122
116
148
102
7
104
128
106
117
122
87
107
100
7
114
110
118
81
114
164
121
128
7
145
107
155
153
92
138
93
140
3
113
107
98
112
114
131
103
104
6
120
94
118
102
100
104
126
135
2
150
143
70
136
73
126
90
176
5
133
130
108
105
134
155
100
105
5
151
108
114
145
101
127
128
124
6
127
93
107
112
116
116
135
97
1
123
120
112
107
133
103
122
125
5
119
112
103
94
138
144
88
136
6
81
126
135
110
120
101
124
116
1
99
121
134
120
131
102
155
106
10
113
87
123
118
134
90
105
110
8
107
79
110
129
148
113
137
75
10
115
80
78
114
123
101
119
108
0
123
107
73
136
121
81
128
141
4
113
144
133
129
104
109
116
157
5
128
129
115
103
93
122
111
143
9
157
118
149
98
114
100
85
122
5
143
114
129
162
143
97
120
92
3
113
132
121
84
120
147
128
99
9
122
136
121
71
125
138
132
114
7
88
108
136
128
66
126
93
122
1
136
109
125
121
121
90
125
136
4
152
129
96
155
118
157
141
96
4
95
135
109
128
120
91
162
126
5
99
107
113
128
128
117
118
93
4
126
136
111
100
142
132
127
116
7
131
112
126
139
155
131
120
112
6
97
80
136
98
98
139
146
112
2
116
144
137
85
129
119
128
113
3
119
93
139
82
101
117
128
145
0
110
107
100
116
124
126
124
63
1
114
138
123
128
142
86
94
98
3
105
91
145
95
100
108
79
107
3
125
144
127
142
131
157
65
102
1
141
115
135
113
127
98
111
141
7
105
144
113
91
110
147
100
115
4
128
140
108
107
141
90
107
114
6
106
98
127
113
105
99
114
91
2
94
91
104
119
122
143
151
94
10
113
104
119
113
87
112
135
95
4
121
107
95
115
101
133
105
104
6
105
99
115
107
123
106
135
104
6
135
107
146
98
138
131
118
119
1
86
116
92
92
139
119
137
147
3
117
77
136
141
115
95
127
149
4
133
153
105
91
126
74
124
123
9
122
128
125
125
101
118
113
124
3
117
134
113
135
164
98
130
111
5
84
102
121
112
83
172
149
127
0
128
175
110
93
108
130
143
141
2
93
91
120
142
117
149
148
124
3
93
102
99
67
106
144
87
112
6
103
149
122
111
112
105
134
86
6
85
97
134
117
122
94
118
99
2
149
118
104
121
93
122
120
112
9
108
110
122
99
137
135
103
107
6
123
128
108
94
116
85
99
116
7
127
100
124
146
92
119
106
120
8
93
127
93
177
101
86
134
115
0
100
123
93
100
85
90
99
119
3
120
105
115
128
129
93
120
130
8
105
134
135
84
105
155
133
125
7
107
80
129
114
128
100
135
142
9
113
136
143
106
109
86
83
101
1
114
136
124
120
110
121
111
113
5
108
106
135
153
120
142
127
118
7
127
113
130
99
110
91
142
134
0
125
126
86
81
133
93
69
97
8
125
138
112
112
147
99
107
128
6
119
151
107
144
104
109
83
118
7
108
100
110
99
129
92
99
104
6
144
134
155
126
111
114
71
95
3
107
117
91
91
114
105
106
113
8
111
105
133
149
136
106
115
113
2
115
112
135
92
122
122
129
105
9
111
127
87
121
100
108
109
100
2
126
116
71
114
121
114
127
121
1
99
120
156
106
116
100
142
108
4
108
109
122
148
113
72
122
112
7
115
143
117
101
113
73
102
135
2
135
120
150
136
51
111
94
104
6
111
103
144
129
142
113
92
128
4
169
129
119
171
118
120
102
93
3
141
89
101
87
93
164
126
110
8
119
127
140
140
99
102
163
133
1
103
115
93
98
131
112
106
113
3
106
135
120
110
139
120
144
105
9
88
126
115
114
147
103
127
118
7
114
108
153
153
112
105
138
105
6
131
107
110
127
113
77
99
131
5
78
88
107
126
138
112
120
109
9
162
87
116
116
137
162
107
110
9
90
99
124
134
92
97
123
87
2
128
128
153
113
131
133
131
141
0
105
92
105
85
149
86
130
150
7
130
87
115
143
134
162
67
109
4
112
129
130
149
86
107
91
148
2
127
173
91
85
106
106
114
103
5
124
128
88
141
119
147
137
92
7
127
121
107
101
108
128
88
158
3
113
132
139
120
125
106
128
93
2
108
155
121
128
128
138
144
133
6
47
102
64
142
120
106
132
118
4
105
129
132
101
99
140
146
120
10
121
119
97
139
79
113
134
156
4
128
105
134
106
107
111
106
141
7
136
149
127
148
128
87
86
143
6
87
105
150
116
99
83
123
130
0
85
99
127
135
136
75
117
70
9
116
150
120
119
105
133
91
126
8
101
111
99
102
128
103
143
108
1
132
115
134
167
104
158
158
101
5
140
137
96
92
120
125
128
101
0
93
122
147
161
156
136
127
116
1
147
124
98
147
116
115
122
115
9
100
86
105
104
128
114
117
122
2
81
166
112
134
136
102
136
111
10
106
121
104
112
103
71
95
117
8
137
103
95
144
127
101
135
114
1
121
150
130
112
119
112
119
106
1
108
114
154
140
106
66
143
128
5
93
121
142
96
106
99
147
117
6
102
106
82
129
125
150
128
148
9
122
109
145
103
120
129
118
101
1
124
75
93
130
107
141
91
129
4
142
120
122
85
106
73
112
98
6
133
163
119
150
109
141
122
117
2
131
88
91
124
149
105
99
102
9
142
119
120
107
134
100
60
114
4
114
108
106
134
133
133
126
126
0
86
124
112
135
93
132
135
131
8
140
133
101
130
120
101
113
109
7
87
82
112
126
68
102
96
153
8
100
111
128
115
161
127
114
114
4
95
123
107
114
108
112
153
85
3
77
106
130
127
113
94
114
114
2
150
138
95
101
141
113
108
125
2
120
136
86
83
105
126
107
110
7
93
141
100
96
133
100
135
120
3
122
141
161
94
116
126
100
122
5
92
107
90
129
125
103
126
107
4
135
56
122
131
121
119
108
98
8
102
86
91
133
134
137
121
89
5
71
101
105
127
99
142
141
113
6
116
79
134
129
77
95
119
88
7
126
104
136
106
100
121
135
103
2
116
106
125
120
119
68
66
149
6
108
117
110
128
128
113
134
129
9
77
110
107
70
96
115
112
107
9
128
127
123
76
115
138
142
134
8
111
101
115
98
115
150
121
124
1
129
112
121
151
109
92
147
136
10
107
113
99
169
113
108
93
145
8
122
135
121
132
110
106
128
121
3
131
138
134
72
100
118
128
145
5
127
141
131
80
114
112
131
136
0
88
119
152
99
131
154
140
132
5
159
71
133
131
119
136
79
112
6
120
129
98
106
133
129
122
134
2
141
141
115
135
114
129
106
102
2
148
148
113
136
120
149
108
108
3
120
115
119
133
134
134
128
114
7
100
135
135
128
124
105
99
85
4
112
113
107
123
155
99
105
106
7
112
147
106
118
110
93
121
132
6
113
155
86
137
87
122
93
109
1
114
158
104
151
99
126
128
112
7
106
137
120
124
82
141
119
105
6
116
106
123
130
126
126
89
136
4
122
126
136
110
83
133
107
113
8
90
119
108
120
107
99
115
122
5
140
114
104
98
127
131
144
130
5
129
113
136
73
99
122
113
97
5
121
93
131
111
139
130
119
139
10
102
101
106
125
126
138
162
99
7
108
115
71
135
154
113
128
105
2
93
122
139
110
125
123
128
131
5
106
128
79
87
135
117
105
99
1
118
112
115
107
132
127
148
128
0
87
89
124
141
135
106
169
118
10
119
120
98
122
119
98
88
150
4
96
99
110
87
139
148
127
106
1
105
93
140
101
152
115
136
138
4
143
115
113
119
112
135
128
114
2
83
139
123
57
135
124
130
106
1
134
128
111
121
118
124
125
141
9
110
114
149
77
108
132
122
85
9
125
130
153
117
140
115
124
125
2
113
113
135
76
101
157
147
105
4
87
137
120
134
121
132
82
119
6
119
113
151
113
116
112
108
101
2
134
122
150
117
88
125
105
78
3
124
148
103
112
120
135
124
135
4
106
113
72
127
134
128
120
113
5
95
113
124
131
136
96
112
112
8
113
114
117
122
135
127
95
58
7
154
111
136
103
118
126
94
106
0
138
154
93
101
134
114
116
134
2
132
117
100
120
130
141
107
156
0
136
154
114
113
145
125
119
123
3
132
94
117
149
128
105
149
130
9
114
118
97
98
140
124
122
119
5
124
120
88
127
106
131
113
141
6
104
128
112
112
135
122
78
113
7
115
95
132
81
94
156
92
97
8
86
101
85
155
137
109
130
114
3
119
100
121
121
159
117
79
134
10
114
104
114
128
104
113
140
100
5
105
87
111
78
125
119
100
135
4
127
129
73
103
129
109
100
86
1
145
68
148
88
118
112
74
85
0
128
155
133
120
105
102
149
92
7
93
136
102
138
115
85
142
108
9
112
109
108
117
133
115
113
168
6
142
106
157
130
137
102
103
127
0
120
124
164
134
141
118
115
133
8
106
97
102
148
122
108
100
168
10
125
105
94
110
124
105
103
119
5
111
98
95
128
99
113
95
105
4
141
127
91
136
130
127
148
124
1
132
132
141
125
138
99
157
121
1
127
130
127
98
114
122
80
97
5
112
97
69
130
100
138
129
99
3
108
138
99
99
120
151
128
133
0
112
120
91
112
78
101
129
96
5
184
120
150
96
105
131
105
98
3
95
80
139
108
126
107
115
153
10
135
114
143
164
95
130
60
114
5
114
144
105
116
135
99
130
96
2
106
126
96
143
121
119
126
123
9
98
79
157
117
96
141
78
169
8
101
149
135
130
135
108
114
127
3
119
101
113
98
150
77
129
88
3
104
134
111
129
131
133
80
141
5
146
123
113
116
127
92
144
144
7
96
127
109
109
119
120
127
160
4
110
136
139
85
103
134
150
140
4
88
121
131
129
94
124
113
149
6
113
112
148
120
103
98
97
96
10
124
92
119
115
114
126
129
141
3
77
101
143
93
121
126
135
100
8
142
126
124
149
109
133
136
106
8
141
120
123
145
115
113
147
114
7
131
113
96
152
144
98
90
148
8
142
107
127
120
141
137
122
126
4
121
122
121
119
155
76
116
149
2
120
105
149
111
130
114
157
124
3
88
142
140
87
112
142
71
105
8
114
108
127
144
94
106
121
151
4
144
138
128
116
94
94
141
121
10
143
99
129
107
167
122
106
125
5
114
107
89
118
124
124
98
120
4
127
99
85
146
142
127
104
166
6
128
150
121
152
105
74
121
132
2
120
126
127
113
112
94
99
113
9
105
128
80
94
121
132
98
95
1
127
85
142
156
103
107
99
93
3
99
81
107
136
91
75
113
113
7
85
114
89
119
134
127
102
128
9
108
149
113
99
113
131
108
151
9
94
139
150
134
107
120
127
163
7
127
155
134
116
114
86
71
110
8
117
123
114
138
119
81
83
163
1
112
158
127
86
113
126
108
141
7
129
102
128
138
99
111
117
100
9
119
137
134
87
99
81
141
107
10
99
94
100
126
115
126
128
115
1
99
148
113
118
142
121
112
86
2
135
83
127
99
106
125
126
105
9
149
119
134
115
111
97
129
114
8
133
119
140
113
149
156
113
117
1
120
119
121
88
134
106
65
84
1
106
116
112
141
128
138
129
127
2
81
92
114
81
121
133
87
99
0
105
156
119
106
112
142
114
119
10
119
144
100
98
115
93
148
136
8
112
121
114
96
143
156
150
58
10
85
129
120
140
99
143
126
116
8
135
126
121
122
122
121
152
119
3
99
89
106
105
104
111
122
99
5
127
101
131
109
103
124
93
116
3
110
128
92
99
109
118
130
129
3
153
120
161
101
113
122
128
140
3
107
137
100
141
117
107
133
114
3
102
108
125
101
106
115
98
128
3
112
86
127
116
94
128
129
101
1
85
117
120
109
132
78
116
120
10
86
122
99
87
150
115
92
140
1
97
120
135
86
97
126
99
147
8
101
124
111
130
114
110
88
98
1
118
130
99
136
99
115
124
128
9
120
100
159
120
81
120
100
87
8
113
133
120
130
105
108
135
115
7
105
95
140
107
127
110
111
94
3
125
80
113
99
108
96
143
99
5
113
153
85
115
120
86
148
120
4
126
135
81
126
103
114
140
109
4
106
116
122
119
140
121
114
123
6
118
106
110
96
134
102
106
115
5
126
136
81
126
101
114
139
108

