15
2
9
9
8
3
7
1
6
17
9
5
3
4
7
7
9
6
12
2
7
5
1
7
10
4
3
113
134
92
118
99
89
120
132
2
121
112
115
118
122
105
89
122
6
124
130
139
97
85
113
119
96
0
159
150
157
142
149
161
113
79
9
135
109
86
102
100
114
119
126
3
94
90
149
89
155
117
130
103
8
139
97
120
127
123
133
111
90
2
122
113
120
138
114
82
96
191
3
150
126
102
142
116
107
113
108
7
155
109
118
154
121
142
129
115
4
57
112
141
100
142
98
120
78
6
142
109
107
113
118
112
109
130
1
154
107
79
99
81
127
102
99
6
100
145
140
134
155
128
114
95
6
106
117
154
120
168
138
115
114
6
140
111
113
128
121
66
107
91
9
135
137
134
126
134
127
133
107
1
119
119
140
85
112
117
147
117
6
115
92
118
89
132
100
88
134
7
124
160
94
122
136
131
125
136
6
95
142
124
118
106
129
149
89
3
120
118
122
156
112
107
127
101
4
135
130
121
133
129
127
103
120
5
114
125
97
115
147
123
113
104
4
137
155
140
118
113
84
99
107
2
114
113
137
120
120
150
128
99
5
98
117
120
113
116
134
122
133
6
131
114
119
93
115
108
113
113
10
121
164
126
92
127
130
119
136
3
154
144
121
112
93
119
126
162
9
135
130
134
86
134
102
97
135
1
83
117
130
122
107
106
141
122
0
92
113
128
115
136
163
123
121
5
148
131
138
149
142
138
101
138
7
120
126
171
79
142
70
128
106
10
117
128
100
153
110
116
134
85
0
116
149
118
147
128
135
131
136
6
129
136
104
123
127
87
92
89
10
105
118
107
120
126
111
84
135
0
89
113
112
111
149
107
123
157
6
106
143
136
117
108
143
86
129
2
103
139
109
116
97
138
156
90
9
135
98
123
89
91
134
132
107
7
117
122
128
145
125
78
137
107
2
105
134
150
115
141
155
130
132
7
122
119
131
127
127
140
129
127
2
146
102
98
134
147
149
121
127
4
108
127
128
108
88
120
121
107
8
136
120
128
86
85
118
125
60
5
147
100
65
145
112
117
135
133
5
118
100
119
97
108
98
105
113
2
93
103
149
139
119
113
138
91
5
124
99
107
115
99
94
132
95
1
141
122
88
88
63
99
87
114
8
145
139
148
108
120
168
94
110
6
140
110
93
101
143
151
116
84
9
122
130
125
125
120
111
92
119
2
108
122
115
121
140
126
142
88
6
133
149
108
100
105
99
105
148
4
117
128
149
102
109
84
107
78
4
106
106
109
107
130
139
133
115
5
116
98
128
137
91
87
105
152
5
135
122
113
132
113
114
94
138
4
133
152
114
98
110
92
68
129
3
125
134
91
117
120
122
113
93
3
168
121
129
81
100
152
146
135
2
120
113
127
126
92
85
128
107
1
73
105
118
130
113
112
128
130
8
108
134
121
101
82
146
78
93
7
134
136
143
117
142
100
115
96
3
114
163
113
116
137
98
124
139
5
98
112
91
108
104
102
114
133
3
93
129
85
108
130
143
121
67
6
139
110
109
127
91
133
119
127
10
140
99
112
120
154
162
100
117
9
124
117
110
93
106
142
121
74
7
134
93
102
148
105
121
106
122
10
127
106
128
148
111
128
140
104
1
136
125
120
107
134
127
122
115
4
106
108
129
119
127
122
114
132
6
106
83
115
135
103
110
99
95
7
123
114
96
127
99
127
113
131
8
134
122
100
103
104
80
148
156
2
102
146
95
93
126
142
112
100
5
127
135
106
126
146
106
84
134
3
118
102
102
142
140
114
133
118
3
112
133
91
122
78
138
112
116
10
120
106
107
108
91
119
105
124
6
131
129
157
139
107
119
143
132
2
117
100
133
152
113
93
100
95
8
87
114
147
107
112
118
100
142
4
136
80
103
135
123
99
98
108
4
104
107
155
135
134
127
96
112
4
114
127
138
101
148
109
117
105
3
72
105
121
136
121
139
122
102
4
137
121
115
149
165
120
101
106
9
152
125
120
89
131
108
118
95
6
129
123
127
122
111
86
130
120
3
101
141
129
157
113
114
85
130
1
126
94
99
117
150
133
134
127
5
138
110
100
140
130
156
114
93
1
86
102
154
108
120
108
98
98
7
128
112
115
146
112
115
127
112
5
129
123
113
136
129
115
104
93
6
93
106
111
125
128
127
119
120
7
159
108
125
93
117
102
94
166
7
134
122
121
113
107
137
108
136
6
99
59
100
128
128
119
77
108
4
127
148
132
78
94
124
81
120
1
144
121
148
106
141
132
115
145
10
104
106
85
94
118
133
126
93
1
125
140
91
104
124
125
122
102
8
120
92
141
134
87
114
72
119
5
114
139
126
124
140
96
137
100
0
114
134
86
120
109
141
137
132
6
136
113
124
81
117
68
125
113
5
108
142
123
120
71
141
131
164
9
113
127
100
117
151
88
114
102
10
119
137
155
116
170
128
113
110
8
148
147
147
150
124
113
125
101
4
123
128
134
116
136
107
134
84
2
141
111
106
129
136
99
129
97
7
130
134
92
112
120
88
130
106
3
115
88
104
145
129
150
141
107
8
108
130
135
145
144
92
106
134
6
91
139
108
121
135
115
109
112
3
113
109
158
117
155
132
137
127
7
98
113
74
114
115
103
125
129
9
108
154
112
104
139
144
135
107
2
121
137
104
112
98
105
111
105
4
106
115
100
120
82
108
86
113
5
113
101
112
150
160
86
162
114
0
109
63
120
152
134
112
143
107
6
135
127
134
175
127
115
99
122
2
119
117
100
130
114
138
105
178
1
77
128
98
92
120
109
134
115
10
133
129
126
107
123
127
126
95
2
95
96
136
81
141
152
128
96
4
91
120
127
125
105
113
144
132
0
86
113
127
94
134
121
88
106
8
124
94
87
170
94
114
103
92
8
93
113
133
130
104
120
131
115
8
117
147
130
137
105
128
149
141
5
70
94
114
107
129
135
143
134
6
120
151
94
127
131
104
163
109
1
114
127
117
106
128
125
144
127
10
126
93
101
129
118
111
128
111
2
117
119
105
109
113
118
120
100
7
75
125
90
114
101
140
121
112
3
112
136
60
142
161
99
142
138
0
134
148
65
100
124
79
124
97
9
114
114
135
105
121
134
94
161
4
118
121
103
89
134
135
141
154
2
101
80
110
112
102
95
132
90
5
74
147
127
114
98
121
141
115
2
154
77
105
116
126
134
126
127
5
120
115
134
129
138
100
109
87
7
119
126
148
90
98
132
102
104
10
107
115
105
100
99
99
112
121
3
106
93
136
100
117
130
115
107
4
106
104
125
133
94
104
109
119
5
116
88
101
121
138
133
107
119
5
85
140
129
100
121
101
89
90
3
114
100
108
114
117
111
104
117
5
133
98
117
60
133
96
171
133
7
87
137
123
101
146
134
71
113
7
114
97
145
78
133
120
126
148
2
140
140
146
100
113
133
108
131
7
112
119
74
146
90
147
86
101
2
93
88
100
123
99
114
100
98
2
108
127
112
79
127
116
93
149
5
92
101
93
108
128
58
136
100
10
127
96
119
113
99
107
94
91
4
143
103
115
102
92
84
103
78
9
91
97
107
118
113
146
128
99
2
113
106
121
134
84
127
117
123
7
115
96
115
107
107
97
111
62
3
154
155
126
85
115
125
115
156
1
98
121
100
132
137
89
120
106
1
101
118
124
158
146
123
145
126
6
136
117
148
87
94
102
122
113
2
135
129
111
122
91
135
108
112
2
124
70
87
99
127
120
112
114
7
113
105
127
130
98
103
108
74
1
86
107
103
112
131
108
133
133
2
135
135
86
79
136
166
114
124
2
85
103
149
107
140
144
91
129
2
140
100
101
106
90
136
127
128
7
99
141
137
111
102
132
122
113
5
67
76
119
106
88
124
108
97
4
101
115
83
105
130
132
84
128
10
127
94
87
112
129
114
121
105
3
106
68
139
102
103
134
115
112
10
130
142
102
101
89
93
95
121
2
142
151
92
115
163
133
87
106
6
112
151
133
115
118
123
101
130
2
121
106
146
86
100
96
88
124
2
114
114
124
121
109
104
141
92
6
115
93
116
136
121
128
128
111
3
99
164
133
115
139
155
127
126
1
125
116
106
94
105
99
126
106
4
75
120
100
120
79
89
141
114
9
111
96
102
120
127
124
127
125
7
93
113
99
122
141
140
109
121
10
97
131
111
93
151
146
92
94
0
110
122
134
86
79
124
118
99
0
131
145
116
97
123
125
120
121
7
91
137
90
154
116
136
120
151
6
128
115
142
121
127
156
102
116
7
125
108
107
135
102
122
156
97
8
146
120
128
168
93
128
106
102
3
94
112
142
100
128
108
146
121
0
95
107
133
99
113
116
113
112
6
99
135
148
110
130
160
124
131
2
105
153
121
132
112
139
148
102
1
106
105
129
87
112
116
100
113
10
114
64
145
82
116
83
128
64
2
134
120
86
130
133
113
110
130
7
92
112
107
159
136
106
112
147
5
129
146
120
104
165
108
98
117
2
135
94
67
126
103
132
87
126
6
113
94
87
132
101
99
164
119
2
142
104
147
128
105
116
92
107
4
139
128
59
99
97
133
107
107
3
148
121
113
80
141
105
121
84
4
130
92
130
90
103
120
92
123
3
118
121
140
84
92
114
132
141
7
97
83
88
162
86
121
129
154
5
117
123
135
105
107
107
164
124
4
100
138
111
134
134
113
93
156
7
112
154
99
77
122
103
145
101
4
134
88
141
107
108
107
100
133
8
135
148
120
141
121
100
120
113
9
117
124
129
157
128
106
144
101
2
121
106
119
121
100
122
121
130
4
103
128
93
82
119
78
112
154
5
141
145
164
112
120
87
134
93
8
113
86
118
114
126
117
113
129
5
150
81
135
126
136
128
92
149
10
92
122
156
114
93
124
106
150
3
125
106
110
114
119
118
138
106
8
142
103
157
133
126
104
120
123
8
91
128
99
78
147
142
149
94
2
98
96
102
126
128
112
124
114
9
133
162
126
113
112
119
101
118
8
143
115
112
132
115
140
100
99
6
143
127
109
141
113
92
158
107
4
136
133
114
123
126
128
121
114
1
156
94
99
106
134
126
113
92
7
104
147
136
130
157
94
125
126
1
93
100
162
135
140
113
139
97
6
140
138
101
141
111
127
130
147
6
109
112
126
119
133
121
79
120
9
143
134
94
95
137
145
125
128
4
113
101
120
126
77
122
112
98
10
94
136
93
113
121
133
128
87
10
119
134
103
137
106
116
105
109
7
130
108
99
115
122
87
126
126
2
113
110
98
129
121
118
129
135
4
142
131
106
119
113
57
116
84
7
127
148
140
98
127
121
121
82
8
150
126
122
82
127
146
106
142
10
114
122
134
153
121
128
150
145
5
107
131
124
104
147
98
104
166
8
107
120
121
73
101
134
128
112
2
128
98
141
107
141
122
118
81
2
70
149
113
98
121
113
83
107
3
106
115
120
151
106
113
142
97
3
142
134
137
126
113
100
111
78
1
149
145
147
145
129
135
76
72
2
127
103
113
122
128
107
141
114
8
89
98
122
100
133
108
113
133
10
158
99
104
88
114
83
140
120
1
142
104
118
150
113
154
120
129
8
152
95
101
84
85
74
135
121
3
106
133
115
131
128
110
106
115
6
142
112
100
110
142
136
126
99
6
167
93
133
126
140
125
139
91
4
134
109
166
80
121
147
129
94
10
142
102
105
115
105
106
123
137
3
93
119
84
126
134
137
139
116
6
120
123
118
108
99
145
144
93
7
121
102
113
101
134
106
149
139
1
150
169
100
138
143
107
100
120
4
113
130
91
128
184
104
117
96
8
129
90
116
100
134
131
99
120
6
136
99
115
102
120
133
113
133
1
120
93
109
119
129
123
126
98
9
138
164
124
120
109
77
138
147
4
66
161
107
122
107
75
106
85
8
156
134
168
155
107
149
128
138
4
121
127
121
100
131
144
111
114
6
99
102
112
96
87
90
127
112
3
92
108
85
92
107
111
97
108
4
126
99
114
98
96
124
148
136
8
127
107
134
115
109
118
133
115
6
138
99
144
142
93
123
161
141
3
126
106
87
89
94
115
156
118
6
157
156
84
160
108
129
117
134
10
129
108
94
150
110
149
84
121
3
96
143
141
148
128
91
152
121
8
121
121
121
108
109
51
90
99
1
86
141
176
130
140
85
105
148
9
126
120
115
116
103
101
149
121
6
126
134
133
129
118
105
71
135
4
73
137
134
98
135
131
137
107
9
78
121
93
126
100
108
121
114
9
130
147
100
112
116
107
143
122
3
145
105
134
149
118
184
98
112
8
128
64
140
110
66
149
129
100
0
86
107
125
127
114
111
113
122
0
105
82
109
150
111
119
114
145
9
121
136
111
111
115
122
109
105
7
100
118
155
76
125
103
123
134
2
121
120
95
107
83
93
149
157
0
150
72
119
111
98
121
92
106
6
97
138
131
127
117
95
109
122
1
131
133
116
113
124
84
85
135
5
99
102
133
129
84
121
99
85
5
105
118
130
148
103
110
150
109
1
112
131
140
126
141
98
133
111
1
105
90
120
133
79
106
105
131
5
87
104
114
124
103
138
128
63
8
124
137
133
113
162
94
109
124
1
129
96
116
112
141
119
123
96
9
131
170
136
139
138
120
145
107
4
136
105
128
127
123
104
125
76
0
97
141
118
125
134
121
99
119
1
121
90
97
111
126
128
119
121
2
113
100
94
139
138
128
126
148
9
83
125
114
120
162
124
112
135
2
135
147
119
111
120
75
142
136
8
115
137
100
99
142
117
132
117
2
154
113
108
117
145
118
70
134
4
66
129
115
110
111
114
122
113
5
106
127
132
114
104
142
100
99
6
130
103
103
104
111
147
82
132
3
124
121
109
147
95
102
136
100
8
97
120
143
121
124
107
104
131
10
111
115
74
151
120
91
86
111
6
139
68
134
101
99
133
104
103
8
134
148
123
142
150
113
126
114
9
132
112
90
86
92
98
149
116
9
147
100
133
137
100
130
59
94
8
100
119
128
127
114
148
97
88
4
135
152
116
95
102
103
91
122
7
134
117
121
112
99
118
84
120
6
117
133
108
99
113
143
102
69
7
135
126
133
91
126
136
107
124
8
97
106
121
99
89
137
116
81
2
130
87
57
91
134
132
120
126
8
111
103
74
114
99
84
114
113
2
118
102
123
92
121
100
105
124
1
95
93
100
115
98
130
143
103
3
118
143
113
123
99
127
93
126
4
87
155
79
87
127
122
165
92
9
129
120
126
97
117
103
106
136
7
120
116
100
117
98
154
121
109
2
126
64
110
112
131
85
124
150
8
111
129
110
98
129
73
81
123
1
148
137
95
114
129
114
140
99
9
117
93
129
102
104
129
67
116
1
160
128
127
105
136
141
95
122
9
128
133
113
100
92
99
104
84
8
162
126
133
143
115
129
127
107
2
108
113
113
120
136
114
135
134
9
119
102
139
101
140
112
135
93
10
129
97
115
100
127
123
87
120
0
103
112
120
120
127
135
88
130
1
93
105
98
149
119
119
109
154
4
106
80
143
159
106
101
134
95
6
95
119
129
94
133
135
102
132
3
119
112
121
128
105
87
78
139
7
120
122
143
136
116
76
121
86
1
137
127
133
154
148
145
116
136
10
168
108
126
128
120
104
141
125
8
154
88
136
100
147
87
132
106
7
132
148
145
122
111
141
114
119
9
121
127
123
113
129
98
91
118
3
71
115
129
98
141
129
147
122
5
157
141
135
133
108
135
122
121
6
113
157
86
107
137
147
147
128
1
150
133
146
116
136
120
83
108
8
103
112
106
124
76
113
120
117
7
93
111
114
70
130
89
114
108
8
120
100
128
71
140
106
126
138
6
131
134
137
117
136
109
127
93
1
116
120
88
142
105
129
144
129
8
113
125
150
99
81
105
91
87
0
131
140
139
121
132
111
128
86

