8
0
4
10
6
9
8
4
10
16
0
3
7
5
0
4
9
2
9
3
4
9
8
10
3
8
4
126
91
142
111
90
147
133
125
4
105
82
82
101
64
122
116
97
7
81
104
140
88
146
114
146
112
7
98
143
128
90
127
104
114
127
6
112
106
93
114
119
120
131
139
4
147
79
123
126
113
101
154
141
1
111
125
92
94
103
101
110
124
6
134
116
109
107
85
112
119
72
7
108
90
101
154
124
81
122
96
4
121
106
159
108
77
114
119
110
3
98
104
145
97
106
134
100
127
8
99
97
104
103
129
100
116
125
9
101
154
123
93
154
123
95
97
2
134
118
99
91
119
113
84
109
1
129
126
128
133
98
141
149
122
2
119
93
160
148
99
122
106
150
3
122
99
117
101
160
91
121
125
4
122
118
133
96
130
116
106
115
8
96
87
101
122
114
104
123
121
7
130
99
128
96
106
130
110
128
0
142
121
124
115
111
151
105
84
3
123
127
109
93
131
99
105
127
7
104
121
98
113
70
121
106
128
2
136
142
117
134
115
114
127
38
9
98
125
128
135
101
121
125
91
3
99
149
116
110
135
112
114
129
3
110
121
116
114
114
94
144
118
10
92
117
126
116
88
86
135
103
10
153
143
120
155
136
167
143
107
9
130
112
143
96
120
148
135
136
1
112
103
113
93
100
103
93
108
4
112
114
118
127
141
119
114
106
8
139
109
105
128
146
129
137
116
7
120
86
149
146
106
134
121
133
2
111
95
146
129
97
125
113
132
5
132
96
87
107
121
126
114
147
2
86
130
107
113
110
128
132
126
9
129
147
134
99
140
138
110
122
4
80
143
132
128
115
120
95
141
1
119
149
145
131
151
115
108
117
3
100
118
105
106
107
127
147
116
3
114
157
129
135
121
142
122
106
6
126
163
106
123
86
90
121
134
2
135
147
112
103
95
112
127
114
1
148
118
122
127
98
143
129
128
6
132
113
108
105
119
128
151
84
0
116
156
105
136
100
78
143
147
3
129
160
105
108
127
98
134
135
8
122
74
108
88
132
94
110
89
5
113
108
91
79
95
70
147
104
7
113
104
125
138
114
92
80
120
2
101
113
141
84
85
122
105
88
2
113
80
80
124
109
140
115
128
8
114
127
71
96
77
107
141
119
2
114
129
123
138
127
134
123
79
5
101
128
131
149
152
106
122
127
3
104
101
115
110
121
99
120
132
5
139
143
120
85
95
99
116
107
9
111
171
112
111
110
139
130
129
2
113
103
135
85
117
113
125
113
7
87
107
119
101
127
100
137
137
8
119
149
119
101
102
105
119
113
2
153
113
140
97
169
102
120
116
8
113
136
114
109
119
93
124
95
10
93
107
112
108
98
115
134
93
3
101
137
106
131
142
125
140
104
7
135
136
109
142
78
112
131
136
1
133
145
126
107
96
86
112
89
8
147
155
107
120
113
155
84
141
7
115
135
127
135
115
148
151
133
9
135
135
111
107
130
99
149
109
5
91
113
80
120
121
92
123
93
9
135
137
91
138
100
109
120
111
6
114
98
117
112
155
121
130
93
5
123
117
113
141
96
83
114
126
5
128
134
108
116
118
114
127
140
1
124
101
116
112
111
134
112
93
8
98
110
139
107
108
150
116
120
7
139
148
122
139
121
147
124
108
5
120
142
117
89
128
121
155
108
3
129
148
105
100
135
85
74
98
2
83
117
150
70
115
119
128
148
8
132
151
160
161
125
99
108
121
6
121
113
106
120
114
121
159
146
10
128
129
139
105
102
152
119
116
8
123
109
143
109
128
128
112
101
1
126
106
108
146
127
141
100
101
5
99
113
142
110
154
112
95
98
5
111
114
142
137
115
120
102
132
10
110
129
106
120
121
99
84
99
3
115
129
119
121
101
131
123
84
1
91
99
90
133
95
120
120
123
6
115
107
104
142
128
110
115
135
2
111
87
68
140
142
148
123
111
3
99
77
138
156
126
103
87
94
1
90
126
119
113
126
86
134
134
2
120
107
105
127
152
135
107
119
10
154
135
94
105
124
128
98
140
7
109
113
120
90
103
135
133
122
5
141
107
116
117
101
150
140
143
0
118
135
64
108
135
152
141
101
1
177
94
137
151
118
113
115
93
2
150
98
121
159
101
115
109
136
8
97
124
155
91
102
144
128
141
10
126
101
115
104
127
135
161
111
9
111
154
83
96
129
128
115
126
5
114
97
125
118
99
132
139
121
1
77
119
127
116
96
114
96
105
8
130
99
92
121
102
133
114
108
8
134
155
139
114
78
77
90
110
8
114
120
118
94
96
122
87
86
8
116
121
124
149
120
92
123
98
5
121
97
109
121
103
120
99
162
9
124
132
82
167
123
106
126
119
9
122
128
139
88
128
109
133
135
5
89
107
106
144
126
122
138
99
2
126
86
136
107
114
136
98
122
4
128
99
86
91
119
97
123
110
10
121
126
121
102
108
131
83
114
4
87
132
163
122
119
136
115
114
1
132
170
139
119
84
108
117
101
8
125
92
53
128
108
141
134
132
5
116
162
122
145
114
136
120
82
6
122
105
111
120
115
128
122
115
9
126
133
114
99
133
128
113
112
7
84
138
98
121
142
87
151
114
6
148
119
115
118
128
100
77
108
6
137
104
113
107
99
114
105
73
1
91
121
137
98
99
135
103
112
5
139
112
117
113
119
126
134
128
9
107
129
143
100
114
108
122
133
5
111
117
141
129
135
150
148
73
4
135
138
79
122
115
160
126
122
7
126
135
140
151
126
168
120
101
9
91
108
136
127
102
142
113
157
2
146
93
85
121
153
142
120
143
9
120
109
143
113
127
131
111
124
8
126
100
140
140
137
149
113
100
6
106
117
115
118
134
111
79
114
5
134
144
147
114
136
125
105
133
6
124
112
106
89
130
106
101
119
4
117
100
110
114
73
84
119
105
6
107
144
86
153
114
105
97
107
4
79
108
106
116
93
107
136
121
7
98
119
110
105
147
109
118
98
8
135
130
100
86
136
112
91
156
1
125
111
98
134
116
107
129
112
9
92
136
122
137
106
117
110
100
2
136
82
156
96
136
67
129
135
3
90
100
127
140
114
114
129
112
5
146
106
101
127
98
114
108
139
8
102
140
100
103
124
108
104
104
4
122
133
97
142
104
114
92
106
3
113
158
79
94
104
118
168
161
4
86
114
80
120
118
106
126
113
9
139
116
127
121
117
106
126
124
4
148
127
149
111
127
112
133
116
7
128
162
111
70
100
114
112
108
0
115
131
135
109
148
163
96
107
9
96
116
124
114
85
125
90
127
5
114
98
128
131
146
119
91
133
4
129
128
114
142
92
91
101
124
6
134
107
128
136
98
111
136
135
8
127
122
125
113
92
108
107
93
3
77
78
114
107
110
125
81
106
6
125
112
120
147
109
135
115
108
8
120
114
81
132
131
118
122
96
3
105
176
93
100
114
128
143
114
8
131
135
129
106
141
113
104
114
8
103
105
101
130
98
147
119
118
1
127
113
110
135
139
129
98
154
2
128
100
101
118
108
106
82
111
10
98
110
114
129
133
129
92
104
6
123
97
111
118
88
130
123
105
5
105
78
125
108
92
113
100
124
2
120
113
121
98
114
108
91
144
7
133
87
106
122
98
99
122
107
5
128
114
113
160
115
127
129
106
1
91
133
124
81
104
102
120
120
5
113
134
142
149
121
101
123
128
9
119
106
155
160
157
100
92
159
5
82
114
78
125
130
126
105
141
2
111
106
117
99
91
107
120
113
8
112
127
107
112
92
116
122
148
10
147
114
105
128
170
112
116
141
3
142
162
132
118
120
86
114
119
3
128
134
102
121
134
113
91
143
1
93
85
143
147
98
110
158
114
4
93
122
129
110
134
112
112
105
8
92
121
114
85
113
134
133
122
9
107
101
120
116
115
90
121
92
3
133
92
134
122
143
112
129
123
4
135
85
138
109
147
101
137
137
9
103
120
134
135
102
106
113
121
3
131
131
106
122
100
140
121
124
6
76
103
132
121
114
98
98
106
4
147
119
109
139
146
116
142
127
5
126
98
113
122
110
106
110
92
10
107
93
127
122
91
120
109
80
3
142
141
121
117
141
129
100
169
0
120
116
105
118
129
109
106
115
2
109
120
117
141
134
134
101
106
2
122
107
126
115
103
100
112
128
9
132
109
104
140
129
100
71
142
8
94
105
107
103
101
92
114
129
5
110
95
134
148
146
110
103
158
10
68
114
115
114
131
116
121
113
3
135
119
140
116
112
85
145
141
6
108
100
131
92
93
107
127
114
6
106
90
89
161
128
114
103
126
2
92
107
86
119
106
101
167
127
2
114
133
121
134
108
92
134
110
9
109
118
129
109
122
158
124
82
4
111
126
135
93
134
145
122
121
9
130
90
120
127
148
113
106
89
5
116
137
79
134
121
115
89
144
7
78
140
113
134
114
106
68
85
8
119
97
101
113
142
92
149
97
1
143
115
125
110
146
114
124
134
8
138
125
107
108
102
162
93
133
0
147
122
147
106
71
156
126
113
5
109
112
163
150
125
100
116
151
7
128
127
111
103
128
99
163
110
5
115
120
111
92
99
129
136
120
9
129
154
111
124
122
105
98
116
4
96
131
143
124
98
129
150
126
4
128
96
123
120
88
104
113
103
8
141
134
137
78
106
92
128
125
5
94
142
105
121
96
89
103
133
1
87
71
134
129
121
129
150
113
4
114
142
92
96
124
92
120
133
9
125
94
107
123
114
93
121
80
8
150
84
73
99
130
146
92
118
4
127
108
120
125
116
130
114
107
2
120
122
98
102
106
131
105
80
9
168
101
119
162
92
86
147
113
3
109
142
108
92
120
112
108
99
1
139
110
94
137
101
125
160
113
6
104
137
92
184
134
134
112
112
4
122
104
126
106
114
110
119
119
9
92
91
126
60
126
127
96
121
9
142
112
113
93
111
108
85
111
9
99
125
71
135
123
126
98
93
4
137
108
84
107
123
127
155
101
6
142
100
101
113
130
87
107
78
3
144
130
109
150
79
133
113
94
2
134
125
93
74
78
119
136
114
9
136
93
121
101
134
126
96
131
7
95
136
159
146
162
105
116
136
9
104
124
142
119
109
147
119
148
4
133
145
162
142
121
128
126
168
7
128
103
119
171
136
125
99
148
4
135
112
120
119
114
129
102
72
1
122
128
115
81
104
82
134
121
10
135
120
101
100
115
95
115
107
2
91
100
128
134
68
99
111
118
2
154
122
134
120
100
112
121
81
6
99
111
157
115
108
123
94
99
0
118
154
129
138
98
131
94
117
10
123
109
145
85
105
85
123
96
0
104
102
79
99
117
102
125
112
5
107
103
124
121
102
118
127
113
9
138
99
122
145
135
127
109
113
8
115
142
98
107
122
110
141
154
8
115
137
120
140
138
124
132
111
5
107
133
124
127
134
100
114
135
1
147
115
154
94
140
142
124
121
9
138
115
102
136
128
130
145
97
4
101
104
105
135
106
138
84
107
4
128
87
98
135
87
106
124
149
9
134
125
96
102
107
135
107
141
5
133
98
115
138
92
84
120
110
8
106
140
123
87
114
113
139
119
4
102
88
110
107
146
142
103
86
3
124
132
124
107
150
127
126
89
6
138
128
104
129
113
117
100
111
3
129
119
140
113
148
116
114
100
6
92
114
137
134
147
119
143
135
0
133
107
96
113
106
107
72
127
4
78
120
155
135
107
90
118
114
5
106
100
94
96
113
121
104
115
4
121
131
109
78
91
86
115
140
3
129
102
123
161
120
142
133
112
8
116
135
155
100
99
103
104
126
8
109
125
89
110
95
101
117
113
9
97
110
121
100
156
69
57
130
1
81
125
106
131
85
121
131
114
3
144
99
82
119
157
107
149
59
1
163
129
118
108
104
114
100
119
7
109
137
120
129
124
93
102
106
0
88
120
115
99
106
122
126
92
5
132
138
150
108
115
126
121
127
2
138
109
112
127
115
95
129
126
4
135
121
98
115
120
126
141
149
8
151
85
121
107
118
107
105
96
9
107
95
114
139
110
115
142
103
7
126
141
120
104
141
147
109
131
6
92
99
104
122
118
128
137
118
4
121
101
139
110
112
114
142
119
10
97
100
97
111
134
124
138
113
5
153
122
143
99
129
139
91
99
4
148
119
148
137
130
98
107
115
8
137
107
92
129
132
105
128
101
6
104
142
112
114
118
148
146
135
7
102
128
127
138
120
123
130
115
3
141
113
104
120
92
99
149
107
1
100
123
113
138
80
126
112
81
5
79
104
101
113
121
65
156
143
3
113
133
107
116
93
65
66
108
1
115
160
143
144
115
85
127
121
10
94
128
97
71
105
135
83
106
5
153
158
86
110
139
115
128
135
3
107
114
127
100
112
142
92
135
4
106
99
115
134
126
91
109
123
5
100
106
155
118
108
61
59
97
5
94
66
112
126
130
114
142
132
4
106
149
94
106
126
112
92
101
5
114
124
99
149
145
133
116
143
8
164
112
148
100
139
125
119
133
7
124
122
136
135
121
113
141
108
5
146
94
101
112
167
102
127
98
5
131
116
103
117
99
126
122
114
8
107
84
122
126
138
86
127
155
2
107
148
129
106
121
111
106
119
7
148
141
108
126
86
122
120
98
6
136
139
106
127
124
123
139
112
2
122
109
134
143
103
77
157
122
6
122
148
126
116
136
159
119
92
2
154
149
102
119
105
119
93
136
10
112
97
96
133
144
78
118
128
4
111
118
95
133
113
116
112
109
3
91
140
116
107
102
133
140
117
9
133
123
131
136
120
108
107
85
4
87
92
116
153
135
155
119
115
4
125
150
121
98
106
95
131
101
6
120
112
130
168
129
130
106
182
9
133
86
114
107
113
92
136
93
5
106
100
124
140
147
97
144
94
4
121
141
79
136
100
108
86
106
3
78
81
108
126
170
106
86
141
8
141
124
141
150
152
127
107
114
6
93
87
100
103
134
112
120
92
5
90
117
115
94
135
64
117
113
8
152
135
139
125
143
136
120
90
4
141
122
142
125
140
117
80
113
5
121
116
136
98
82
97
99
127
8
99
173
127
120
131
155
150
85
5
124
128
146
107
95
141
109
93
1
63
136
149
116
112
113
121
128
9
161
98
127
149
149
100
122
105
3
128
163
129
99
92
155
100
128
8
144
111
106
119
124
119
120
101
7
126
121
113
88
112
97
100
117
0
126
99
91
134
114
108
129
101
1
108
127
139
115
101
99
93
103
5
91
128
100
112
93
120
120
121
4
119
122
93
113
120
79
111
100
2
107
87
121
87
102
91
124
138
5
120
115
118
137
128
107
104
120
3
79
100
128
140
125
112
133
110
5
130
104
161
108
79
92
119
126
3
120
159
112
112
119
99
120
141
8
130
142
127
120
114
119
133
92
2
105
162
157
110
134
110
100
99
3
121
75
100
96
113
105
96
129
10
122
131
111
115
141
80
121
68
9
134
127
107
126
106
138
134
107
9
140
133
103
137
133
91
103
120
1
113
133
138
164
87
127
118
137
4
92
121
129
122
142
133
114
115
4
125
93
122
114
99
113
117
100
4
127
121
102
112
144
120
107
141
4
110
136
162
110
93
128
107
135
9
133
123
114
109
148
84
115
86
5
115
115
102
108
166
103
128
128
6
134
134
106
131
120
128
113
85
7
117
93
78
87
95
127
127
151
10
159
94
141
119
132
111
99
115
5
121
135
88
102
134
101
128
107
0
156
110
137
108
132
104
135
98
7
96
88
130
115
135
121
114
119
8
145
71
113
115
101
120
107
110
9
127
157
121
163
106
111
102
139
4
111
72
105
107
125
108
93
106
8
102
157
84
100
107
120
129
97
0
107
124
119
111
125
113
102
152
9
134
142
127
139
91
78
119
126
7
128
106
118
144
90
92
137
100
6
134
127
149
149
98
108
77
122
6
129
136
128
141
90
84
112
119

