16
4
7
5
1
8
1
6
1
10
8
3
3
7
1
2
7
2
14
6
3
3
7
5
4
9
9
98
115
141
92
131
163
72
112
2
121
148
128
108
107
107
86
122
9
112
89
120
124
127
104
120
149
6
113
101
101
92
71
128
98
140
9
142
85
119
112
142
135
134
121
1
109
101
111
115
100
133
162
121
2
149
120
92
128
86
114
111
116
5
75
120
125
123
101
112
93
92
7
123
134
138
113
96
135
139
113
7
111
95
153
106
135
135
106
129
6
88
141
132
123
136
120
114
123
8
157
133
131
128
103
143
142
135
9
107
139
105
85
111
119
90
136
9
90
129
107
127
93
117
90
141
7
157
78
92
114
102
100
100
72
4
116
132
149
113
158
97
104
116
5
100
151
121
149
127
119
147
135
8
155
129
126
111
111
121
143
91
4
121
142
102
148
119
116
145
116
8
109
133
133
92
139
128
106
127
9
101
86
135
118
94
106
105
97
10
77
143
101
144
111
93
134
134
10
127
100
106
92
108
88
110
93
4
127
141
107
133
99
114
142
126
9
119
103
152
148
122
104
109
127
2
109
113
124
112
117
105
105
96
3
142
145
129
127
114
146
125
160
6
83
104
127
114
77
110
125
113
3
78
114
103
104
128
163
117
99
9
119
88
116
129
120
119
114
133
0
96
113
114
116
116
121
109
149
9
115
100
109
116
114
136
104
98
8
120
124
115
114
137
110
106
133
2
106
123
142
155
135
95
132
75
5
77
130
135
93
115
167
106
137
7
133
98
86
107
115
110
147
125
1
120
176
127
117
79
115
120
93
0
102
127
118
128
84
123
107
93
2
103
93
133
109
114
134
149
139
8
94
126
136
105
141
111
114
97
6
91
93
135
133
159
119
126
127
8
108
126
150
93
133
114
112
79
4
100
103
145
110
118
122
141
105
4
122
122
129
134
96
103
147
126
5
132
98
134
155
152
146
135
101
10
106
121
115
135
131
99
98
135
5
105
104
144
134
140
99
154
119
9
121
128
92
127
100
150
87
134
6
113
131
98
90
122
150
133
91
9
107
94
101
100
75
78
126
122
4
122
120
119
88
114
79
124
149
1
104
121
101
85
111
94
106
127
7
99
129
113
135
99
149
85
113
4
89
93
128
114
125
106
143
132
6
119
112
136
141
111
91
94
96
5
141
65
111
130
122
120
99
95
1
128
139
97
113
114
136
135
65
9
100
88
99
125
132
149
112
109
10
145
140
112
99
127
156
99
107
4
127
111
108
145
122
154
99
114
8
113
117
122
113
111
103
113
78
9
132
154
106
134
81
129
119
145
1
92
168
127
99
90
135
134
118
4
127
93
113
132
122
80
103
85
5
113
134
145
113
132
100
147
92
8
148
106
121
115
122
119
99
141
2
134
127
75
126
157
73
123
133
8
89
99
99
121
81
119
121
85
2
77
118
137
126
93
131
94
114
7
113
121
128
108
113
99
109
89
4
107
133
166
96
106
134
131
120
4
113
65
94
92
111
110
139
100
7
86
88
100
94
112
113
136
129
2
118
96
110
148
141
120
126
89
5
93
155
98
121
126
94
134
131
5
126
99
137
87
133
149
113
127
2
85
101
120
124
125
138
85
95
6
152
127
99
134
70
118
106
126
6
66
123
106
127
110
121
140
121
8
105
121
109
121
129
146
128
106
2
127
92
93
92
128
135
113
133
3
130
108
116
132
89
89
119
130
1
76
144
148
143
86
135
143
131
7
99
127
107
170
137
103
128
111
10
100
94
141
108
103
93
102
93
6
114
118
84
90
103
100
111
106
2
136
114
129
137
102
94
123
133
3
108
142
106
100
120
101
142
136
3
105
102
81
126
107
134
166
82
6
99
64
128
72
119
85
135
108
9
150
114
150
127
98
134
73
98
3
106
109
118
120
112
155
113
111
5
103
113
113
114
107
92
106
176
2
99
127
114
93
137
93
148
124
8
127
116
78
84
123
108
149
129
7
133
119
100
134
105
134
155
91
4
86
137
127
94
123
104
134
128
7
146
94
93
95
146
119
121
130
7
127
124
103
121
120
85
97
103
3
134
114
114
124
100
110
123
142
0
134
106
96
149
98
134
154
80
2
85
132
121
125
125
73
102
130
7
162
159
128
109
98
130
120
104
1
125
106
117
137
170
121
136
127
10
135
140
110
97
92
129
118
120
9
97
115
168
113
127
162
134
49
6
95
107
134
128
104
107
135
145
1
136
71
103
96
128
100
135
132
5
78
134
112
95
64
115
115
146
10
113
126
112
113
104
173
109
115
1
122
100
120
86
137
119
126
101
7
107
132
106
110
133
104
112
120
10
145
123
101
118
139
102
157
109
8
100
127
119
134
93
106
124
89
8
97
121
100
113
106
114
116
102
6
150
113
136
115
107
98
106
74
2
128
121
101
140
102
99
112
92
5
115
127
121
107
100
171
125
116
9
80
112
129
128
139
89
151
115
2
114
108
93
125
106
117
94
133
1
108
85
131
138
122
120
96
141
6
143
107
136
121
126
161
95
121
5
106
108
120
82
95
121
95
137
9
147
110
122
74
107
107
122
117
6
133
168
120
86
144
100
84
142
7
133
108
98
142
122
151
101
148
10
134
106
121
118
111
138
128
73
8
122
120
106
114
130
92
113
93
7
149
141
102
141
85
113
116
140
3
121
133
121
119
114
72
164
107
5
133
76
133
95
114
120
85
111
5
99
129
106
99
81
112
118
74
2
161
137
145
129
145
135
91
112
5
117
113
100
123
128
87
141
88
1
142
115
167
138
99
99
114
85
3
141
136
114
111
127
106
119
106
3
103
120
95
131
113
126
93
142
5
128
116
141
125
113
113
142
108
9
103
92
131
114
119
114
119
109
3
115
142
105
126
86
102
117
104
1
71
130
124
99
130
109
92
91
9
121
123
128
121
141
113
103
133
1
120
81
104
160
110
108
114
129
9
123
130
120
135
133
124
125
131
8
97
134
123
87
118
120
122
101
10
92
127
147
106
128
127
80
105
1
115
96
135
137
145
126
104
97
1
102
113
127
163
130
127
140
127
7
157
134
94
89
122
126
108
114
1
87
99
65
124
140
140
128
123
9
113
124
122
107
105
140
80
123
4
108
133
139
120
94
149
108
129
1
117
111
111
128
120
140
141
127
7
118
120
133
109
156
168
127
116
6
146
117
145
115
101
116
98
77
7
114
115
107
107
130
93
109
127
4
113
121
106
111
130
111
97
113
9
129
136
113
135
125
83
146
100
6
133
107
139
129
121
120
120
106
8
121
95
131
80
92
131
122
143
3
119
112
81
91
169
77
104
124
1
120
119
147
115
105
100
110
128
1
139
102
136
120
84
119
112
93
3
101
114
99
119
106
105
115
101
1
130
140
106
132
104
118
75
94
2
119
106
121
90
132
138
135
126
4
135
106
122
92
114
85
117
109
8
123
108
121
94
128
112
113
131
9
79
153
121
98
96
92
120
149
5
98
121
162
119
146
116
116
77
7
120
93
101
118
119
136
120
98
7
122
111
121
126
158
92
128
96
6
113
114
155
114
127
103
143
150
8
128
108
112
112
86
132
96
119
10
121
120
93
127
109
82
120
128
3
108
92
116
115
129
133
138
108
6
102
90
116
99
115
140
110
113
4
103
127
160
104
126
141
101
113
3
103
105
141
120
117
158
130
128
1
115
99
159
112
128
126
108
118
6
141
101
148
94
158
70
136
108
6
114
99
121
120
126
147
125
91
5
101
137
115
167
130
134
79
122
6
102
71
121
121
141
150
112
109
2
113
129
92
96
106
130
127
106
7
121
116
144
159
111
106
87
112
4
111
149
102
95
78
127
150
102
4
107
121
87
132
106
124
106
86
7
108
117
67
112
122
120
92
134
9
105
98
84
167
143
129
127
136
4
98
112
106
101
118
78
99
120
2
116
90
84
151
111
105
107
112
6
142
118
116
134
148
114
112
119
0
122
141
143
107
121
86
125
90
5
138
115
135
111
120
144
120
154
4
139
128
134
126
104
135
141
146
6
98
132
126
98
106
127
128
119
2
180
88
118
116
109
98
136
110
6
136
130
153
78
133
84
72
121
10
140
78
106
99
111
111
104
109
0
134
134
136
112
118
124
91
105
0
133
109
128
148
146
123
94
101
5
104
111
147
121
72
132
111
113
9
125
115
108
99
114
143
104
117
0
100
133
113
126
96
124
131
99
8
139
108
138
107
148
130
128
128
5
111
128
128
86
148
107
116
114
9
114
121
123
151
134
127
78
85
6
114
120
133
119
126
104
79
106
4
133
141
113
112
99
114
161
107
5
133
118
148
132
104
84
156
110
9
115
82
128
112
146
99
93
111
7
92
136
151
133
177
114
105
109
8
122
155
74
97
154
135
105
140
8
138
117
135
112
135
127
135
94
5
112
129
96
120
122
128
100
127
9
98
75
132
106
126
104
99
130
7
129
86
132
142
97
98
128
72
2
86
111
112
129
106
126
136
110
5
149
94
121
95
96
146
114
128
9
105
108
109
80
155
99
124
130
2
113
123
111
100
111
135
127
135
7
89
101
108
141
108
74
97
117
9
102
112
109
115
84
118
115
114
4
123
112
112
83
82
143
110
88
2
100
93
101
147
83
101
104
143
2
107
97
109
107
112
135
105
100
0
160
131
135
131
79
122
112
94
3
104
95
98
119
132
100
127
106
2
136
169
107
142
85
120
115
133
9
111
91
102
141
101
113
141
123
2
106
114
87
113
112
156
147
127
1
126
136
98
121
106
106
88
106
6
66
107
134
113
99
149
129
119
6
106
150
119
103
91
127
115
97
7
150
100
124
73
106
87
86
106
1
88
109
93
120
113
134
130
86
1
80
119
115
120
147
101
109
92
2
119
58
100
87
111
127
116
118
5
112
104
106
92
107
97
138
165
5
110
85
96
114
80
125
127
136
5
111
141
120
120
119
133
120
81
2
75
128
93
126
120
137
137
156
6
135
120
101
149
157
118
125
140
5
103
125
106
133
113
130
117
98
2
119
109
157
155
149
85
92
105
6
136
127
120
164
114
123
97
102
2
84
131
79
90
84
115
121
114
7
89
115
109
111
120
119
102
98
7
113
114
122
107
116
161
132
91
5
123
139
80
129
100
107
92
128
9
144
115
135
123
132
100
88
93
3
113
133
107
119
88
75
134
106
1
136
111
134
94
136
140
119
73
2
80
127
127
140
126
113
119
126
8
99
97
128
105
133
138
142
145
9
115
76
120
135
112
109
145
78
9
126
110
73
93
142
119
114
129
7
119
100
120
141
121
93
117
114
4
133
152
127
93
107
103
106
102
6
118
127
127
151
129
102
134
94
5
104
149
105
119
130
159
77
97
6
69
92
126
118
92
103
109
109
3
141
99
120
128
120
132
103
122
8
104
120
120
106
98
61
164
126
0
100
100
100
111
116
134
106
166
4
118
108
121
135
108
131
136
141
5
154
143
123
128
154
107
103
115
8
97
119
114
119
120
146
96
131
2
112
108
87
135
114
106
122
84
6
139
115
130
92
125
137
106
120
5
154
112
81
128
107
166
133
112
2
103
134
135
121
135
142
129
126
4
113
153
115
111
98
78
146
107
6
86
130
137
93
96
107
135
106
6
100
91
114
101
132
111
134
147
3
122
105
139
133
120
99
96
144
7
87
101
86
141
114
81
73
127
3
106
95
107
89
129
99
135
120
7
94
120
97
129
101
67
73
115
8
90
121
114
141
127
100
134
102
6
88
89
129
108
140
162
91
107
1
131
105
140
133
128
94
120
96
3
138
101
132
82
105
106
142
105
7
109
96
142
112
150
117
133
97
6
106
131
116
110
100
106
128
107
6
132
142
130
123
111
128
108
100
4
131
112
109
118
106
106
77
72
5
104
137
154
111
95
106
130
119
0
81
141
97
92
124
102
120
130
0
134
94
94
108
105
120
139
114
6
122
135
92
122
125
135
147
110
0
134
135
112
107
119
107
121
104
5
107
110
141
127
122
128
146
146
9
118
91
138
79
86
112
158
135
2
92
132
98
80
102
86
114
151
6
101
121
82
112
126
99
121
91
2
79
98
119
100
122
138
114
93
2
138
138
113
136
106
107
134
130
5
134
113
87
111
148
142
109
114
8
87
82
144
93
99
122
107
123
7
114
85
117
142
117
136
105
78
2
118
107
129
105
105
127
136
142
3
86
93
129
130
106
118
148
153
3
161
117
80
118
120
158
105
134
9
126
119
112
72
95
112
117
98
4
122
126
148
123
119
130
109
106
4
99
97
103
105
115
113
127
140
3
163
144
121
133
100
136
125
126
1
111
100
90
105
98
124
113
85
3
134
134
136
151
120
125
109
105
2
135
128
92
104
107
134
96
112
3
130
70
108
110
136
138
117
125
10
126
129
119
117
126
106
71
101
10
117
94
94
110
134
150
100
119
5
138
118
122
119
128
132
128
84
9
64
107
97
106
133
121
85
131
4
120
122
132
110
112
99
91
149
8
106
134
129
153
85
121
87
116
5
116
103
127
137
121
92
109
127
3
110
151
128
108
90
90
123
107
3
140
108
140
112
132
127
132
103
5
130
140
130
106
102
151
135
127
2
120
80
128
106
156
91
135
81
9
91
110
139
129
132
85
72
132
1
115
141
79
150
100
104
147
122
0
106
85
128
93
95
100
135
94
8
135
143
128
125
143
128
94
113
2
79
134
72
155
129
126
130
129
0
135
105
127
120
121
128
114
99
6
118
145
104
108
127
137
112
115
5
135
105
100
113
93
126
106
120
5
104
114
72
118
92
97
143
106
2
108
145
126
110
126
87
138
99
8
113
115
127
126
140
134
110
131
8
107
148
128
145
127
125
126
122
4
113
112
84
107
108
121
121
91
2
128
104
149
98
119
141
105
107
7
94
138
94
141
143
106
80
109
3
128
101
110
99
117
113
123
110
6
134
154
91
150
107
122
123
81
8
142
120
108
118
116
141
134
104
9
133
90
121
117
127
107
113
78
4
129
146
128
122
103
92
101
121
3
93
96
127
100
153
119
124
104
7
99
136
126
114
150
129
140
129
5
101
135
117
131
113
86
144
114
10
120
120
122
145
149
92
148
121
5
121
92
121
127
114
109
107
118
3
128
92
126
129
129
78
122
72
7
118
92
120
152
89
115
142
133
3
103
91
123
119
128
84
117
121
2
105
145
155
93
117
148
120
116
5
107
98
85
104
117
144
83
96
2
102
112
99
105
116
90
113
100
7
101
131
102
117
114
106
107
113
8
138
84
137
65
91
110
106
131
2
106
111
135
113
124
129
104
153
1
109
118
117
114
90
106
121
101
2
146
93
113
141
121
126
108
110
3
76
152
132
126
140
129
120
112
6
123
110
114
118
135
122
132
126
4
114
158
112
144
119
106
88
142
1
102
136
125
157
95
106
142
117
2
120
126
120
146
95
111
156
121
4
115
177
106
105
122
106
119
112
7
85
136
93
125
139
107
120
124
5
90
130
149
153
129
122
146
136
2
129
129
107
103
122
97
113
121
4
98
110
129
91
124
94
81
122
6
88
106
115
129
127
142
116
126
8
102
106
99
126
128
97
126
115
2
101
117
157
120
105
156
142
112
3
164
107
107
108
129
126
103
121
3
115
94
108
128
112
119
101
126
7
121
153
84
147
124
122
106
162
6
115
130
127
92
151
93
89
120
1
122
96
113
127
136
78
117
156
5
127
106
142
92
114
131
125
115
4
95
107
114
149
97
127
114
110
8
115
128
140
129
106
137
97
121
2
139
143
126
132
115
149
115
95
1
72
112
163
121
103
107
128
87
8
125
120
83
100
116
139
129
128
7
98
70
91
123
77
97
92
140
5
98
62
99
131
155
141
149
126
2
138
120
120
121
132
127
161
110
6
119
116
86
124
108
100
107
149
2
123
116
79
126
98
107
118
128
6
143
112
121
125
131
130
166
107

