11
4
6
1
2
7
10
3
3
11
7
2
7
10
5
4
4
7
13
4
4
3
9
3
0
9
3
93
156
121
143
114
111
91
118
7
128
106
126
129
110
119
124
135
0
141
104
97
112
100
102
109
120
7
134
82
125
135
89
148
105
86
4
132
156
121
129
175
114
130
88
1
121
132
140
120
105
135
87
129
5
107
159
123
148
106
126
149
118
6
127
127
137
106
196
126
107
132
7
107
107
119
113
129
77
70
122
6
128
157
101
154
115
130
135
89
9
129
117
103
147
147
134
115
83
10
126
101
100
100
84
106
98
143
5
106
98
113
87
110
120
104
120
10
126
128
99
105
109
142
112
129
5
133
87
97
159
137
183
110
92
5
96
150
120
122
133
129
91
120
7
143
132
128
111
115
134
117
73
4
111
134
117
142
127
111
128
128
7
125
107
143
126
124
132
118
99
4
135
91
108
113
125
129
102
112
2
102
125
134
114
116
93
110
136
5
156
136
102
120
141
125
75
128
2
99
120
128
113
127
112
117
100
9
110
134
101
67
138
133
113
81
1
141
129
85
97
126
106
136
99
8
126
121
120
108
100
84
132
135
6
153
142
145
102
156
113
118
138
4
96
135
133
81
92
71
125
117
7
107
120
103
140
119
72
114
121
2
113
133
134
111
122
122
121
90
6
120
117
131
98
122
134
104
129
8
134
114
106
135
128
147
129
100
1
113
164
101
135
96
53
85
68
10
108
92
119
101
92
164
142
102
0
120
164
126
161
107
106
111
161
9
121
135
109
120
145
142
112
122
8
93
150
115
128
102
150
121
121
7
121
85
92
113
103
128
121
121
2
102
98
126
127
95
114
121
86
4
100
137
100
110
119
133
129
137
9
104
130
87
127
147
115
86
99
0
85
131
135
100
115
120
108
70
8
139
108
112
134
93
129
116
102
9
111
133
134
98
117
126
136
132
3
103
115
159
136
134
114
156
133
8
109
106
74
130
126
149
92
140
9
99
143
136
129
114
112
144
143
7
63
111
155
134
129
127
116
119
9
131
108
100
120
120
81
123
113
9
124
106
113
110
124
116
106
100
7
139
124
98
74
139
131
131
119
4
130
105
153
98
111
85
78
107
8
123
111
110
92
110
93
127
118
5
111
122
113
135
124
121
119
100
9
114
84
144
127
140
72
98
128
6
121
110
142
119
104
154
119
131
5
134
106
139
127
93
128
126
92
6
116
118
104
90
86
105
88
126
0
73
99
98
87
134
137
121
100
3
131
94
140
97
126
102
125
105
1
121
116
143
91
99
81
133
142
8
119
121
83
107
127
132
105
86
8
157
129
117
135
94
121
126
85
10
102
113
74
94
159
105
122
137
10
120
124
120
128
100
91
128
118
6
103
142
88
143
140
108
126
134
4
98
131
113
119
114
110
150
124
4
111
127
113
145
108
100
115
90
5
114
131
90
131
85
135
143
77
10
100
105
138
161
97
129
129
114
8
148
133
98
104
100
131
120
112
6
136
126
114
139
115
92
147
149
4
112
106
104
96
75
100
127
124
5
119
132
129
154
104
143
129
129
8
115
119
100
119
123
125
117
129
9
127
107
98
120
118
165
99
117
6
98
102
118
132
127
112
121
118
6
146
127
133
127
154
128
156
72
10
113
108
120
149
115
126
98
152
7
105
87
127
131
109
112
114
154
4
146
138
113
151
88
110
108
120
7
132
98
75
90
99
91
124
109
4
124
141
112
107
127
112
119
84
10
108
104
128
115
100
115
160
143
7
115
124
94
65
80
57
112
92
3
149
129
109
87
128
94
127
97
9
108
107
84
108
98
100
109
128
5
98
123
92
98
93
127
142
106
5
134
105
92
102
128
134
134
96
5
103
127
114
92
146
153
93
119
8
121
143
104
149
99
113
120
79
3
158
146
102
96
107
71
107
131
6
135
94
106
123
107
110
136
127
5
111
120
130
119
96
117
129
99
1
136
92
126
93
124
96
134
114
6
133
142
115
168
65
123
84
135
5
90
73
116
139
117
114
144
138
4
136
135
87
108
127
101
87
123
8
125
92
113
106
140
110
96
113
3
136
108
77
149
103
96
126
101
5
100
125
147
167
71
106
113
145
7
105
158
150
128
120
133
94
135
2
106
123
112
124
107
107
82
121
5
129
168
92
116
141
133
131
134
8
113
125
106
135
110
145
107
109
8
129
106
76
122
127
101
143
132
9
92
103
97
89
162
132
127
155
7
120
122
88
148
108
103
137
147
8
106
108
105
82
96
123
149
70
9
128
128
130
133
127
103
111
112
7
105
115
115
87
119
145
100
122
10
171
154
125
112
121
106
90
142
5
106
110
123
86
84
127
126
98
7
89
126
72
76
96
127
143
121
10
140
115
85
151
113
134
108
99
7
100
108
112
126
121
111
145
108
9
91
101
107
133
106
126
128
101
0
97
120
89
133
113
134
126
130
8
113
96
120
93
106
111
126
128
1
100
118
93
121
97
104
111
116
1
135
134
116
88
110
105
136
136
8
113
100
102
126
103
127
89
88
3
93
128
163
105
110
134
101
122
2
108
116
114
121
151
112
128
97
10
111
111
89
166
121
108
146
111
4
118
106
114
123
125
128
117
115
7
119
107
108
103
130
100
125
149
9
119
123
118
116
119
98
129
80
2
111
129
123
118
112
146
102
67
4
120
129
121
113
128
119
132
116
6
147
131
95
125
94
144
98
122
9
99
133
118
138
136
132
124
118
1
141
87
131
96
116
112
93
77
1
127
103
146
150
141
132
121
115
2
85
110
126
119
117
53
86
115
10
114
103
118
78
121
96
117
132
3
134
112
105
123
127
109
136
156
1
99
116
103
127
137
95
160
104
8
108
119
106
87
70
151
101
126
6
105
135
135
119
120
99
124
87
7
129
133
120
120
123
128
110
144
2
114
107
98
79
129
93
112
105
1
131
107
135
132
108
135
128
146
4
99
97
108
114
118
129
88
120
6
99
113
100
132
99
127
115
140
1
131
78
103
128
114
132
123
104
6
133
120
129
128
83
107
114
106
8
146
155
91
137
121
101
131
81
4
78
83
127
136
134
98
99
114
9
135
145
136
154
92
105
143
118
8
143
109
118
135
121
143
134
62
1
129
126
146
70
148
134
105
96
8
113
135
78
96
132
107
132
106
10
100
161
141
85
122
132
106
144
7
125
87
111
101
147
117
116
98
2
105
121
142
97
108
121
129
129
9
148
154
151
113
95
143
134
117
8
122
140
129
109
100
103
122
89
0
107
70
146
106
93
114
135
116
5
123
110
116
120
114
126
116
84
9
108
124
117
177
113
138
105
121
1
116
92
126
94
98
107
115
99
6
102
151
106
142
102
124
155
105
9
146
155
135
107
133
157
134
89
10
105
141
94
111
128
86
120
114
8
77
116
119
129
123
89
113
107
2
122
109
128
74
121
109
121
139
6
148
150
137
113
118
96
109
130
9
90
147
148
64
133
156
131
130
8
82
139
126
118
121
141
86
93
5
108
126
161
99
114
106
113
119
1
112
116
156
125
111
133
147
135
6
71
134
135
123
114
101
97
126
2
114
168
142
105
107
118
85
146
10
64
93
128
59
141
104
141
111
3
73
150
94
133
118
106
92
129
7
126
171
122
114
120
94
122
84
2
112
107
99
116
92
93
99
123
7
121
107
118
125
108
88
86
111
9
110
120
90
118
148
118
136
110
8
170
114
125
122
106
107
115
92
2
118
106
130
115
114
127
149
61
3
124
77
115
115
126
128
161
137
4
142
114
114
120
123
98
126
112
0
109
119
107
135
107
130
116
114
9
120
116
100
114
98
79
140
121
5
134
129
110
120
127
87
106
92
9
113
114
139
138
142
108
110
85
10
127
113
121
108
86
115
130
136
4
138
90
147
115
123
146
111
141
8
99
126
134
150
136
126
119
138
8
130
120
107
130
145
108
84
100
8
126
93
121
121
93
123
155
145
0
113
134
106
115
139
143
137
146
4
156
135
86
106
105
99
114
132
8
107
67
106
168
109
87
112
125
6
136
74
72
93
172
108
178
122
2
121
101
128
112
147
103
101
84
5
92
100
115
103
79
143
94
92
0
112
135
127
112
126
70
107
109
5
133
86
114
114
91
105
119
108
7
135
134
99
116
113
120
112
89
1
78
129
113
114
154
127
71
164
9
90
134
108
127
93
130
113
105
2
99
136
115
127
111
149
100
128
8
85
123
127
105
113
131
152
125
4
147
101
106
115
77
120
98
143
4
157
144
151
121
113
111
118
120
0
120
121
129
110
129
137
139
107
1
106
93
141
99
134
145
120
112
5
94
154
120
134
81
171
115
129
1
124
112
146
111
114
114
116
119
1
120
139
128
122
106
107
114
114
10
108
117
135
119
129
123
138
105
8
141
93
141
108
99
120
133
133
10
121
135
103
77
93
149
135
117
3
114
85
142
113
117
92
158
90
7
127
122
116
105
113
87
73
92
6
115
120
141
109
120
148
118
97
6
122
85
103
114
116
117
112
107
10
99
118
89
105
98
91
86
119
2
104
131
135
125
98
156
114
123
5
105
109
115
134
121
110
121
107
3
112
85
79
120
120
114
140
77
2
95
97
113
87
100
99
99
135
10
143
128
123
134
105
128
147
154
8
112
118
127
99
106
130
138
117
3
92
110
123
93
121
117
106
147
7
119
120
100
113
150
136
102
109
2
100
129
147
105
112
120
122
93
3
127
127
125
99
141
85
121
105
6
140
142
154
114
83
113
124
121
5
85
120
148
145
107
132
136
133
3
102
93
140
116
130
125
84
130
7
123
127
112
114
145
125
125
165
7
119
112
120
98
115
88
109
131
6
92
119
177
93
111
115
111
113
10
113
127
135
81
120
109
121
147
10
119
142
114
111
128
143
99
97
3
94
96
115
84
111
138
92
90
3
135
158
93
114
145
116
110
73
3
127
129
113
120
108
92
126
111
0
88
142
106
100
134
113
114
89
6
125
102
92
105
115
120
142
119
2
136
122
126
110
108
115
136
87
2
120
159
110
122
146
115
149
128
5
121
104
141
94
93
123
141
108
5
114
116
116
114
124
135
157
105
10
121
90
105
120
143
120
113
124
2
127
83
120
116
145
98
115
98
2
127
99
127
135
113
113
142
122
4
105
121
121
118
93
133
122
133
1
115
134
129
127
136
98
113
148
5
133
119
108
75
117
91
104
125
3
127
116
135
98
133
80
174
114
1
103
109
96
107
130
114
78
128
1
102
122
114
131
99
101
128
127
9
122
113
148
93
134
134
122
107
3
134
86
149
82
100
92
139
86
10
143
134
128
99
114
108
114
125
4
84
117
146
106
128
149
117
135
9
140
128
102
109
139
94
99
110
4
152
143
104
127
114
104
113
104
3
124
128
116
106
150
87
112
83
9
146
106
87
120
148
112
113
127
5
104
163
86
112
122
90
98
127
6
141
109
148
156
142
117
128
127
9
119
134
77
113
163
125
116
107
7
149
67
153
98
127
113
133
91
3
93
124
121
78
100
132
130
115
1
110
159
102
105
143
113
117
108
7
154
89
103
115
99
142
124
117
9
92
109
107
110
106
108
116
115
7
90
106
121
107
121
101
103
84
8
101
131
89
128
128
118
123
106
0
120
143
117
76
92
111
122
110
9
82
105
128
81
127
150
135
121
3
98
115
102
92
107
164
122
124
4
88
121
86
130
99
108
103
133
6
114
126
134
120
105
123
105
141
7
125
134
113
109
127
91
102
142
1
142
139
135
140
110
164
119
136
8
114
94
110
99
144
129
121
147
7
135
107
112
114
154
141
127
119
7
120
143
91
140
106
138
131
84
6
98
92
123
98
105
88
103
134
10
79
155
84
149
82
99
149
157
8
101
134
145
108
118
72
155
100
2
138
112
148
84
119
106
126
92
7
131
113
148
127
111
136
144
79
1
77
141
98
143
113
133
93
111
9
98
109
134
101
121
140
94
127
4
136
91
113
129
120
118
106
134
3
122
105
145
99
119
127
151
119
8
141
101
128
117
126
148
128
106
9
142
114
135
99
119
118
114
126
3
88
108
114
148
70
124
92
146
8
100
109
141
120
141
131
114
107
9
103
135
130
129
95
86
171
126
5
133
107
65
109
109
95
136
133
7
118
128
117
134
112
93
87
146
3
94
124
168
136
111
63
98
113
4
139
115
104
141
104
104
112
107
1
113
116
112
120
121
78
109
132
5
120
148
90
98
112
82
87
117
1
88
102
134
113
75
163
122
119
8
127
141
125
101
89
87
148
96
10
104
127
98
157
99
84
153
139
3
115
128
60
129
101
88
136
117
7
141
112
93
127
104
120
118
126
5
148
96
98
142
107
128
154
134
8
86
109
88
96
67
98
129
113
2
121
126
129
125
100
86
114
99
5
115
133
99
134
166
135
149
66
2
147
138
132
128
135
149
154
99
9
132
124
107
126
96
77
132
112
7
150
134
131
141
93
135
134
88
3
112
156
85
125
86
98
103
141
10
94
94
84
94
118
94
113
93
1
117
114
115
115
120
103
108
87
10
135
130
101
159
92
165
105
131
8
120
116
107
94
114
80
119
113
6
113
118
125
122
133
112
105
135
4
100
128
89
144
112
99
95
112
5
99
131
119
127
108
121
111
107
4
133
121
110
140
106
131
122
155
3
147
125
105
156
150
70
104
123
3
107
125
103
119
99
135
106
106
6
96
99
108
128
70
127
115
112
10
127
143
139
123
88
119
130
78
9
94
101
111
112
90
84
113
115
3
68
130
121
126
113
144
122
133
2
113
135
112
100
108
98
109
125
7
84
162
127
97
119
124
94
121
9
110
117
127
117
155
114
140
97
1
109
88
110
105
134
112
145
100
0
99
110
95
119
93
97
114
163
1
148
100
98
116
131
106
118
171
10
116
127
115
109
131
113
135
122
1
141
137
101
107
100
108
115
150
8
128
127
120
93
135
120
130
109
6
151
149
132
137
95
127
124
101
1
132
83
133
120
111
120
141
113
8
160
114
87
123
135
157
93
125
6
128
110
141
155
114
158
128
131
2
153
131
98
102
117
98
120
124
2
115
114
108
129
147
94
109
135
10
107
117
117
134
84
101
93
94
10
121
137
97
114
80
128
101
143
1
107
96
147
112
101
97
124
94
5
120
163
101
111
89
135
113
92
9
70
127
114
105
84
133
78
141
3
115
162
90
106
119
76
120
142
7
106
108
112
132
107
136
119
141
0
105
101
99
163
103
119
134
141
9
114
116
135
120
122
153
128
107
10
77
135
110
108
135
114
128
87
2
129
116
108
127
130
88
151
91
2
115
110
85
105
95
152
127
120
9
110
127
139
112
124
119
129
139
2
104
114
79
141
128
98
100
122
7
133
131
99
112
142
83
87
106
3
139
99
120
98
129
90
117
121
8
85
105
124
134
145
65
177
116
7
136
108
127
109
124
133
100
118
3
111
114
140
134
137
103
114
148
9
97
98
120
126
129
91
121
148
5
111
116
116
115
126
141
141
113
10
122
116
83
126
107
117
77
119
0
116
120
140
79
123
128
123
113
10
121
144
105
107
120
137
116
106
2
126
129
129
113
105
93
114
95
6
64
152
127
100
87
110
114
99
6
108
102
137
71
124
108
105
128
2
99
92
160
87
99
109
104
99
6
79
115
123
95
73
119
141
115
9
97
125
98
149
127
102
82
114
1
99
155
147
125
121
114
131
122
9
126
121
152
92
99
108
121
128
1
98
78
121
152
128
115
99
99
2
88
139
139
139
106
98
107
109
6
114
120
107
120
133
108
148
112
8
110
115
119
119
147
120
129
88
1
117
134
133
135
120
131
147
107
9
127
84
163
112
120
128
119
124
4
107
105
95
99
140
121
135
108
1
126
127
89
108
96
100
105
150
3
128
118
92
104
147
86
136
118
3
120
135
140
110
78
121
147
111
6
127
124
91
114
96
93
103
150

