15
7
6
4
2
6
7
7
4
9
8
5
3
7
1
10
8
2
13
10
0
8
10
8
2
2
3
109
134
146
139
119
90
122
113
2
129
119
119
135
103
117
156
107
5
125
156
81
108
75
128
84
93
9
115
108
153
90
116
127
122
86
7
121
154
137
145
98
114
106
115
3
129
129
103
129
133
116
114
126
1
113
106
121
134
129
92
143
78
5
125
115
106
141
86
115
142
117
8
119
100
155
124
147
120
129
106
8
100
108
133
113
121
134
120
145
3
133
100
117
124
124
106
79
108
5
118
128
94
135
106
123
119
107
2
90
134
100
134
113
124
113
121
5
98
111
106
147
112
106
173
138
5
100
105
106
110
112
124
74
118
9
103
109
106
140
129
127
85
120
2
148
136
129
140
119
128
98
127
6
116
98
131
114
71
86
106
120
7
124
120
129
132
116
131
127
37
4
134
86
74
88
119
90
136
94
2
144
86
107
113
139
90
126
94
6
122
94
106
113
154
93
108
111
3
96
122
126
108
128
148
125
92
0
135
94
181
129
125
165
132
112
8
132
135
121
134
122
138
112
125
10
128
117
110
102
134
110
97
123
5
93
94
112
121
127
114
138
70
10
123
117
103
115
141
110
136
127
3
85
107
122
127
112
98
127
113
7
120
112
146
136
120
120
100
106
4
106
158
122
99
108
120
86
114
7
108
95
127
89
89
119
108
124
9
95
117
137
104
104
127
125
128
4
119
125
99
93
128
108
127
148
0
95
80
78
119
114
109
133
128
5
99
105
127
128
110
126
113
114
4
124
135
94
104
126
121
127
101
6
135
170
121
142
101
81
120
114
9
118
104
135
120
137
121
98
142
1
146
84
108
101
122
96
120
144
4
132
113
100
87
98
122
137
112
5
107
136
138
113
150
107
163
99
3
139
125
157
89
115
107
155
112
3
100
112
134
115
100
110
104
94
7
112
122
148
141
149
136
96
135
6
88
149
105
148
119
149
135
127
9
156
94
94
101
128
108
125
112
8
110
126
106
116
136
71
161
100
3
115
115
157
127
145
162
109
142
3
119
131
86
119
112
111
109
84
6
121
112
93
122
141
140
97
91
8
118
127
122
116
116
141
100
121
6
99
131
136
100
113
121
91
100
2
107
129
131
125
114
128
99
103
9
135
102
154
98
150
120
118
135
7
125
124
136
132
67
143
130
119
9
125
96
81
113
71
125
139
133
4
122
111
114
141
141
163
115
171
5
108
142
126
99
139
143
116
153
2
100
87
136
125
135
115
112
108
3
121
121
134
92
121
119
106
93
9
152
107
93
103
128
77
101
114
9
151
92
100
100
89
112
98
154
4
133
113
78
118
117
65
89
130
3
133
111
123
133
131
133
114
156
2
106
137
100
93
120
84
96
92
1
96
112
128
131
134
105
121
93
7
104
127
85
113
84
111
108
123
5
144
86
66
108
115
113
79
108
4
153
113
136
128
106
99
104
102
6
80
129
92
108
114
110
130
85
6
124
85
142
98
125
91
122
128
3
75
125
92
125
113
157
132
112
3
133
133
149
100
125
113
98
120
6
102
71
100
136
89
142
105
120
7
135
118
127
99
118
108
134
95
4
101
138
129
112
110
86
128
125
3
111
129
105
118
127
118
131
140
0
89
128
92
128
120
75
144
95
8
121
142
138
156
101
153
142
118
6
101
141
129
99
101
105
103
107
2
127
60
119
134
155
133
106
114
3
127
138
136
116
100
93
101
115
2
127
108
101
113
117
134
106
136
8
122
144
112
136
102
92
149
110
1
133
133
89
85
137
124
133
110
1
126
100
102
115
116
102
127
118
7
130
105
103
113
128
97
134
127
4
141
102
125
112
121
150
128
82
8
143
139
99
126
98
86
105
121
2
85
106
136
144
140
81
111
105
4
133
129
127
117
122
145
116
65
2
134
119
126
152
114
89
128
133
6
106
114
108
164
119
131
132
133
3
92
115
114
85
121
127
143
120
1
132
123
97
121
100
79
145
136
6
135
159
127
108
128
121
112
98
1
95
125
125
120
108
88
101
108
6
142
92
74
106
149
138
117
76
2
103
73
123
117
162
100
133
135
2
138
120
124
115
106
127
108
114
7
91
108
98
114
88
107
114
128
0
119
102
118
98
127
114
135
101
3
122
140
120
112
127
116
106
98
1
79
112
131
106
95
98
64
130
7
147
120
107
103
137
113
128
117
2
141
186
113
127
113
144
142
109
6
132
76
105
133
121
135
71
83
0
129
105
106
141
155
88
134
108
7
136
108
94
120
107
102
81
121
2
133
149
80
92
113
135
105
130
3
81
93
108
100
120
124
133
156
1
106
91
99
119
76
82
85
103
2
123
80
122
107
129
112
86
105
0
96
121
96
102
115
106
112
111
5
120
121
113
82
117
93
98
110
2
105
140
113
129
119
105
101
130
3
122
115
118
152
112
130
138
115
6
107
122
102
100
95
134
154
100
6
117
114
117
94
127
126
135
102
5
92
131
114
122
120
129
143
119
4
99
146
129
126
142
128
99
106
3
111
112
114
127
142
106
105
83
3
85
149
112
171
134
120
160
127
9
134
112
141
120
122
109
121
81
2
122
107
122
113
90
125
114
121
10
115
120
141
158
125
93
135
153
8
99
153
108
118
119
96
112
125
3
136
74
122
121
137
95
119
113
3
105
113
135
88
95
109
120
148
1
134
106
143
99
107
134
122
126
2
90
83
94
138
131
114
80
144
6
121
136
87
134
85
128
93
140
8
141
129
177
92
105
148
122
101
7
87
106
112
123
149
127
100
116
9
101
127
146
105
118
135
155
91
7
116
120
129
124
99
134
133
119
1
119
107
89
128
150
108
100
142
7
108
132
104
107
103
121
80
99
5
130
106
112
134
119
112
87
122
2
120
112
129
135
135
94
84
137
6
82
72
117
122
116
112
120
100
3
114
130
99
140
135
114
105
94
9
107
113
132
135
121
94
107
98
4
129
141
101
122
106
145
102
136
7
117
131
99
111
75
125
117
92
8
115
119
110
112
101
122
138
134
0
107
112
109
132
101
106
107
99
2
152
151
89
111
98
104
128
157
2
128
134
112
97
99
71
148
135
8
121
141
92
114
93
126
130
53
7
91
133
127
145
85
117
100
140
3
114
113
142
103
108
136
119
84
1
71
131
126
92
63
163
157
71
9
109
114
131
122
126
139
98
107
8
106
133
65
127
102
90
127
69
4
141
116
105
109
112
152
108
88
2
124
133
148
124
101
100
120
86
1
106
95
122
150
107
119
117
160
5
90
120
113
107
79
125
96
131
3
112
87
139
146
142
142
120
93
9
121
125
86
116
119
113
132
104
6
121
102
105
78
115
99
129
120
7
145
134
167
128
115
93
74
108
1
124
63
149
68
114
141
109
127
9
77
106
127
142
121
122
153
120
6
124
101
51
72
86
100
98
145
9
112
105
123
96
125
141
144
110
5
107
72
106
135
92
83
112
97
6
144
89
130
100
107
104
84
107
4
78
134
129
99
125
145
102
135
5
90
111
143
141
115
105
142
129
6
120
120
105
142
129
118
118
44
7
97
129
157
94
112
89
105
126
4
118
140
132
102
108
100
103
116
6
107
82
112
134
102
113
107
106
1
145
110
104
115
135
114
94
104
2
112
104
144
113
73
115
79
129
6
86
127
138
137
85
126
140
121
2
137
100
126
73
148
107
91
104
4
141
112
160
100
155
127
105
95
3
98
149
125
143
120
97
129
99
1
123
117
121
105
127
99
134
102
1
101
128
143
109
146
142
104
111
9
77
113
93
126
110
91
139
114
3
119
85
113
101
143
133
134
98
1
107
146
120
152
104
153
130
126
7
114
107
114
134
140
146
114
150
6
87
100
126
110
108
141
117
107
2
116
127
94
120
98
134
116
85
8
136
119
128
89
105
99
149
76
10
90
118
120
117
104
95
75
91
3
119
148
145
114
134
115
96
114
6
131
114
106
140
113
107
125
133
10
102
86
90
110
134
132
149
113
3
105
134
99
112
159
131
143
121
3
162
131
122
99
71
96
131
121
2
112
99
115
149
100
166
118
107
4
78
106
98
99
121
92
128
89
9
147
141
94
95
100
101
129
104
9
161
113
120
101
132
123
115
142
9
80
95
109
129
133
89
136
162
7
106
86
107
113
109
122
113
94
3
149
96
111
115
99
161
122
146
4
147
104
134
98
162
134
140
121
10
99
153
111
106
113
143
77
115
5
108
114
111
100
113
103
171
111
7
89
92
127
118
97
121
133
119
0
129
146
70
137
147
155
137
96
4
107
105
101
116
101
112
138
115
6
144
99
79
128
109
127
127
101
6
158
64
100
93
149
95
122
131
10
143
122
152
89
91
109
121
70
5
131
141
128
125
93
107
117
99
10
129
96
81
97
130
111
109
140
9
127
120
108
133
123
136
134
86
5
125
111
119
119
99
83
91
152
4
73
121
128
129
115
109
114
114
1
111
117
128
108
140
108
122
77
0
142
124
127
116
109
85
141
134
5
92
113
70
97
135
91
106
114
10
88
116
114
126
140
101
115
135
6
108
128
133
138
135
101
121
105
1
133
115
143
140
131
129
90
125
3
115
134
108
126
100
107
115
114
1
133
123
113
128
121
157
113
93
9
101
125
101
109
125
108
114
139
3
101
134
144
105
120
84
119
104
3
110
175
129
107
79
162
98
104
10
123
144
129
91
120
106
122
121
5
98
114
125
92
109
132
120
134
1
95
72
136
126
78
114
134
125
5
127
143
118
124
125
124
125
105
0
133
100
113
121
140
99
140
106
4
91
101
135
125
130
138
109
125
8
100
169
99
135
115
85
109
84
2
114
147
129
109
92
136
107
138
6
119
96
154
149
120
140
113
88
1
103
120
160
112
144
160
106
133
5
107
122
71
153
98
137
126
113
7
113
93
130
132
112
128
142
127
0
86
117
135
122
127
129
105
101
4
116
115
129
108
136
132
134
116
10
140
128
131
106
107
134
95
90
10
99
80
111
87
131
135
128
133
6
104
149
106
140
113
108
120
110
6
107
121
81
121
94
135
90
135
6
142
85
141
88
107
103
117
96
2
134
144
159
106
101
176
132
107
8
103
116
136
122
111
119
137
135
5
67
128
98
126
135
99
135
56
4
94
118
135
141
140
141
116
151
4
146
120
133
108
123
107
129
120
7
121
102
84
113
145
122
113
99
6
100
119
87
79
112
76
134
102
0
111
123
114
133
113
126
94
136
1
115
124
115
81
79
107
141
123
5
112
116
85
141
136
109
128
109
1
126
164
146
106
88
128
111
111
0
128
127
91
135
152
128
105
110
7
124
120
106
152
120
70
89
107
5
139
120
80
135
122
106
155
99
2
72
125
135
93
126
149
102
95
5
130
108
112
99
107
134
100
107
2
101
114
114
127
142
122
140
145
0
120
126
110
132
81
103
99
115
6
124
114
124
145
117
133
103
115
7
146
125
87
143
120
132
110
121
6
93
100
137
123
146
138
121
124
1
113
130
127
146
127
113
114
98
5
134
85
137
115
114
131
117
106
5
92
86
80
96
125
85
107
113
8
99
109
122
125
99
108
110
117
7
108
112
143
107
100
114
135
94
9
126
143
124
147
125
124
109
121
3
128
94
122
112
109
125
101
113
4
180
106
92
117
142
114
107
114
7
145
124
126
101
115
143
126
157
0
124
108
94
98
82
149
128
83
6
109
105
130
89
87
133
135
107
6
92
125
119
114
106
97
92
153
5
148
118
125
139
128
157
135
121
8
117
156
99
135
125
101
120
101
9
109
142
127
148
113
126
86
134
2
155
119
64
140
114
108
118
113
4
113
127
78
94
105
100
124
134
10
165
112
60
98
87
103
93
108
1
75
122
129
124
102
139
122
116
5
149
89
156
106
106
111
127
123
8
111
75
170
145
108
116
109
118
9
114
119
136
133
96
124
113
106
3
151
118
110
145
161
107
122
115
1
102
91
104
133
127
106
113
105
8
120
108
143
112
115
94
134
123
4
96
78
110
109
110
140
135
119
9
100
144
107
71
128
125
106
86
9
110
99
93
85
113
116
95
136
6
121
121
111
95
79
115
105
105
3
114
118
145
110
98
90
100
125
2
139
99
101
106
122
79
129
114
6
99
113
121
135
105
99
85
150
3
102
78
77
108
119
114
85
117
5
71
135
143
120
121
136
124
119
2
130
127
100
141
113
103
71
141
4
114
126
79
136
119
125
127
123
4
88
107
99
113
116
140
155
126
2
111
126
131
123
117
122
157
123
3
127
118
149
128
98
93
109
80
5
123
127
119
127
151
134
113
77
9
109
97
98
118
108
143
140
105
1
134
143
134
126
126
138
145
139
1
154
92
162
157
154
107
81
150
10
160
81
105
122
132
94
107
87
7
98
121
148
122
141
85
106
121
3
128
130
136
107
134
89
115
109
8
100
120
85
128
135
133
137
154
0
112
115
110
79
104
119
116
96
6
100
110
92
108
119
91
177
110
6
148
70
117
128
135
133
133
93
6
113
85
120
143
76
152
119
133
5
108
128
98
146
92
80
121
125
3
85
133
97
104
121
95
110
110
3
113
128
100
133
109
123
112
161
4
141
135
116
93
170
75
95
121
6
107
135
134
148
75
106
126
100
5
114
108
134
93
88
135
106
122
10
112
100
137
160
124
136
117
116
7
113
155
125
99
163
103
110
134
1
105
112
121
112
105
112
107
86
2
102
112
121
119
136
122
99
105
4
100
113
113
142
155
91
131
114
2
112
141
65
87
132
96
95
115
7
141
123
122
142
106
133
123
141
10
134
136
115
131
86
127
90
140
4
113
113
86
86
120
109
116
124
5
131
101
96
155
109
60
165
113
1
114
92
119
103
141
169
90
88
9
120
161
119
145
136
114
89
99
9
92
99
169
138
115
105
100
60
6
131
99
118
105
92
142
85
94
1
81
137
127
104
101
83
114
124
5
155
146
102
139
126
129
121
107
1
129
92
87
102
119
105
125
114
6
127
129
122
125
126
84
129
105
2
106
111
133
101
114
123
57
131
2
134
109
106
126
86
127
112
116
8
100
106
119
139
93
184
111
105
1
125
102
111
141
126
107
131
118
2
104
129
120
131
79
110
139
116
5
108
110
131
121
122
94
150
102
4
143
135
93
142
105
161
125
104
8
129
152
127
114
142
115
99
119
4
127
142
95
130
112
134
92
131
5
100
116
112
86
108
83
110
137
2
116
132
96
113
132
114
136
142
2
147
125
135
120
86
99
136
105
5
100
77
120
112
92
106
133
96
4
112
106
143
112
105
127
118
88
5
105
94
115
79
94
99
133
142
9
134
86
123
107
94
114
120
113
10
127
126
114
102
123
110
89
140
1
129
103
128
106
119
125
137
107
6
110
141
136
127
123
127
86
106
2
127
134
136
126
112
111
126
128
5
103
143
110
113
133
123
92
91
7
97
97
142
145
71
123
113
127
6
126
109
113
118
111
114
111
118
0
112
114
107
150
119
149
139
122
8
140
133
142
111
156
107
72
128
8
97
118
136
86
140
69
118
164
8
160
149
120
59
108
148
95
132
4
103
137
109
142
114
153
99
125
9
165
141
149
115
92
164
136
144
0
126
122
80
119
127
118
92
100
7
95
97
125
100
114
105
114
99
9
116
120
85
118
99
120
158
111
8
109
108
105
107
93
83
125
143
6
147
99
118
108
111
120
86
107
5
107
85
113
112
118
101
90
112
5
130
144
127
142
105
128
151
113
4
124
148
101
150
109
94
120
79
3
150
103
113
126
110
122
110
93
4
127
124
95
101
128
91
120
100
7
106
82
128
97
167
114
132
134
8
117
141
128
87
94
105
71
135
9
105
142
127
126
89
103
126
110
6
121
116
144
114
84
97
134
120
6
115
146
99
138
82
147
109
129
6
146
100
134
125
113
136
121
121
7
116
114
146
114
83
97
128
115

