16
10
8
0
4
6
3
3
3
8
4
6
5
0
4
8
8
7
8
5
4
3
5
5
5
3
7
137
155
127
116
106
121
112
136
5
115
84
124
105
138
129
109
142
1
112
114
105
104
102
100
115
110
6
106
127
132
121
93
91
136
94
3
94
120
143
100
71
154
118
129
1
99
142
106
113
125
139
86
84
10
112
120
105
119
109
119
105
135
1
92
128
80
89
121
92
86
164
1
87
118
133
107
146
118
133
135
6
156
111
116
82
121
132
139
108
7
120
98
100
124
141
132
86
121
1
102
101
102
134
114
91
89
109
8
128
103
107
115
114
86
106
111
7
101
105
115
79
123
121
146
97
0
127
94
99
54
95
124
118
115
5
100
126
113
91
105
129
106
133
7
99
74
113
106
117
122
121
92
7
113
111
101
134
141
78
127
123
7
123
131
116
135
84
120
143
132
9
125
141
128
108
169
155
116
137
5
115
118
116
130
125
113
133
121
2
107
108
72
99
101
137
89
105
1
151
147
115
119
135
86
77
85
6
127
88
115
131
128
108
144
142
7
102
127
120
142
109
150
123
117
4
136
110
93
109
120
128
130
94
8
102
96
140
81
121
134
108
108
4
90
149
109
107
135
124
134
116
9
134
136
131
117
162
92
120
157
4
91
107
114
169
116
131
97
135
10
110
116
126
156
127
130
132
93
6
121
110
106
110
100
78
120
104
7
115
98
100
142
112
99
55
134
0
114
110
102
123
107
100
102
135
1
116
124
92
112
113
141
106
115
6
90
113
124
84
99
127
91
117
5
91
98
139
112
148
118
135
103
0
104
116
133
93
143
57
92
127
8
120
129
112
92
122
114
101
130
7
113
124
105
117
115
96
148
120
6
136
120
115
116
107
84
153
127
2
156
122
115
149
153
125
88
137
8
120
106
135
105
135
117
111
114
6
85
109
100
134
86
120
121
113
7
100
115
149
66
127
145
113
114
9
134
114
133
157
149
117
111
128
0
124
76
113
120
126
122
167
134
6
105
92
101
103
117
108
96
115
9
147
160
112
129
92
125
136
139
10
138
131
140
130
119
80
122
132
5
110
88
125
108
121
83
128
116
5
129
113
99
86
112
113
108
147
0
112
118
147
106
120
148
142
139
5
142
91
106
105
134
152
91
160
10
108
119
96
112
139
122
127
127
9
121
140
121
133
129
120
98
126
2
110
108
121
110
135
115
134
95
4
108
121
124
118
136
122
153
93
4
125
150
106
139
114
106
116
133
7
132
103
119
135
100
99
102
105
7
82
141
95
128
152
91
107
114
7
120
122
99
87
138
129
121
99
8
81
154
126
144
133
94
86
115
3
100
105
125
74
94
150
109
158
5
126
101
78
73
99
100
112
115
1
120
84
133
127
117
99
135
92
10
116
132
113
117
136
154
152
111
8
140
84
88
113
130
139
97
141
3
78
105
80
145
111
99
79
86
5
90
122
100
94
136
113
93
136
6
112
155
98
134
101
102
135
91
7
122
115
163
141
127
92
144
99
2
135
123
98
77
124
155
119
121
8
140
140
120
93
160
126
120
125
7
108
106
119
101
75
111
135
86
8
124
129
107
92
122
96
103
88
5
125
92
150
84
147
114
106
65
3
121
76
123
103
122
120
106
113
8
126
117
146
136
115
154
133
124
10
108
157
115
142
123
168
117
129
0
121
124
117
114
99
140
134
147
4
116
138
154
116
128
89
102
137
6
104
115
99
57
135
115
111
132
7
120
131
149
129
113
127
138
131
4
140
133
98
126
142
92
123
126
5
119
121
127
121
109
123
129
137
5
124
101
108
150
119
135
139
136
10
148
95
100
132
120
135
107
95
7
126
92
128
158
154
122
88
121
4
136
130
122
106
115
137
95
130
8
128
153
117
104
138
107
138
121
6
82
107
146
86
101
124
108
99
0
84
115
122
111
115
117
138
80
7
107
107
134
114
105
108
146
73
4
142
128
128
127
123
121
121
106
1
90
79
59
118
105
121
95
83
6
87
88
122
148
118
143
141
99
8
134
133
125
111
77
126
136
112
7
106
73
138
149
116
133
146
127
1
83
107
134
98
113
114
112
115
2
132
101
111
121
135
136
110
135
4
113
112
94
113
79
121
126
100
4
149
86
133
116
97
126
113
116
0
159
108
120
125
103
128
119
124
2
120
92
125
90
107
95
112
140
5
133
148
126
73
104
106
111
106
6
75
105
142
152
119
92
99
155
4
135
128
116
140
131
116
150
117
5
120
133
75
136
115
93
121
128
8
97
93
106
127
114
110
100
121
5
135
74
145
79
129
120
81
96
9
141
123
143
142
128
97
119
112
8
134
120
117
135
136
122
111
145
5
100
135
126
113
98
123
92
104
4
116
107
112
126
102
163
100
156
9
122
114
118
116
155
119
130
43
1
112
119
113
122
84
108
109
136
0
117
136
106
156
118
98
127
126
0
112
85
129
104
139
171
143
149
8
84
79
119
130
88
149
106
103
2
115
110
117
137
84
96
106
122
7
113
128
81
137
114
137
126
142
3
84
101
136
113
110
105
111
97
1
125
101
100
129
136
129
115
113
9
149
67
118
135
133
79
139
86
7
133
113
142
113
109
143
115
99
2
140
136
113
100
146
105
129
110
10
141
136
130
109
128
90
101
122
10
103
135
164
147
115
98
126
120
5
147
106
133
159
121
120
93
121
9
106
92
98
117
110
99
100
125
2
122
121
101
110
97
151
100
123
8
121
84
101
142
111
107
124
114
10
125
108
127
155
129
113
144
121
0
115
177
110
127
121
154
133
120
7
64
84
69
128
135
99
84
128
5
122
133
81
119
144
147
113
113
8
100
149
148
107
123
118
91
141
7
123
120
92
161
127
108
113
126
7
115
116
119
104
100
111
117
136
0
102
127
133
98
108
129
130
93
2
104
142
114
102
135
117
132
108
3
101
124
137
85
153
123
114
105
9
123
125
102
166
121
95
126
150
3
133
120
148
132
113
117
163
93
7
140
107
120
134
119
87
123
128
7
99
135
141
142
123
142
98
86
6
122
140
111
141
106
143
156
103
3
107
142
107
122
98
94
117
106
3
136
113
93
110
149
130
132
127
5
112
110
114
125
78
79
91
112
9
128
55
102
88
109
87
120
109
6
99
65
114
115
142
130
100
89
1
106
92
122
60
72
128
133
134
7
134
118
110
104
123
115
133
98
5
126
78
87
101
153
84
116
121
3
129
122
119
129
151
152
121
119
9
128
85
84
122
100
94
147
110
9
129
78
120
96
78
99
97
93
7
152
134
112
117
92
135
113
77
1
86
125
124
95
60
98
124
135
6
115
120
109
92
99
105
149
121
4
138
99
99
125
113
129
148
126
3
139
116
115
127
109
113
112
119
9
133
122
136
112
176
117
117
136
0
107
119
122
100
107
130
123
127
6
140
112
126
138
98
92
115
131
7
105
124
119
79
91
110
155
116
1
115
156
108
105
89
147
129
105
4
93
98
125
99
90
112
139
118
6
121
160
106
117
88
103
113
101
4
120
129
118
92
92
135
116
109
5
113
120
109
99
93
121
132
107
1
125
113
154
108
74
126
121
143
8
146
120
120
95
93
123
101
111
8
138
133
137
142
122
121
134
141
6
111
102
73
112
118
83
154
128
5
136
118
117
107
126
85
108
107
2
160
140
185
103
104
120
155
119
2
109
100
123
138
89
91
141
121
10
109
131
113
98
107
121
152
136
9
127
121
93
142
98
98
99
115
3
135
101
115
142
94
136
128
112
2
115
112
145
91
105
126
140
112
8
118
115
92
149
97
126
107
111
3
103
132
108
102
120
137
156
99
3
127
128
84
83
91
120
110
147
10
93
106
105
113
125
89
159
96
3
120
126
134
74
115
116
80
110
2
105
108
116
127
168
116
121
93
0
129
111
130
96
92
108
102
127
7
149
106
123
109
122
114
147
134
9
162
126
133
91
100
97
138
155
8
120
98
141
95
108
63
93
136
9
97
76
95
114
139
98
129
110
8
98
113
100
123
100
129
162
112
2
107
96
119
135
111
104
98
146
2
116
103
128
129
107
132
93
121
10
101
93
125
142
139
120
119
133
9
132
133
85
114
73
127
112
116
1
114
106
92
107
115
106
117
129
4
153
100
110
119
107
98
149
98
8
107
136
155
135
119
121
80
130
10
126
147
146
152
116
90
135
138
9
107
112
96
133
121
114
88
134
4
133
90
114
102
119
104
89
102
1
93
91
106
93
125
92
107
121
1
113
118
105
134
112
121
80
149
8
113
115
124
137
74
114
137
143
7
126
133
114
190
114
111
93
86
9
114
93
115
135
112
144
134
104
2
136
119
115
127
119
133
115
92
4
114
137
159
114
112
90
90
112
1
112
107
168
107
141
126
105
87
8
155
105
86
82
120
125
140
126
3
137
80
138
98
123
142
120
86
7
108
104
128
171
147
128
130
136
5
109
118
108
145
102
73
135
110
9
111
111
132
106
133
128
125
96
5
93
120
111
99
135
80
121
103
6
134
142
93
98
102
156
98
106
8
148
91
142
86
115
117
101
88
7
109
102
113
116
128
113
107
104
6
86
114
132
107
92
176
141
100
9
113
110
95
117
109
149
98
92
4
130
127
129
120
135
103
120
101
2
97
98
100
74
90
135
94
121
2
69
114
112
114
110
82
118
113
2
102
126
124
133
106
117
108
115
9
127
115
120
125
79
127
100
105
2
128
98
121
125
127
117
92
114
3
124
147
130
122
131
154
122
122
7
148
128
79
145
102
70
129
113
2
102
99
129
103
69
141
112
134
2
124
128
120
113
131
138
136
97
7
101
83
118
126
100
115
121
97
9
121
90
119
114
120
103
114
80
10
76
112
103
122
122
140
145
123
4
115
129
85
107
92
123
121
96
1
100
106
92
135
101
113
124
114
8
127
110
107
94
126
134
113
136
7
108
133
125
110
116
129
122
88
3
127
127
122
121
100
87
85
109
8
133
109
101
122
78
112
143
114
5
121
121
94
155
99
97
114
106
6
91
115
106
116
101
114
112
98
0
121
126
129
98
143
86
85
155
3
98
94
122
109
115
147
139
124
2
136
108
122
117
135
115
148
127
9
159
134
125
113
140
103
111
124
4
63
104
162
113
103
136
89
89
2
106
108
100
85
126
102
112
101
4
90
157
128
128
113
139
134
122
3
91
115
129
134
66
106
71
124
0
115
134
91
123
160
139
109
137
8
127
108
100
114
95
157
113
118
5
100
135
138
115
106
92
124
107
7
151
135
139
136
140
106
106
119
1
107
130
112
119
132
114
106
92
1
111
91
108
97
144
136
142
133
8
77
121
118
114
122
119
123
138
9
105
142
132
99
90
148
122
120
3
86
111
113
130
124
92
92
110
9
121
127
92
116
87
113
98
90
8
105
131
106
78
118
100
118
114
8
155
106
137
85
142
121
110
115
5
106
114
145
137
163
109
92
108
4
105
120
155
106
116
150
84
127
0
149
106
96
138
149
87
99
143
5
72
145
99
112
121
78
128
97
1
108
105
136
99
131
91
92
80
10
79
134
119
121
135
153
127
126
1
93
121
139
93
136
99
115
72
1
129
127
103
84
154
99
122
121
7
174
150
114
124
129
93
94
122
4
129
136
107
127
127
142
122
108
6
86
90
138
136
77
135
134
115
8
95
121
120
82
148
123
124
103
8
143
88
118
125
112
100
105
136
6
146
104
133
105
125
156
104
142
9
95
132
95
95
122
126
134
114
4
121
106
92
112
149
131
103
127
1
127
135
114
124
100
150
127
122
5
104
134
114
123
119
130
99
158
6
91
135
121
106
125
105
78
72
4
121
128
107
125
108
133
111
134
0
107
121
144
108
79
158
77
127
0
115
141
123
107
126
90
92
126
8
112
135
113
128
128
127
113
121
8
141
94
142
106
126
122
104
106
4
113
104
151
107
136
120
116
108
2
97
114
96
130
109
130
105
137
6
136
135
110
108
114
97
109
151
7
88
134
125
108
98
142
128
99
5
110
110
111
92
120
114
116
128
6
87
121
115
72
90
116
150
113
0
106
86
135
113
113
123
106
104
4
104
133
112
148
133
92
119
100
3
142
127
124
123
134
78
108
123
5
99
114
98
120
131
113
116
113
8
105
92
129
106
85
68
120
135
3
120
150
141
119
126
127
120
113
7
129
157
108
100
128
103
115
116
9
137
89
108
155
117
107
128
96
7
120
114
140
128
123
103
126
132
4
115
120
78
106
128
142
126
125
9
134
149
131
133
111
118
66
106
9
126
94
115
113
113
132
136
136
10
124
120
109
122
141
128
122
112
4
114
106
89
91
108
156
127
106
0
134
99
159
147
131
92
98
100
1
145
128
119
133
110
120
117
143
0
113
79
119
107
105
113
121
67
2
106
105
97
127
79
98
126
143
4
86
131
128
142
136
117
74
147
10
102
133
139
105
121
138
110
136
3
130
116
94
129
116
100
102
92
3
129
137
114
121
135
116
142
149
6
105
128
91
113
105
97
101
113
4
73
148
142
99
145
118
93
105
3
119
118
73
123
138
108
153
138
8
100
149
142
69
92
131
125
112
2
123
71
128
115
84
155
152
119
4
130
115
105
121
113
106
85
150
9
132
106
96
129
127
132
113
114
7
114
123
88
107
111
119
119
114
9
78
100
133
98
128
115
131
108
6
164
98
147
110
127
129
89
126
4
134
135
133
130
104
98
100
122
6
140
119
108
92
120
92
105
61
1
139
121
124
111
132
155
104
112
6
122
115
140
98
113
102
91
108
1
108
100
114
113
120
127
128
121
4
128
153
106
148
124
122
134
134
8
122
140
95
141
129
139
120
135
5
96
86
144
108
77
127
114
119
5
120
161
126
106
129
100
144
106
10
98
78
117
128
110
83
121
105
1
129
115
127
129
132
105
133
129
9
108
151
81
103
135
74
140
138
5
124
114
128
146
114
112
132
143
0
105
114
131
157
161
122
97
135
3
110
132
95
132
129
106
128
116
1
139
112
109
146
108
136
94
132
8
126
118
146
128
134
108
128
111
3
141
107
109
116
143
106
127
109
10
110
131
96
111
93
148
155
108
2
82
105
147
134
129
119
135
100
5
100
153
120
161
99
125
101
114
4
98
131
74
118
133
128
114
104
3
106
86
114
109
136
109
132
128
4
140
106
121
134
131
131
107
83
1
142
149
137
129
116
142
108
115
5
117
133
108
141
125
146
101
129
4
96
134
138
106
121
126
153
114
5
151
101
70
135
113
113
103
135
1
129
107
118
134
136
96
133
119
4
158
135
116
92
124
133
142
97
5
159
135
113
87
115
148
148
141
8
91
127
145
91
101
102
127
97
6
146
118
100
105
98
92
95
127
3
127
112
136
138
120
115
122
118
6
103
129
142
152
129
137
139
106
1
133
118
91
77
121
102
132
147
9
142
103
144
142
115
128
149
142
0
152
121
125
102
97
114
100
148
9
100
112
116
94
131
92
145
134
1
86
108
142
121
101
149
116
107
7
135
148
151
92
106
121
65
120
7
111
105
126
135
140
125
123
93
9
152
114
133
109
149
130
71
146
8
104
126
113
90
134
84
121
107
1
127
137
87
112
121
118
92
124
2
135
125
85
108
89
106
96
167
8
142
133
111
97
108
145
105
85
10
113
106
145
114
136
98
109
139
2
129
127
120
126
105
120
146
112
2
138
137
89
151
137
123
139
139
9
135
122
121
96
104
120
104
133
8
109
128
97
107
109
112
99
113
9
73
97
102
101
105
98
128
143
8
121
146
113
142
110
148
95
143
9
111
98
104
120
113
106
116
107
4
113
83
74
107
127
113
100
146
10
118
126
134
125
122
142
114
103
7
133
95
103
150
135
105
105
112
4
141
107
148
93
107
107
93
138
4
122
121
97
127
92
121
139
105
3
136
98
112
125
122
108
142
120
5
133
104
149
94
111
101
97
137

