9
10
1
5
8
9
5
1
3
15
4
6
4
1
5
5
0
8
14
4
9
0
2
5
7
0
1
84
164
99
111
128
140
115
114
3
129
107
133
169
142
130
119
144
3
130
135
128
139
115
127
107
83
2
93
112
164
121
142
140
126
140
2
135
151
101
121
144
99
86
122
5
111
83
131
111
128
108
115
125
10
102
109
100
143
84
107
99
107
4
133
111
84
89
134
120
79
150
2
117
100
139
142
100
66
149
68
10
101
110
93
107
120
99
86
115
4
124
116
93
100
125
86
147
143
9
115
127
147
91
141
121
119
121
6
108
111
107
123
126
115
146
149
5
99
120
133
141
106
113
123
70
4
123
83
100
118
51
129
128
126
0
90
117
105
102
133
112
119
101
9
93
118
79
82
128
142
99
114
10
138
90
114
106
96
118
129
121
8
86
97
100
113
128
77
112
97
6
93
121
137
113
122
142
92
121
4
120
87
111
106
114
103
130
145
6
109
110
106
104
99
114
90
133
5
78
107
141
132
79
127
98
115
3
98
127
134
94
114
107
123
89
4
132
132
139
113
128
92
124
124
1
117
104
119
158
156
115
85
111
4
143
135
130
129
121
96
127
130
3
126
149
150
119
100
106
114
120
5
102
105
134
116
162
94
117
124
4
115
97
112
146
128
88
94
91
5
118
106
156
105
131
118
95
122
7
106
104
105
122
90
135
165
104
6
117
110
136
136
106
105
112
73
9
137
113
112
110
109
137
139
114
7
127
122
133
115
110
137
79
92
2
105
123
141
110
113
131
102
95
0
87
119
126
124
127
143
121
110
4
94
151
113
107
86
107
120
141
4
133
122
129
136
129
122
129
122
3
113
135
133
144
136
134
112
135
2
133
131
154
121
142
99
112
92
6
127
133
97
94
128
103
127
85
5
127
102
115
155
121
100
118
136
5
119
133
121
117
121
113
127
98
6
135
129
128
128
78
82
113
109
5
125
177
121
135
101
74
100
107
1
93
112
99
128
128
116
128
115
10
110
81
124
142
127
142
120
168
8
101
117
125
146
133
130
112
118
7
152
124
87
124
153
145
133
140
1
125
76
106
115
104
120
142
106
10
141
95
136
115
131
141
134
85
2
108
107
95
110
129
113
141
100
1
128
100
106
143
92
128
108
97
8
128
110
106
126
78
100
124
106
7
105
65
140
94
106
134
92
106
7
120
98
110
141
111
169
118
94
8
113
131
113
122
70
134
123
119
3
148
118
121
145
112
100
113
107
5
92
87
112
128
127
103
135
137
7
107
135
146
94
142
135
127
126
2
143
148
114
102
117
129
140
79
4
138
86
98
121
120
114
102
108
5
121
107
134
84
114
122
119
100
3
139
108
131
139
116
134
148
77
8
146
150
116
101
126
103
110
113
6
148
116
162
85
150
106
132
103
4
117
71
140
122
92
109
85
157
4
77
144
99
113
135
135
129
124
8
112
98
123
115
117
104
86
85
8
114
92
78
119
107
98
140
122
1
121
127
102
141
117
107
130
141
1
119
100
110
85
103
127
86
77
8
109
115
101
99
113
87
137
115
6
128
128
95
121
127
107
133
129
6
119
107
107
102
147
151
100
85
4
137
106
127
98
126
163
119
113
7
107
110
100
114
132
100
138
98
3
145
106
101
96
109
151
157
133
6
137
72
103
115
108
108
104
109
1
87
66
131
118
111
146
115
113
3
135
152
130
115
131
86
119
102
0
108
112
127
151
124
146
134
110
0
119
101
106
112
79
129
91
131
8
140
72
97
119
171
86
90
147
2
105
127
88
150
128
113
130
134
4
98
121
71
98
110
130
123
125
10
98
92
95
80
105
115
119
100
3
139
123
121
143
117
70
113
120
4
122
160
136
105
77
111
139
86
3
129
79
143
140
134
118
115
107
9
188
78
121
120
149
95
142
114
5
122
114
111
135
130
134
94
87
5
127
121
116
120
142
101
120
108
7
124
128
121
127
122
116
97
118
7
131
93
113
123
110
91
126
100
1
104
120
121
115
80
106
144
158
4
108
155
113
127
118
110
118
132
8
127
92
135
127
142
133
157
116
0
154
136
108
126
93
90
119
96
2
134
116
99
139
85
118
112
96
2
130
113
173
121
99
92
155
79
7
144
117
150
112
142
109
160
108
8
106
151
133
99
108
100
122
105
8
129
129
139
120
95
96
100
131
0
71
136
65
103
110
103
116
92
7
148
99
114
123
106
108
118
114
5
100
142
112
122
105
100
100
119
5
140
95
124
106
133
118
126
115
8
107
111
105
135
119
133
117
157
4
119
141
113
117
91
94
106
106
2
129
123
124
124
108
118
108
100
6
123
100
121
134
130
163
121
121
6
116
124
107
124
122
108
111
134
8
141
129
110
139
128
85
127
143
10
126
141
110
168
124
114
127
79
6
140
120
114
108
111
129
77
132
1
130
128
93
121
91
107
114
135
6
137
140
143
124
114
71
101
161
4
106
78
77
129
117
126
143
121
6
106
157
122
117
118
154
146
113
6
114
101
161
136
104
66
125
145
9
153
92
99
89
117
117
119
122
5
113
109
103
142
143
99
122
111
6
139
126
97
108
133
121
108
127
2
94
103
115
100
106
126
129
84
5
99
129
100
107
132
109
94
96
10
82
87
146
112
111
105
129
131
3
128
107
117
91
134
132
101
98
2
109
113
90
135
128
134
113
126
3
127
103
153
108
66
86
106
113
8
93
118
128
131
107
123
99
105
6
96
107
163
145
127
132
120
122
2
90
99
85
117
113
108
145
141
6
159
137
109
107
92
106
157
136
10
94
113
157
135
122
163
105
120
6
145
128
120
105
111
121
111
132
2
109
92
128
115
151
113
97
141
1
149
101
170
116
99
99
105
131
6
140
92
94
91
113
142
114
86
2
111
145
151
125
110
122
131
129
3
128
126
146
111
116
92
127
124
1
106
126
111
128
134
117
119
112
4
100
103
151
114
97
128
131
114
0
112
106
148
79
107
101
140
110
5
85
128
98
110
112
148
114
100
6
107
139
126
99
99
118
105
57
7
102
114
106
118
142
94
122
123
9
128
115
104
140
128
126
132
120
2
124
121
152
100
89
128
148
122
4
111
114
136
127
107
101
113
106
6
97
114
113
107
138
129
132
92
9
127
106
114
92
110
126
122
111
6
146
85
128
124
120
139
111
101
7
111
113
122
128
125
100
159
127
7
102
115
102
102
134
102
127
108
6
87
164
154
129
98
115
99
134
4
113
124
111
86
105
106
129
135
6
116
110
103
148
92
100
131
141
4
100
78
131
122
141
123
109
127
5
124
102
107
93
104
155
117
133
1
122
108
99
132
107
128
107
106
6
132
134
68
72
128
101
108
127
10
127
130
119
96
109
115
119
127
6
112
121
114
133
128
142
111
115
4
108
91
83
103
135
112
124
133
1
122
127
112
120
92
110
157
121
10
120
113
84
109
162
125
154
147
2
149
99
133
112
113
133
119
104
4
118
118
91
110
102
91
128
123
4
157
130
141
123
103
128
111
117
5
131
89
99
127
150
120
149
135
9
146
107
96
133
100
117
101
94
4
134
140
127
134
153
121
139
122
8
116
105
100
90
128
133
118
105
7
98
67
135
130
119
115
99
112
6
121
116
139
163
142
98
128
73
7
141
122
131
134
109
122
131
91
2
135
141
120
121
135
121
132
119
6
122
119
134
124
98
140
143
103
5
135
152
127
150
128
129
135
107
4
114
126
121
106
88
102
125
126
4
143
104
143
109
103
169
126
100
4
71
135
96
99
107
110
123
127
0
140
101
91
137
112
97
127
127
7
135
108
99
126
80
128
118
127
8
126
119
80
102
118
126
104
172
9
79
129
99
107
109
101
118
100
6
118
80
140
154
85
125
66
122
5
72
111
119
128
127
119
95
121
10
117
161
97
115
139
116
98
105
6
109
128
95
122
106
127
128
105
4
86
123
128
129
119
102
123
114
4
113
134
117
108
134
86
114
92
7
135
113
87
165
100
119
88
119
3
120
95
97
121
64
134
138
106
3
140
137
149
134
98
105
143
147
3
136
154
108
114
129
74
82
124
7
96
126
109
107
60
123
111
99
5
115
122
78
97
100
105
127
141
9
113
110
116
95
94
141
99
105
9
132
116
122
101
133
114
113
143
6
136
99
140
113
103
114
107
122
1
145
125
117
122
113
91
142
121
5
95
107
112
116
112
132
147
146
4
127
86
84
82
159
78
142
121
10
106
109
163
127
114
87
155
100
9
125
92
115
100
108
158
118
112
3
185
78
135
134
134
134
127
118
9
91
135
112
78
135
129
120
115
8
106
155
113
143
112
142
120
93
1
127
112
113
143
142
134
140
141
5
133
128
96
109
123
84
109
94
6
113
102
137
133
111
122
153
119
5
122
130
121
96
103
113
110
111
1
109
113
138
119
92
104
92
122
7
120
128
140
106
120
147
91
141
6
135
121
135
127
91
120
124
115
1
82
144
95
101
121
146
76
121
2
117
119
103
102
105
113
93
114
8
119
111
134
115
91
124
104
86
6
92
123
143
113
107
100
106
109
5
85
106
108
101
139
101
136
119
5
126
121
114
135
134
132
134
89
8
138
128
129
121
127
105
116
92
8
144
121
124
132
120
164
88
108
5
123
157
141
102
107
132
101
107
7
125
114
131
114
127
108
113
88
4
141
129
91
149
144
106
111
118
6
109
140
147
116
114
122
123
128
7
126
152
114
153
129
121
85
114
3
101
126
144
140
112
113
147
126
7
98
113
106
115
75
135
122
134
6
111
129
83
110
88
91
108
119
9
122
139
119
93
128
156
142
148
9
125
109
86
117
134
106
108
125
2
95
129
135
114
111
154
107
101
10
113
108
116
84
80
127
114
125
0
118
127
134
147
98
141
123
147
1
107
106
119
128
118
92
153
121
2
120
161
120
101
121
90
82
114
4
128
117
151
119
93
143
110
114
5
127
135
109
128
128
92
111
114
8
117
81
96
108
149
119
111
99
8
143
137
124
94
140
121
158
102
3
105
152
132
91
106
119
100
79
3
144
150
114
126
83
99
143
108
2
99
96
81
113
88
100
102
80
8
138
110
132
118
101
128
121
133
0
139
117
138
120
142
116
126
93
8
83
108
84
109
122
103
124
86
7
156
156
126
131
93
107
120
112
7
137
79
111
105
93
84
119
119
2
139
112
101
105
126
115
88
116
0
74
107
86
135
95
82
127
120
8
117
118
70
141
133
144
145
120
5
105
127
127
113
108
126
161
121
1
155
73
130
115
99
124
128
106
7
91
113
123
122
96
91
133
138
4
104
151
120
84
126
122
93
172
4
86
100
142
103
107
159
108
115
7
114
126
111
106
112
136
112
112
10
133
136
109
112
101
79
123
78
3
152
136
123
113
114
125
107
122
5
110
81
105
138
127
110
129
100
4
117
120
115
122
91
105
106
126
3
133
146
120
155
80
92
48
126
3
146
85
128
129
116
109
133
128
1
109
148
134
115
98
92
117
119
6
97
92
139
121
135
127
133
120
7
113
119
133
119
150
118
143
129
8
101
97
135
108
118
120
139
114
9
142
146
102
100
99
107
131
121
3
93
104
112
94
93
98
53
136
8
102
128
122
65
128
107
127
125
9
133
84
139
116
134
119
119
92
1
126
127
92
119
130
120
97
134
1
121
137
121
133
157
131
142
105
7
142
127
94
107
116
77
132
113
3
123
100
113
126
139
84
114
149
7
143
121
133
106
108
142
110
140
7
129
135
118
134
72
128
150
128
1
128
126
114
149
108
105
149
112
3
107
121
113
105
89
114
110
97
9
99
102
126
84
121
129
138
122
3
66
125
122
102
94
115
106
110
5
139
79
142
121
126
136
92
139
3
146
107
129
92
97
132
122
149
6
93
119
107
163
119
149
87
111
4
135
115
101
130
105
105
98
96
3
87
120
121
137
113
116
84
98
2
83
98
82
135
128
139
115
111
6
149
104
132
128
141
107
122
162
9
128
86
130
128
142
140
92
92
7
120
93
118
117
131
122
164
107
9
144
125
83
132
125
126
105
108
2
103
89
150
68
130
120
114
118
8
94
105
136
110
117
154
121
114
8
99
101
121
106
127
113
112
146
5
97
80
134
108
126
110
137
140
7
94
108
107
106
113
127
92
123
9
126
115
116
128
109
152
105
128
7
121
98
96
135
103
84
68
115
6
94
116
106
155
120
96
127
127
5
128
126
94
105
122
105
135
119
9
106
105
122
130
124
99
105
119
4
143
86
111
101
124
123
143
125
1
105
77
138
157
105
65
126
87
7
106
100
121
112
91
106
128
134
2
125
109
98
107
101
136
91
71
5
143
136
105
133
112
104
114
89
9
104
114
133
101
82
119
86
104
8
121
93
108
133
80
119
136
130
6
108
115
92
105
123
148
86
124
7
134
161
145
124
110
142
116
157
2
121
141
132
121
134
116
104
135
0
126
114
141
128
86
131
92
142
7
157
139
94
101
132
102
120
108
10
114
122
92
122
157
115
113
99
8
130
121
111
120
121
135
112
107
9
114
120
106
155
97
106
97
117
8
92
118
128
147
105
120
91
134
0
105
124
118
129
148
139
98
86
0
126
120
141
109
142
129
80
134
1
118
98
94
122
133
98
128
113
2
115
57
136
110
106
99
139
88
0
83
129
155
140
134
142
83
106
9
121
113
109
107
113
147
113
99
8
135
121
92
157
120
93
113
100
7
100
94
119
120
134
116
78
107
7
124
112
104
104
112
142
73
140
9
132
124
99
112
112
92
104
137
10
112
110
143
93
131
100
103
89
9
122
120
111
104
132
143
133
99
8
115
115
122
121
134
157
96
146
9
92
105
148
88
90
120
103
103
10
124
107
125
128
144
78
101
132
1
135
131
115
125
115
111
99
111
5
65
110
117
106
126
104
106
141
1
125
133
126
127
112
139
127
130
7
94
120
112
90
151
115
103
113
8
114
134
138
85
106
112
106
120
0
155
127
124
79
117
127
159
92
8
110
92
141
143
131
128
97
117
10
124
139
120
113
109
111
114
108
9
132
158
135
110
117
112
112
95
7
88
128
121
99
108
114
140
110
2
71
80
121
93
134
130
101
141
6
107
99
141
142
110
113
126
105
3
70
133
145
97
117
89
95
94
6
94
83
86
87
89
157
119
145
4
112
111
96
77
122
115
124
136
9
126
107
89
89
116
94
121
93
5
133
112
100
103
110
80
142
135
0
125
96
104
111
118
119
150
90
2
128
110
136
105
94
105
108
129
4
117
120
105
124
118
99
144
129
10
142
127
101
105
124
146
92
124
2
132
120
82
107
150
109
142
51
2
136
94
102
120
157
130
114
120
7
116
126
117
139
135
117
156
106
4
110
126
130
75
130
116
144
106
10
111
116
113
133
131
119
81
120
10
106
82
111
106
94
127
106
109
9
132
120
129
103
124
120
137
134
7
113
107
102
115
122
115
136
85
4
142
115
126
93
131
106
113
124
5
153
84
119
120
117
100
146
162
1
111
97
114
100
127
108
101
142
1
119
113
114
108
111
80
122
115
9
121
127
95
101
113
105
119
118
9
99
128
101
83
114
149
122
99
0
79
112
146
98
111
127
109
142
2
97
101
150
110
100
116
131
97
6
141
146
91
101
128
167
99
118
4
128
100
91
129
136
143
114
126
7
117
128
101
108
100
126
131
118
2
144
139
112
109
120
115
127
121
1
115
148
93
115
118
123
126
133
3
106
141
161
98
103
104
153
120
5
114
113
71
136
127
84
96
107
9
105
86
155
121
122
119
119
158
10
142
121
113
108
93
112
125
110
0
109
103
107
117
93
118
121
125
3
109
86
86
154
98
93
128
110
2
121
113
127
139
94
106
131
127
5
139
101
137
122
94
52
133
71
1
122
94
121
149
113
127
85
127
9
100
105
133
131
120
121
96
120
6
142
103
134
125
92
45
142
77

