11
8
2
1
8
9
7
4
3
13
4
4
8
2
8
4
6
7
15
1
5
0
10
7
1
3
8
160
129
108
113
127
101
112
133
7
100
124
114
108
111
155
106
100
1
91
107
124
108
138
144
136
140
2
143
113
112
96
90
106
110
126
6
120
129
129
96
111
121
103
101
0
114
105
121
155
114
135
139
129
5
158
84
121
122
151
109
116
150
2
93
120
106
118
76
140
142
97
7
105
128
126
99
144
116
101
140
3
116
121
111
156
116
119
126
127
4
127
127
116
100
124
116
119
108
7
67
115
121
145
129
91
110
139
7
113
126
93
115
126
125
120
149
7
123
74
123
164
127
104
134
112
2
142
148
146
113
97
120
89
113
7
64
130
127
114
114
106
147
89
7
127
83
142
112
100
101
84
128
6
110
141
149
92
155
116
127
133
6
96
139
128
121
129
107
120
60
1
156
107
113
137
150
87
117
115
4
94
112
142
139
97
99
74
147
7
120
130
149
132
141
115
108
119
7
142
112
95
121
146
108
113
117
6
118
138
130
135
104
127
128
127
5
79
138
124
96
109
106
97
113
0
160
126
111
121
134
123
100
67
7
128
122
124
110
130
142
116
91
9
144
107
93
115
125
135
105
122
0
105
118
100
106
140
100
126
113
1
123
101
142
134
116
130
96
113
2
100
136
142
117
100
128
128
170
0
128
129
108
122
113
127
125
108
2
123
78
96
140
110
108
109
63
6
103
110
127
105
146
131
149
123
7
107
127
87
92
100
97
121
129
6
114
102
98
115
107
71
131
120
4
106
107
122
116
104
86
113
111
3
106
94
115
123
100
101
134
150
2
113
149
107
97
87
124
120
113
0
92
130
159
156
103
99
109
142
5
98
80
111
95
134
71
110
117
6
89
127
105
117
112
141
100
78
2
121
109
142
106
143
128
114
117
7
117
123
102
136
121
155
114
127
9
129
107
126
133
93
98
127
111
3
94
110
105
127
99
133
108
133
4
124
108
114
103
109
116
118
115
4
130
108
115
125
141
92
133
127
0
115
129
137
127
136
85
107
159
5
101
131
99
135
133
114
140
118
7
118
142
103
140
103
170
138
109
1
113
79
111
121
126
119
93
91
6
121
142
97
72
129
145
122
101
8
127
124
155
94
109
123
129
120
9
114
115
123
90
152
105
103
109
9
113
121
128
107
120
116
113
116
7
106
90
105
119
129
134
121
123
6
120
144
98
120
140
138
149
107
8
118
121
97
133
107
138
152
140
1
92
138
122
93
144
149
92
113
7
127
89
122
112
107
98
147
90
3
105
139
134
120
143
130
115
101
7
79
149
151
118
116
142
118
120
1
124
134
109
87
79
131
144
78
8
111
88
137
83
108
126
121
112
9
79
106
145
101
85
147
101
110
7
88
92
112
115
146
107
109
114
3
133
120
106
120
108
128
129
129
5
114
128
103
96
116
101
134
102
4
119
117
128
157
107
108
131
93
0
121
132
140
98
156
120
119
106
3
97
129
120
100
113
149
99
126
9
114
118
144
116
91
125
115
134
3
125
137
140
97
117
78
107
101
7
128
106
116
121
128
141
131
143
8
113
103
98
124
122
114
127
92
2
104
97
134
127
94
114
107
112
9
135
87
135
144
139
121
120
128
9
140
134
127
99
118
156
114
121
5
141
135
108
73
127
87
116
136
9
111
92
92
99
140
86
137
104
9
113
99
126
119
121
87
135
127
5
150
106
155
106
91
100
149
115
5
96
90
144
148
113
126
108
59
1
115
110
114
141
121
101
86
108
4
128
122
106
128
139
119
108
104
2
83
103
128
113
186
123
107
130
5
94
126
123
117
101
143
97
122
6
149
115
173
108
118
148
149
106
7
136
117
94
84
125
112
133
105
2
124
133
112
132
107
121
117
125
7
156
108
141
92
120
94
113
115
8
104
114
87
113
117
99
92
147
8
110
138
121
80
135
92
136
108
1
164
113
122
129
139
101
179
126
3
100
100
143
103
156
99
124
94
3
78
119
149
109
159
104
100
146
5
95
132
160
126
150
100
136
114
3
105
128
162
99
99
162
108
127
6
138
121
96
109
107
130
99
100
3
144
141
125
84
86
117
114
128
1
126
92
98
134
111
131
146
100
1
120
111
89
91
94
115
134
121
6
143
149
84
134
109
120
121
90
4
119
122
99
149
127
107
115
107
6
128
119
114
117
94
99
118
118
3
136
114
120
123
98
120
141
141
6
114
126
128
146
126
112
113
135
8
103
127
169
99
163
75
75
115
1
106
100
142
94
112
143
80
154
1
119
111
97
144
127
127
92
118
9
112
121
141
123
119
119
105
117
5
133
140
107
128
120
121
145
126
4
131
120
107
116
121
155
135
100
8
130
124
162
106
114
129
81
113
7
98
88
128
99
119
142
67
95
2
125
110
125
101
123
125
92
103
2
114
115
117
92
120
76
141
138
2
145
99
103
148
113
118
108
115
5
125
139
119
123
99
158
127
113
5
90
84
96
98
141
125
155
87
6
106
150
81
111
123
102
113
129
7
112
147
76
114
121
100
127
127
4
102
101
97
101
124
123
127
136
1
141
95
100
150
99
133
93
97
2
120
108
131
106
132
97
140
120
0
129
152
126
107
143
95
101
106
1
99
135
135
128
89
108
116
94
0
100
141
126
112
106
119
116
89
0
110
130
161
148
189
115
121
149
5
112
130
163
85
134
144
84
108
1
137
100
110
98
170
114
140
108
8
92
130
127
114
100
149
105
82
3
156
135
113
129
146
120
85
106
1
130
135
114
133
141
120
133
112
0
114
89
120
91
90
142
107
99
5
120
80
91
154
120
121
121
134
9
79
78
134
135
132
127
167
126
8
126
136
117
156
107
123
119
125
6
133
93
122
123
86
119
71
107
1
107
132
127
138
72
134
106
138
7
114
155
148
94
108
157
137
162
9
128
152
126
141
112
116
121
122
5
86
94
96
117
109
94
125
76
3
143
164
137
150
143
102
131
110
3
139
113
113
85
108
136
107
120
8
113
106
127
121
149
131
102
121
8
138
128
89
115
113
121
136
117
10
141
112
122
127
126
156
110
98
9
104
122
111
82
105
138
126
122
2
142
136
95
150
132
112
146
132
4
114
142
133
142
107
114
85
97
6
95
122
92
110
141
99
149
117
7
114
136
96
107
101
150
137
122
6
113
128
116
110
103
160
135
120
4
92
113
143
103
117
92
148
85
0
135
120
93
118
111
136
85
109
2
113
132
127
87
147
114
126
82
7
133
128
144
104
97
142
124
105
4
131
127
81
116
113
118
139
134
3
115
177
104
124
135
107
107
115
5
119
108
99
84
114
65
104
135
5
96
89
132
114
92
121
93
93
1
98
123
119
87
129
135
106
128
2
107
127
85
146
98
91
159
92
1
134
127
142
149
99
125
128
110
1
130
134
118
119
116
132
147
114
4
105
98
72
127
121
142
109
106
1
136
118
117
121
145
110
106
91
9
123
140
109
121
104
87
95
142
3
124
116
80
121
130
102
122
129
10
103
99
113
100
123
59
101
135
0
99
99
107
105
118
124
116
108
4
111
142
121
127
108
87
88
114
5
120
77
150
142
100
122
96
95
0
136
120
114
140
126
130
115
78
1
137
126
141
133
128
110
147
126
9
150
120
147
109
128
148
137
125
10
106
95
128
139
108
66
127
139
5
118
125
100
113
107
119
107
143
2
157
147
107
176
147
120
85
144
5
151
140
100
140
134
100
111
99
6
123
111
144
105
137
130
99
119
2
146
95
140
107
114
156
94
130
10
85
131
135
130
105
99
134
85
7
127
123
123
132
109
142
127
128
7
119
132
136
144
132
104
141
128
4
135
99
92
110
130
109
77
120
1
142
118
86
108
112
94
121
133
4
97
108
119
115
160
100
113
120
5
109
109
126
131
94
143
113
128
4
105
148
163
103
108
119
101
114
3
131
147
108
117
115
156
107
120
6
140
146
105
176
92
129
140
98
9
113
116
135
118
125
134
102
100
3
125
148
91
137
125
110
120
120
8
98
128
124
106
112
108
126
112
1
90
120
111
83
119
120
98
124
10
81
151
134
114
90
146
102
98
2
138
116
102
117
134
108
99
116
1
125
92
97
78
134
85
114
119
0
127
111
106
125
102
116
90
129
0
107
113
119
135
131
161
123
86
9
111
108
141
126
128
129
100
106
8
97
152
91
128
109
82
85
115
3
143
135
69
86
134
80
155
132
0
125
135
122
148
131
109
105
83
9
121
115
99
127
107
150
190
121
3
105
111
159
86
116
125
135
112
1
89
136
153
95
128
103
137
141
9
123
131
106
113
82
86
120
130
10
126
112
134
127
122
139
108
106
4
72
116
150
91
113
110
156
117
9
103
101
80
127
112
115
101
106
2
114
88
117
121
110
101
129
96
2
122
86
156
101
95
108
89
119
1
117
116
126
119
130
107
145
158
9
144
129
88
104
114
113
117
151
10
123
105
92
117
116
101
139
106
7
129
114
99
108
135
136
124
108
5
119
118
124
112
94
133
134
101
2
121
133
157
118
113
129
154
123
2
105
120
134
120
172
95
96
92
9
109
135
96
106
88
143
122
106
5
102
94
113
147
108
133
109
107
8
115
156
117
158
127
140
155
114
6
135
126
156
122
106
114
114
133
1
117
93
112
133
132
106
119
120
1
98
132
120
98
138
98
139
108
3
120
137
134
137
77
123
111
145
7
133
115
137
129
79
107
133
115
1
93
107
94
124
110
115
104
92
4
139
169
140
106
92
113
99
121
7
120
107
101
108
134
120
64
140
5
111
118
134
135
131
114
128
106
8
101
106
150
119
89
109
114
137
5
123
78
122
115
105
83
126
112
9
147
58
132
141
125
151
108
119
6
154
127
129
112
101
109
184
104
10
112
135
140
122
101
114
116
134
7
117
99
112
123
113
107
101
118
5
123
105
80
118
106
112
135
102
8
81
115
107
151
129
121
120
139
6
120
84
131
111
93
96
91
149
9
156
128
128
125
103
124
134
133
2
113
96
96
75
144
135
105
166
10
115
138
156
136
136
104
98
134
1
108
111
108
115
94
157
128
78
9
120
148
149
121
102
127
119
98
4
113
95
120
151
92
115
127
99
8
135
155
138
124
106
156
133
141
2
119
129
143
138
112
121
120
78
10
138
99
127
100
98
101
121
99
2
106
155
156
110
126
132
96
92
1
92
96
72
107
133
89
118
106
2
139
114
68
101
89
113
126
103
2
143
126
107
126
128
111
134
114
1
105
98
105
109
100
153
119
110
4
122
132
126
133
134
108
109
140
9
146
92
165
106
109
106
62
116
7
133
119
141
77
93
101
110
134
5
132
106
127
127
90
100
100
129
2
78
127
128
118
109
92
128
142
6
109
92
97
113
108
125
122
115
6
138
102
130
130
110
85
112
125
6
124
86
117
122
97
111
140
115
1
131
91
126
106
114
99
135
133
8
119
120
104
106
114
121
134
107
7
148
138
101
119
145
145
84
127
8
137
131
101
111
104
134
114
107
10
146
126
140
148
147
122
114
115
5
174
136
72
147
89
117
110
86
6
156
121
117
115
84
93
127
122
3
120
127
98
173
112
104
124
121
9
163
79
119
108
119
137
127
116
2
120
113
61
109
98
117
137
143
7
122
98
147
115
92
92
71
87
1
145
127
142
136
140
135
121
117
5
131
127
85
85
100
130
92
130
5
79
80
90
84
106
134
106
117
9
113
99
98
140
87
132
128
135
2
103
157
152
92
113
117
108
114
4
169
124
105
108
101
111
135
142
6
103
126
146
117
125
138
113
103
1
130
127
108
85
145
132
93
115
8
101
142
127
127
100
122
157
113
5
155
104
90
95
101
131
101
143
3
140
106
126
99
122
112
116
115
6
107
114
112
143
120
112
100
133
4
121
149
100
100
121
97
89
95
2
116
148
130
148
128
132
78
118
2
115
148
101
87
125
111
105
78
5
124
135
117
136
120
126
140
141
7
106
106
73
118
121
90
108
110
2
105
88
149
117
118
149
116
97
1
107
81
143
85
120
118
127
108
8
98
135
125
156
96
77
150
152
6
100
144
118
106
90
114
125
113
7
113
96
128
110
85
112
127
111
2
148
111
128
149
81
99
118
99
8
93
98
132
149
121
95
96
69
10
163
77
128
142
115
110
148
107
4
94
98
107
133
75
135
107
119
9
120
99
101
144
120
127
117
64
2
121
121
129
120
105
106
100
123
9
119
165
109
90
122
117
111
117
0
154
138
103
138
129
101
93
130
0
93
100
111
106
113
130
117
140
4
120
121
100
120
142
114
135
129
7
91
100
136
103
101
100
99
129
7
106
87
107
86
113
139
85
105
9
106
93
148
140
97
100
100
128
6
133
107
147
92
123
99
177
141
5
128
121
136
116
149
101
123
102
1
97
141
128
149
84
142
96
148
7
88
106
121
123
125
111
168
115
3
100
99
94
121
91
98
137
99
5
113
147
99
108
140
91
109
107
1
132
107
108
64
129
125
135
129
3
112
116
107
128
104
149
92
86
7
128
113
120
80
101
126
89
116
6
181
107
107
103
97
107
107
148
7
122
97
100
120
113
135
164
119
7
83
122
122
86
121
111
133
115
3
141
85
141
99
99
130
99
131
9
90
115
139
111
103
97
106
102
2
117
135
112
96
117
90
132
95
4
102
96
87
115
79
118
144
136
3
115
72
123
65
153
112
114
122
9
128
81
148
143
134
70
116
133
9
63
123
106
61
126
86
113
125
3
129
131
86
158
146
97
98
150
8
115
72
87
117
118
91
107
105
5
117
159
127
95
121
86
135
114
0
127
136
101
101
120
102
108
102
8
157
102
123
132
136
94
134
134
1
90
114
142
122
112
114
134
129
4
132
87
145
117
128
88
111
105
8
85
104
134
126
106
137
137
127
9
100
105
107
127
93
94
146
146
6
141
95
92
113
148
104
157
131
7
139
131
106
108
82
111
135
111
2
113
147
136
97
87
113
110
114
1
113
127
103
99
153
106
86
150
5
127
95
111
125
107
121
78
93
9
146
138
127
108
137
123
112
138
9
55
64
110
136
87
132
119
110
6
136
96
116
106
134
147
120
122
3
116
171
121
97
162
123
137
117
3
109
106
121
118
114
123
156
113
5
118
120
109
134
122
103
136
138
4
134
135
120
133
101
99
111
121
4
122
99
103
110
149
128
156
112
8
110
125
143
92
91
108
102
133
10
129
120
99
115
123
126
97
111
9
100
102
101
107
137
117
142
59
1
133
78
91
133
119
128
113
132
2
159
116
142
112
128
131
140
115
6
83
87
120
112
143
107
134
135
3
103
126
106
103
163
99
118
106
0
100
125
125
129
72
133
150
136
1
101
126
92
91
137
102
122
108
3
107
102
128
112
127
95
136
106
2
141
127
141
114
127
122
92
111
3
114
131
121
143
107
114
157
110
8
102
124
78
85
101
136
112
77
2
127
114
133
179
132
97
99
128
4
146
128
120
106
106
141
108
69
10
87
119
121
121
140
99
106
129
9
144
124
130
141
131
135
84
115
7
84
104
128
130
89
133
106
136
2
78
99
110
141
113
86
113
153
4
133
97
88
140
134
121
123
106
6
131
149
81
127
93
105
139
112
7
117
120
131
139
101
60
144
136
5
99
126
134
106
105
112
131
107
3
93
137
131
154
124
112
143
142
0
85
112
130
118
99
138
133
115
0
88
121
142
110
100
104
119
134
7
142
128
82
84
140
99
144
126
6
110
87
114
100
118
100
99
98
6
112
111
109
135
111
121
131
106
1
93
152
83
133
110
163
120
152
4
108
55
108
118
136
128
118
91
6
115
101
99
98
128
114
100
90
6
93
115
133
124
105
101
112
121
5
123
161
143
72
116
142
80
100
3
127
91
91
102
125
113
134
126
9
98
113
127
121
106
97
112
117
8
126
157
136
72
120
140
72
93

