13
4
4
1
5
1
6
10
8
16
7
7
0
3
10
2
7
4
13
5
5
3
5
1
9
9
1
98
130
113
117
105
111
101
127
3
125
132
134
120
127
114
100
90
3
141
140
138
102
121
118
96
100
1
99
138
108
141
101
79
105
131
6
127
107
102
137
109
111
96
133
9
128
125
99
130
122
152
63
114
0
144
105
119
115
93
134
118
116
5
98
86
113
101
126
121
118
116
9
128
87
114
93
105
108
124
86
3
126
154
84
140
139
135
87
104
8
100
115
122
107
155
130
74
114
9
138
116
146
123
101
99
118
133
3
109
115
104
122
85
135
130
112
5
133
111
88
85
93
148
149
125
6
95
96
131
84
126
122
113
112
1
101
94
106
119
132
127
85
134
2
112
83
136
136
106
126
171
106
6
126
129
131
131
143
128
150
135
1
123
119
81
87
87
96
126
119
10
148
125
119
91
115
105
154
148
8
132
98
118
117
116
118
100
121
10
122
106
116
59
96
107
94
140
9
120
142
111
93
99
106
133
159
5
111
118
128
94
126
76
125
88
3
109
127
125
120
112
100
134
86
1
126
84
105
119
146
93
103
109
7
101
140
113
92
166
130
109
112
9
87
84
141
162
92
140
133
123
1
125
114
86
104
156
130
121
114
5
143
112
96
98
122
120
135
136
5
112
141
133
127
135
126
85
132
0
137
113
128
92
145
109
141
134
0
122
103
94
106
119
136
97
112
3
93
102
139
150
118
158
128
131
4
118
126
113
118
96
147
112
105
2
114
140
120
125
107
88
100
128
6
148
115
120
81
111
142
129
83
6
122
127
150
92
73
131
113
92
2
142
148
99
116
91
121
126
134
9
93
113
128
90
100
117
135
127
3
133
118
122
107
83
102
137
130
8
136
98
107
106
156
78
115
113
6
121
112
82
98
109
120
93
85
1
145
115
169
148
162
89
134
113
9
123
121
157
91
172
122
148
125
8
117
119
121
114
130
111
94
118
6
169
149
141
107
98
108
91
122
4
104
101
154
115
112
75
142
133
2
125
127
120
113
129
107
87
132
9
101
139
94
100
116
114
104
128
6
120
118
102
81
106
109
120
118
0
118
134
116
105
98
93
71
128
8
140
105
84
127
99
99
100
76
4
91
127
92
105
84
133
117
114
6
136
145
107
138
113
133
114
120
1
111
109
119
100
91
122
127
113
9
108
126
99
123
117
116
103
149
5
135
88
107
122
120
115
139
120
3
130
118
128
136
124
133
103
142
7
123
106
120
93
89
174
87
99
3
122
107
110
126
131
132
120
147
6
101
132
94
127
127
127
107
119
2
104
117
151
136
141
142
135
122
3
117
112
85
114
124
78
131
125
2
119
151
127
93
105
121
79
92
6
143
109
118
102
125
92
127
140
8
107
104
104
94
121
151
132
135
4
114
96
119
128
116
107
133
113
8
96
113
85
162
134
94
128
100
2
115
126
120
160
120
143
139
141
4
106
114
114
132
72
130
105
82
5
104
100
107
104
123
91
136
100
6
98
107
132
150
156
121
117
113
7
114
122
137
126
77
99
98
93
5
129
115
131
93
116
77
82
122
8
126
118
85
129
129
121
142
161
6
107
121
114
114
113
106
128
111
2
125
96
142
112
132
112
128
78
5
108
114
93
132
136
146
157
116
1
98
103
132
114
148
80
78
106
3
124
137
85
78
95
143
113
156
2
102
81
136
136
122
94
125
131
4
141
75
93
94
129
121
126
93
2
85
66
79
144
142
126
103
112
8
98
146
140
135
118
142
175
134
4
156
95
146
105
98
107
124
110
1
119
108
67
132
84
103
130
105
10
114
120
113
101
103
116
128
87
9
112
121
120
81
115
140
120
99
9
72
109
105
103
92
88
130
111
3
120
136
156
130
113
126
102
110
3
146
134
126
114
96
80
111
112
8
155
138
115
81
170
135
149
117
0
148
99
116
146
108
141
134
109
6
105
115
142
129
72
103
94
103
6
98
134
130
123
132
85
125
136
1
138
122
103
122
126
105
127
84
9
119
113
104
103
107
128
117
89
8
120
136
137
128
131
141
100
170
1
103
107
121
115
89
134
82
117
9
117
129
114
123
113
75
109
131
7
108
114
97
98
123
134
134
106
2
117
118
133
105
120
126
114
130
8
108
92
120
144
162
110
117
117
2
98
134
98
127
156
107
121
137
2
128
121
155
91
79
122
110
93
0
121
98
123
124
130
110
154
109
6
110
85
117
81
147
125
143
94
3
118
123
150
133
154
102
98
112
2
114
112
124
103
130
126
119
147
9
90
122
93
146
108
126
118
120
4
105
100
133
129
129
84
114
139
5
85
124
125
110
116
118
98
89
2
119
98
126
69
107
101
105
112
2
112
141
162
123
137
94
135
107
7
99
110
157
126
150
129
122
119
6
126
144
91
134
129
162
98
106
9
120
122
113
105
121
131
115
103
6
99
112
120
136
78
113
152
107
1
122
124
98
82
121
118
80
107
5
75
113
133
103
148
124
120
99
9
108
98
132
131
130
100
101
115
6
116
120
95
98
135
118
121
111
6
107
113
99
98
88
86
127
98
8
116
123
148
102
123
78
88
122
10
134
78
77
113
111
83
89
107
5
114
120
88
140
79
108
128
108
4
107
110
117
98
160
139
122
149
9
152
141
108
144
101
143
123
115
9
111
86
126
143
143
120
120
123
8
127
124
86
124
142
90
136
140
6
86
119
123
107
141
127
141
107
8
141
145
113
119
70
119
108
93
9
93
116
153
131
131
78
130
103
1
91
97
109
136
141
134
128
133
6
113
124
122
87
149
104
92
121
3
120
100
77
149
111
121
115
136
2
142
104
117
119
114
142
165
82
2
146
173
114
130
98
114
120
135
7
136
135
112
81
121
149
113
106
4
121
114
127
107
123
126
121
88
5
87
123
114
133
79
119
94
103
1
130
148
139
119
111
98
147
92
8
119
130
164
118
101
114
154
106
1
100
156
109
120
139
147
112
99
10
119
123
144
107
111
63
132
93
3
127
122
112
122
149
156
142
151
5
106
108
119
89
119
122
150
119
6
126
108
151
101
121
70
115
126
1
133
143
138
122
108
106
144
70
7
129
116
112
126
94
119
98
130
9
106
103
102
139
120
109
55
94
6
120
129
95
121
127
126
127
113
4
163
141
113
63
110
128
122
128
2
101
115
120
117
127
147
140
128
6
109
104
76
96
104
135
111
91
5
95
141
98
100
107
114
95
128
4
109
101
107
133
93
140
134
134
6
114
86
115
147
104
98
117
100
8
124
108
113
123
111
142
98
127
4
93
145
144
132
133
107
106
130
0
107
132
147
131
156
91
142
93
9
136
90
136
135
86
121
135
133
8
105
127
127
112
101
106
136
85
6
132
112
95
109
116
100
126
120
0
129
113
125
114
150
108
72
112
5
129
90
140
145
93
115
78
103
8
104
126
101
141
120
105
122
121
2
148
143
171
94
105
117
112
112
4
105
138
133
87
103
105
114
125
3
100
81
142
108
122
114
141
94
0
100
85
138
108
100
119
117
135
5
130
121
86
101
141
133
157
121
9
133
101
119
106
133
115
120
91
3
136
118
119
148
120
141
90
128
9
134
134
128
112
128
121
110
150
2
64
120
77
109
130
97
141
120
4
141
143
126
113
135
105
94
121
7
137
148
119
155
105
149
114
115
0
110
131
126
121
133
134
121
143
9
115
120
157
164
102
123
111
107
4
108
124
126
145
143
138
103
126
2
132
120
136
122
90
121
91
114
7
142
129
135
141
126
93
139
104
0
151
139
77
110
88
130
109
98
4
99
106
141
112
93
120
113
137
0
129
92
89
95
109
140
148
134
4
114
126
123
133
75
136
136
100
7
131
130
149
149
78
87
107
114
6
135
113
123
90
127
130
115
107
7
81
99
132
138
127
98
127
92
10
134
143
141
106
135
94
135
122
5
105
113
125
114
106
105
156
103
2
104
105
124
127
110
134
109
141
7
136
144
113
113
129
100
99
113
7
126
121
77
153
93
112
131
110
7
107
122
110
108
127
150
135
135
10
110
93
98
149
137
106
81
119
4
139
121
118
129
64
110
112
108
6
128
121
91
116
121
128
121
131
2
147
98
137
85
115
129
85
146
7
102
106
99
98
123
100
114
113
7
112
112
128
146
121
117
149
127
8
104
128
159
115
141
107
127
79
10
107
91
127
92
92
129
136
102
9
81
99
143
105
132
136
115
127
1
115
115
160
142
127
129
95
107
1
93
88
107
127
169
131
99
112
8
114
142
137
152
127
92
112
101
5
135
86
129
105
108
120
162
98
8
106
98
135
105
102
100
129
155
1
126
177
126
105
117
112
110
113
5
112
131
136
112
98
140
107
139
9
98
99
116
146
86
112
140
129
2
98
114
97
133
139
98
149
163
3
99
142
116
113
137
119
154
81
10
109
135
97
108
127
112
163
148
5
108
115
94
118
99
140
122
112
4
121
142
91
97
131
79
108
120
9
90
100
92
80
96
98
113
118
2
134
115
118
107
101
108
105
113
6
109
100
107
122
97
150
153
106
5
80
127
102
95
119
128
94
134
1
128
136
113
130
142
88
154
114
7
99
113
148
120
129
132
103
119
5
135
92
141
114
65
98
107
100
1
101
122
120
95
100
125
98
101
3
103
120
112
106
124
135
89
119
4
119
136
95
121
120
100
98
107
10
127
114
108
108
167
111
119
145
9
99
107
143
116
112
134
108
127
4
118
144
156
115
104
117
127
117
4
149
111
114
118
112
126
113
137
5
122
74
132
114
106
112
99
113
2
154
103
87
64
86
134
92
110
4
117
144
141
107
77
107
125
99
4
98
96
155
129
150
122
134
127
7
100
142
168
139
112
103
101
121
9
129
142
101
108
117
127
132
92
6
131
90
118
124
91
149
115
98
9
102
97
93
84
149
105
121
109
9
130
88
97
122
139
127
127
91
0
128
130
120
133
118
103
95
120
4
92
115
101
110
123
130
107
85
8
113
143
115
126
116
136
85
94
6
111
117
127
135
103
85
112
128
2
104
118
138
101
131
184
89
140
1
128
127
105
112
106
117
134
117
0
122
132
123
157
158
88
148
122
8
113
108
82
144
106
128
129
129
4
148
103
113
108
139
103
152
118
2
166
92
65
123
148
100
141
113
7
107
108
129
102
76
125
114
100
8
94
107
116
102
119
115
135
122
5
117
120
99
116
109
106
128
109
4
106
118
93
125
93
127
132
87
5
102
121
108
110
155
95
127
119
0
105
137
125
134
97
101
107
121
7
102
94
116
99
112
152
129
142
7
119
114
134
114
101
114
85
110
7
141
93
145
92
107
117
99
106
6
144
120
128
118
170
116
86
105
4
75
149
85
104
108
122
84
81
5
103
106
135
108
77
156
117
121
5
146
115
92
100
149
122
87
108
1
88
123
140
137
143
149
110
126
1
167
162
103
90
115
109
134
129
5
120
114
101
120
141
147
129
120
8
115
122
135
143
132
106
87
116
2
135
98
134
81
135
117
192
82
6
109
86
127
132
104
137
117
126
7
134
141
106
101
133
105
146
101
6
94
98
113
104
127
127
102
123
1
89
92
113
132
120
106
101
154
10
155
101
71
95
138
106
64
105
7
100
135
146
129
147
100
114
110
6
136
116
122
91
96
109
110
115
5
105
98
117
126
136
115
123
119
7
141
69
93
103
125
140
118
135
3
122
84
127
113
105
139
106
91
5
114
152
123
127
128
141
122
110
3
157
70
116
133
106
116
134
112
3
133
120
99
103
115
118
114
84
6
124
105
100
73
133
112
114
118
6
112
120
127
110
88
159
137
123
3
49
117
141
114
105
135
129
85
8
125
101
67
114
133
140
116
105
9
93
112
138
152
106
98
124
164
10
125
116
127
125
116
97
145
109
10
105
138
140
97
105
111
103
132
2
121
119
128
133
114
112
129
115
0
85
121
126
159
126
128
79
122
0
101
94
94
125
141
120
72
107
9
88
105
114
132
85
101
85
119
4
95
144
113
110
152
95
123
142
1
113
119
92
107
114
126
113
93
7
142
147
164
132
103
121
103
121
7
92
134
120
73
110
122
112
174
4
70
92
121
111
120
116
119
94
1
106
108
140
111
118
103
150
145
8
101
137
110
120
118
105
117
105
8
144
158
101
99
165
87
138
134
7
98
135
136
98
108
134
115
101
7
164
101
65
135
139
111
142
120
3
138
116
138
112
133
133
120
106
5
105
110
105
124
119
134
130
106
5
146
105
103
104
105
131
154
135
2
105
164
138
130
114
142
96
128
2
109
105
141
121
115
128
160
113
7
104
155
98
112
123
90
129
123
9
114
120
131
96
115
93
99
113
2
101
114
117
104
79
92
93
126
2
130
117
127
100
136
111
135
107
4
106
146
122
115
137
137
115
137
9
106
123
73
128
85
122
128
95
10
119
136
134
120
100
159
146
117
6
122
143
141
101
113
130
100
134
5
131
106
117
125
127
86
75
139
3
113
63
120
125
118
113
113
130
5
106
119
108
101
98
117
103
121
5
114
74
84
101
108
134
108
108
2
96
123
156
123
92
120
109
109
1
131
102
141
132
143
114
107
93
3
128
69
141
130
111
130
104
122
4
112
123
120
157
147
129
139
97
8
91
150
127
149
117
100
128
122
4
111
115
135
142
153
93
141
123
5
149
134
113
107
143
108
137
132
5
144
128
126
140
106
103
141
137
2
160
124
110
102
79
143
132
128
1
113
115
135
105
103
119
145
119
8
133
123
135
119
125
121
118
121
1
141
102
93
138
153
115
99
93
6
167
132
110
85
128
148
117
119
7
92
106
103
140
115
133
119
111
8
107
64
129
84
94
117
167
113
5
81
126
128
112
147
106
99
100
2
105
99
102
117
95
116
114
116
1
119
136
101
89
104
134
111
127
4
99
135
133
101
132
133
83
142
2
92
100
106
156
119
92
134
119
7
146
116
78
99
127
91
77
86
1
126
88
111
103
118
93
117
143
8
86
134
121
133
111
92
125
108
7
122
127
150
140
133
126
131
87
1
107
136
113
126
114
121
93
128
7
117
115
106
134
135
125
127
115
9
86
92
181
116
97
94
116
137
4
115
110
100
90
102
70
105
100
6
139
117
161
106
150
90
99
126
7
93
149
126
129
85
71
109
78
6
129
115
120
163
119
115
124
137
3
111
79
162
110
107
131
110
108
2
135
112
124
86
123
98
100
135
3
134
107
118
120
161
100
119
124
10
136
99
115
130
126
114
119
105
6
133
129
140
115
106
112
125
134
5
150
114
114
110
120
72
149
116
8
145
163
103
77
133
136
145
105
0
114
102
126
102
120
135
116
111
6
109
125
118
105
98
142
107
85
5
120
95
131
129
120
95
111
97
5
115
127
133
106
81
107
143
110
8
117
122
118
83
147
113
113
128
2
92
147
78
97
129
93
135
120
6
113
81
111
122
97
84
120
99
9
105
123
129
127
120
115
159
96
10
161
114
108
134
127
118
129
119
2
66
91
134
113
114
99
98
91
9
118
142
109
103
121
114
147
115
8
155
100
132
118
95
84
144
156
3
97
148
134
129
65
128
95
113
5
147
87
107
99
103
144
141
94
8
93
144
101
131
143
99
77
115
9
155
106
92
131
78
121
116
114
9
130
142
133
113
116
92
79
98
1
118
142
138
138
142
108
119
98
1
145
142
138
119
81
147
120
134
6
156
140
112
112
108
117
121
142
8
71
100
135
99
109
141
122
141
9
127
136
113
106
129
87
86
127
6
146
135
97
109
105
120
117
89
9
105
99
112
96
128
93
111
111
8
102
108
108
125
101
112
175
99
7
108
108
147
107
107
113
146
106
2
104
140
92
104
101
121
88
137
7
87
99
139
113
117
122
108
85
8
92
82
119
121
91
122
116
96
2
119
110
124
134
108
105
122
105
6
91
105
137
115
118
128
108
92

