15
1
8
6
9
5
8
8
9
16
9
8
10
5
1
1
9
7
10
6
1
6
7
4
3
5
9
91
74
94
106
149
146
106
107
1
139
132
106
113
134
107
141
103
6
94
120
99
150
106
93
109
141
8
106
116
122
119
107
115
126
113
8
122
149
101
129
120
122
112
78
7
98
107
111
129
142
116
82
107
9
140
132
110
114
118
169
143
108
3
106
124
105
122
115
112
108
140
4
95
92
104
121
118
121
156
122
0
119
115
96
112
123
105
147
115
4
141
133
117
116
105
115
106
103
1
88
103
139
156
78
103
135
128
7
113
82
155
108
124
107
127
129
10
120
108
105
142
94
135
111
80
7
136
110
99
134
99
134
87
72
3
127
89
119
100
117
159
114
114
4
132
135
154
99
108
128
133
102
5
110
104
82
110
142
115
140
91
2
113
79
75
98
93
141
121
148
5
101
118
128
127
139
135
130
142
1
133
100
79
116
126
136
141
141
2
122
139
122
115
121
99
108
118
10
108
105
124
145
92
139
99
143
2
122
155
129
95
121
121
116
127
8
105
96
140
159
126
117
130
106
6
157
135
148
134
174
77
100
133
3
76
112
92
72
127
128
120
117
2
137
120
115
127
139
110
126
118
5
134
144
103
174
92
99
93
128
3
106
71
77
99
105
86
139
112
7
106
105
103
126
103
118
99
129
10
150
140
114
148
106
137
113
101
1
115
151
134
144
100
119
108
123
7
98
110
134
122
91
124
99
80
5
123
98
120
144
88
90
118
142
4
149
108
128
123
85
139
121
107
10
104
96
123
100
102
108
98
124
5
104
139
128
114
98
100
112
83
5
142
107
91
130
136
114
137
107
5
119
85
135
103
128
82
101
142
3
97
97
111
118
143
119
105
113
10
140
127
121
118
147
136
142
110
8
78
149
115
82
135
146
109
121
3
129
102
135
132
107
137
121
113
3
149
82
145
156
102
119
133
93
4
93
105
153
127
100
74
105
98
3
85
131
115
113
112
92
130
125
5
142
112
80
121
119
104
162
134
1
111
125
140
88
135
135
107
100
6
120
128
140
142
124
137
127
149
5
89
148
111
105
123
92
112
114
7
91
134
114
98
120
110
113
107
1
136
116
110
129
142
99
66
100
6
113
118
78
90
128
150
165
68
10
149
90
128
141
130
97
111
127
9
157
144
115
149
78
127
114
115
0
128
135
115
139
70
108
106
129
8
120
105
109
142
140
114
85
148
1
133
84
107
149
133
122
126
149
4
158
122
108
101
102
135
81
111
9
119
116
91
106
121
123
105
127
3
93
128
148
90
122
124
116
125
7
114
99
88
101
140
92
116
127
10
101
99
110
115
104
127
122
95
8
107
108
107
95
83
125
146
115
2
130
143
121
134
111
98
106
84
1
133
107
114
127
136
110
125
130
5
113
115
134
113
99
112
102
99
6
107
106
78
127
114
141
120
97
3
108
127
99
119
103
115
108
105
7
159
114
91
136
133
103
92
110
9
77
93
98
141
142
139
148
136
1
121
142
119
113
107
96
100
100
2
93
103
137
119
105
111
146
99
0
162
82
124
115
176
130
118
77
2
135
74
110
112
108
108
129
110
9
93
125
121
143
99
118
120
120
6
129
136
102
98
101
134
93
132
8
106
107
108
103
83
150
106
107
7
112
114
101
103
170
136
126
79
5
94
126
134
101
133
108
136
102
4
110
88
137
101
160
133
83
94
2
121
91
126
142
142
135
106
145
8
122
148
124
106
132
148
105
110
2
89
88
154
125
120
93
83
106
1
105
132
125
136
76
127
146
107
1
115
133
110
119
68
141
136
125
8
115
93
137
121
144
134
88
83
8
75
134
127
114
143
119
72
85
8
140
95
73
141
120
97
98
142
7
95
97
135
130
113
106
105
139
10
125
96
134
127
103
119
120
106
2
121
105
86
141
107
101
134
124
7
142
91
126
112
130
112
64
104
5
121
91
142
116
113
89
133
116
9
130
92
148
121
128
116
86
128
1
150
100
127
136
113
115
163
157
9
121
99
113
120
152
135
95
112
4
105
117
108
155
114
158
108
122
7
102
65
136
138
78
102
120
123
4
145
83
121
150
155
93
135
102
5
127
108
119
124
120
153
132
101
8
127
116
114
106
126
120
172
114
5
134
124
108
101
105
147
100
143
6
96
141
88
133
58
101
115
125
3
117
125
131
136
109
99
172
102
4
106
113
102
124
141
106
128
115
5
78
83
119
114
103
122
96
132
0
108
99
124
125
142
126
105
113
5
115
128
84
98
128
123
90
141
9
136
127
106
102
91
141
144
101
2
103
145
125
130
118
136
108
104
9
129
74
106
123
121
96
120
108
4
147
100
86
143
140
112
113
96
1
97
120
110
141
119
156
135
109
9
120
129
115
91
89
117
128
107
3
159
128
86
96
120
99
115
150
6
115
171
127
116
121
95
87
138
9
116
148
114
121
138
110
74
126
6
98
115
139
129
98
161
108
108
5
122
123
117
121
114
110
107
109
9
104
112
121
152
142
148
114
100
3
127
107
95
133
99
104
120
90
2
81
107
126
134
129
129
88
137
1
106
159
122
79
139
121
132
119
2
114
120
130
113
126
124
101
135
6
145
129
132
107
113
107
134
91
7
98
127
88
121
126
143
86
123
3
170
131
99
143
147
100
109
115
5
119
122
95
119
157
90
112
118
5
109
126
104
94
140
91
119
113
2
109
105
129
127
92
101
115
61
7
111
94
108
108
140
92
90
136
4
137
138
135
112
118
109
99
156
6
110
126
140
102
91
157
92
77
1
115
99
87
152
119
119
141
121
8
143
86
97
99
98
104
119
102
4
129
119
116
143
156
101
145
93
10
124
137
117
120
117
104
104
107
9
132
103
87
107
86
107
91
128
7
121
106
149
115
98
64
144
134
1
126
107
128
90
128
122
146
113
6
120
124
107
146
86
105
98
113
3
102
102
149
120
97
107
79
93
4
111
87
135
106
111
91
107
108
7
120
112
97
118
123
110
135
136
4
111
125
64
128
133
149
116
107
8
116
128
120
114
92
128
122
121
5
139
125
134
122
94
142
155
127
2
133
95
118
106
120
83
86
121
0
132
106
105
105
109
118
134
123
6
79
107
113
110
151
119
113
134
8
128
108
104
133
133
150
93
111
3
129
124
148
93
139
121
113
129
4
130
123
133
87
121
146
154
150
7
114
119
144
127
94
130
109
143
2
107
148
81
130
141
116
63
108
2
120
106
130
137
134
120
103
126
4
95
122
123
98
106
84
149
114
7
83
81
155
84
104
121
105
113
2
99
114
119
119
127
96
81
123
8
145
73
109
132
136
118
134
100
5
121
127
128
127
113
128
106
156
4
114
119
116
129
148
128
114
91
4
140
132
142
111
82
120
114
138
6
100
135
118
103
115
99
165
96
9
141
83
107
156
85
121
89
101
9
76
105
107
119
113
116
73
96
5
87
139
113
99
110
85
108
138
3
106
121
73
120
103
136
112
127
3
115
112
101
130
133
121
143
84
10
134
99
136
126
111
131
120
120
4
140
153
121
132
108
143
114
115
7
121
114
106
94
149
121
97
124
2
135
115
133
85
92
132
129
152
9
84
122
143
101
133
146
102
92
3
101
121
76
118
127
100
130
111
8
106
115
105
110
108
130
108
71
0
137
129
124
147
104
98
100
124
0
105
95
104
125
88
70
140
123
4
128
109
119
88
113
123
126
95
6
161
134
162
123
100
99
112
115
6
109
115
129
93
105
135
134
116
0
138
155
140
109
99
117
136
108
3
141
127
93
118
114
82
85
108
8
146
140
122
119
100
98
99
125
1
136
126
155
113
77
66
98
105
8
119
127
100
91
137
126
145
87
1
136
115
160
101
119
121
100
132
5
130
114
108
117
126
109
160
119
5
95
120
105
105
120
147
144
119
5
161
126
96
94
112
135
142
141
7
112
138
112
79
105
121
123
106
3
128
122
99
143
100
105
102
107
6
151
80
98
124
94
132
129
98
6
123
136
78
58
115
126
142
128
3
92
105
135
135
127
81
71
124
8
107
110
128
138
135
121
110
113
8
126
93
113
97
105
107
140
125
5
98
135
86
127
89
116
108
129
5
149
123
117
98
113
111
134
134
7
113
113
100
112
82
110
121
117
3
112
81
106
100
123
121
107
131
9
135
122
107
85
106
118
155
148
1
142
94
83
135
102
148
121
106
3
141
96
142
155
125
145
156
126
7
137
121
106
149
143
112
86
104
7
89
113
117
134
126
160
116
123
9
124
106
141
136
85
91
96
113
6
134
107
123
130
138
131
120
132
10
125
106
129
90
143
114
103
113
5
121
154
127
136
134
127
120
162
8
105
129
122
115
120
87
91
107
2
105
109
119
98
127
94
110
108
10
101
101
107
114
155
138
135
101
8
117
91
147
148
84
114
105
140
10
86
100
91
117
128
135
105
100
3
129
125
119
121
112
106
99
120
3
133
96
128
94
119
124
84
113
3
101
120
121
118
106
124
121
108
1
129
128
142
107
128
110
145
159
10
100
109
150
114
134
99
122
78
2
111
135
139
109
132
113
101
117
4
142
99
115
164
119
127
126
118
7
128
125
123
127
127
137
128
75
5
112
129
130
107
124
92
79
155
5
107
117
156
99
150
127
119
65
8
66
111
113
101
89
92
99
42
0
128
122
120
99
149
134
136
129
10
143
133
131
122
134
155
104
119
10
156
113
90
128
93
99
105
163
4
128
120
163
123
135
121
135
119
4
118
130
142
113
142
109
112
161
3
114
106
112
160
122
109
95
162
2
133
166
108
80
129
120
137
132
4
87
89
114
95
124
121
100
124
8
138
132
148
123
126
137
120
114
7
116
141
134
108
71
123
131
127
7
91
112
119
98
124
114
99
106
4
99
61
98
136
101
78
122
139
2
110
138
107
146
133
113
114
146
10
98
140
123
120
93
122
110
95
1
149
125
104
134
94
109
113
116
1
85
138
125
122
170
117
97
94
8
132
140
140
80
108
104
78
126
7
119
120
101
152
143
139
117
126
7
112
115
110
148
144
82
93
116
4
100
97
155
65
117
115
106
137
2
117
127
148
98
130
113
85
123
9
142
98
142
112
117
123
134
102
7
120
101
109
153
112
106
143
134
9
130
110
120
92
105
111
113
113
1
104
136
119
101
108
153
131
112
9
129
127
93
93
99
100
89
123
3
134
131
119
124
99
123
106
142
4
127
99
133
120
105
108
105
136
1
78
104
113
111
133
149
108
114
10
147
107
78
128
103
117
119
120
8
84
140
93
134
112
118
120
132
6
121
81
129
98
133
151
76
141
9
82
99
122
142
101
94
139
138
2
78
100
128
120
97
128
115
105
2
76
122
87
97
92
171
128
131
5
114
131
100
129
133
87
78
113
8
114
131
107
106
110
121
122
138
2
132
68
113
122
127
129
108
134
9
119
101
152
107
100
139
100
123
0
99
126
121
140
115
90
117
121
2
114
130
100
128
109
124
128
135
10
111
122
94
140
100
122
82
136
1
125
127
109
117
109
135
121
134
2
98
99
139
119
93
120
101
140
6
91
112
130
106
120
132
78
126
6
106
102
99
130
122
148
129
119
4
148
109
100
137
102
120
127
105
0
126
85
63
86
77
86
79
120
6
106
115
112
87
113
76
111
128
2
121
79
119
144
131
100
122
118
5
87
132
102
145
120
98
153
124
4
140
110
115
106
148
87
141
83
8
121
101
109
89
88
127
138
113
10
122
157
134
88
98
142
134
121
8
120
121
131
140
152
116
139
134
0
108
121
122
132
135
149
133
121
4
121
128
115
122
112
120
100
85
5
127
126
139
121
122
77
126
84
4
120
89
102
119
107
148
132
148
6
127
118
139
116
119
106
131
167
0
135
65
128
102
90
148
92
86
2
120
135
113
111
122
94
133
147
7
128
143
135
114
122
122
105
120
4
142
99
129
97
119
107
128
168
2
94
120
130
79
129
92
110
86
5
149
114
125
120
155
113
140
133
5
134
133
120
109
116
88
124
111
10
114
85
152
124
108
105
126
115
7
114
100
125
84
99
94
130
109
3
114
112
129
128
122
85
113
105
8
104
103
120
114
86
133
128
122
7
126
106
80
114
136
141
113
100
4
135
119
135
118
100
121
90
107
1
112
143
137
100
144
98
126
119
4
95
130
100
108
128
157
122
125
0
171
113
113
116
107
140
120
106
7
99
105
124
133
106
101
92
168
1
115
93
140
113
101
141
137
130
5
116
86
91
116
101
138
114
154
8
102
134
137
120
134
105
131
135
0
110
107
148
111
121
111
140
144
5
114
81
107
111
123
97
102
162
0
127
126
134
117
107
105
90
130
8
127
110
105
121
91
105
138
134
8
102
120
128
115
97
92
110
104
5
90
104
150
127
142
147
114
123
5
132
93
144
107
148
144
121
127
5
106
157
98
134
110
135
121
124
5
98
129
148
132
147
89
121
144
3
103
109
135
116
105
128
106
98
10
134
123
86
99
122
106
141
141
5
135
152
122
87
149
107
155
149
9
120
106
112
92
120
120
107
105
6
108
149
128
109
131
136
125
115
2
143
106
141
123
106
93
112
116
1
85
101
136
142
148
126
114
91
2
135
130
140
132
128
113
133
127
4
133
104
135
123
108
125
106
107
1
126
133
131
93
91
155
101
127
10
108
105
105
135
152
125
115
118
6
121
104
119
96
143
96
94
117
5
102
126
132
79
125
133
136
114
9
116
127
104
100
134
128
123
122
8
98
109
134
138
87
100
123
127
7
126
113
99
143
124
100
140
110
9
122
106
129
131
168
126
118
71
9
138
94
85
131
154
118
116
119
6
143
99
133
114
119
142
105
162
4
95
141
155
177
101
128
153
97
2
132
134
91
85
101
107
85
91
2
129
119
113
131
107
97
112
95
1
154
109
115
117
155
120
97
126
1
143
83
117
115
143
74
72
101
2
107
129
140
124
117
107
91
92
3
129
87
136
147
118
121
77
119
1
97
102
132
136
94
128
140
133
6
126
86
100
125
97
121
142
132
6
143
122
119
115
114
113
106
104
6
121
126
123
135
135
113
112
119
0
132
141
92
114
115
103
76
149
3
124
151
134
122
121
140
146
117
5
120
109
74
99
127
116
183
147
2
108
100
114
126
88
138
125
129
6
122
133
97
98
126
149
112
118
3
130
98
93
117
154
151
107
125
5
134
166
106
128
103
128
127
86
9
128
134
134
121
122
147
133
96
1
150
133
99
128
97
124
164
77
5
118
99
113
70
73
128
136
104
2
147
84
149
117
79
118
125
124
1
129
119
98
148
125
145
117
112
7
127
106
121
113
120
107
82
99
2
130
87
90
111
135
93
135
90
9
116
84
134
109
130
121
109
93
2
141
115
129
112
112
91
122
116
5
95
141
134
86
120
107
126
138
7
85
108
153
122
104
113
117
105
2
95
103
133
129
108
91
97
100
8
127
91
136
127
108
112
79
106
7
119
139
112
93
133
108
101
133
7
84
115
112
120
106
145
162
109
8
122
111
122
119
145
128
104
92
8
99
107
85
89
106
114
126
114
4
113
156
119
139
77
140
130
140
4
116
92
113
99
101
126
108
122
5
117
122
112
141
157
128
139
136
5
115
107
107
114
101
89
96
108
2
104
129
136
127
98
119
141
97
9
114
131
133
122
107
108
123
116
0
134
120
142
117
103
107
143
114
3
127
126
117
116
131
99
97
121
8
124
126
128
109
134
139
161
143
2
85
131
102
128
114
121
80
100
4
113
112
123
155
135
121
121
120
0
116
120
110
101
106
112
115
96
8
99
103
114
124
118
106
130
127
2
122
110
142
107
72
117
131
130
7
89
123
140
123
140
111
128
142
8
113
115
114
102
122
92
96
121
4
100
115
102
128
110
125
114
145
7
86
142
107
120
121
92
106
131
4
119
117
109
106
127
92
97
117

