12
7
8
5
2
8
9
3
0
10
8
1
7
9
1
1
3
6
14
7
2
4
1
2
7
7
3
148
152
163
123
102
138
84
103
3
127
113
116
107
110
128
106
96
3
141
133
121
125
113
88
117
134
1
113
127
126
89
117
113
86
98
1
117
109
110
150
112
120
140
125
8
137
104
100
87
129
96
106
128
6
133
104
145
106
122
132
122
102
8
122
149
157
149
140
93
114
125
5
128
97
141
108
90
122
71
112
1
107
92
99
142
127
142
127
135
5
105
149
84
132
135
133
100
84
1
130
117
71
122
161
116
142
86
6
156
50
73
112
133
139
117
125
10
100
123
113
120
135
108
117
108
8
143
106
113
149
113
149
132
141
8
124
139
115
136
121
104
101
121
1
127
123
132
132
117
111
122
134
7
98
114
90
134
113
158
155
117
6
99
100
135
122
107
71
134
128
6
124
97
129
109
70
128
139
142
1
85
120
134
107
94
142
126
105
3
135
145
132
114
155
128
141
111
8
110
116
154
100
101
80
86
116
5
80
125
114
98
111
101
115
121
10
141
72
94
93
146
116
106
111
9
108
109
122
98
114
115
136
137
7
121
144
105
124
122
123
156
115
7
124
136
113
121
121
116
111
103
6
102
98
110
97
120
108
136
79
0
110
108
99
120
121
90
95
92
4
140
96
81
127
107
93
114
135
7
115
107
114
103
120
107
105
128
2
126
144
118
113
136
91
114
66
6
79
104
95
97
112
128
127
127
9
102
106
107
86
87
141
85
84
7
140
86
126
99
140
111
103
72
3
115
102
122
135
65
139
141
107
3
88
125
108
93
105
106
115
143
10
84
125
137
117
106
115
109
113
5
120
114
145
126
114
107
92
114
6
126
137
94
143
105
144
129
98
3
114
145
110
93
134
156
102
105
3
128
82
127
87
140
100
114
156
7
118
117
117
123
107
141
125
108
4
79
113
127
150
138
117
156
109
7
128
114
124
110
129
92
163
113
9
91
119
135
107
140
104
140
145
6
105
128
129
120
101
89
120
121
7
129
138
148
134
135
167
99
106
10
116
95
100
108
142
105
110
120
9
136
128
97
127
113
103
111
91
3
111
98
92
128
127
147
112
93
7
137
141
78
107
80
128
93
115
7
120
120
117
120
71
106
107
88
1
139
126
126
116
119
94
115
118
6
113
150
91
102
64
129
107
122
6
121
120
89
120
113
112
149
105
1
115
107
74
106
113
132
143
99
1
113
92
159
93
120
152
144
117
3
105
118
113
123
122
124
138
94
6
105
147
133
143
134
69
146
149
3
88
119
126
93
107
109
84
60
2
129
85
142
154
105
124
114
115
0
86
95
115
103
94
99
114
119
3
72
129
129
80
120
120
116
114
9
156
118
119
97
86
118
124
86
8
149
89
120
121
130
164
157
121
1
126
114
106
126
134
87
142
105
1
140
126
151
90
130
100
108
134
3
122
121
120
101
127
141
148
99
1
141
115
155
114
106
121
127
116
6
94
97
103
123
101
115
104
131
5
119
123
119
84
93
123
69
112
2
142
103
127
92
85
142
109
130
3
117
100
134
112
70
140
140
115
3
92
120
149
140
116
128
118
127
7
135
85
107
86
138
90
112
77
4
107
119
143
136
97
102
163
121
8
119
127
115
106
146
127
116
94
4
121
122
126
56
99
104
114
129
5
128
114
104
87
115
152
113
104
7
109
107
96
101
99
113
132
122
3
127
106
119
131
106
129
82
87
5
121
145
120
140
109
99
116
117
9
153
101
77
101
115
122
125
124
5
82
131
121
105
121
101
101
145
5
94
86
91
92
154
129
114
126
0
126
93
78
102
107
137
101
114
10
108
133
135
105
120
124
132
113
1
82
142
148
114
126
135
106
91
10
103
142
112
147
125
122
171
98
8
122
110
141
127
89
131
91
107
7
110
135
122
145
131
150
134
76
9
108
93
125
103
139
109
136
150
4
122
127
110
120
113
128
150
134
8
139
131
149
114
120
153
104
140
5
85
112
115
86
92
111
101
130
6
113
114
107
104
157
127
97
135
1
100
110
89
131
96
87
116
152
2
155
101
93
163
109
112
86
101
2
134
107
100
111
107
120
99
134
4
160
125
106
121
127
123
80
90
2
135
107
128
126
135
98
149
99
6
100
107
98
118
106
104
113
94
10
118
115
131
140
115
120
101
99
0
148
109
91
114
126
134
127
128
3
107
99
84
114
108
106
134
142
7
106
141
102
130
144
85
153
140
3
128
111
100
124
118
129
129
119
10
78
126
94
107
134
136
106
113
4
118
152
98
79
82
113
114
115
3
139
93
157
122
142
114
100
97
9
116
92
118
92
118
118
134
125
8
106
138
117
122
96
135
120
106
5
121
142
110
125
122
84
93
96
6
107
132
142
118
108
113
92
105
8
99
118
99
114
98
127
156
140
5
96
168
119
73
122
120
134
126
1
145
127
164
136
117
77
100
136
7
120
121
142
140
92
111
133
98
1
150
98
94
143
146
125
159
135
6
133
122
127
116
94
108
140
87
1
132
135
83
102
125
113
94
132
6
120
112
143
113
126
85
108
92
6
98
77
127
125
130
107
135
125
8
97
153
113
145
136
126
115
119
10
114
143
111
98
113
147
128
118
10
106
95
119
148
166
83
134
107
7
156
93
92
133
116
93
142
110
8
110
116
120
128
142
81
133
110
2
139
93
121
84
110
82
140
135
4
92
108
168
114
108
124
134
141
5
103
115
81
149
133
127
147
168
2
85
114
156
131
93
107
130
114
5
91
99
119
144
107
131
121
127
6
118
114
70
134
129
126
122
97
8
124
78
147
102
109
143
126
101
6
114
85
127
130
99
118
114
93
7
119
128
128
112
127
102
139
114
4
119
136
126
116
126
140
126
115
9
94
115
147
133
127
135
49
117
9
103
121
99
114
117
124
106
107
9
85
123
108
135
78
88
94
114
1
133
128
129
134
107
140
131
135
0
92
114
98
122
114
140
133
146
6
121
128
93
104
133
134
117
133
7
126
143
112
94
124
136
128
115
8
108
140
108
148
112
130
116
121
5
127
99
95
91
120
105
119
91
4
141
99
124
111
116
115
100
132
1
121
110
121
112
136
112
109
114
5
164
121
142
127
52
134
113
105
8
93
147
150
132
132
160
120
71
5
121
121
112
120
99
97
112
135
2
134
120
92
92
92
136
100
116
8
123
114
106
147
115
119
134
131
3
118
120
148
114
84
104
98
89
6
103
100
124
113
78
92
155
111
3
103
113
120
96
101
124
157
112
1
142
110
141
155
113
107
125
135
3
113
110
106
93
132
127
118
88
7
153
118
142
110
93
96
98
114
8
102
122
77
114
121
112
93
112
1
117
87
160
124
71
132
87
114
2
113
99
88
81
107
129
101
103
2
107
99
127
101
117
126
114
108
9
121
106
116
114
94
122
80
169
10
103
126
110
129
84
113
101
142
3
124
113
152
106
110
86
102
107
1
112
92
143
128
163
120
89
127
6
134
123
115
108
135
99
117
103
4
99
115
103
108
85
113
110
135
2
129
88
113
133
113
133
91
115
2
116
120
72
112
135
116
113
119
4
123
143
163
142
110
127
135
138
7
141
113
99
101
155
119
95
142
7
108
109
133
160
93
122
108
146
3
113
141
141
109
90
113
161
111
8
120
162
142
145
115
121
136
99
2
125
140
85
121
140
123
129
135
3
122
144
141
132
102
89
129
113
5
112
126
125
145
115
134
129
154
9
148
108
122
121
126
119
123
132
6
106
94
120
90
101
117
140
118
7
126
119
134
126
143
141
101
119
9
121
94
105
111
111
91
101
118
6
127
112
92
111
138
129
148
110
7
136
85
109
127
96
135
114
131
5
101
125
147
68
154
157
118
121
6
137
119
135
138
100
150
111
84
5
110
106
120
108
113
112
138
120
4
99
127
141
99
73
135
130
133
4
113
117
117
112
78
156
93
146
4
90
142
157
114
106
138
113
106
0
133
125
148
140
143
128
112
121
5
130
121
108
104
155
110
119
126
8
119
120
114
122
97
127
138
109
8
127
103
73
161
121
136
169
134
6
102
133
135
101
147
79
153
127
4
108
77
123
135
127
100
80
130
6
103
130
109
133
98
148
122
140
5
120
115
124
100
125
128
100
128
3
115
123
126
133
118
99
120
83
2
106
74
100
128
130
93
99
106
9
101
88
114
98
92
120
136
101
4
127
109
110
122
110
121
109
93
6
106
134
119
103
79
142
105
120
3
138
136
143
94
142
97
85
93
7
108
101
119
143
117
126
104
86
4
121
144
129
109
133
121
89
102
1
113
101
141
87
170
90
110
128
3
130
101
100
125
100
104
127
121
2
114
105
113
140
148
128
142
88
10
140
122
134
110
113
105
88
117
5
137
107
108
124
100
119
127
124
1
123
98
145
135
129
120
93
118
2
96
148
90
113
136
111
101
90
0
85
78
111
121
125
80
86
121
1
120
136
120
86
81
84
118
120
8
128
132
110
110
118
83
116
116
10
123
113
102
140
86
140
136
96
0
125
135
131
116
131
106
94
134
10
125
105
100
132
114
98
134
113
8
136
90
133
116
89
146
138
96
1
135
101
151
134
88
136
148
113
2
109
68
95
94
97
127
130
140
6
101
107
120
141
148
134
135
106
4
106
138
114
97
150
109
120
113
6
91
121
115
86
115
111
77
143
2
82
114
67
115
129
134
116
134
1
142
158
109
130
155
113
165
121
8
126
113
118
105
137
120
127
68
9
103
134
140
104
120
119
116
92
4
66
115
94
133
106
83
132
100
5
148
87
99
109
122
108
153
83
7
113
106
142
114
104
130
126
100
3
81
110
101
112
158
133
110
109
3
104
121
99
113
99
118
87
101
1
151
119
111
96
82
157
135
121
2
111
92
149
153
121
117
100
116
1
126
128
149
120
98
120
110
121
1
132
98
142
149
140
128
72
106
8
107
98
118
132
141
114
93
123
10
126
121
144
124
106
112
127
102
10
127
106
97
126
119
129
80
140
4
133
96
92
102
115
83
127
86
9
106
129
156
86
147
136
106
99
1
108
148
127
120
117
140
113
107
7
101
99
118
149
133
107
159
142
8
105
113
100
162
104
98
105
112
8
143
106
77
133
85
131
112
149
1
118
91
122
83
111
121
108
92
7
99
126
91
84
165
128
99
142
4
128
108
109
119
123
107
107
136
4
97
107
120
127
78
110
143
130
8
138
117
96
134
146
92
122
109
1
130
149
142
86
117
132
125
119
4
103
120
124
116
106
101
119
142
6
114
89
105
101
120
129
122
116
5
113
100
141
100
127
110
116
106
6
71
101
106
117
149
112
128
141
5
116
127
133
107
98
110
132
136
2
125
117
113
127
89
115
161
124
4
116
138
127
118
88
136
130
103
7
120
137
115
106
145
86
122
90
6
144
120
132
107
156
130
135
117
1
113
106
117
112
115
85
105
80
3
133
122
91
91
124
118
118
121
9
91
112
107
112
114
153
99
121
7
121
127
113
112
133
144
92
147
6
130
150
127
122
100
130
158
122
3
154
78
112
129
113
130
113
138
9
123
99
134
128
104
138
105
149
5
131
117
124
93
93
100
106
91
5
128
84
146
92
109
120
115
161
3
128
111
114
147
148
99
98
100
6
114
131
91
106
107
129
141
120
2
93
126
155
66
117
123
134
109
3
112
106
115
104
117
114
74
106
5
109
110
72
158
131
122
136
105
8
129
117
122
135
129
107
125
99
6
125
126
129
142
131
131
104
133
4
92
106
81
116
130
73
84
142
1
116
127
105
131
93
102
126
124
3
72
89
128
133
90
100
127
132
2
141
102
108
107
115
129
122
113
3
127
133
126
100
116
131
137
126
4
134
100
131
118
142
133
133
148
9
131
126
106
86
130
123
115
107
8
114
132
126
129
145
114
86
123
10
132
91
183
136
103
120
136
124
7
135
100
127
112
119
148
135
127
10
148
116
142
113
157
116
150
109
6
100
127
118
59
139
99
133
102
5
123
119
171
125
143
92
104
115
3
136
142
134
106
132
105
84
115
0
95
141
93
115
122
61
141
143
6
121
152
93
70
125
121
114
134
8
85
132
99
85
134
139
105
85
7
122
112
103
121
147
99
126
115
8
120
154
100
76
101
128
154
98
2
92
142
123
96
113
124
120
99
5
139
134
97
106
143
115
152
106
1
133
135
160
106
76
94
123
142
2
117
130
109
85
126
163
126
100
0
91
102
140
103
135
94
105
115
7
100
109
129
115
122
142
120
128
10
85
127
105
107
156
85
143
64
5
97
77
131
103
108
105
122
85
0
127
142
135
128
121
122
106
141
9
113
118
87
121
136
134
116
93
5
160
120
107
121
124
112
123
101
6
134
131
122
113
112
139
131
114
7
154
111
140
115
116
71
95
121
3
135
121
107
86
104
149
102
123
3
130
119
99
141
94
126
120
135
2
119
133
106
127
151
137
142
135
2
110
153
112
127
100
136
94
85
4
110
112
85
115
108
148
130
111
2
147
135
142
120
148
126
154
138
4
114
124
108
127
99
135
99
127
8
121
110
143
81
122
86
94
124
0
106
86
141
94
90
92
120
148
4
71
105
132
90
91
121
120
134
4
99
131
121
127
108
145
99
128
6
99
128
127
126
122
106
73
140
7
107
133
103
100
113
108
140
137
1
92
137
135
143
72
120
106
99
1
127
82
171
113
137
99
148
106
9
121
119
141
100
125
65
112
120
6
83
110
147
92
102
102
115
122
1
111
104
117
77
110
133
103
70
7
104
136
114
115
119
123
146
103
7
117
114
127
105
128
106
130
99
7
133
135
102
86
122
100
78
107
8
114
127
127
107
133
158
143
105
7
112
92
107
142
111
130
135
102
2
135
94
114
137
84
134
73
108
2
107
93
121
114
114
124
93
120
10
115
118
131
92
121
109
108
134
8
155
122
143
99
92
57
133
97
9
79
85
99
140
80
99
85
106
9
105
127
139
90
142
91
111
115
10
156
113
128
129
146
128
126
121
5
135
133
141
155
121
141
155
121
6
114
134
121
108
156
169
154
100
7
121
135
128
119
171
104
70
119
2
121
127
121
130
135
94
115
125
0
87
133
113
87
113
101
149
78
9
125
129
110
114
146
99
125
92
4
144
139
127
137
113
125
131
130
10
122
102
120
120
107
124
131
120
8
125
156
101
128
111
131
136
111
8
105
128
121
94
119
100
160
156
6
99
109
116
148
105
97
120
136
7
68
51
148
127
128
102
120
111
10
106
120
172
157
128
152
100
100
8
130
128
136
133
107
89
148
148
4
119
114
116
97
134
101
115
110
7
118
135
107
166
147
116
103
115
4
116
88
113
118
124
126
106
133
1
81
168
154
106
143
143
91
139
0
99
115
122
103
124
142
121
85
6
157
108
113
96
139
100
161
89
10
116
105
149
135
113
126
95
104
5
121
114
133
98
148
115
116
94
9
113
113
106
79
116
99
90
103
2
107
99
148
113
115
122
117
135
5
97
103
118
120
157
82
120
122
2
150
137
88
118
127
128
97
127
1
123
115
152
124
96
99
114
91
9
140
111
117
99
109
129
100
126
10
119
129
110
102
122
94
135
85
4
126
98
130
118
161
106
97
157
2
146
121
119
105
128
86
107
140
4
148
122
151
142
112
124
126
124
3
115
129
78
133
122
120
141
116
3
106
121
121
137
71
128
109
109
6
126
113
100
101
92
109
121
143
4
141
149
128
121
109
76
116
105
1
107
102
64
147
120
126
102
136
9
127
87
124
108
155
107
91
106
6
140
109
123
86
98
114
121
120
5
110
144
148
176
124
131
115
113
0
75
117
135
129
102
114
100
121
10
99
146
147
141
136
147
114
130
9
135
132
135
118
141
76
82
141
2
115
112
176
150
123
92
143
137
7
143
129
130
145
114
102
130
79
9
134
129
130
116
147
71
78
144

