14
1
6
4
7
9
7
4
5
8
5
7
4
3
7
5
3
4
8
2
2
5
1
8
5
4
5
144
106
124
134
108
115
87
108
3
100
112
111
169
131
97
111
90
3
120
103
121
120
105
94
116
129
3
148
75
105
108
148
107
127
128
2
115
108
73
125
119
129
107
155
9
86
123
113
102
79
92
108
129
5
113
100
113
133
114
112
74
117
9
130
119
110
112
122
121
80
108
2
124
120
149
114
117
111
77
84
7
100
106
108
122
123
143
131
90
9
135
128
119
139
163
119
135
103
7
113
112
135
126
78
129
127
135
8
98
98
58
108
120
134
112
120
5
107
126
106
128
97
133
115
104
7
94
138
125
104
144
140
135
156
5
109
120
92
121
108
129
129
120
3
92
101
134
105
124
111
99
90
9
119
116
114
112
120
99
110
114
10
136
135
163
143
99
142
141
112
7
114
115
98
107
101
108
98
111
4
94
100
120
128
162
171
141
140
2
122
108
134
123
101
121
108
85
3
129
91
141
101
119
108
117
95
9
130
53
130
85
161
100
144
149
8
142
99
150
128
155
92
154
114
10
103
105
149
96
135
113
138
112
8
115
127
134
130
155
115
114
115
9
106
93
137
93
122
114
100
141
1
120
112
105
111
105
121
113
84
9
132
108
84
154
136
109
118
148
9
142
111
83
94
99
118
142
129
1
105
149
143
157
122
135
120
133
5
93
117
101
114
130
111
120
129
7
132
108
119
107
151
149
133
119
0
114
144
131
101
114
93
86
120
9
156
142
107
120
133
113
124
120
10
122
120
128
143
118
85
128
149
1
120
119
77
100
91
148
85
115
9
105
123
114
137
100
88
132
108
3
99
178
128
158
136
114
102
84
2
91
101
113
107
91
116
141
148
1
91
111
80
132
148
93
93
139
6
106
135
140
135
106
112
126
78
3
124
133
137
152
133
124
101
114
4
101
118
126
115
109
133
120
108
7
149
126
112
126
140
109
114
108
6
108
123
120
115
134
105
106
140
4
113
116
112
132
81
147
141
128
7
105
127
116
97
137
72
110
148
6
121
88
113
134
93
122
137
116
5
123
135
126
105
111
121
113
128
2
125
154
140
112
124
113
113
136
4
101
118
101
129
114
134
93
113
1
95
94
121
99
103
156
149
102
8
124
113
122
122
114
102
122
130
9
102
99
101
129
74
142
100
140
5
127
151
131
101
124
139
113
103
2
140
114
92
93
129
147
91
107
0
134
109
107
106
123
128
88
112
9
118
93
134
106
113
126
130
135
10
110
113
121
122
80
141
120
128
1
156
137
106
112
93
89
124
161
2
133
95
157
85
106
144
124
112
10
99
149
119
79
114
113
112
85
1
116
117
121
125
154
108
124
115
7
131
125
93
149
99
112
92
133
1
124
126
149
130
126
104
117
114
4
108
120
132
143
154
92
92
94
8
93
115
104
142
106
142
93
87
9
99
89
126
138
128
112
140
147
3
99
141
77
101
106
122
134
101
1
87
101
148
150
99
119
108
117
4
104
105
124
140
141
112
74
139
2
123
111
122
109
109
109
129
95
7
158
93
95
133
122
96
99
91
5
106
101
140
120
121
120
97
111
9
102
79
99
135
140
131
112
98
6
155
112
125
120
85
93
126
100
1
99
110
113
103
110
97
98
87
4
125
133
154
112
118
106
100
142
0
93
127
119
136
108
126
118
127
2
94
155
79
131
140
112
118
120
3
99
105
91
164
99
115
131
110
4
126
106
134
134
121
135
166
140
6
123
124
143
108
132
121
100
87
9
86
127
136
102
130
81
136
129
6
132
151
101
106
128
134
177
111
9
141
108
144
98
142
109
110
135
9
105
114
141
118
113
125
107
142
4
123
136
115
124
99
81
138
100
4
137
118
119
141
121
119
154
111
4
134
121
113
106
149
82
126
92
6
108
100
137
85
148
124
136
131
1
119
127
141
123
92
109
113
137
10
129
106
114
101
88
149
93
130
1
106
113
135
99
125
91
100
136
7
161
92
142
136
94
135
118
120
3
135
107
100
130
74
120
99
171
5
106
86
128
115
155
82
138
86
9
89
171
122
86
144
149
120
105
5
153
105
149
98
122
107
148
82
1
106
99
143
117
98
114
102
107
7
157
84
122
132
129
97
133
128
1
128
124
91
108
102
81
128
128
5
142
135
77
105
98
110
105
150
4
128
84
116
90
119
121
132
79
3
91
121
141
116
117
126
128
121
4
105
135
98
130
91
163
119
123
3
100
112
95
154
106
88
134
124
3
126
80
127
116
128
121
72
135
2
123
131
115
117
113
114
71
148
6
124
140
130
107
122
134
122
118
1
137
74
119
115
100
107
136
110
9
133
135
115
106
142
139
70
120
6
126
155
105
128
99
139
91
127
3
146
117
146
141
113
139
149
114
9
134
121
108
106
99
130
125
101
0
142
125
112
102
137
149
127
142
8
114
101
108
107
122
113
103
108
10
136
110
153
115
118
144
81
134
9
105
106
117
134
127
136
130
93
8
137
127
112
115
88
127
113
134
8
147
99
123
116
129
156
144
164
4
88
101
126
85
131
124
84
56
8
121
128
100
91
158
130
121
121
0
119
93
119
125
133
120
109
108
6
119
141
148
150
98
50
125
147
7
112
156
80
117
92
114
94
87
4
104
104
124
91
142
147
106
114
4
133
120
113
120
108
102
106
118
10
121
122
151
119
97
97
106
140
1
90
111
105
80
74
121
122
64
2
130
91
133
99
120
161
92
128
3
105
101
132
117
108
135
98
128
9
121
90
119
136
134
130
101
115
1
128
118
125
101
85
128
146
119
5
126
132
113
75
141
105
107
107
1
70
113
96
127
130
108
128
100
8
154
127
150
93
126
132
122
111
9
107
116
93
126
73
108
114
156
8
117
113
150
111
80
87
136
96
4
133
62
107
127
128
112
140
112
2
147
144
123
106
162
111
127
87
8
114
110
73
145
144
106
111
149
6
115
123
114
128
108
100
144
110
10
92
98
114
128
134
135
101
119
5
88
132
83
149
131
108
132
124
4
127
157
143
114
118
122
86
115
7
107
102
109
84
117
127
98
149
9
114
138
128
94
144
114
113
143
1
128
124
105
100
143
120
131
111
6
98
136
133
75
113
127
162
91
6
141
102
135
103
113
129
160
133
1
101
90
135
139
120
99
107
112
1
103
116
153
122
138
106
142
107
7
88
106
132
99
102
157
129
165
1
102
96
129
93
112
88
120
102
1
79
150
104
121
80
111
115
113
6
103
128
99
130
134
127
92
128
8
121
106
116
129
138
105
143
133
9
106
108
85
139
112
123
90
126
6
87
145
121
113
113
113
70
119
7
148
124
154
117
127
132
162
117
9
105
134
113
122
101
166
99
85
3
98
115
115
129
113
122
128
141
4
148
71
79
90
122
135
134
117
2
141
114
93
113
134
96
107
86
1
135
134
107
128
102
112
106
134
3
107
120
132
127
140
124
99
87
8
116
175
168
125
142
139
124
116
3
112
84
175
135
135
127
139
81
3
97
107
121
110
102
92
110
148
7
131
80
114
149
141
135
75
141
4
147
75
74
148
143
79
113
142
4
126
144
113
135
120
113
136
139
7
139
149
105
142
88
176
150
161
0
129
133
110
87
78
94
113
127
2
130
136
106
121
148
150
96
126
1
114
113
100
142
89
127
156
96
10
113
148
128
71
129
97
120
113
9
133
108
92
115
143
127
83
135
1
98
170
100
79
100
135
123
87
0
71
95
147
142
87
118
136
108
2
114
133
88
111
129
156
140
95
8
98
153
128
95
144
118
85
101
7
101
135
95
112
106
136
113
119
6
123
107
120
149
119
130
112
143
8
108
132
113
119
108
121
103
96
6
135
88
124
110
111
127
113
80
8
156
134
86
126
104
94
101
85
8
153
122
121
108
120
137
142
93
6
100
102
113
111
104
111
143
138
7
99
119
128
77
84
135
118
133
6
90
110
130
111
140
127
95
122
5
80
106
119
150
85
141
113
118
5
130
106
126
101
98
97
113
103
3
149
109
126
121
140
128
109
113
10
111
126
149
106
106
127
103
119
4
100
127
103
129
98
138
131
121
10
125
114
91
117
97
121
88
86
7
126
108
85
93
112
135
118
122
2
118
121
92
91
118
128
107
114
6
109
104
91
128
131
142
73
121
8
134
139
119
121
88
94
54
93
6
125
99
150
96
127
114
114
128
8
98
123
129
89
106
125
100
128
1
96
120
111
168
107
85
107
127
9
133
114
90
84
120
95
90
118
8
143
130
112
132
106
101
111
106
5
97
109
119
125
155
123
126
102
2
130
128
143
105
120
109
168
135
8
127
115
128
114
121
123
101
120
3
93
116
144
66
68
79
107
105
5
146
163
119
110
115
109
149
103
4
86
128
106
78
151
98
128
147
0
116
133
103
92
123
142
128
128
7
127
97
124
106
121
107
87
114
2
113
107
72
122
151
107
155
72
9
141
116
87
101
106
91
114
151
3
156
129
93
136
101
148
120
134
7
163
148
128
114
104
149
110
96
7
128
154
92
96
117
123
121
152
3
109
122
154
99
143
100
106
95
1
108
156
124
104
106
96
118
107
10
91
120
118
105
153
106
114
141
9
140
100
114
78
122
113
118
100
8
107
141
144
114
115
107
74
99
7
120
141
101
110
147
121
118
125
9
113
129
113
122
121
109
125
130
5
142
102
125
141
126
105
127
87
8
134
71
122
121
131
121
138
142
7
121
104
82
133
145
106
101
119
9
143
143
119
113
112
124
149
99
4
130
123
86
142
96
119
135
101
10
119
109
142
125
98
152
114
94
10
109
159
92
106
115
134
109
91
5
107
143
108
118
107
115
94
107
7
144
101
119
123
140
108
150
149
2
142
135
106
141
124
117
90
120
5
100
147
127
164
84
148
88
105
1
111
165
126
106
154
100
97
107
8
89
106
74
107
126
103
110
138
9
128
106
109
109
114
119
106
91
5
93
113
106
128
98
136
129
107
6
105
118
95
91
125
98
85
129
1
107
107
103
109
114
109
105
93
5
96
111
108
128
119
120
143
160
3
105
109
170
128
141
136
126
122
2
114
96
120
76
126
91
115
93
7
78
140
92
126
93
94
127
108
2
100
141
78
124
107
127
128
113
0
115
110
127
70
109
106
108
106
5
113
148
126
126
148
113
139
111
7
80
112
127
118
121
133
96
134
1
143
92
122
114
114
97
128
141
2
107
109
107
111
115
76
104
114
5
84
144
115
91
121
164
87
93
7
109
102
129
124
146
72
144
106
7
111
99
124
127
105
110
131
104
4
131
132
80
113
125
128
142
168
3
109
108
116
122
129
139
134
114
7
152
141
88
94
114
105
100
84
5
118
107
141
118
129
121
123
116
5
135
114
141
119
94
123
101
146
6
107
130
128
91
131
156
149
103
7
94
128
111
93
114
98
147
169
1
101
91
133
120
88
58
103
123
5
116
84
131
122
114
81
121
105
3
120
87
115
118
98
128
123
135
4
109
112
126
114
112
96
94
100
5
100
102
145
136
142
119
137
112
8
102
80
120
96
117
121
172
67
8
91
130
107
152
114
114
126
163
6
118
138
113
108
97
133
133
170
8
128
100
122
102
148
88
121
114
8
128
141
91
106
119
127
130
97
6
100
106
107
128
135
147
98
126
10
153
100
108
127
119
127
123
101
7
114
147
128
129
122
78
108
124
4
114
130
88
148
110
95
141
107
2
102
113
99
148
120
137
121
120
9
163
110
126
97
98
134
120
100
3
150
101
91
89
124
106
116
130
7
108
129
149
71
106
116
140
101
1
134
119
121
87
105
119
114
150
9
143
102
121
132
163
133
105
94
10
142
124
135
86
111
165
113
142
4
113
88
117
131
120
96
121
120
2
107
108
54
110
97
101
146
98
7
148
112
125
119
134
146
110
108
4
92
109
106
106
143
100
93
92
5
84
129
68
100
77
96
124
79
1
134
125
129
132
97
107
106
149
7
92
127
115
120
87
104
136
110
7
119
97
112
101
98
111
128
91
5
108
104
102
101
120
128
143
79
8
120
99
76
103
138
88
114
106
5
99
135
94
122
123
133
94
133
10
130
110
127
83
135
140
106
110
6
107
135
142
105
144
119
120
82
1
74
119
106
141
91
113
130
94
8
99
115
125
155
104
126
95
85
4
108
105
127
101
117
114
148
97
7
92
134
148
108
99
108
154
94
3
107
148
52
156
115
118
136
100
2
115
106
122
103
99
114
92
123
9
128
143
106
122
121
119
86
121
6
99
104
125
122
136
108
107
109
10
156
131
108
100
131
110
116
163
4
114
152
96
124
119
93
84
101
5
118
105
125
93
100
84
105
162
9
117
121
94
131
150
92
98
106
8
122
84
128
85
136
111
118
137
7
115
124
126
107
132
97
85
105
3
91
134
100
114
156
87
126
114
7
113
130
111
113
137
105
101
118
8
113
126
155
125
148
102
112
134
1
128
127
93
82
150
158
112
120
4
122
83
123
169
133
99
126
108
6
100
139
163
97
109
124
126
96
5
126
126
148
75
128
101
99
107
5
94
120
134
99
79
137
121
93
1
141
131
119
109
95
101
154
98
3
116
106
109
96
138
164
113
102
4
117
86
164
104
123
113
120
134
7
105
127
99
99
84
89
77
122
6
77
149
115
110
111
105
123
101
6
51
119
142
131
127
73
88
119
10
129
123
107
122
133
99
86
155
0
66
111
108
139
135
122
100
146
8
110
99
128
122
141
120
100
114
6
107
121
114
116
99
121
128
128
5
129
108
135
157
91
142
151
107
5
114
124
99
90
100
121
114
83
7
145
102
119
141
132
108
131
85
7
105
140
153
109
88
128
126
120
3
133
85
128
85
119
92
138
140
3
107
120
127
113
144
127
120
120
8
112
133
127
106
135
150
114
122
10
114
135
114
89
110
142
122
77
7
113
111
139
83
126
120
106
149
2
112
128
111
136
130
136
102
113
2
116
114
135
100
70
156
92
111
1
104
134
113
115
98
126
64
108
1
105
120
123
140
93
139
115
112
9
137
122
96
50
113
85
100
87
0
113
114
111
121
103
99
122
99
1
109
120
96
106
139
107
120
121
1
120
122
134
142
106
115
93
120
2
88
123
133
114
108
101
111
99
8
121
84
100
105
129
135
128
116
6
118
113
121
126
146
156
147
93
5
133
123
128
107
90
133
112
121
7
94
150
91
106
97
133
102
56
4
120
120
99
118
120
80
77
93
9
74
109
110
79
96
91
90
128
4
93
84
113
112
86
97
127
163
5
143
129
142
95
99
129
117
119
2
155
141
129
126
100
154
130
126
1
139
121
84
101
95
140
92
119
5
94
129
116
150
121
106
101
128
9
123
134
100
117
92
112
139
129
7
113
92
118
147
144
97
95
137
10
83
114
122
91
133
101
135
125
5
85
99
124
93
145
109
123
92
8
119
99
72
151
88
141
104
129
1
103
79
87
100
156
88
86
99
4
130
91
105
135
125
114
84
113
4
117
133
105
141
79
132
107
149
2
116
102
90
143
122
122
113
142
5
85
110
115
117
107
99
100
100
5
129
140
94
101
101
145
128
135
7
96
133
101
83
121
114
135
120
9
125
105
80
134
113
92
119
102
5
92
102
135
104
121
126
117
93
10
99
156
133
141
115
122
120
81
0
149
115
94
122
99
113
102
128
9
129
124
100
102
123
132
86
93
6
117
93
93
139
134
135
140
114
8
128
162
144
123
133
135
113
114
8
61
127
95
125
114
113
113
109
3
146
84
114
126
94
121
136
120
9
131
122
100
120
117
117
95
101
2
101
121
121
115
153
120
129
111
3
107
112
112
119
116
92
122
119
5
122
126
128
141
136
131
121
121
5
121
119
99
64
118
150
142
92
9
129
131
112
111
104
119
105
163
4
115
88
108
134
148
149
120
103
10
127
117
99
64
118
154
142
97

