10
8
9
1
3
3
8
5
8
16
1
9
7
8
4
8
3
7
13
2
6
7
3
0
4
9
4
156
92
111
105
150
135
119
125
5
117
128
170
119
114
128
118
103
6
110
115
110
128
118
114
97
121
1
100
121
121
116
125
120
109
110
4
99
107
122
99
104
111
114
103
1
115
135
140
125
114
93
117
143
2
141
100
139
92
114
124
145
112
9
161
121
155
112
93
98
127
127
5
134
139
140
126
141
95
142
85
2
131
147
90
113
114
155
128
128
8
84
120
107
112
114
72
127
123
2
107
115
127
129
106
147
124
90
4
122
132
100
89
137
121
93
126
2
141
157
138
99
116
113
129
92
3
134
114
148
134
149
141
131
106
3
136
100
108
78
104
91
138
128
1
121
106
106
134
92
106
129
118
3
129
127
113
126
93
96
103
104
6
116
107
117
64
145
120
146
140
7
157
138
129
92
137
108
115
108
6
138
116
110
135
143
127
134
108
4
133
125
138
99
118
114
96
115
4
134
155
91
120
106
102
138
91
7
122
124
128
131
143
106
121
121
5
80
124
115
126
108
114
128
157
10
92
70
131
145
123
113
143
126
5
125
143
163
109
133
120
98
148
7
106
91
133
113
106
119
118
106
3
107
93
115
119
113
133
102
154
2
150
98
135
82
130
105
78
120
8
149
122
135
135
93
143
115
101
2
107
135
80
120
121
84
155
141
3
107
118
119
100
80
120
141
107
2
153
69
156
142
77
95
70
101
3
111
134
132
80
103
152
110
133
5
137
135
57
126
82
126
128
155
5
113
138
140
96
124
121
99
161
9
101
110
107
123
143
84
141
135
5
108
95
121
136
107
92
137
120
5
80
155
103
81
89
66
167
128
3
139
108
121
103
143
127
125
106
1
110
123
73
127
134
101
71
128
2
125
117
128
111
147
149
88
108
8
119
98
124
121
132
107
129
127
2
99
114
71
79
128
126
142
90
3
116
97
151
114
120
98
133
121
6
110
135
108
104
99
80
134
116
10
155
76
87
98
155
122
121
114
7
102
85
116
135
103
79
163
92
6
118
99
120
126
129
99
126
113
9
102
121
113
91
114
135
144
135
8
107
135
142
142
117
101
150
106
7
117
126
133
119
102
99
80
99
6
141
91
111
99
149
121
109
87
10
94
100
101
112
102
149
138
140
7
145
106
118
123
161
131
110
102
1
80
138
107
77
85
97
170
92
1
114
82
132
118
107
113
106
139
7
59
137
141
121
107
108
91
84
7
104
112
78
85
112
83
121
143
1
115
150
145
115
116
80
121
139
3
77
115
101
104
116
97
133
94
3
99
115
123
91
131
114
144
92
10
114
91
120
112
129
133
134
110
0
112
81
121
108
106
99
134
137
7
120
90
110
107
105
112
104
107
2
93
101
110
89
124
129
117
113
6
114
130
114
159
132
119
127
127
1
89
113
93
152
115
132
128
142
8
113
155
107
129
91
114
101
142
1
119
102
114
129
128
115
112
96
7
113
144
115
110
111
118
86
112
7
108
100
110
140
116
106
155
129
2
109
142
113
110
149
121
129
163
9
112
133
111
105
70
115
101
142
6
136
129
172
141
121
148
108
156
9
150
99
120
132
85
113
148
101
5
120
105
136
114
121
103
119
107
5
112
99
116
145
98
121
163
116
10
94
127
108
128
115
131
107
149
3
116
122
130
167
92
134
71
99
7
101
119
100
82
107
113
126
95
6
128
123
163
102
101
141
117
99
9
124
123
156
113
76
105
101
99
7
135
85
150
115
113
124
120
97
9
128
131
110
108
134
153
106
114
9
145
109
93
149
123
127
129
113
4
106
121
87
105
114
115
99
100
6
150
105
132
124
84
99
99
162
8
128
126
80
142
109
108
97
112
1
118
144
101
121
74
113
144
107
8
101
101
141
91
114
82
139
150
8
83
86
133
135
135
163
113
134
6
135
118
112
94
122
134
120
122
5
85
125
131
114
127
99
128
125
4
159
128
117
101
112
108
80
105
7
113
101
86
142
106
117
120
115
6
146
84
124
105
129
136
112
127
5
143
94
110
79
115
140
116
129
4
99
87
141
146
123
91
114
128
9
142
114
118
149
134
91
153
96
7
130
116
114
122
127
84
99
140
4
116
111
144
135
104
127
109
105
10
128
115
95
158
102
111
128
140
5
143
120
133
151
157
116
97
127
10
86
150
112
124
107
129
127
100
9
153
148
97
121
125
101
135
134
6
141
142
91
106
120
100
103
85
0
88
94
92
135
108
130
109
106
7
82
141
121
124
130
142
98
111
7
113
143
91
100
120
142
114
136
0
126
129
125
125
128
136
127
120
0
141
133
90
154
86
92
123
106
5
141
94
127
101
121
136
78
129
3
134
93
98
108
77
93
136
145
4
93
99
103
126
155
110
132
147
10
114
112
122
128
72
116
146
98
9
120
125
117
139
97
120
122
89
1
134
142
94
96
102
142
147
141
1
136
127
81
117
104
150
86
128
2
122
111
120
121
120
152
133
119
8
108
86
145
134
93
134
142
100
8
139
139
101
125
119
82
156
122
9
104
113
96
107
128
87
104
112
4
101
123
93
93
140
117
150
118
7
100
126
106
85
107
99
96
97
4
132
97
122
121
89
100
119
159
6
112
91
115
143
124
108
105
111
4
132
85
120
128
121
91
93
94
6
99
133
99
111
73
127
119
104
4
78
152
128
116
107
107
147
136
4
122
126
62
65
122
92
134
82
9
145
152
131
134
121
134
118
101
7
140
81
135
91
103
129
128
122
9
105
121
114
120
142
98
126
125
7
100
148
117
106
135
106
140
91
7
84
108
119
134
63
102
105
114
5
123
141
142
113
141
113
133
84
3
122
85
122
110
73
85
93
93
5
129
128
120
124
101
126
96
119
5
93
63
104
127
149
95
147
100
10
135
116
107
119
63
163
139
99
8
130
142
169
116
105
106
128
126
1
112
107
114
130
106
108
73
149
2
107
104
105
104
95
162
132
95
3
151
128
132
149
92
113
153
100
6
117
103
83
101
96
143
130
83
5
126
91
120
142
150
154
122
133
7
103
111
128
85
125
129
106
132
10
133
86
143
111
106
112
111
125
3
106
73
107
98
91
132
101
116
5
124
112
96
141
142
119
91
145
6
114
69
155
119
118
100
122
133
7
107
121
120
130
141
112
125
126
3
115
119
94
125
117
126
141
98
7
119
93
71
154
115
131
125
131
2
105
134
119
119
122
159
155
112
3
100
101
101
103
120
97
114
129
1
93
132
128
152
75
88
99
140
7
105
75
115
108
91
86
95
105
7
132
104
91
169
87
103
120
121
4
119
97
120
132
143
156
106
154
0
142
123
114
132
157
126
114
85
2
149
121
131
155
112
103
124
152
9
156
121
105
155
142
100
155
123
0
111
75
119
134
166
122
78
135
10
78
99
109
116
111
107
53
149
9
102
110
115
114
105
124
102
133
3
126
142
116
110
85
107
66
123
4
131
140
106
119
115
141
84
124
3
111
112
122
121
115
95
143
112
6
100
96
120
87
111
105
111
132
4
140
93
156
133
104
121
100
115
6
94
94
153
129
100
126
160
141
8
80
120
127
115
98
126
120
141
9
115
93
121
111
105
160
107
130
4
129
136
119
134
130
103
144
147
6
107
84
105
142
120
120
127
147
9
121
127
134
133
113
132
99
95
1
85
94
122
112
134
154
71
106
1
127
119
122
115
114
112
141
114
1
126
108
136
115
90
121
124
105
6
124
116
122
141
109
129
89
135
1
101
130
81
156
144
129
130
111
1
121
113
95
104
156
86
129
100
6
130
104
135
127
128
103
110
105
8
97
134
74
116
101
140
159
118
5
117
104
94
111
87
133
129
135
4
128
92
116
100
121
129
113
127
8
118
113
98
108
133
122
101
140
7
133
133
70
105
92
111
113
150
4
119
124
122
97
86
98
130
169
2
109
123
103
114
126
126
148
86
0
143
115
94
136
63
153
111
126
0
112
140
112
97
100
88
125
94
8
131
86
111
115
83
114
125
105
3
118
110
123
126
142
103
102
112
9
120
100
111
101
118
116
105
151
0
102
89
117
131
137
93
100
101
0
145
98
124
90
117
86
119
130
9
128
99
108
107
104
106
124
102
0
104
120
108
121
83
134
84
106
1
131
93
129
124
127
101
105
116
1
109
138
115
118
122
123
140
110
7
122
141
95
129
114
143
135
112
2
103
148
123
156
113
133
150
105
8
113
91
121
84
125
122
115
107
1
157
127
122
128
132
111
131
116
2
116
88
119
142
113
118
132
114
5
132
141
142
96
112
128
117
105
7
147
128
134
93
129
161
112
121
6
124
143
128
136
101
130
125
114
4
121
122
142
127
100
108
128
107
0
126
128
79
136
113
87
134
102
9
94
103
121
115
109
114
140
108
5
157
85
119
143
137
148
105
144
2
145
100
106
88
78
108
85
142
2
126
123
147
100
116
142
116
136
4
126
150
103
88
94
134
98
110
1
109
107
124
101
103
119
127
120
7
138
102
135
108
72
143
128
109
7
118
136
132
119
78
114
149
113
6
118
119
112
155
141
122
117
152
9
91
101
103
140
94
133
128
140
7
126
120
155
117
101
107
128
126
2
129
82
140
98
78
97
64
115
3
149
99
91
123
135
92
112
125
3
132
151
138
85
135
121
142
118
1
110
73
134
77
156
98
142
142
5
146
122
127
99
143
133
124
151
5
111
104
100
136
108
131
126
150
9
81
103
107
161
114
121
81
119
1
134
151
78
118
91
93
138
150
5
118
131
89
134
133
118
140
129
7
86
134
123
130
113
112
73
115
1
127
111
112
132
142
93
109
155
7
109
140
151
84
105
129
97
113
6
139
151
99
87
146
66
142
133
6
155
92
145
86
84
78
114
110
3
130
148
75
133
139
110
142
87
5
107
115
164
159
117
147
121
92
9
145
124
105
120
106
114
122
111
5
103
105
141
90
107
128
100
80
3
119
89
118
85
129
103
120
125
3
113
115
108
136
128
152
64
115
1
148
138
98
99
117
94
122
98
9
100
144
86
156
132
92
102
86
3
134
107
102
89
106
92
132
129
8
129
64
112
124
129
162
145
78
1
87
121
175
148
123
104
79
124
9
99
106
116
136
135
65
109
94
4
106
106
141
121
111
114
128
122
6
93
103
94
112
105
132
142
154
3
107
113
130
121
129
111
147
99
8
119
112
134
129
120
102
132
96
4
105
129
121
65
126
126
133
107
6
134
119
83
107
99
100
148
142
2
114
85
103
83
103
104
127
153
6
116
127
134
121
128
128
105
114
7
73
135
122
106
95
126
102
106
9
100
128
113
86
139
144
119
144
7
131
145
128
112
93
134
150
120
9
98
118
92
103
122
77
114
131
1
110
101
163
109
134
104
119
142
9
120
110
120
79
98
132
64
115
9
120
99
90
84
96
112
106
112
3
128
112
128
104
122
120
144
120
2
107
123
90
106
149
116
124
122
3
116
98
83
85
90
112
116
120
5
140
113
115
106
100
135
113
140
3
127
114
143
155
138
132
121
134
9
103
115
120
152
116
99
120
103
4
84
121
146
139
94
113
121
126
7
106
109
127
99
94
103
132
145
2
108
93
98
113
89
113
94
143
8
142
136
120
115
124
136
113
111
4
124
78
85
99
105
111
148
111
4
110
119
99
67
117
106
125
123
4
92
113
93
109
114
112
139
111
1
86
104
143
126
94
107
110
129
6
99
150
110
143
116
117
140
135
2
114
152
100
111
118
101
108
101
6
115
126
126
106
150
110
107
128
4
124
117
97
147
103
136
138
94
3
133
149
136
157
85
129
112
115
0
85
105
124
106
121
135
105
90
3
96
138
137
127
107
107
132
114
3
135
128
77
104
107
128
111
114
7
154
146
147
126
106
129
128
115
7
138
149
141
99
110
105
107
114
9
113
112
115
80
107
115
118
133
5
114
124
116
129
108
141
149
158
9
105
115
133
128
103
166
132
114
2
100
110
122
139
131
143
105
91
1
119
105
114
93
108
107
89
114
6
149
121
102
115
101
133
79
145
7
120
119
103
112
127
111
114
126
9
109
131
103
116
131
135
136
151
1
135
115
140
136
144
104
153
107
9
107
110
118
147
107
111
114
110
7
128
147
110
95
120
118
139
105
1
118
100
116
132
151
94
110
106
7
101
114
124
131
113
118
107
106
3
121
95
86
105
93
129
125
131
8
85
115
99
94
147
117
113
106
2
105
98
96
94
128
84
136
117
10
155
141
114
116
97
122
158
120
5
94
140
167
146
121
124
124
90
4
104
115
114
63
126
136
78
93
8
149
122
159
74
114
99
117
98
3
114
147
120
113
111
94
103
117
6
108
131
86
120
116
84
100
131
9
86
123
133
108
118
92
146
119
5
101
147
116
142
64
102
134
95
6
125
112
120
123
98
120
96
126
3
145
136
122
84
141
110
161
133
4
125
106
94
108
106
142
134
125
4
78
133
135
85
113
110
123
93
8
112
125
130
134
134
156
120
115
7
135
140
99
150
108
101
80
135
4
124
131
120
112
111
119
77
158
2
97
136
86
144
87
93
72
119
2
101
93
123
177
92
145
136
109
3
138
151
119
143
162
121
127
157
9
113
127
120
98
120
118
99
127
6
132
134
107
105
107
145
99
115
5
114
147
92
109
120
148
108
138
7
141
115
129
107
129
90
129
120
1
108
155
140
150
70
83
124
104
6
121
98
134
142
140
136
85
114
7
120
130
129
123
100
123
108
143
2
92
111
133
91
131
78
138
105
6
156
134
133
142
107
106
115
144
7
119
113
127
115
94
106
115
98
6
120
131
125
120
120
135
133
94
1
120
113
150
113
146
134
132
99
6
106
108
100
76
106
111
113
71
5
145
87
113
134
107
121
113
136
9
134
109
120
59
112
141
112
106
5
100
128
88
115
128
102
86
95
0
104
133
103
129
147
99
91
125
8
138
126
99
106
158
104
68
142
0
100
109
82
99
93
115
99
74
4
122
121
139
147
127
129
78
112
0
124
126
141
96
139
97
121
99
2
96
70
113
115
86
132
123
127
6
135
140
113
82
136
119
101
107
2
121
90
114
52
127
110
112
108
3
114
131
97
121
105
121
119
114
2
95
137
110
128
153
136
122
122
3
105
135
141
132
112
93
97
127
1
84
104
128
74
106
109
140
114
3
144
86
147
126
120
149
111
121
3
128
156
87
133
106
113
136
106
9
60
134
84
100
103
134
121
126
8
106
99
99
135
86
127
107
129
9
106
127
138
121
119
100
148
99
4
105
125
126
120
140
148
142
84
5
126
129
128
104
130
123
106
99
9
96
106
114
149
140
133
107
121
7
125
117
109
165
146
140
133
92
4
144
73
125
114
125
151
114
134
7
97
82
123
117
129
113
134
150
9
109
135
115
107
109
113
132
71
7
125
114
130
131
95
58
142
105
1
161
110
170
73
98
153
71
134
8
117
109
151
128
146
126
92
136
2
113
130
112
109
141
115
101
113
9
105
97
86
135
128
141
140
120
5
104
134
92
140
109
121
101
129
3
96
107
154
119
125
121
112
116
4
134
127
104
112
105
97
157
104
9
114
111
126
101
132
114
108
106
5
128
111
93
138
120
107
109
144
2
124
95
127
128
142
109
85
104
2
116
100
130
114
143
154
114
136
1
114
95
92
119
127
93
118
108
0
77
119
121
149
116
61
158
115
0
104
85
108
120
108
119
148
123
3
101
115
128
98
154
129
86
91
1
99
113
110
133
99
148
108
111
9
150
111
145
141
97
109
107
131
3
112
121
142
134
118
120
78
94
1
137
135
130
106
120
112
131
96
3
108
149
113
92
99
111
89
135
6
131
141
134
97
86
112
117
132
7
111
111
97
136
113
129
122
95
9
129
103
92
110
109
114
144
111
5
130
135
135
92
91
109
115
130
1
106
108
92
141
119
129
127
93

