13
8
10
7
1
3
2
2
4
15
7
9
2
6
3
7
5
7
10
5
0
5
1
7
5
8
1
126
157
166
121
142
128
112
141
10
98
120
141
122
115
144
117
127
2
114
130
106
92
134
101
119
116
6
96
93
124
114
87
149
127
148
5
149
131
144
108
114
143
82
110
1
117
109
100
112
92
134
91
114
5
134
102
90
140
126
150
112
135
6
98
96
121
141
131
131
116
106
3
109
123
105
124
118
134
121
85
9
141
113
120
114
113
131
120
126
9
116
133
121
138
111
116
106
106
6
156
107
101
102
106
94
122
136
6
98
109
106
131
87
145
109
99
1
105
148
116
115
156
135
111
85
5
134
134
113
115
89
114
106
78
7
98
103
136
107
121
102
136
123
4
134
116
142
86
119
114
89
105
2
111
143
120
122
106
115
141
106
5
120
93
130
149
125
119
122
127
4
135
129
114
115
114
78
94
129
1
141
96
105
70
119
101
83
142
6
99
143
79
108
108
104
80
120
1
97
109
128
169
146
109
155
101
10
122
134
108
122
103
96
117
137
3
86
89
148
105
85
130
100
83
2
140
124
149
112
130
139
121
170
1
115
144
81
153
114
120
163
141
1
106
113
104
121
96
100
101
109
3
100
118
106
108
98
117
82
79
7
107
98
113
96
134
124
112
116
2
90
135
103
100
121
100
132
105
4
118
110
93
107
105
148
143
114
9
122
131
119
142
121
115
134
105
4
141
134
148
114
123
102
132
137
2
131
114
159
128
129
84
142
74
6
141
72
141
131
155
120
134
91
7
121
132
94
134
139
81
133
121
0
124
110
114
149
85
142
67
139
10
87
132
148
135
125
121
142
101
4
134
101
92
118
111
150
150
156
4
88
107
108
126
113
136
122
117
10
123
109
82
127
106
115
126
141
3
116
141
89
129
114
133
126
98
9
139
121
145
107
114
121
120
138
7
106
100
138
122
116
139
128
141
9
98
129
114
135
121
106
124
126
5
107
108
145
123
112
153
116
95
2
140
122
127
98
113
127
134
112
7
93
79
121
121
159
105
98
135
0
101
135
135
147
121
91
124
140
1
119
91
132
129
112
98
102
126
8
92
107
84
106
115
128
133
142
8
100
127
110
163
131
91
127
103
9
133
98
89
117
122
128
97
125
10
99
90
125
129
128
114
81
124
4
133
114
99
139
107
135
141
90
7
116
92
130
106
107
135
94
144
2
120
123
138
155
115
150
120
122
5
129
112
126
81
77
122
146
80
4
114
119
113
155
124
117
129
105
9
133
93
92
120
98
130
137
95
7
148
91
117
113
148
108
146
143
7
149
99
113
75
152
107
86
110
7
106
145
120
135
119
120
105
110
2
119
170
86
118
130
159
119
131
5
119
110
136
88
131
113
121
107
4
104
96
148
88
99
129
123
121
9
133
119
112
121
107
117
112
87
9
127
128
96
56
128
133
128
135
0
115
141
135
118
120
143
87
104
3
134
106
106
91
113
149
143
124
3
103
92
99
117
129
126
110
105
3
106
123
98
133
103
119
125
135
4
109
162
119
96
128
138
143
84
1
119
119
79
98
130
133
99
73
7
105
101
107
99
91
92
99
135
10
137
142
98
119
112
113
133
140
8
106
136
143
101
155
98
94
133
6
90
139
128
119
109
105
103
141
6
101
141
70
142
157
126
114
90
3
141
148
108
129
144
75
109
108
5
148
115
119
147
94
101
126
107
10
130
116
114
78
113
113
155
119
8
99
134
117
137
113
142
99
89
1
114
127
106
123
105
114
106
154
8
127
105
128
140
127
107
120
129
3
106
105
133
82
87
121
75
140
1
124
103
120
102
75
118
106
123
5
121
157
114
106
122
119
95
133
2
75
134
99
78
120
115
109
157
10
153
128
84
135
100
130
112
161
1
132
99
112
84
93
103
113
131
0
99
108
103
104
117
102
107
119
9
109
119
130
120
134
104
120
164
1
100
135
120
122
95
128
108
111
9
122
110
143
101
132
146
114
136
2
124
99
140
116
114
101
113
95
4
77
102
117
109
88
96
72
135
1
103
90
157
114
107
103
99
107
5
127
104
86
104
133
86
107
143
2
113
148
85
119
135
133
142
109
6
110
119
142
156
101
139
85
108
1
114
120
113
115
154
142
80
120
9
107
130
130
56
138
141
142
133
6
107
97
99
113
112
152
155
91
6
89
123
119
136
116
124
120
142
10
134
73
169
84
78
133
99
137
1
128
131
128
108
142
149
137
96
5
146
133
113
125
112
105
115
81
7
126
106
119
131
125
92
71
113
7
106
125
135
115
103
100
139
94
5
117
114
128
128
107
128
135
134
5
105
97
105
132
132
107
101
136
4
146
123
120
134
108
121
128
128
1
84
120
112
114
118
125
119
143
5
108
102
102
111
161
140
113
121
2
121
144
114
129
101
115
118
107
6
102
129
94
117
113
116
136
92
7
121
143
120
121
91
127
107
95
4
85
125
148
135
142
84
119
107
9
131
90
75
132
151
100
97
157
3
119
135
135
123
83
110
127
113
5
125
135
120
106
112
84
122
93
2
95
135
136
104
113
104
129
126
9
114
140
107
133
130
107
90
113
7
108
115
99
109
134
127
108
116
8
163
128
106
117
138
109
97
128
2
146
92
119
125
92
138
137
125
1
71
100
114
98
133
103
91
124
9
114
157
99
101
85
112
110
79
4
123
98
98
126
92
90
125
134
9
128
143
129
134
123
141
172
93
3
120
115
141
106
104
114
109
113
9
121
104
145
107
106
113
153
114
8
118
135
127
95
106
121
108
112
10
113
105
155
124
154
148
107
121
5
104
120
71
142
81
116
124
83
3
91
133
119
136
115
133
111
87
9
128
96
109
98
101
112
113
124
2
86
116
135
105
131
99
79
134
8
114
93
115
101
135
122
92
105
5
83
134
133
119
99
139
110
94
9
163
157
100
106
120
134
112
76
5
79
148
150
129
141
146
133
89
4
86
174
156
93
118
104
122
136
4
128
114
148
130
80
112
136
129
10
137
134
126
87
114
151
106
112
10
138
128
148
112
124
79
129
78
7
131
87
134
119
129
140
119
107
6
112
114
96
120
73
114
119
146
9
128
131
126
90
133
99
121
104
9
106
128
125
128
128
115
107
122
7
124
142
117
118
128
112
97
106
2
88
118
149
112
127
97
121
78
2
144
143
134
122
99
94
108
116
6
154
137
137
126
111
85
107
102
4
148
113
141
100
101
150
115
58
2
118
114
128
128
93
111
121
110
9
132
118
130
128
72
128
101
127
4
142
88
85
91
91
121
86
127
8
122
149
121
139
99
71
104
98
4
121
117
127
113
123
99
93
168
6
99
121
131
81
108
109
121
138
1
128
116
88
130
107
140
100
128
0
86
127
134
128
100
86
112
128
7
162
124
131
117
136
109
76
70
9
122
155
105
84
112
126
99
128
2
111
128
154
117
111
107
135
105
1
92
125
132
124
112
133
140
112
7
94
160
91
160
92
88
123
176
4
100
127
118
117
142
154
106
121
2
136
85
129
125
152
109
101
121
5
154
128
118
106
129
113
105
129
4
108
134
103
132
130
118
129
90
1
105
133
107
127
113
114
137
160
5
113
138
112
135
106
112
116
84
3
137
129
109
122
120
128
109
136
6
126
80
106
86
102
141
129
112
7
135
113
119
143
128
79
95
101
5
107
103
96
127
146
100
116
119
5
140
136
149
125
157
122
94
138
2
105
106
146
156
119
111
133
74
3
69
99
103
127
120
132
119
71
9
112
113
124
121
132
117
110
135
10
125
176
100
142
101
118
119
106
8
85
142
103
106
128
115
110
129
4
140
65
113
142
79
114
107
112
9
119
114
123
108
83
106
112
123
2
113
113
96
140
127
95
130
141
10
131
107
149
106
110
115
142
100
1
155
145
106
130
139
102
106
132
2
104
84
65
120
113
133
147
145
9
149
135
163
147
157
120
100
135
5
119
173
113
98
120
108
135
126
9
145
157
84
128
112
123
124
133
8
105
121
94
111
139
126
129
106
8
126
100
141
111
115
143
100
94
6
127
121
127
121
106
137
127
107
1
148
82
114
120
98
141
107
97
10
114
113
108
84
114
114
128
111
1
105
113
120
133
134
105
109
117
9
86
139
98
91
75
126
139
114
2
156
168
112
134
81
118
147
135
3
97
118
114
135
106
98
127
80
4
87
79
97
134
134
101
125
99
4
93
72
146
133
108
150
115
120
0
127
114
102
94
134
110
137
133
2
98
143
141
111
125
108
86
144
0
108
114
109
105
107
114
137
120
8
121
111
146
144
113
101
113
70
8
119
100
70
125
115
114
147
123
9
100
104
115
96
92
127
95
114
5
137
152
139
126
123
148
128
109
4
106
104
93
139
133
148
140
99
4
115
128
94
98
143
130
107
89
7
127
75
134
154
81
120
146
92
2
117
149
151
142
116
124
127
79
1
109
134
92
101
135
120
112
141
2
109
112
147
118
115
96
135
104
9
115
113
142
148
120
111
182
105
3
101
127
114
115
131
125
145
111
8
127
136
92
146
102
129
134
100
3
103
77
115
124
103
144
121
126
6
85
95
85
106
159
125
112
99
3
100
132
117
138
126
122
114
141
7
134
130
109
134
119
120
129
109
9
147
121
128
100
135
96
121
150
5
105
128
87
124
79
114
135
92
8
102
128
157
144
143
142
110
153
1
94
83
119
121
150
121
94
100
10
132
162
92
127
75
98
133
76
3
132
119
116
91
99
111
71
106
0
95
106
93
92
121
85
115
101
1
108
112
149
123
126
103
153
105
3
113
104
99
93
77
117
98
113
8
89
90
149
75
149
131
111
148
10
113
121
115
116
95
118
103
141
2
130
128
129
103
94
141
113
87
3
118
146
82
99
121
104
81
114
6
121
106
122
168
95
148
108
114
1
101
140
119
136
74
122
88
99
9
132
152
114
109
133
114
78
95
4
100
119
89
109
126
103
149
119
7
121
134
144
143
109
136
113
106
2
117
113
156
120
141
126
119
102
6
94
108
142
102
90
119
119
132
1
137
129
132
108
132
113
99
128
7
91
93
124
140
90
122
79
115
7
114
111
91
101
123
124
101
84
8
114
98
124
119
156
119
89
119
5
88
157
109
94
119
122
124
125
3
130
120
106
91
126
130
143
87
2
147
112
107
125
128
118
134
119
5
108
120
122
112
98
124
115
100
6
124
178
125
104
114
78
100
125
10
117
143
94
100
113
110
132
129
5
116
93
148
159
96
123
144
122
9
85
107
121
126
121
79
112
113
3
105
92
104
97
119
80
107
126
8
120
133
136
124
139
112
117
122
4
112
108
120
112
118
63
106
135
0
109
109
117
99
154
90
133
163
4
121
100
109
149
120
113
98
104
7
77
92
104
125
99
112
79
120
6
149
138
110
128
119
134
102
169
6
142
124
154
107
97
141
157
155
1
93
127
113
93
120
114
90
158
6
108
117
100
100
139
107
112
153
6
106
123
113
132
101
164
76
106
5
103
124
96
100
113
114
121
88
9
99
147
96
107
99
92
130
110
3
131
106
107
105
120
132
147
135
2
112
90
115
140
115
98
103
109
8
142
123
115
95
102
120
119
107
2
102
129
118
103
85
112
149
121
9
112
147
86
158
116
135
115
136
1
131
107
114
116
128
105
110
95
6
121
102
119
105
73
124
114
133
1
100
89
128
107
128
95
133
157
3
112
89
101
134
104
107
71
95
9
121
92
86
126
107
118
126
103
0
99
76
148
108
141
107
119
127
5
109
102
115
124
84
117
106
140
1
75
104
120
137
133
146
94
99
10
94
110
132
135
95
108
113
124
4
138
120
77
126
113
108
138
112
8
104
138
95
138
162
145
107
142
2
124
119
114
127
98
94
102
87
0
132
132
164
131
97
113
74
119
2
94
111
118
157
123
123
119
108
5
136
101
122
120
94
122
143
117
3
110
119
126
107
109
111
109
108
9
104
143
177
135
129
103
125
100
4
123
129
114
126
142
143
102
129
2
168
136
147
85
105
120
99
141
7
79
169
115
134
116
123
142
99
5
94
115
113
106
147
120
99
134
3
108
120
119
114
106
109
85
110
8
136
67
92
114
131
128
155
149
7
135
119
113
72
119
144
85
127
7
142
133
95
142
140
156
91
110
6
123
124
111
120
110
99
98
99
4
120
108
126
122
92
93
89
101
7
80
114
112
126
113
136
104
100
3
103
113
124
117
74
126
104
111
7
137
89
122
121
85
148
140
143
1
106
58
140
137
128
107
103
115
5
109
134
132
107
120
102
128
129
5
135
148
96
144
113
119
130
107
8
153
82
143
135
122
129
128
148
6
120
120
126
102
120
146
76
108
3
100
120
114
128
114
87
91
124
6
99
81
68
91
105
120
108
90
10
116
103
136
144
113
114
134
111
9
136
114
90
114
128
115
121
141
4
124
156
105
106
135
128
139
103
9
113
124
129
113
107
125
108
93
6
102
99
94
126
152
112
131
117
5
105
103
150
135
107
111
124
109
9
131
129
134
114
107
112
123
147
3
143
163
101
134
109
67
80
94
1
159
113
70
90
135
101
163
102
4
144
121
119
112
126
119
133
114
7
135
129
106
102
125
128
108
94
9
132
106
112
113
93
126
139
106
5
105
135
142
134
83
107
101
132
8
64
133
116
89
116
119
106
122
4
108
125
104
141
128
91
85
149
10
135
94
161
98
97
103
121
91
3
119
103
122
138
119
134
87
128
2
136
113
114
115
151
142
84
99
8
116
92
125
149
116
99
117
165
1
137
71
108
120
116
118
154
126
5
129
139
89
141
72
113
92
126
6
143
84
107
99
118
152
82
130
3
105
85
85
121
164
110
110
118
5
98
129
141
137
87
140
148
119
1
145
100
72
97
99
142
138
166
4
126
89
112
107
113
70
122
146
3
98
143
107
96
136
128
130
137
8
132
114
124
87
106
114
127
120
1
122
112
148
154
116
123
120
123
5
99
120
114
99
109
136
125
156
10
115
96
98
107
134
109
105
125
4
126
125
114
122
100
85
95
128
1
128
142
121
131
169
122
128
91
1
133
113
90
99
86
102
129
117
10
135
91
130
160
108
126
138
118
1
128
109
140
85
120
122
114
122
5
108
106
114
103
106
106
148
134
4
142
120
106
114
139
112
149
118
10
132
134
114
98
107
115
87
156
3
120
121
116
104
98
148
86
134
9
72
110
127
155
150
118
82
101
1
104
94
133
106
94
136
143
114
9
88
115
141
140
139
101
135
121
5
87
107
118
77
108
92
106
176
9
126
119
120
139
148
99
95
109
7
120
127
140
138
100
121
120
139
2
128
92
127
156
144
121
113
124
6
108
122
98
121
100
97
118
81
8
120
112
107
78
123
110
136
51
6
73
131
150
96
127
93
127
127
1
98
107
97
145
87
108
124
134
1
115
85
101
93
126
131
126
133
7
112
100
169
118
107
112
99
123
3
131
155
141
99
77
97
120
119
4
116
71
114
95
112
99
100
121
10
89
136
149
100
99
122
119
128
0
92
135
132
107
109
117
85
130
1
113
116
94
128
100
102
183
146
7
131
105
119
127
130
105
124
100
8
110
107
139
126
141
112
124
101
8
92
90
120
157
116
148
129
79
7
77
114
145
135
111
134
112
113
10
109
114
105
138
93
114
122
135
3
93
97
84
127
101
113
87
134
4
118
133
127
109
146
119
97
145
5
129
138
73
124
123
100
113
157
4
141
120
85
99
108
125
124
109
9
100
157
91
115
106
74
89
106
5
114
120
132
102
122
91
131
115
8
139
111
112
136
128
105
103
101
5
144
154
149
154
132
100
136
149
0
120
133
108
117
82
93
70
136
8
135
117
108
115
118
127
121
118
7
134
101
137
119
99
93
104
104
9
140
134
88
114
119
122
166
112
4
101
101
125
110
123
101
124
79
10
139
102
143
116
108
97
101
102

