10
3
1
3
8
3
5
9
7
10
3
8
3
2
8
9
8
4
12
8
7
1
7
7
4
8
6
123
119
138
113
109
105
107
120
6
106
143
133
99
114
153
96
150
2
110
148
80
141
119
128
72
99
1
106
145
119
128
101
114
108
142
3
120
116
137
120
120
71
93
105
8
123
100
120
86
122
120
105
123
3
100
81
103
122
114
99
137
118
8
79
108
138
121
72
130
99
147
4
103
141
104
140
127
82
124
108
6
104
93
121
79
163
130
122
93
5
123
99
117
137
133
102
115
125
1
133
100
141
119
152
115
138
130
2
99
139
133
129
93
106
132
138
6
126
114
99
133
99
141
115
120
0
113
86
117
103
126
111
109
100
7
102
100
113
106
79
104
92
128
8
149
122
109
96
86
107
94
118
7
166
83
122
94
125
114
118
113
8
128
112
131
106
133
156
111
141
3
130
144
128
129
106
147
130
130
9
144
134
123
122
123
119
118
118
9
128
120
147
95
130
103
100
143
6
139
102
100
107
114
96
134
95
7
135
81
95
142
83
138
85
136
9
106
126
120
112
86
127
114
122
9
114
92
85
134
132
80
104
133
2
93
108
121
99
135
98
85
109
1
115
114
129
135
133
101
109
148
3
113
155
145
98
113
111
129
154
9
125
123
84
120
86
122
115
113
9
109
94
120
104
104
105
115
141
1
109
114
120
106
98
119
139
108
10
87
95
105
126
109
110
132
109
6
107
150
101
111
156
107
136
140
0
134
94
105
60
113
158
130
105
8
154
136
103
79
115
88
125
156
10
134
117
122
115
98
88
128
105
3
98
110
122
100
122
140
111
86
5
82
136
117
127
143
129
148
123
10
108
105
156
133
153
123
128
128
3
166
135
117
105
111
138
129
89
1
104
147
142
94
101
84
114
132
3
101
108
142
102
161
164
132
103
2
94
70
120
80
120
129
138
104
6
84
100
107
91
162
107
107
74
9
116
85
144
115
114
100
92
101
8
83
150
115
116
92
98
105
135
2
112
139
115
143
76
132
114
135
3
136
143
115
86
133
113
125
149
7
99
111
86
106
125
81
127
110
3
119
124
149
138
149
128
90
138
6
127
97
137
101
107
79
118
130
1
120
122
126
107
73
132
115
81
4
148
92
135
113
146
131
120
114
2
118
121
102
125
128
148
103
125
1
135
121
105
120
159
85
121
122
3
114
129
82
113
147
120
135
100
3
131
126
81
113
100
125
131
118
8
110
127
127
114
96
99
107
132
0
140
94
152
93
165
156
94
144
0
113
134
120
96
103
115
102
95
7
108
107
146
127
133
113
128
75
2
132
103
125
107
135
96
116
120
3
105
107
106
129
132
114
159
85
10
95
127
143
106
107
139
119
146
4
109
96
127
128
122
135
133
77
5
135
179
99
136
105
131
102
135
7
102
103
118
129
92
99
93
82
8
142
135
157
119
128
137
99
115
3
103
106
128
129
122
151
68
124
7
116
139
95
102
128
106
114
103
6
99
127
148
124
106
119
111
158
9
141
136
140
131
108
112
126
99
9
115
141
119
111
99
114
114
76
7
112
135
128
113
94
101
127
134
2
120
128
127
125
136
98
148
127
10
74
84
140
133
113
116
133
99
9
108
98
83
127
96
124
113
121
4
121
120
107
153
85
134
139
146
4
148
99
100
95
115
135
108
126
4
113
96
99
125
71
77
114
114
2
116
92
140
126
148
105
100
93
6
108
156
143
139
76
134
107
121
5
121
99
141
136
80
89
105
142
3
93
142
124
113
161
94
114
134
0
104
139
133
106
124
106
141
123
3
113
152
141
153
118
93
93
133
1
120
128
145
128
121
121
127
151
2
140
123
101
102
95
105
103
128
6
123
114
155
147
161
92
84
113
2
113
95
128
123
124
128
106
80
2
148
119
128
140
128
79
110
141
1
110
113
113
102
99
125
114
94
9
115
120
127
84
136
111
121
122
4
107
127
141
128
78
121
115
105
0
131
138
165
106
89
97
127
98
7
100
134
123
148
93
102
117
105
1
138
116
92
134
103
137
129
150
1
132
120
160
126
97
147
140
94
2
100
92
107
133
117
112
88
122
7
86
170
114
130
125
106
58
125
0
147
132
104
143
130
109
122
117
5
84
127
120
85
102
113
107
135
5
140
128
110
122
99
128
141
154
5
79
94
115
113
144
155
111
115
6
126
142
163
140
137
112
110
131
9
123
137
115
93
133
100
130
114
5
113
129
112
128
152
130
165
140
4
104
157
92
93
93
119
140
124
9
113
156
111
125
122
131
127
139
9
111
100
129
145
127
113
125
160
8
142
123
146
120
172
117
85
99
8
121
113
140
106
143
135
92
148
1
143
115
150
96
112
117
148
98
1
102
118
110
109
122
141
125
97
6
133
122
98
117
107
107
144
128
9
106
126
126
120
112
117
143
128
2
128
87
102
132
125
122
111
115
9
113
91
112
96
111
113
122
120
9
150
118
136
97
106
116
92
112
4
113
131
109
99
104
118
110
126
5
113
100
121
114
101
105
72
119
10
130
152
115
100
112
120
124
137
3
94
121
120
148
108
102
119
121
1
93
88
114
93
103
102
110
116
2
111
113
122
141
121
124
135
71
4
133
146
123
127
141
131
101
116
10
119
106
136
117
87
110
102
168
0
120
135
142
99
129
134
82
131
5
122
133
128
108
97
91
129
117
6
128
122
129
121
125
101
79
112
4
114
149
163
142
96
154
122
86
5
109
105
103
86
121
98
72
108
10
155
112
122
127
141
136
95
76
6
74
156
142
122
101
144
145
104
8
114
110
118
110
142
103
91
120
6
99
93
89
114
142
116
99
115
3
148
148
93
155
109
133
155
122
9
117
114
141
78
133
79
119
121
1
122
113
120
133
126
132
106
163
7
126
108
142
129
151
103
112
127
6
115
112
100
132
100
93
107
106
3
92
93
135
97
153
109
103
101
4
117
99
113
148
102
116
138
134
5
141
73
107
97
119
164
120
109
8
81
103
126
80
85
112
131
100
3
129
121
112
142
131
126
135
118
6
91
149
132
118
118
127
72
113
6
135
92
98
126
133
113
155
128
9
128
135
86
115
136
139
141
120
8
98
152
114
103
150
157
85
81
9
128
109
133
128
84
103
134
107
9
110
123
136
105
151
140
143
107
5
99
108
107
81
133
116
122
98
0
101
122
153
121
108
109
134
106
0
91
168
120
148
96
93
105
102
3
106
122
91
122
92
87
120
147
2
99
102
129
120
94
137
125
109
1
98
98
93
85
135
119
89
85
2
119
105
124
130
112
75
158
91
8
164
148
111
135
93
135
108
100
7
92
84
145
65
119
110
126
138
6
141
119
85
100
78
121
98
141
5
154
120
135
131
117
78
88
134
0
100
95
108
108
130
134
135
160
3
132
134
125
118
110
90
121
106
3
126
123
147
134
128
137
99
137
10
148
123
104
113
96
147
121
127
9
130
89
128
114
83
149
142
117
9
137
121
79
106
121
150
134
98
3
107
110
91
109
102
133
108
107
2
154
140
105
105
121
121
88
120
0
113
102
120
94
155
106
107
137
4
91
68
106
140
120
108
127
122
0
94
128
116
132
86
92
90
114
0
107
104
106
127
116
107
109
146
6
93
105
79
132
128
126
136
98
5
91
113
113
127
113
120
143
184
7
91
132
91
114
113
72
148
132
9
122
135
135
121
119
131
163
148
8
84
99
73
85
81
116
139
136
4
170
138
108
118
90
132
122
105
7
98
115
86
120
112
166
145
140
4
140
127
128
119
138
111
112
149
1
84
109
104
120
102
154
127
141
2
142
141
100
140
129
127
117
118
0
78
106
122
140
135
129
114
125
3
141
111
121
89
92
130
108
123
8
97
126
153
122
98
112
131
66
0
91
139
150
85
120
122
96
124
2
106
151
128
86
109
110
82
124
9
128
89
106
95
128
124
99
113
6
116
120
152
86
142
156
126
120
8
147
115
115
101
114
116
92
106
3
154
99
87
149
121
131
120
113
7
80
128
101
136
124
127
118
126
2
121
130
101
128
64
106
108
119
8
100
78
118
91
99
116
171
113
5
95
127
107
128
105
90
99
131
4
109
101
109
92
102
148
110
122
8
127
140
97
96
119
114
114
113
1
115
103
72
91
107
78
127
78
5
120
109
121
161
99
153
106
129
5
119
113
134
143
122
126
148
121
1
140
79
105
115
104
144
133
128
7
102
97
122
107
113
98
108
113
0
77
112
109
114
99
107
105
115
1
146
126
141
130
98
122
123
114
4
95
129
92
134
80
136
106
99
10
99
122
100
129
134
128
82
128
10
154
134
135
132
107
123
110
114
0
142
78
121
128
134
163
106
139
9
156
119
103
74
104
92
154
125
7
138
121
128
114
122
120
84
120
3
93
121
101
117
73
105
113
130
8
154
110
151
141
134
120
149
86
9
110
139
158
149
102
108
131
121
4
141
114
149
157
88
129
122
114
10
86
79
106
85
143
136
139
117
6
123
86
121
79
124
113
144
119
6
89
120
112
115
104
120
131
99
5
136
124
148
135
117
99
130
98
3
105
143
79
114
105
109
95
106
0
99
120
133
118
129
129
106
99
1
109
122
128
105
112
178
118
126
8
120
121
108
67
108
135
121
104
6
129
121
136
141
107
127
148
97
10
137
141
69
116
98
108
110
124
3
142
113
126
155
129
131
123
142
1
119
92
113
114
134
107
88
134
5
127
147
113
106
170
94
101
128
6
100
147
130
86
136
139
133
99
5
151
118
135
114
136
113
120
110
4
122
107
107
152
126
115
121
120
6
92
160
142
107
112
120
99
87
1
142
97
101
105
144
135
87
106
3
84
135
142
115
135
83
134
105
7
119
134
139
135
122
98
140
59
1
133
122
148
113
96
164
95
104
7
154
68
94
128
115
127
94
106
3
121
84
102
154
119
149
141
123
5
100
128
116
135
139
125
147
98
6
147
106
135
108
118
95
115
128
2
134
73
101
123
102
148
99
135
10
111
97
132
107
163
108
121
131
1
161
136
140
148
131
127
156
85
2
119
99
126
98
110
134
102
145
9
118
96
82
98
148
102
106
112
1
87
115
139
79
104
141
93
99
5
85
95
129
120
133
117
126
111
2
130
111
100
130
119
103
120
99
1
125
129
136
134
117
148
106
112
3
139
114
101
118
140
136
113
150
8
104
113
117
136
124
133
135
133
5
93
123
157
112
120
106
171
89
9
117
157
145
120
118
138
100
143
1
103
102
136
128
120
128
99
113
8
156
114
126
124
147
112
93
142
2
128
126
92
107
122
97
101
134
0
123
61
114
128
125
91
126
133
8
121
136
101
118
108
92
106
93
2
104
113
115
100
99
120
121
116
9
106
116
105
100
99
97
117
121
1
114
110
109
148
84
107
155
101
7
108
56
128
119
142
134
113
129
2
163
104
99
105
83
131
106
136
2
102
113
113
116
144
107
106
95
5
166
86
80
120
127
140
88
85
4
156
155
132
152
133
83
135
133
6
135
106
138
148
162
122
91
94
6
111
128
115
135
95
131
123
116
8
133
154
127
138
94
120
168
112
9
108
127
130
127
115
121
155
114
0
99
109
67
154
118
125
67
107
8
99
155
120
106
130
135
131
136
10
95
86
85
121
130
86
126
127
0
104
102
86
111
125
111
141
111
8
152
120
123
129
114
120
122
112
1
132
97
148
119
127
118
107
160
6
156
153
91
103
151
99
118
126
10
111
123
100
63
82
143
136
109
7
150
124
121
103
118
100
79
93
6
151
125
106
112
84
125
124
111
8
104
105
143
116
113
87
171
135
3
134
129
94
129
142
91
103
105
8
112
120
128
100
120
120
132
100
8
126
89
79
92
120
149
114
103
8
149
150
126
115
99
110
120
138
9
129
143
109
129
120
114
105
121
2
102
107
133
98
142
119
100
98
2
105
140
72
127
101
127
128
120
9
110
133
121
128
111
104
124
136
9
96
118
122
133
78
144
118
101
6
93
136
152
91
113
151
105
112
2
114
123
96
98
121
111
135
127
6
76
120
140
136
101
138
103
97
9
113
116
93
107
64
107
122
102
3
124
99
106
88
102
103
101
143
7
118
156
154
128
100
126
136
141
7
114
100
69
134
99
128
113
140
9
103
97
86
112
135
128
118
112
5
140
118
133
124
114
191
138
136
2
92
127
124
149
88
134
122
90
3
142
119
112
154
152
79
133
85
8
112
79
107
122
122
142
119
96
8
147
97
119
135
99
108
103
114
5
118
105
129
116
125
52
115
122
4
122
157
137
123
131
92
167
113
8
80
110
130
102
120
98
127
123
1
132
94
99
135
115
128
127
142
10
152
118
140
122
105
148
117
169
3
123
74
134
145
91
115
79
121
9
95
135
137
141
103
163
93
86
8
139
127
95
129
112
120
112
142
9
101
98
90
133
106
141
121
106
8
94
84
100
107
106
135
123
126
6
125
111
135
139
105
77
132
132
1
129
117
89
155
99
147
93
107
2
134
114
107
85
106
124
104
100
2
114
149
110
132
144
121
104
148
9
119
145
123
147
114
129
104
110
6
137
103
108
115
100
102
98
98
6
99
98
128
190
140
148
86
83
2
78
122
123
104
139
133
107
134
6
112
113
98
153
147
141
122
142
5
161
66
120
129
130
78
115
84
1
102
136
108
155
129
126
83
130
6
113
108
178
104
93
82
114
129
1
106
127
100
120
92
133
113
141
8
104
131
127
106
128
149
129
114
10
115
127
154
133
105
91
104
107
8
146
152
142
115
120
119
125
117
7
132
150
125
126
130
109
79
93
7
140
163
100
92
92
102
111
153
6
151
134
128
105
163
142
87
126
3
124
114
101
148
154
100
76
128
5
127
85
153
135
131
107
128
105
6
100
129
113
122
110
107
150
115
3
127
77
127
104
100
100
156
127
3
164
95
132
99
87
107
129
127
4
125
113
149
127
94
153
141
102
2
114
128
142
114
92
114
135
120
5
134
133
149
100
101
121
129
102
1
141
99
120
119
98
93
135
99
5
125
127
128
110
114
129
120
134
9
78
127
104
118
119
129
144
110
8
107
119
132
142
106
101
115
85
3
112
120
106
128
121
100
119
120
3
125
84
107
128
120
121
87
113
5
115
106
114
131
107
128
127
116
4
105
135
65
133
96
107
118
119
3
98
117
138
141
149
136
108
100
1
109
85
148
115
112
140
95
155
8
136
93
142
79
143
104
120
105
7
96
128
98
137
83
113
80
88
5
92
108
126
113
141
138
112
114
2
136
117
83
116
174
126
105
110
9
101
117
119
126
128
121
99
74
2
107
106
135
124
126
111
118
141
1
121
129
80
127
140
147
126
111
1
143
85
98
121
121
99
127
110
10
108
127
121
123
129
126
119
123
9
114
133
130
128
122
143
112
148
7
147
113
108
121
100
106
112
134
3
120
123
127
131
88
89
113
103
0
118
117
132
101
148
106
99
135
8
115
83
119
113
114
94
135
105
5
92
110
115
125
108
124
147
120
7
117
135
136
128
105
106
137
108
10
101
149
107
119
100
133
86
145
10
113
163
108
108
86
114
123
73
6
115
106
149
142
113
120
65
141
1
113
136
102
115
94
129
108
120
3
126
123
128
121
123
85
125
113
2
97
110
115
129
117
95
117
91
1
116
149
112
141
94
149
122
116
4
105
108
97
121
121
120
108
102
7
85
89
122
121
134
101
153
133
7
131
86
120
144
99
120
92
102
5
100
135
139
117
138
110
113
134
6
115
92
134
119
115
95
100
127
2
115
162
105
148
125
118
127
107
9
106
118
123
85
115
133
141
126
2
108
106
118
147
114
119
98
135
2
69
127
136
120
140
141
93
166
3
127
121
75
142
120
107
89
123
4
128
87
133
155
106
113
141
112
8
84
109
117
125
125
120
117
138
1
93
116
103
111
138
119
111
88
8
121
89
129
155
111
119
143
109

