9
2
8
7
10
4
3
3
5
13
1
3
3
7
2
9
5
2
11
6
7
3
9
0
5
1
1
157
96
98
100
128
133
99
112
7
112
130
89
113
121
107
113
114
5
86
135
100
112
141
120
114
131
1
93
80
138
121
124
101
106
132
10
117
125
165
100
87
141
89
111
1
120
133
131
128
103
119
129
93
0
105
113
72
121
121
99
130
125
8
121
148
82
94
108
141
102
117
8
128
114
121
145
119
134
120
112
8
111
86
100
123
133
142
142
122
5
114
146
65
99
80
114
136
80
5
137
104
123
130
147
99
85
137
8
137
155
87
128
120
80
137
101
8
86
98
74
138
135
97
98
100
5
107
101
93
118
99
117
99
134
5
125
91
103
114
81
128
122
71
10
151
136
118
122
102
106
46
104
3
114
160
134
117
109
112
110
112
9
163
135
92
118
147
114
130
101
1
107
101
103
127
90
112
129
128
5
100
121
92
93
82
108
108
127
7
136
96
118
122
112
116
87
122
5
90
126
111
115
166
108
129
88
3
80
127
102
113
83
134
77
131
10
127
119
113
83
124
103
124
142
10
149
112
98
119
93
147
143
107
5
111
141
106
81
127
92
98
123
10
141
103
79
103
107
124
112
138
6
127
170
120
107
128
123
100
131
1
121
119
84
134
103
147
61
104
6
96
108
85
114
106
133
109
164
3
131
103
97
120
112
81
112
99
4
130
99
126
99
141
139
124
118
6
126
123
113
101
98
86
115
113
1
113
101
94
116
115
93
114
129
9
127
92
126
88
110
103
119
98
7
93
122
113
116
95
107
162
120
1
106
120
142
135
131
106
113
91
8
123
125
131
113
116
128
115
145
6
138
135
108
99
123
127
131
112
3
111
129
107
149
89
99
134
97
10
115
123
105
119
148
107
107
120
5
113
134
112
150
77
110
130
129
9
108
100
127
77
105
135
124
118
0
135
126
98
142
123
143
77
127
4
129
125
97
143
80
120
136
106
5
154
124
121
128
99
75
101
142
4
83
117
150
119
138
141
133
120
9
120
136
94
105
143
100
118
106
8
114
123
111
113
119
126
115
143
8
101
130
149
99
73
117
106
133
10
120
127
128
88
133
94
100
115
1
124
114
114
148
100
138
104
70
0
158
116
135
100
132
144
116
71
8
101
146
159
127
119
89
141
139
1
116
120
92
138
126
120
119
127
5
107
92
119
86
134
88
112
131
5
139
84
98
124
101
90
139
118
9
93
92
106
85
119
94
135
199
3
134
99
111
146
174
108
148
121
6
85
92
129
143
107
135
128
135
4
148
113
142
117
85
106
112
133
5
120
86
130
130
128
97
118
130
9
111
144
92
126
110
127
105
118
6
118
100
148
128
107
116
111
126
6
122
116
169
115
104
132
96
146
5
100
147
89
95
136
137
128
110
5
117
94
127
107
107
123
106
81
8
109
131
93
129
113
101
164
122
3
117
147
85
130
147
121
157
123
9
115
96
94
142
162
105
160
137
10
130
119
137
105
128
109
93
115
3
133
114
121
126
118
128
72
104
6
99
99
156
126
147
99
102
115
2
113
101
163
101
147
150
128
109
6
115
115
138
98
88
84
116
125
6
126
134
96
120
95
118
123
92
5
149
112
85
90
127
99
170
171
3
96
137
146
128
107
113
122
148
4
84
104
131
93
128
113
143
101
1
103
96
120
100
114
100
147
113
5
115
120
107
111
142
117
65
101
6
124
115
121
136
122
101
137
134
1
134
107
119
123
129
140
88
118
3
113
93
99
127
92
118
125
113
2
86
94
138
141
67
142
110
118
7
162
149
135
80
65
128
134
106
1
119
91
146
117
114
110
123
120
4
140
108
135
114
120
150
134
84
2
101
135
92
102
156
99
134
126
3
136
107
114
114
107
120
145
128
3
121
116
97
107
107
107
118
123
4
134
141
125
108
119
110
150
107
8
117
120
116
101
111
120
145
93
10
124
94
105
129
127
86
128
89
5
138
107
85
114
109
169
145
107
0
113
142
123
89
122
121
121
94
3
132
99
116
95
148
128
149
152
0
157
89
81
110
134
131
103
125
4
121
103
146
124
97
107
126
127
2
121
150
117
122
123
108
90
127
0
110
120
130
145
142
137
144
128
3
106
120
126
93
141
146
92
72
5
135
89
143
115
123
124
127
128
0
101
107
121
111
113
104
112
141
4
130
128
107
124
128
137
100
78
9
102
159
104
92
135
124
160
100
4
135
96
167
115
93
128
163
123
10
118
98
122
99
132
106
104
117
10
92
115
140
81
135
115
85
149
3
132
149
105
127
143
107
98
99
3
106
109
107
91
143
109
149
81
3
113
63
95
107
121
134
133
88
5
112
103
110
117
83
100
111
147
6
145
101
83
147
120
108
145
126
8
105
123
115
126
109
127
94
139
9
122
112
108
108
115
120
92
122
7
122
126
108
100
125
156
100
106
7
128
86
150
137
115
121
104
91
10
146
80
167
100
147
111
107
103
7
124
132
125
102
140
142
126
124
7
111
95
125
106
121
130
122
112
3
114
108
127
127
140
126
126
124
2
128
84
131
109
98
108
115
92
1
136
113
69
106
124
141
144
99
4
112
84
86
168
149
138
100
77
7
99
135
88
126
70
148
106
97
4
105
160
149
115
100
128
114
94
0
116
122
99
85
147
122
140
114
3
90
91
119
100
79
94
77
111
1
116
118
117
121
155
103
126
128
3
109
116
112
125
146
113
120
128
8
128
107
131
106
94
127
86
89
8
142
127
122
162
129
92
125
102
6
128
150
116
131
115
135
131
122
8
120
114
128
119
82
115
135
90
5
138
118
120
108
127
112
139
84
7
124
108
106
108
114
145
134
120
0
120
129
127
99
107
154
128
144
4
133
141
81
120
133
88
121
124
9
113
126
106
113
122
91
122
113
2
104
134
134
122
135
147
130
135
8
107
119
187
142
123
127
123
93
4
105
130
138
120
135
86
121
133
7
122
112
94
130
53
100
109
98
9
129
108
114
110
120
90
156
133
3
89
129
127
110
96
152
96
148
2
107
120
128
99
131
72
143
106
6
127
135
99
117
105
177
111
149
9
144
113
111
109
118
135
95
121
7
113
93
129
154
122
129
135
103
2
141
145
132
125
126
97
128
110
0
135
104
125
125
91
114
124
126
0
107
121
116
78
105
80
111
108
0
122
121
140
120
85
100
96
121
2
80
124
101
111
132
123
120
138
2
111
137
117
111
122
143
114
126
5
96
88
120
84
108
121
118
152
10
97
122
113
79
92
120
96
138
6
134
86
135
102
137
147
111
94
6
111
115
127
112
120
88
86
99
0
124
106
115
89
114
111
86
94
8
65
106
111
100
142
114
112
113
4
100
114
110
128
99
121
119
120
9
123
92
117
98
127
129
143
121
4
85
140
126
116
136
132
82
110
8
109
116
132
106
129
110
107
106
8
141
85
103
111
100
112
123
124
2
114
127
121
126
140
128
68
123
1
137
128
128
143
118
151
112
107
1
106
134
114
119
122
142
101
119
4
142
100
102
107
134
106
106
119
9
127
130
129
107
87
115
82
162
1
111
100
128
92
101
134
112
128
5
135
100
162
124
86
115
111
84
9
92
115
154
108
129
129
85
106
5
149
127
136
127
101
111
88
128
6
113
150
121
129
71
130
107
132
4
99
103
150
123
93
127
127
129
6
115
134
126
93
144
107
82
114
5
101
109
110
104
104
108
74
106
3
118
152
157
86
108
107
112
102
7
133
94
134
141
134
99
121
133
3
107
121
98
106
79
128
99
122
2
134
112
116
103
123
134
126
100
3
121
107
95
137
94
90
127
86
6
92
163
93
96
123
133
159
112
10
107
126
133
94
147
140
161
116
6
115
124
105
96
135
107
101
145
9
137
138
127
117
91
132
160
123
0
115
111
105
122
129
135
101
134
2
95
107
100
100
121
115
117
126
1
113
120
64
96
81
141
148
129
7
124
142
154
130
97
125
111
93
7
130
140
114
107
133
104
148
109
6
113
133
97
127
106
154
65
128
1
105
103
80
96
131
127
135
135
6
118
65
115
117
107
125
128
162
6
92
78
127
123
107
121
106
107
7
123
83
120
120
132
129
131
139
3
124
108
112
99
133
112
107
92
9
101
150
120
120
109
118
175
121
4
85
135
107
121
114
107
113
90
2
113
85
156
112
98
128
89
176
6
109
92
93
148
135
133
80
105
9
113
120
92
106
79
128
112
98
4
99
116
78
106
99
127
116
99
9
129
122
106
146
101
109
100
117
5
101
126
104
138
135
112
106
106
4
134
119
136
164
120
127
144
119
0
114
141
94
190
105
138
113
99
1
127
120
113
123
121
102
136
112
6
95
114
93
115
140
134
98
107
4
122
121
133
122
118
120
146
110
5
96
112
99
128
134
91
119
126
9
127
122
107
128
117
104
97
115
9
108
94
110
108
141
117
91
90
7
136
135
125
133
115
136
134
120
4
120
108
96
183
92
116
121
106
3
135
109
143
66
117
119
140
85
9
76
126
113
106
104
116
119
113
1
125
143
144
136
91
125
128
97
4
80
91
114
151
107
120
122
133
4
119
105
108
112
128
125
85
141
5
126
119
120
80
141
132
92
139
1
135
124
127
113
103
134
113
99
1
123
101
117
95
104
92
120
101
5
97
119
120
140
119
104
174
107
2
99
100
120
119
133
140
147
120
2
139
92
121
109
136
118
137
126
5
100
130
92
107
105
114
80
120
6
106
132
92
142
116
102
141
119
4
121
99
92
127
107
108
128
133
1
129
110
117
148
104
135
102
128
8
77
122
127
140
101
118
107
177
2
82
133
125
143
141
132
122
124
3
106
112
125
142
118
93
90
157
8
142
66
137
107
73
120
107
107
7
114
99
104
82
105
134
127
77
1
78
107
134
89
128
123
118
107
5
117
122
133
139
115
146
79
96
7
85
107
112
128
130
141
141
119
5
126
128
122
121
96
131
106
97
5
121
117
119
97
88
85
128
145
7
150
103
129
128
101
136
133
128
0
77
100
138
80
137
105
97
113
4
112
114
100
89
90
117
121
98
3
97
76
99
118
98
83
70
137
3
94
125
92
126
110
107
105
110
6
111
113
105
119
111
135
109
134
6
122
91
76
131
128
109
171
115
1
85
112
141
116
108
78
71
115
2
130
96
137
155
121
122
120
149
7
102
163
133
116
103
84
129
140
7
118
161
147
117
116
102
101
105
10
97
113
120
100
102
137
98
127
7
86
135
105
148
121
117
120
155
5
105
120
111
149
94
113
91
106
9
78
125
71
108
92
135
113
106
3
99
119
167
72
106
106
152
124
4
129
103
133
102
99
111
113
106
1
87
99
128
94
135
116
119
139
7
93
126
138
141
140
129
124
111
0
93
147
80
107
85
118
133
137
3
87
102
122
117
105
155
120
99
2
167
99
131
119
105
134
118
92
0
121
124
103
144
103
52
135
170
5
127
124
128
133
100
108
110
90
4
146
138
138
127
124
95
125
136
10
113
156
84
113
127
147
87
114
10
141
122
121
110
96
121
108
108
10
113
134
110
116
92
155
95
121
8
134
122
144
118
113
129
109
163
9
163
93
123
104
142
100
121
162
4
124
102
129
129
94
111
128
133
9
133
64
101
152
148
120
124
126
4
124
83
113
107
127
100
129
92
8
121
128
128
86
145
126
142
148
2
89
166
119
105
127
134
114
114
0
156
95
140
134
106
97
106
113
9
119
115
92
119
121
113
115
107
2
123
124
107
91
149
109
129
118
1
126
114
91
94
127
157
108
101
0
111
82
128
98
115
115
96
115
1
157
129
120
141
118
135
93
76
6
128
136
123
94
143
73
106
85
1
139
123
89
104
80
80
108
93
4
145
146
84
136
120
119
78
114
5
126
127
105
84
142
154
148
115
4
130
127
122
134
114
123
117
138
2
92
119
103
141
141
114
140
108
5
131
134
157
95
122
138
131
111
3
95
122
128
120
143
127
92
106
5
77
136
156
127
119
110
123
107
1
85
99
123
138
96
120
112
128
3
143
155
99
128
141
160
71
79
9
106
91
133
125
128
136
90
117
5
95
113
112
95
107
112
169
130
1
124
156
141
91
87
136
105
108
6
95
106
98
80
135
119
97
135
2
108
116
120
137
114
108
160
124
0
107
129
104
77
72
106
121
149
2
106
135
107
146
114
98
142
121
8
111
113
143
114
127
77
141
85
5
143
125
106
109
106
109
94
99
9
134
108
120
119
110
90
145
80
5
116
102
142
162
146
128
80
100
5
131
141
127
93
158
93
126
142
3
121
131
108
148
128
149
107
123
10
100
115
103
63
108
141
129
72
2
118
111
143
128
140
115
88
140
4
146
138
133
103
100
124
104
141
7
131
146
108
126
109
109
112
120
1
93
119
99
91
110
140
121
92
8
114
178
132
121
113
94
113
147
8
146
133
87
98
152
111
106
175
7
129
132
81
131
120
148
120
110
2
118
85
121
135
149
87
119
137
6
129
86
120
103
107
109
113
128
9
100
126
99
126
136
120
110
147
1
132
138
102
130
100
128
99
143
4
102
135
120
124
75
94
156
131
4
149
139
141
121
103
110
134
66
2
119
87
130
106
134
125
99
107
10
127
132
107
120
103
129
84
103
8
123
89
122
91
154
122
128
63
6
121
93
85
124
112
135
147
128
8
99
117
118
127
119
112
108
73
7
126
121
147
98
108
119
106
111
2
141
119
144
107
170
128
93
127
6
100
125
113
129
141
135
113
106
8
93
91
102
134
119
124
150
108
3
122
112
116
99
103
116
94
124
4
106
109
124
101
106
125
73
118
6
138
90
120
130
85
122
121
101
7
115
144
100
96
120
121
106
112
3
153
147
138
91
143
113
129
102
9
91
135
99
126
130
99
120
126
5
112
161
119
133
90
133
106
122
1
119
149
121
155
136
101
121
87
3
143
106
134
95
118
130
96
95
9
119
134
98
148
98
105
150
146
8
131
111
94
154
122
151
119
120
1
114
102
137
147
110
138
155
106
8
133
133
71
107
120
100
118
129
7
159
129
121
154
119
128
129
101
2
111
102
99
131
126
104
113
110
6
119
78
115
91
117
87
148
105
6
104
134
124
125
94
113
107
114
5
116
107
90
80
107
83
128
94
6
118
109
143
127
128
99
115
133
4
93
126
100
110
115
125
152
101
4
100
132
133
131
122
106
78
120
0
115
129
115
105
124
114
113
139
7
102
93
77
120
113
141
141
138
4
129
106
130
108
121
106
79
108
10
127
118
106
135
124
122
105
140
5
71
104
107
84
88
93
97
85
10
121
122
119
78
121
122
100
114
8
131
102
107
127
106
115
109
110
9
108
119
80
123
95
140
137
126
4
93
96
112
110
113
139
114
120
8
124
109
169
110
108
68
141
103
6
106
102
137
114
78
157
142
126
4
110
134
120
121
130
129
125
134
3
113
168
101
116
115
127
121
126
9
114
99
133
91
99
84
124
132
0
96
120
94
116
127
92
103
119
5
137
113
98
87
109
93
113
135
3
117
126
96
113
121
118
128
126
6
129
113
148
135
131
133
130
126
9
95
126
141
106
135
105
108
109
8
114
80
127
86
107
119
103
77
4
111
122
84
72
173
99
118
142
8
119
116
114
103
132
147
95
142
9
120
100
110
108
106
99
114
101
0
107
109
100
102
136
83
156
129
7
127
69
115
123
107
98
131
79
5
116
116
137
118
126
123
131
72
8
77
117
118
132
127
127
138
98
8
124
90
94
136
115
134
121
113
9
96
107
95
109
94
78
123
99
6
89
95
119
106
137
104
132
117
1
109
101
88
107
131
116
93
108
1
113
132
114
126
79
170
147
80
2
99
87
147
126
109
107
136
130
10
105
141
150
127
99
105
114
111
6
126
140
118
135
126
124
99
125
1
99
165
109
148
102
131
109
126
4
108
139
143
131
99
98
108
114

