11
5
10
7
5
6
6
7
8
10
5
0
1
4
2
0
3
3
9
3
5
2
5
9
1
7
5
107
104
134
141
159
99
99
80
4
140
130
121
109
158
140
136
106
9
106
103
94
99
107
122
92
106
1
92
97
122
122
134
128
105
115
7
92
115
128
112
133
137
106
128
4
112
121
107
129
166
141
99
118
2
131
93
109
138
152
132
118
100
6
142
121
119
110
133
103
127
132
5
122
97
161
123
111
102
115
92
2
107
98
146
118
113
142
147
111
0
98
122
78
135
106
96
113
136
4
72
121
114
93
119
147
177
137
4
131
156
150
141
127
121
97
113
8
94
130
107
128
135
112
141
126
0
121
113
126
113
137
111
135
142
2
121
116
98
139
120
104
117
107
9
147
104
142
106
135
89
143
98
2
137
149
134
112
103
133
107
119
8
99
106
140
115
149
142
144
140
7
124
138
121
157
141
121
120
137
7
142
66
126
117
152
138
97
123
5
135
134
141
106
110
148
84
97
4
141
114
123
132
95
128
128
108
7
127
98
127
119
123
135
111
122
3
113
120
120
111
103
112
136
126
0
120
86
102
113
99
100
126
120
9
127
122
149
94
114
120
71
101
8
117
143
125
138
106
121
89
111
4
109
133
117
105
137
113
157
130
5
137
102
143
126
120
140
120
124
5
93
119
121
127
124
119
148
137
1
101
123
111
113
125
121
121
73
3
93
148
154
109
120
131
117
130
5
124
129
119
141
120
100
126
136
5
113
85
123
101
99
113
86
121
1
102
110
104
111
178
135
135
97
3
121
113
112
124
127
118
153
88
4
115
106
117
100
121
112
141
119
5
113
113
162
123
137
107
125
108
7
116
141
105
78
84
95
95
150
5
108
100
76
151
117
112
76
114
8
108
106
122
141
108
116
122
115
3
164
115
85
156
122
138
111
140
3
85
126
171
127
149
129
119
132
6
100
140
121
132
114
137
121
132
0
131
107
106
123
113
125
129
109
8
134
106
134
114
121
131
107
103
0
156
134
134
127
108
112
153
107
1
111
112
125
86
121
114
112
127
1
77
180
90
127
115
103
112
140
2
123
130
98
132
93
128
103
142
6
99
115
108
107
133
121
107
130
4
106
122
106
127
99
113
88
95
1
121
149
142
139
129
139
141
150
3
105
155
106
141
94
90
135
99
5
128
121
102
106
110
127
107
93
3
121
107
94
128
114
125
146
86
8
110
121
138
128
116
105
133
147
10
139
107
93
148
92
93
129
113
5
119
64
107
94
124
143
91
105
10
109
122
77
80
130
108
116
106
2
131
118
93
156
119
99
124
92
5
99
140
106
149
144
98
95
83
4
134
154
122
94
119
141
148
109
5
153
99
108
143
96
138
107
115
7
112
120
121
114
155
81
135
86
8
110
117
137
126
85
91
134
122
8
70
136
130
119
78
153
120
128
1
123
77
110
142
107
128
154
109
8
114
128
137
120
114
127
109
127
5
109
94
100
126
152
135
120
91
1
143
111
148
119
121
169
143
120
5
126
102
115
92
107
135
103
113
7
114
122
90
127
107
100
108
86
1
128
123
67
106
106
129
120
109
8
93
128
137
115
134
107
128
102
6
81
108
81
129
114
128
159
135
7
78
133
149
149
84
86
119
120
3
124
107
113
85
149
143
103
149
8
119
129
94
100
107
97
128
110
3
126
123
118
107
132
106
106
136
8
87
121
122
94
141
99
121
122
6
121
126
95
137
144
117
98
115
8
94
99
99
119
136
137
114
135
0
85
91
119
99
127
110
113
109
7
134
151
142
129
120
125
90
99
3
120
139
151
137
122
118
108
123
3
110
114
107
103
134
76
127
99
3
132
119
117
112
85
130
126
113
3
70
168
117
126
132
110
154
134
7
105
100
121
128
128
119
90
107
4
129
106
120
133
149
124
99
77
4
75
120
89
150
133
158
145
102
5
96
69
106
135
94
127
92
120
5
109
93
104
105
116
96
127
132
9
114
74
100
123
127
155
91
113
0
100
110
98
114
142
119
73
101
3
122
135
120
93
98
119
110
120
5
112
113
136
78
135
119
113
108
2
131
156
129
100
121
135
122
98
5
98
129
101
163
114
120
122
121
9
106
123
130
155
99
93
107
104
5
143
105
154
103
143
142
108
107
4
115
141
123
85
99
114
108
119
7
144
104
137
120
113
85
78
127
1
90
126
114
114
136
137
125
113
9
108
131
148
111
111
140
95
105
2
72
89
108
127
106
95
102
130
9
128
113
119
129
135
113
127
134
4
117
121
92
129
124
108
120
124
5
163
109
99
85
117
89
106
106
4
121
112
149
84
130
115
109
117
4
143
86
110
100
79
136
133
100
8
135
93
109
163
99
127
121
115
2
141
140
143
99
90
129
112
156
1
134
113
125
116
93
112
95
121
8
120
128
130
105
92
112
115
143
8
100
133
97
142
129
97
117
95
7
128
108
109
129
126
123
108
134
6
126
110
127
150
127
147
113
132
2
103
110
105
112
134
162
127
95
8
131
113
98
82
123
79
115
129
3
92
110
122
102
114
108
134
121
2
139
132
92
130
114
106
119
118
2
116
129
110
128
144
84
111
158
1
118
123
127
101
91
121
152
119
5
78
122
148
149
107
120
82
132
7
142
155
118
106
140
119
140
90
6
98
109
88
113
134
148
147
92
3
121
145
118
106
122
106
159
112
8
106
147
112
119
78
120
135
88
7
84
114
111
133
121
139
118
138
6
106
94
119
134
134
125
107
109
4
99
120
122
103
88
121
108
84
9
148
134
99
128
125
145
94
100
9
115
141
122
119
121
126
103
128
6
121
120
91
100
110
121
128
107
5
129
115
105
114
99
143
144
85
7
87
103
130
121
99
128
93
92
1
118
125
100
135
110
107
143
157
8
136
121
98
109
135
114
94
122
6
161
142
127
109
114
85
89
134
9
142
136
104
136
121
107
132
91
3
120
98
113
177
92
135
120
126
7
141
136
139
121
91
91
112
129
4
127
99
141
106
119
131
150
127
2
125
103
142
116
93
106
148
116
3
117
99
101
139
101
112
101
148
2
121
121
107
108
155
98
132
110
9
112
78
112
148
122
145
163
133
9
135
135
105
105
100
83
149
110
10
105
109
103
108
142
145
120
117
5
126
110
141
144
168
111
92
117
0
114
107
113
106
95
136
113
117
10
126
156
101
114
92
88
101
112
1
113
115
120
93
125
136
107
98
8
102
140
106
125
128
141
130
112
9
111
101
107
119
135
107
93
102
8
108
174
121
132
101
127
133
135
2
121
127
106
148
132
121
118
96
3
114
119
115
99
148
177
133
117
6
150
112
98
135
74
152
145
85
3
112
128
121
119
142
97
126
106
8
131
93
156
127
72
125
128
127
2
112
89
111
113
90
142
135
85
4
109
105
100
157
122
107
119
99
2
112
85
125
66
135
117
107
127
4
141
108
119
124
121
129
108
148
7
118
128
149
157
138
98
127
107
9
89
107
139
91
139
89
156
70
10
91
100
91
147
94
128
155
127
4
86
111
113
132
119
111
132
98
4
118
115
93
117
122
115
121
97
3
108
128
123
58
144
75
107
133
3
93
148
98
126
121
112
137
91
0
142
109
91
141
69
71
131
100
1
135
98
130
108
135
98
110
141
2
122
101
127
127
107
114
114
130
5
102
123
108
133
81
100
109
87
0
150
107
101
118
110
140
129
101
4
107
98
78
138
133
117
154
78
4
145
86
100
122
125
107
118
106
3
84
107
119
108
116
99
125
73
3
115
170
109
125
100
131
114
129
3
96
108
106
98
126
112
131
97
10
126
127
155
116
113
120
116
152
7
100
121
134
134
86
99
111
138
8
120
156
103
94
146
114
102
135
8
130
123
116
116
149
133
93
128
8
128
94
122
121
116
90
100
116
9
136
132
124
138
106
113
106
113
7
145
121
96
152
122
109
104
128
10
99
107
118
106
148
86
130
99
3
119
122
94
93
97
119
113
105
1
121
96
140
160
91
138
104
109
4
113
127
128
126
105
131
131
105
4
101
100
120
132
150
155
121
113
6
142
107
104
140
113
124
155
114
6
74
142
140
114
105
113
102
129
6
113
127
138
140
119
124
170
114
4
138
116
109
97
136
127
112
137
6
111
150
125
94
122
126
89
135
9
128
124
111
146
98
147
120
93
6
82
112
117
125
148
127
142
143
5
71
138
125
112
97
112
126
110
0
126
119
131
94
134
98
105
122
3
109
163
121
131
106
117
123
156
5
110
105
150
120
128
112
136
107
4
147
103
113
116
117
99
154
89
3
112
69
112
121
120
141
166
86
5
107
146
124
100
106
135
106
141
9
106
115
132
114
123
133
93
105
4
134
114
125
106
143
98
123
121
5
117
115
129
105
105
102
78
109
1
93
98
102
121
124
108
122
115
9
131
108
136
117
108
106
99
107
4
120
120
148
94
118
178
111
138
2
127
99
128
135
120
107
140
125
5
119
109
113
105
131
101
133
119
7
133
78
154
119
121
113
93
93
0
107
105
126
115
108
138
147
115
5
92
118
87
133
85
135
128
147
4
128
140
162
139
147
133
135
138
3
133
139
147
136
98
93
108
126
7
151
156
106
110
99
84
128
158
10
120
128
116
92
132
132
113
123
6
80
92
114
143
125
179
141
107
8
128
143
109
108
151
98
143
106
0
101
98
117
101
118
71
107
128
3
106
125
141
118
133
141
156
118
2
113
110
89
93
106
96
111
93
2
114
112
113
101
98
98
136
123
2
127
97
167
149
104
81
133
133
0
145
143
94
116
122
161
155
151
2
140
119
119
121
151
134
132
108
8
146
105
128
120
100
98
145
127
6
132
135
95
117
107
105
104
103
5
120
107
139
107
113
102
91
128
9
136
163
114
151
121
132
94
86
8
113
127
149
93
125
132
77
129
9
147
93
131
107
127
108
72
154
10
149
80
120
112
98
100
126
97
5
122
117
91
138
147
96
73
129
5
97
89
98
101
156
117
99
101
8
155
103
135
140
100
107
128
129
2
123
121
140
128
134
105
106
67
0
144
114
163
86
57
89
106
95
10
148
129
89
133
117
92
134
110
8
142
98
85
97
117
136
123
144
6
155
115
107
123
105
122
93
124
1
103
112
112
140
168
149
120
122
2
100
143
129
99
120
140
128
118
9
94
142
122
147
134
99
105
127
1
64
119
135
101
99
124
142
112
1
154
113
136
128
92
128
120
143
9
96
122
114
113
123
93
99
116
3
107
127
142
115
148
126
121
107
5
102
148
91
88
137
100
125
99
5
134
92
156
161
119
128
120
149
7
110
150
115
103
129
120
142
130
2
116
116
141
133
66
121
133
125
3
93
102
119
80
107
126
142
94
9
107
128
128
85
148
111
92
98
6
142
138
106
118
116
86
139
128
7
121
165
103
117
121
117
109
119
7
102
97
98
100
119
136
106
137
9
116
119
115
164
128
106
130
121
7
110
159
137
108
114
134
126
84
9
127
171
126
120
116
60
130
147
2
92
100
108
113
128
159
137
109
8
107
110
90
105
117
126
106
137
7
128
94
120
102
121
121
112
107
9
109
121
147
89
56
127
131
98
4
60
99
122
132
114
129
109
143
8
108
138
99
155
105
139
134
163
0
154
99
113
138
119
102
81
116
7
112
152
64
136
137
139
128
148
3
134
123
72
124
135
130
127
127
1
100
141
95
126
145
95
98
128
4
85
94
118
114
81
136
126
120
2
89
134
151
105
133
113
110
121
3
120
134
138
125
72
119
123
151
3
110
155
81
97
112
135
121
140
3
128
93
143
127
128
114
72
91
4
108
98
108
108
115
147
145
163
6
148
120
126
105
122
117
107
123
3
120
121
124
81
92
148
100
123
1
149
121
134
132
142
90
112
148
9
122
102
150
133
97
112
124
110
1
118
137
132
100
134
129
134
119
4
140
92
85
126
100
149
120
80
7
114
97
129
135
133
124
133
120
1
125
118
103
130
93
135
113
118
8
117
92
97
133
114
106
95
141
9
108
105
125
86
128
96
98
111
7
128
92
123
135
97
115
128
113
10
126
112
136
89
125
120
115
135
9
97
127
108
114
119
92
85
120
6
128
89
109
133
106
104
106
107
2
119
93
99
114
135
129
131
87
9
123
110
86
147
104
114
101
93
1
143
135
104
144
94
112
104
141
2
124
102
120
77
93
96
124
94
10
120
114
137
108
168
140
134
134
1
137
85
123
103
142
145
65
120
4
148
147
90
135
96
112
92
106
2
98
106
66
120
97
77
171
73
2
124
147
120
122
95
108
136
118
9
123
102
113
120
101
115
127
87
10
114
110
150
164
107
122
95
143
1
91
122
114
107
137
127
124
98
6
77
79
117
82
119
143
80
115
1
122
81
126
84
112
136
105
126
1
113
135
166
118
130
139
110
129
9
134
131
106
83
85
81
106
78
5
112
133
106
141
119
97
126
104
5
112
122
129
157
112
144
106
103
6
162
105
65
114
119
121
96
128
8
88
124
160
92
113
129
132
141
9
84
107
102
119
117
122
118
115
4
102
114
106
107
108
127
97
102
7
121
99
116
134
120
143
102
79
6
143
156
163
119
98
125
117
92
6
112
121
99
101
128
138
156
113
8
88
99
107
116
100
109
107
117
3
81
118
135
141
94
136
114
105
2
105
122
127
126
93
100
112
129
7
92
152
103
131
136
100
113
107
4
102
113
149
107
119
153
93
136
6
132
122
106
141
146
94
122
87
1
99
108
120
126
156
124
126
114
10
136
136
139
99
112
109
122
92
9
139
87
120
118
150
114
101
91
2
107
99
141
131
105
127
121
103
5
133
134
113
110
100
114
117
86
2
150
79
87
121
118
150
120
155
5
116
140
122
104
128
157
121
64
8
120
108
121
129
125
113
132
127
6
105
129
162
114
146
145
98
99
6
93
141
142
105
106
99
106
133
2
141
75
156
146
91
149
122
111
5
115
154
127
134
71
91
79
115
10
157
127
128
121
90
128
128
130
7
122
131
110
130
154
128
138
133
6
127
126
147
95
78
133
144
136
2
92
141
137
77
117
114
140
132
10
120
94
139
117
105
126
138
99
3
114
130
120
149
121
135
79
98
6
107
119
148
89
125
134
106
135
0
87
91
110
138
117
133
87
99
5
134
143
100
86
120
134
119
138
9
108
119
126
128
92
77
137
106
6
89
121
106
129
116
116
122
157
6
79
89
114
93
119
146
114
113
0
119
113
99
111
135
163
142
126
7
142
120
94
123
156
101
113
107
8
102
123
122
121
139
137
139
78
8
113
120
108
69
85
119
120
161
7
111
107
110
146
140
109
113
135
3
96
138
106
133
136
133
122
108
4
127
114
121
136
130
128
73
107
9
139
126
134
141
116
101
143
115
7
167
121
125
119
140
97
138
113
7
108
128
125
130
141
136
136
133
3
138
138
95
105
100
114
112
127
5
86
106
131
133
123
129
108
141
9
121
121
153
86
93
135
120
116
9
113
135
152
106
84
116
116
105
2
130
121
105
86
117
120
134
112
9
120
110
148
135
133
77
98
150
2
138
108
97
92
103
127
86
128
8
114
140
170
133
145
127
119
145
7
135
161
127
112
122
127
108
130
4
164
106
93
99
106
80
108
88
2
94
116
104
96
124
126
105
82
6
85
119
98
80
119
130
147
132
5
79
111
118
96
113
116
125
99
2
72
127
95
104
138
131
136
85
8
79
139
131
85
90
92
79
117
0
118
116
127
117
96
78
114
94
1
139
113
113
148
119
157
140
100
3
134
141
106
92
122
105
131
133
2
118
120
118
114
121
101
133
128
4
135
101
100
105
141
94
102
111
10
79
134
125
131
100
100
119
137
6
143
78
117
103
120
116
149
100
6
119
135
107
142
120
114
122
106
5
105
93
135
89
115
83
129
126
8
112
110
101
97
141
142
118
109
6
119
139
107
142
125
113
124
106

