14
2
8
9
2
7
3
1
8
7
5
9
3
2
7
6
0
9
15
6
7
6
1
9
10
4
2
91
148
105
142
121
126
133
108
0
91
110
104
89
161
118
106
128
10
143
140
154
129
118
138
112
107
9
111
134
93
86
150
106
102
140
7
132
119
148
107
105
70
127
163
7
113
152
132
132
118
97
98
117
4
151
105
117
147
112
126
107
115
6
99
114
132
103
122
152
92
85
3
121
128
131
101
116
113
119
97
9
91
115
153
94
116
119
109
113
8
135
124
135
84
169
93
101
113
6
163
94
140
111
94
106
94
108
7
127
128
167
58
108
120
88
120
1
127
115
125
133
115
126
91
141
2
85
131
133
100
85
113
96
112
3
97
128
107
120
134
141
121
138
2
144
90
121
82
139
87
99
70
10
102
115
163
109
102
119
125
86
5
114
113
127
97
94
97
119
112
5
113
133
119
133
120
92
108
91
9
111
100
84
135
109
102
141
109
4
148
99
127
140
105
94
98
98
0
160
90
111
127
107
154
101
86
9
131
110
117
105
92
79
106
142
3
110
126
104
125
120
133
108
98
2
136
106
122
157
130
136
106
140
9
125
141
139
99
118
138
113
106
1
107
115
119
99
149
106
134
129
6
134
102
126
120
85
111
100
80
5
159
159
124
123
116
117
110
119
3
144
125
79
118
137
140
113
128
7
108
122
118
125
122
117
100
99
8
127
85
111
94
141
95
93
139
1
106
127
111
92
133
57
102
120
1
117
127
132
135
130
115
138
107
8
126
89
113
111
116
136
135
78
8
150
114
147
116
86
121
79
136
6
100
127
77
78
99
128
98
104
3
157
126
87
137
82
114
140
121
8
166
120
136
125
149
108
141
100
2
114
133
100
134
139
130
139
110
3
170
127
132
101
148
150
105
117
8
132
113
79
91
141
126
84
123
8
117
137
112
121
120
113
120
127
5
141
150
99
103
94
82
79
97
1
123
151
115
133
92
97
109
104
1
109
115
110
129
101
120
98
112
5
116
123
121
108
112
101
113
128
8
157
126
94
158
105
154
121
147
2
91
132
107
68
121
134
106
127
7
149
113
127
93
143
102
152
121
7
98
113
96
113
129
111
121
79
8
106
108
127
94
119
80
80
155
2
144
122
110
77
114
125
124
107
6
140
131
101
134
110
133
107
71
4
91
93
103
92
121
108
86
141
4
58
98
129
108
87
95
75
145
0
146
119
113
184
134
119
134
105
3
118
79
112
127
77
112
138
127
5
106
93
84
128
136
71
85
149
5
107
80
86
95
131
119
126
101
8
121
128
118
87
120
103
127
114
1
131
82
105
136
76
119
78
112
4
104
136
133
126
94
138
133
141
7
114
114
157
107
119
142
127
123
10
114
121
95
135
135
120
142
135
6
91
125
151
113
128
114
107
149
9
108
107
77
92
104
114
92
128
1
106
135
135
94
121
115
107
126
8
124
149
120
125
126
162
142
102
6
87
122
99
117
105
127
85
104
9
100
128
129
126
128
113
112
105
3
111
92
98
124
86
95
84
100
1
121
98
119
119
129
92
72
148
1
121
98
115
130
95
154
81
101
7
128
113
92
136
105
98
149
122
10
154
118
89
85
135
117
108
113
10
113
121
127
118
121
135
114
117
0
114
107
145
113
100
135
96
103
4
141
138
147
113
102
132
121
121
3
136
140
91
123
138
91
127
132
1
135
121
112
132
130
131
111
92
4
123
100
138
110
100
135
124
145
2
117
122
123
116
149
114
61
110
2
108
120
114
125
143
119
145
130
8
114
122
89
122
91
98
143
87
2
139
113
130
105
113
135
148
125
2
86
99
108
105
113
77
120
123
4
140
120
130
102
102
99
98
101
10
78
146
124
128
116
130
100
98
5
133
130
136
91
136
106
157
97
9
91
128
113
128
115
107
105
139
9
133
80
135
132
84
120
110
121
0
85
149
79
106
123
100
152
114
6
113
114
129
114
138
108
115
111
3
175
143
113
85
123
128
119
111
3
114
122
88
127
94
112
109
118
3
113
107
129
87
121
146
126
95
4
99
114
109
111
114
107
135
87
7
86
143
119
109
104
133
142
110
2
129
126
107
125
108
94
78
130
6
119
128
116
122
94
121
135
109
7
141
119
147
85
108
116
81
78
4
134
102
71
143
131
120
121
101
1
103
127
127
134
78
99
122
149
4
129
84
140
78
93
111
135
119
3
123
158
92
114
98
101
143
130
9
152
93
100
159
122
148
93
131
6
140
119
113
126
154
109
124
123
2
121
117
133
121
135
153
132
126
6
113
135
114
105
118
97
128
108
8
100
92
111
122
124
128
108
114
4
106
138
108
100
74
100
86
77
5
79
125
134
136
142
155
128
114
6
124
175
93
122
111
115
100
148
3
116
148
80
134
140
108
99
139
7
108
125
120
124
85
143
115
119
6
91
105
131
116
141
101
92
125
9
128
123
129
84
97
126
122
95
9
72
117
144
83
110
128
91
121
1
110
135
89
101
121
127
143
125
5
105
112
156
86
118
113
147
112
2
107
93
140
117
109
113
107
104
8
106
109
96
159
117
142
138
120
6
147
72
108
156
133
112
133
148
3
93
129
126
134
132
138
124
133
1
141
91
155
132
101
130
169
127
3
110
78
141
104
98
127
107
143
1
126
101
91
103
150
86
154
117
2
97
116
91
126
134
134
89
136
7
124
148
149
113
184
126
145
117
4
100
124
87
105
105
95
127
108
7
94
129
115
79
130
136
127
137
2
145
104
125
133
108
121
109
121
6
116
119
113
134
113
112
103
142
8
107
120
146
119
89
93
113
95
9
171
142
107
88
127
139
78
140
3
140
98
126
155
114
93
99
126
3
141
143
126
134
81
130
124
93
2
143
109
109
158
115
113
133
126
6
150
141
99
92
140
75
150
103
10
116
118
91
89
110
130
161
134
1
85
113
122
110
130
135
91
133
6
109
122
120
146
143
105
112
106
9
89
107
111
93
116
120
132
100
4
139
114
101
147
114
103
138
127
8
128
146
119
99
141
76
128
114
2
112
120
148
174
139
109
114
144
6
119
101
128
133
156
131
140
82
1
123
72
148
135
110
127
106
155
6
82
111
119
95
98
136
105
113
1
135
142
133
106
96
112
80
120
6
92
121
155
124
108
114
129
143
3
120
136
98
142
126
121
92
85
0
141
132
134
98
115
143
101
134
5
103
126
132
135
131
77
113
128
5
89
113
161
95
109
120
132
113
3
102
150
127
129
131
85
136
108
9
118
113
139
121
112
122
106
127
9
135
105
140
109
128
151
112
141
4
120
113
94
84
127
107
106
156
2
112
106
128
127
107
128
121
137
9
120
127
143
143
105
151
135
106
4
102
134
122
83
72
114
114
83
3
162
143
102
80
152
78
125
118
5
106
107
64
112
112
103
113
97
7
120
139
125
99
143
94
113
120
9
126
122
112
150
96
113
142
109
3
127
135
121
75
104
124
113
121
9
98
148
62
92
135
72
97
99
2
97
127
98
101
86
127
149
84
3
136
122
62
79
122
151
100
110
7
108
122
118
120
130
162
98
108
4
89
121
107
145
151
90
135
120
9
151
96
133
112
135
113
95
141
3
132
129
115
115
139
104
106
165
5
92
158
120
111
129
117
117
113
2
67
90
136
92
80
122
139
127
0
126
112
142
135
97
96
92
134
8
170
93
101
129
114
93
135
120
6
120
174
124
135
80
103
138
107
1
129
142
130
149
138
113
110
113
2
92
111
142
129
119
91
99
126
5
127
117
107
143
114
109
86
154
8
138
130
135
137
119
114
99
106
8
128
113
119
155
128
97
111
125
10
105
151
114
99
118
111
126
99
7
121
98
132
118
130
135
118
110
7
113
131
142
78
117
89
107
112
4
109
124
134
98
90
78
121
90
0
86
124
137
137
98
99
115
114
8
63
141
124
105
112
123
106
106
9
127
103
108
108
120
96
155
124
7
99
123
126
102
99
152
115
146
7
100
86
128
75
113
112
138
112
5
105
122
111
102
131
133
124
115
8
136
109
109
114
77
134
117
122
5
93
120
121
140
142
136
121
98
6
115
130
140
99
98
103
133
147
6
119
112
135
92
147
104
168
122
8
90
145
114
148
156
121
135
144
9
107
121
156
127
121
66
93
99
3
150
89
110
97
150
148
129
126
1
143
71
99
113
138
142
79
100
6
155
133
121
130
91
126
125
120
5
106
132
99
89
113
118
134
159
0
96
111
94
113
150
136
93
141
4
62
121
113
113
133
119
177
141
7
120
113
124
132
90
127
127
87
4
77
106
119
93
121
88
137
106
2
90
112
116
115
145
119
122
117
10
88
133
168
121
110
122
111
134
4
84
88
141
87
115
107
100
80
5
157
98
115
114
131
119
141
181
9
127
130
94
128
104
128
122
169
9
93
109
111
77
146
155
104
92
4
139
134
109
110
143
107
174
149
7
93
129
122
81
113
120
129
105
5
95
112
100
135
101
115
167
135
9
120
104
112
122
153
114
147
116
4
118
125
122
91
111
127
135
115
4
114
97
101
134
94
147
100
121
6
122
111
121
135
156
100
97
156
6
121
120
106
112
128
133
108
113
9
100
133
138
98
98
105
79
99
5
128
114
107
93
94
125
91
106
8
86
141
107
114
71
135
101
135
3
170
76
128
141
127
99
178
107
2
128
133
150
89
102
93
130
105
2
122
97
142
122
120
108
126
158
9
121
97
108
121
115
137
71
163
10
128
119
91
132
127
145
109
114
3
124
101
111
125
113
123
144
77
8
124
71
104
139
146
85
120
121
9
124
140
109
117
146
116
128
113
0
113
134
119
126
134
85
93
97
1
137
97
124
102
125
140
101
98
1
121
137
122
93
70
122
145
165
3
90
127
88
99
127
139
136
83
6
122
116
142
104
125
108
113
65
3
133
112
86
85
83
130
115
115
2
136
107
95
135
112
112
92
134
8
134
89
125
141
120
93
125
143
9
117
91
121
139
138
127
118
116
1
97
128
98
119
120
127
125
103
2
119
120
101
119
140
107
113
125
8
115
94
120
100
114
100
121
123
2
100
130
80
125
112
114
129
141
4
110
146
142
62
128
113
126
108
1
132
98
84
114
128
124
113
117
9
100
106
94
132
106
104
127
105
1
105
114
128
96
134
120
97
119
7
129
130
114
129
124
102
101
100
2
120
128
135
130
127
99
65
104
6
111
88
112
147
86
98
134
112
7
99
94
121
130
121
99
95
106
6
111
97
98
95
120
100
95
108
3
114
145
115
103
114
120
110
87
10
123
104
93
125
94
119
139
98
3
104
61
106
114
104
135
122
95
3
111
127
125
169
109
106
135
135
2
124
100
149
83
81
133
104
99
3
92
122
107
112
74
132
136
136
8
155
100
107
117
125
119
123
167
4
120
161
101
113
115
105
114
127
1
98
106
128
162
126
119
88
135
7
96
127
149
94
114
137
78
136
9
111
114
104
92
119
106
100
122
5
122
107
121
100
129
131
102
123
1
93
117
94
108
121
118
102
169
4
121
119
113
151
93
85
117
128
10
94
106
112
111
83
119
110
126
6
112
118
88
114
149
114
117
117
4
106
139
123
108
139
146
109
99
9
120
127
120
87
119
106
127
119
6
142
139
117
127
81
99
105
110
1
149
113
100
126
109
129
134
100
6
107
134
106
85
79
106
113
121
7
133
123
127
115
152
73
149
127
7
76
97
132
142
126
98
91
127
9
93
117
129
119
122
141
115
118
9
114
110
115
107
120
92
91
102
5
142
77
130
99
85
127
92
136
8
134
100
96
114
110
115
104
109
2
130
146
83
75
133
99
126
138
7
135
100
115
117
121
98
121
94
4
107
105
119
113
133
111
119
107
1
106
126
93
109
111
133
86
132
3
96
133
167
98
120
104
102
143
1
99
140
126
88
153
117
139
127
4
78
98
141
102
110
113
136
88
10
99
113
141
69
124
112
112
86
8
111
138
129
121
155
92
100
106
1
147
112
102
120
107
140
104
119
4
93
99
97
88
101
94
154
108
10
120
121
135
112
119
113
86
120
6
115
129
129
106
111
104
114
115
0
99
135
112
91
107
86
124
107
3
100
117
99
113
155
128
152
141
8
113
134
110
118
93
120
95
105
2
106
114
113
133
135
93
112
78
2
86
124
79
140
127
134
137
113
3
106
146
98
128
95
137
114
64
6
119
94
114
121
97
120
161
88
4
117
107
111
121
111
142
103
74
6
73
99
122
137
149
89
93
106
3
118
118
170
80
101
107
124
134
7
129
99
135
128
108
100
121
106
10
113
140
117
134
119
126
135
107
8
116
111
107
122
93
136
90
103
0
99
118
108
141
140
90
138
106
2
135
133
134
115
133
128
140
112
8
97
89
105
100
106
130
107
103
8
83
135
114
122
121
91
112
111
8
105
94
119
134
126
117
92
111
3
108
148
86
94
120
122
104
106
9
115
154
120
100
102
107
130
146
6
120
109
113
110
135
106
113
137
10
133
129
78
130
132
98
121
104
5
141
99
126
92
145
86
134
133
4
98
104
111
105
107
132
107
91
1
150
108
147
121
160
120
90
85
10
132
91
121
127
142
132
101
117
3
93
133
106
123
128
136
104
106
5
134
121
116
121
122
115
126
121
1
92
106
94
113
102
124
137
106
5
127
100
134
122
115
155
126
91
6
106
70
120
128
142
140
86
85
5
114
107
132
120
85
94
103
100
3
130
138
99
111
115
114
122
114
3
135
137
114
112
85
128
115
93
2
141
72
99
119
135
99
124
114
8
100
141
94
131
130
121
109
85
2
141
167
142
107
147
102
109
106
9
126
110
114
116
110
147
119
115
2
135
122
95
99
92
98
125
94
9
106
79
100
118
102
126
114
106
4
125
168
123
120
136
103
128
117
9
125
127
110
108
95
141
94
117
5
90
101
130
129
138
104
127
154
1
162
138
121
114
94
104
146
141
8
128
107
112
75
133
119
106
89
3
123
69
107
110
105
103
113
147
5
111
107
117
135
140
113
115
168
0
97
124
73
107
64
100
132
94
2
77
114
141
99
119
116
128
121
2
103
145
92
128
134
117
111
144
8
118
102
135
122
115
121
117
137
5
86
113
112
143
129
138
132
133
8
111
99
142
115
114
121
125
120
0
112
129
153
90
136
141
130
141
3
83
138
108
119
106
125
98
114
6
74
110
119
101
124
131
136
118
9
136
127
99
152
100
113
142
126
9
85
102
123
100
121
176
126
98
2
134
131
135
120
121
132
121
106
4
120
99
121
121
120
142
120
127
7
80
112
119
105
150
103
121
93
1
147
119
133
114
100
104
111
127
10
102
110
118
106
132
92
111
145
6
120
122
70
136
135
79
108
122
2
129
74
119
161
124
109
115
113
9
94
113
108
129
127
121
100
105
8
128
87
127
110
103
98
131
113
8
123
114
139
102
100
115
101
119
9
84
138
110
105
118
155
111
116
8
108
141
123
87
100
115
70
123
6
114
134
123
136
107
107
148
126
7
93
121
122
113
112
101
91
127
3
164
89
155
108
111
121
128
103
1
139
91
104
101
120
122
110
135
8
141
119
114
113
106
130
93
132
10
92
150
120
106
146
128
107
109
10
120
102
102
89
104
118
90
141
8
117
113
137
86
127
99
87
118
0
119
98
116
78
88
133
160
130
9
127
143
106
137
115
79
130
110
10
93
103
98
133
90
110
149
105
2
126
104
136
139
136
139
93
104
5
108
93
88
99
113
149
93
118
1
114
139
78
92
100
130
109
118
8
92
99
143
97
114
160
112
127
8
117
79
114
125
177
128
98
120
9
119
96
140
131
106
119
134
95
2
98
111
127
103
142
120
80
146
3
128
102
105
126
113
68
108
72
5
136
141
110
132
125
147
82
119
7
100
135
142
123
111
128
136
105
9
107
127
110
122
113
102
131
92
6
133
142
109
127
126
142
80
128

