17
7
8
3
6
3
1
1
6
13
1
2
3
1
8
4
8
5
8
8
0
8
6
4
0
1
8
155
130
134
112
94
99
107
118
8
117
106
113
158
146
132
126
112
6
120
134
79
118
98
66
127
113
9
83
78
94
112
101
136
93
90
1
149
86
108
137
149
119
149
116
10
134
117
99
128
115
111
131
91
7
121
131
95
106
109
144
145
90
4
157
157
128
100
104
143
85
119
6
117
142
99
92
133
93
107
90
3
144
162
128
134
106
144
135
103
8
99
118
121
129
88
105
140
85
2
100
157
121
71
108
119
90
115
2
120
120
128
101
129
126
120
144
1
112
109
102
151
114
100
131
144
10
106
127
77
123
106
128
107
125
9
108
160
118
120
97
117
103
84
2
127
104
139
113
112
90
138
133
9
100
84
77
112
125
119
106
145
1
118
135
112
103
113
142
128
114
3
114
73
101
155
138
108
106
99
8
115
165
116
98
92
116
127
114
8
92
114
107
142
100
91
113
111
6
72
107
136
159
120
109
108
127
4
102
92
77
97
96
108
128
105
6
95
140
94
106
99
117
106
132
5
101
94
113
111
149
142
126
130
1
93
121
120
128
69
90
133
100
6
127
134
133
138
114
115
127
114
1
120
142
143
137
143
120
134
107
3
131
117
117
132
150
114
105
141
6
131
145
144
85
108
123
147
114
10
106
143
106
100
93
120
132
116
4
117
122
152
125
70
154
129
99
3
134
112
77
104
114
119
104
115
8
127
105
135
128
116
87
126
135
9
153
136
93
122
110
105
102
122
9
148
131
160
129
141
84
99
69
6
145
109
95
149
139
124
119
100
4
110
100
121
143
135
115
120
96
6
133
108
107
114
137
112
150
151
0
126
119
101
108
120
137
110
92
6
130
121
155
138
92
97
106
65
10
147
137
96
90
115
123
127
107
3
121
129
117
127
106
95
114
125
2
163
123
84
144
98
116
115
91
2
105
129
97
130
121
112
137
144
3
169
123
85
106
79
127
100
120
2
105
110
137
121
112
101
133
177
1
122
78
93
119
118
103
102
129
5
144
142
114
80
139
129
124
141
2
133
114
117
138
106
120
103
91
9
78
100
107
110
141
102
114
94
6
162
87
129
141
122
113
108
93
8
97
79
102
80
100
136
116
130
7
141
146
147
107
110
122
128
104
2
121
132
89
107
126
127
162
133
3
109
114
110
100
115
114
84
115
10
87
114
136
106
112
157
95
124
3
134
133
119
88
122
158
94
118
9
82
94
144
128
93
94
113
126
8
86
116
140
102
91
127
114
133
10
125
104
129
126
113
119
99
95
7
124
118
91
139
96
113
113
108
5
116
106
93
111
132
120
96
122
3
117
103
136
131
106
148
120
135
1
148
115
120
93
135
113
140
106
7
100
106
150
106
121
127
145
126
10
115
102
114
114
123
150
120
129
4
120
121
86
84
122
79
87
97
10
148
126
120
152
102
99
132
120
5
117
134
85
127
90
106
98
135
4
162
140
111
96
103
105
75
84
7
86
106
136
114
113
139
123
84
4
114
135
163
112
94
109
155
87
4
129
111
108
106
128
142
140
98
2
105
142
106
106
147
138
121
122
4
141
121
96
94
121
100
110
126
6
127
101
142
132
95
99
107
98
3
115
124
100
133
136
113
123
148
8
120
117
135
107
113
128
121
156
2
115
82
107
126
125
86
125
117
4
128
108
109
133
109
124
111
139
4
136
83
119
90
109
109
151
106
5
129
148
121
135
113
109
133
111
4
109
137
120
77
155
100
106
93
2
88
109
106
106
122
121
103
149
4
129
105
124
98
115
94
106
87
2
97
136
95
102
116
113
84
94
6
129
126
71
120
130
108
106
101
9
104
113
126
141
129
90
102
110
9
100
147
130
141
128
130
99
155
1
88
161
120
121
154
141
121
78
0
113
142
89
90
125
141
102
83
1
114
114
142
134
113
120
134
81
3
121
105
111
127
113
112
110
114
5
176
121
107
106
88
155
122
115
3
161
113
148
110
109
110
111
147
8
102
90
91
129
99
141
143
123
10
114
145
125
112
115
115
106
114
1
92
117
105
124
99
119
122
100
0
109
92
121
126
119
93
122
138
5
142
129
156
125
122
121
74
100
3
102
130
117
84
110
94
120
114
6
143
99
140
104
127
118
132
97
6
136
132
106
65
113
149
109
142
3
149
121
103
72
129
108
121
142
6
98
123
111
92
106
98
133
131
3
96
128
93
135
97
96
119
86
1
101
147
118
149
127
127
121
90
5
126
100
163
134
103
97
95
164
3
133
112
159
108
120
118
114
118
1
98
127
124
107
134
132
144
116
3
99
100
127
114
113
97
99
107
3
144
130
111
135
134
135
93
120
3
129
120
124
93
104
110
105
150
8
104
163
151
154
123
111
70
87
9
124
121
92
136
88
114
99
135
9
150
117
140
93
112
140
113
129
7
106
140
97
125
126
85
128
116
7
106
113
103
89
125
86
132
119
9
98
103
94
134
116
114
115
107
8
107
131
95
139
106
141
152
141
3
136
121
121
112
73
119
136
114
10
100
107
129
147
91
106
85
93
7
96
108
116
106
98
105
120
121
8
122
106
107
75
106
141
98
160
9
127
115
131
134
128
143
129
124
6
86
114
110
117
126
151
156
140
8
101
113
142
120
108
114
140
92
8
130
155
117
107
100
107
129
132
4
119
129
100
141
105
144
163
113
1
133
100
120
123
114
127
116
97
4
135
159
73
155
125
92
111
114
4
133
125
109
127
107
124
141
142
1
85
114
120
133
145
82
128
121
2
137
74
98
104
117
84
98
84
0
100
120
139
100
126
115
103
101
6
94
115
127
139
99
155
123
122
1
121
115
114
127
142
100
115
122
6
105
153
87
113
116
92
105
148
6
123
83
116
120
106
88
114
79
9
151
101
136
97
123
109
104
128
4
87
149
107
147
106
140
138
113
8
117
115
119
111
136
116
115
139
1
100
136
114
117
128
104
150
157
1
107
64
132
132
155
77
127
129
1
158
120
107
126
99
119
112
148
6
149
120
79
132
80
122
136
141
4
95
117
120
94
134
117
130
131
2
112
125
113
128
100
112
132
92
8
95
118
127
124
118
73
105
108
9
101
126
145
89
138
82
127
114
6
129
92
149
77
156
155
89
116
1
132
148
127
151
111
150
92
133
1
103
133
87
122
131
141
115
82
7
63
127
123
128
133
133
113
130
6
129
114
102
137
146
126
128
134
3
133
109
105
122
135
127
118
132
9
97
157
128
141
93
109
125
107
8
108
106
134
85
121
113
78
130
5
95
142
154
107
114
119
92
107
10
101
135
124
101
113
120
103
122
2
101
108
103
106
120
154
113
107
2
106
73
121
113
135
87
87
141
4
150
93
77
156
119
135
112
132
2
127
149
121
112
118
126
91
134
4
105
85
124
99
124
105
82
100
5
106
127
101
92
72
147
141
156
3
118
89
107
128
113
100
125
127
3
113
127
109
99
72
131
161
87
2
119
117
73
99
120
121
105
117
6
150
86
122
154
127
117
108
150
4
126
99
123
91
126
128
126
107
4
92
93
91
112
129
129
126
99
9
115
114
114
133
122
141
145
125
9
119
113
105
128
127
109
135
129
8
113
126
70
127
94
112
140
132
7
112
102
99
107
130
132
85
158
7
172
107
114
98
64
120
79
106
1
137
121
116
95
141
144
144
121
9
128
128
122
135
128
87
149
121
9
145
120
120
85
117
112
133
111
1
115
101
142
119
130
161
114
134
1
106
106
110
120
83
120
143
115
5
95
131
118
127
161
102
87
148
6
140
121
120
104
163
113
114
117
4
98
122
116
74
74
106
126
100
7
126
94
117
123
108
98
121
103
5
92
122
147
146
146
132
129
122
2
113
132
145
86
128
128
109
114
7
131
100
93
106
101
133
120
128
3
99
124
129
130
113
108
85
106
4
127
121
142
128
107
86
109
112
1
109
109
106
147
132
106
136
118
3
98
114
115
148
121
134
127
107
0
121
79
122
118
141
127
146
93
1
106
133
120
113
121
112
102
135
10
97
82
141
99
116
123
121
107
4
141
106
92
120
118
126
129
141
5
135
113
141
120
126
64
152
97
9
80
141
114
105
137
105
102
111
2
107
163
139
121
155
95
91
106
1
116
139
98
146
127
120
137
82
6
99
119
91
120
117
127
190
80
9
135
105
149
94
112
146
124
125
4
115
141
72
80
124
149
127
108
8
113
171
65
115
120
95
95
129
9
78
129
133
116
124
136
84
104
6
115
114
102
127
136
117
80
145
7
96
131
142
123
156
111
92
119
5
93
104
127
99
118
98
99
111
2
107
114
127
122
112
116
132
117
5
70
137
135
144
101
114
133
70
9
99
119
161
92
110
162
117
125
4
99
127
142
161
144
94
148
94
5
121
134
109
141
100
86
143
113
5
117
148
70
136
107
102
184
114
7
111
134
86
110
129
150
105
102
9
117
99
107
153
98
109
140
107
6
109
141
145
102
107
85
113
97
3
111
145
122
136
100
125
71
123
0
108
106
105
143
155
103
104
89
6
91
103
151
106
116
128
78
136
2
156
97
140
102
54
118
126
114
5
115
83
127
113
119
56
126
81
3
121
115
135
145
150
99
79
121
3
99
126
122
110
96
107
119
135
8
109
122
149
119
108
108
146
119
8
131
97
111
104
83
109
127
93
4
183
108
168
95
143
131
115
127
1
103
94
106
110
141
82
125
127
2
87
126
117
136
148
119
104
119
4
101
126
96
120
93
125
94
155
1
85
107
114
124
135
113
122
138
8
126
107
99
99
119
127
82
117
2
133
129
149
121
149
121
113
91
7
140
146
164
74
136
78
128
128
4
83
124
123
128
135
171
133
76
3
155
120
130
124
71
127
98
128
1
119
137
120
113
95
94
89
129
0
155
122
122
115
152
141
72
153
0
111
120
110
81
147
148
106
114
6
128
123
93
141
104
95
149
147
6
119
130
126
113
110
81
126
100
10
147
129
100
142
106
113
121
99
1
126
111
123
150
108
108
123
120
3
114
142
131
101
122
156
95
121
1
78
74
141
107
115
107
116
129
6
129
145
129
142
100
135
134
101
7
135
99
109
129
143
111
112
121
9
119
126
139
109
102
127
139
156
1
114
138
148
106
138
120
114
150
1
110
128
140
130
112
119
142
119
0
104
117
118
130
132
137
134
135
9
94
86
99
119
119
128
111
121
4
120
114
142
102
106
121
125
121
4
103
128
118
126
90
113
122
123
5
91
142
150
136
135
121
110
105
7
123
95
106
107
138
84
146
86
9
129
135
100
161
65
123
113
103
7
124
115
111
142
123
96
107
126
3
150
105
105
119
127
126
95
134
9
99
131
123
106
139
134
100
75
0
111
124
150
127
128
100
132
79
2
89
131
103
98
126
118
130
115
3
100
155
137
109
123
113
99
128
4
121
107
140
98
99
120
107
107
3
147
124
97
107
140
114
105
155
3
141
144
136
145
122
133
123
97
3
108
83
92
92
120
115
148
112
5
137
127
47
99
122
106
139
130
9
73
147
116
125
126
108
120
129
8
121
99
91
119
124
125
94
100
1
113
112
106
117
95
134
106
141
10
117
114
103
141
132
115
115
98
9
129
147
114
111
137
118
123
96
3
100
119
102
95
116
134
114
87
9
101
123
122
91
103
124
119
122
4
100
150
115
136
130
108
100
129
9
76
85
121
126
80
142
111
140
3
128
120
121
119
114
120
108
88
9
127
149
102
126
162
115
120
135
9
129
89
120
122
101
128
107
135
1
110
112
88
128
99
99
118
136
7
99
141
105
128
100
134
99
94
2
152
92
106
122
150
104
104
139
9
78
117
134
94
134
105
140
131
8
121
137
111
98
103
128
141
128
4
121
134
129
148
101
92
97
102
5
90
120
118
155
92
126
106
95
5
101
108
121
88
130
142
94
118
1
154
150
113
124
91
124
114
112
0
69
113
154
122
100
132
102
115
0
150
77
134
99
146
94
148
134
9
131
137
122
112
71
130
98
104
0
127
109
66
118
106
137
105
132
10
132
127
139
135
106
100
134
54
5
89
116
106
113
100
80
147
144
10
147
128
115
136
99
129
81
149
5
99
111
115
172
132
113
124
98
5
164
111
98
103
149
104
140
125
9
109
142
139
103
93
102
130
94
2
136
148
100
140
108
101
133
113
2
120
113
131
121
114
79
141
101
6
136
136
149
86
94
106
142
130
4
99
114
127
141
80
154
109
126
5
124
127
99
116
156
131
85
130
3
101
89
111
137
142
70
124
124
8
115
159
134
116
122
78
150
157
1
119
77
99
94
66
161
117
107
7
115
139
127
128
92
106
124
118
0
109
122
76
119
134
92
142
119
3
120
118
143
128
129
100
112
122
1
98
128
117
146
120
149
106
87
5
79
98
107
111
124
119
165
129
5
120
116
85
106
103
135
158
113
0
104
116
135
93
136
114
85
135
1
94
129
128
120
136
99
123
137
2
112
121
71
78
114
135
110
109
3
112
121
117
110
92
85
79
107
9
101
134
130
104
93
104
130
105
7
134
107
134
93
102
107
113
119
9
109
139
150
119
114
133
84
93
8
113
134
122
144
124
148
179
100
7
107
112
143
107
134
120
100
101
8
116
119
104
120
96
142
131
150
2
145
133
100
147
115
129
150
112
10
46
117
111
78
127
97
93
116
5
138
91
118
105
150
118
106
112
1
99
169
119
106
148
99
108
109
5
126
149
105
115
94
133
114
111
7
119
93
119
140
125
127
114
99
9
149
120
119
97
111
118
136
102
9
87
140
112
119
91
129
112
120
7
111
137
113
131
106
131
120
116
8
100
131
127
117
111
132
139
124
9
121
113
100
127
120
114
145
123
0
119
98
86
107
108
100
121
108
4
116
102
98
149
136
131
120
105
8
147
147
100
122
108
133
107
139
5
134
143
140
118
110
103
135
135
8
118
72
98
115
139
116
101
108
7
120
105
90
124
110
107
119
138
8
111
115
84
104
74
131
88
95
7
131
134
87
106
114
148
156
78
7
105
102
135
121
121
104
101
112
2
108
121
86
120
111
113
126
115
7
137
110
120
141
122
120
99
123
3
135
121
135
133
93
113
114
106
10
129
128
129
142
140
97
118
134
2
133
108
94
120
150
119
113
128
5
98
86
123
104
142
108
130
115
9
98
102
155
115
136
93
133
157
10
127
98
135
163
121
122
156
129
5
105
126
157
106
150
106
129
62
6
140
115
130
89
92
115
94
113
8
123
130
97
121
89
114
79
93
5
113
110
134
107
114
129
120
121
7
88
101
83
95
146
117
107
105
0
125
112
71
107
98
128
129
132
9
105
135
56
106
92
116
150
159
5
140
147
105
115
98
91
109
139
9
152
134
95
96
134
100
116
102
2
148
101
107
114
118
113
156
107
6
81
121
104
72
127
84
134
102
4
110
128
89
101
92
92
116
91
2
128
148
79
115
101
106
138
102
4
101
154
144
143
125
94
107
99
1
108
127
127
98
125
118
121
107
7
108
114
127
128
128
110
106
145
5
121
94
114
96
141
107
86
147
0
138
87
113
120
132
97
141
177
8
116
122
125
122
156
110
109
119
7
122
88
103
114
115
94
105
111
1
107
123
84
101
119
104
118
94
4
160
133
148
142
149
105
155
111
4
78
117
128
108
117
60
126
121
5
113
105
86
135
120
125
76
127
0
161
140
106
108
113
87
122
92
9
84
89
123
121
92
114
136
106
9
106
124
93
129
121
116
138
104
8
79
130
101
120
95
138
129
129
0
104
78
123
120
134
107
129
143
6
121
130
148
57
115
125
125
126
0
141
135
94
113
102
149
105
104
0
123
163
109
126
85
143
117
122
3
79
107
98
98
103
99
121
123
2
102
96
108
131
127
109
78
105
4
133
119
123
149
81
102
114
119
7
84
112
97
99
101
103
114
122

