8
1
0
5
4
6
9
4
4
17
8
8
5
2
5
4
2
2
13
9
0
4
3
5
10
3
3
136
139
126
74
97
114
105
125
8
104
96
128
109
109
129
118
125
4
114
143
99
123
118
136
99
134
10
125
118
105
122
135
113
106
162
8
165
111
117
120
99
86
104
107
7
113
108
93
117
135
108
115
164
2
126
144
107
107
114
97
127
118
4
89
129
59
127
118
136
117
135
7
106
125
114
151
106
88
142
112
7
100
101
109
142
125
121
129
114
3
119
123
138
134
155
98
141
72
2
115
128
92
105
157
150
118
99
9
123
129
114
107
118
133
135
118
0
93
113
135
143
113
110
118
122
10
89
142
141
102
112
122
125
137
8
81
78
112
100
127
113
112
128
10
134
122
140
109
130
108
93
121
4
111
109
120
84
108
111
109
91
6
91
104
118
156
89
125
113
86
8
100
130
107
90
133
126
100
107
2
129
87
118
168
97
137
114
106
0
110
124
131
114
90
112
115
127
7
112
108
92
110
120
127
138
96
2
102
121
100
129
115
128
98
127
8
112
70
113
116
107
87
99
155
1
141
136
143
125
122
99
132
126
2
127
101
85
103
101
131
156
110
9
106
129
121
161
129
121
122
95
0
104
91
80
166
149
170
138
128
0
95
110
83
141
149
91
96
125
7
108
103
123
88
152
103
134
101
2
127
87
138
133
135
143
113
113
3
106
79
165
112
118
75
138
114
1
114
122
91
101
127
148
104
129
3
141
133
129
114
126
117
100
136
6
84
90
124
57
96
138
59
99
8
128
124
80
170
156
127
93
109
6
86
114
108
123
128
118
79
126
5
111
112
94
128
103
135
85
105
1
162
128
124
93
80
119
118
133
4
115
112
91
113
89
114
103
137
3
112
112
110
107
129
128
126
108
8
122
123
108
79
87
126
154
82
3
128
96
129
106
117
93
122
113
10
126
149
114
107
106
142
121
99
7
112
76
141
119
145
87
156
80
2
110
95
120
157
85
89
112
161
9
122
136
107
105
116
121
114
110
7
103
122
134
141
107
106
104
101
2
99
113
141
134
106
114
132
121
2
142
127
121
108
110
152
116
133
3
112
100
114
105
109
122
120
121
6
156
112
135
115
105
117
133
142
8
107
131
102
123
128
135
125
86
3
117
93
114
96
112
118
108
120
8
111
118
142
99
127
134
92
114
4
145
107
122
106
122
112
137
104
2
107
92
121
106
123
108
94
114
2
107
145
116
120
133
106
149
135
0
102
125
110
132
113
130
143
99
8
139
93
113
138
66
112
111
94
10
111
104
113
78
144
111
152
124
8
133
98
120
103
156
127
118
111
4
122
114
128
147
109
115
115
134
5
114
122
111
134
126
141
96
123
6
125
95
96
105
134
136
135
99
2
107
106
103
92
155
101
164
107
6
129
105
126
84
128
106
120
84
4
113
141
105
58
115
86
123
122
8
106
87
105
130
93
120
113
134
4
113
107
147
108
106
96
146
157
4
108
128
116
115
133
103
122
126
10
98
120
156
128
107
140
106
80
6
87
106
120
136
140
83
145
119
6
119
75
115
122
94
117
115
114
1
94
127
110
114
142
124
135
135
1
124
127
73
146
120
110
125
114
5
100
97
112
149
171
110
102
127
5
132
82
118
108
112
116
64
100
4
119
109
119
127
97
107
124
121
9
126
146
126
131
97
127
155
136
10
134
123
90
121
188
122
100
124
9
93
116
146
102
122
117
128
113
3
119
108
126
128
98
143
128
127
4
138
115
120
110
142
137
77
85
3
119
126
83
130
163
158
90
119
5
107
111
126
82
144
93
100
93
6
127
136
106
121
126
119
126
79
1
119
103
134
102
146
119
118
134
9
124
79
125
119
143
118
169
130
5
112
120
115
85
145
141
112
115
7
154
112
101
92
71
99
113
114
2
109
124
108
130
147
91
97
128
7
108
99
120
112
129
151
124
126
7
150
133
163
128
123
124
117
116
1
120
82
88
131
127
127
106
102
7
148
106
80
149
141
116
91
124
8
152
107
91
94
99
142
108
127
7
119
106
129
55
94
138
100
138
3
122
109
106
98
106
139
97
130
7
59
117
101
91
138
99
118
125
5
128
115
106
116
134
119
100
122
7
116
120
137
113
122
109
107
111
7
104
147
134
127
147
107
117
120
9
134
120
127
126
120
113
109
100
4
136
109
111
121
102
119
101
117
7
111
122
102
106
134
99
104
151
1
99
141
136
112
106
95
129
86
6
128
121
82
104
97
72
128
146
2
148
78
124
111
126
91
124
141
5
109
123
117
107
134
127
73
94
6
100
119
126
112
132
158
121
125
0
113
100
83
96
129
91
107
156
5
104
99
116
135
94
124
121
110
3
120
97
78
94
107
90
157
100
7
112
136
102
102
155
134
85
94
4
104
152
99
65
119
79
140
112
9
128
92
92
133
161
113
113
109
3
133
101
104
117
116
135
108
143
5
125
128
119
103
115
108
141
105
9
143
106
104
134
101
127
141
110
4
94
131
97
109
116
115
105
124
6
145
148
124
148
106
107
121
119
2
95
128
121
101
94
113
124
107
3
109
93
135
80
86
117
110
100
4
99
140
147
128
92
82
139
112
2
113
83
128
140
115
122
133
110
4
101
155
101
128
113
95
121
100
7
162
93
133
142
99
121
111
96
10
100
87
122
86
119
135
129
116
7
119
159
127
103
113
134
101
129
0
104
79
130
117
119
100
128
86
8
126
117
114
103
121
91
114
126
1
121
103
94
128
135
88
119
101
5
129
104
123
122
162
134
126
141
6
136
131
99
129
129
151
93
149
0
114
136
124
95
65
117
96
105
5
93
112
114
147
116
114
111
100
3
106
108
107
116
149
135
146
130
4
141
112
142
142
92
101
126
121
2
138
115
91
140
94
175
128
95
4
111
129
79
85
108
78
151
126
4
107
66
106
105
92
147
143
117
7
123
129
137
89
122
103
120
136
8
105
117
95
116
112
148
117
107
9
116
133
99
140
135
73
133
140
5
116
162
135
112
121
98
137
100
8
118
112
148
94
145
134
126
110
4
92
105
117
153
130
100
99
155
2
124
135
85
134
143
113
149
120
3
142
70
122
132
150
101
135
121
8
112
99
91
105
128
97
142
120
1
99
120
161
115
147
117
120
108
3
107
116
128
127
161
111
128
129
3
121
135
112
93
85
134
121
116
4
100
93
106
104
149
100
100
135
10
127
149
146
141
138
111
146
104
8
88
125
103
87
136
120
129
126
2
110
109
107
135
143
116
141
108
8
104
97
106
134
133
126
102
104
6
120
116
130
108
119
135
93
114
2
154
111
123
120
133
106
106
160
9
126
134
113
110
85
100
127
106
7
128
133
135
134
98
120
100
72
6
112
121
116
120
72
87
126
148
3
71
103
135
136
132
99
133
107
7
84
108
95
148
92
108
126
139
4
82
83
143
105
95
86
124
107
5
108
114
116
117
119
128
108
103
3
95
89
93
83
149
120
126
119
6
123
115
92
92
114
92
141
86
9
129
127
128
138
120
106
117
87
6
107
118
121
157
100
84
123
154
4
149
114
93
118
141
94
139
110
9
113
134
112
137
113
114
138
126
10
135
108
105
124
138
164
134
73
6
88
143
101
122
150
106
114
127
3
141
116
142
106
140
130
119
96
3
114
121
145
110
104
118
99
110
6
90
120
102
124
81
149
118
92
5
148
104
147
85
153
122
92
132
1
127
121
106
113
101
132
138
142
9
127
98
99
143
91
124
94
139
3
99
109
122
124
99
107
131
93
1
114
93
111
125
108
122
145
97
2
105
151
126
100
123
99
122
99
1
98
92
146
118
123
120
130
102
8
138
120
106
129
100
93
154
128
9
99
125
126
132
107
111
120
82
4
129
125
116
129
97
141
108
114
5
138
106
128
159
139
93
128
156
9
118
86
129
134
99
149
157
113
7
135
98
136
98
112
114
134
97
1
112
114
151
93
120
115
99
126
5
145
119
113
100
130
101
107
110
1
115
100
107
157
133
127
124
141
2
156
112
120
130
128
93
114
120
4
101
121
120
109
131
134
131
124
3
117
127
154
168
95
111
99
127
6
120
104
121
116
88
100
135
124
6
154
102
140
141
128
148
115
101
5
123
156
133
120
136
87
131
93
4
135
92
91
131
130
104
136
120
7
110
119
129
116
128
124
111
145
5
161
136
122
119
125
134
115
107
5
80
107
101
115
100
100
156
107
3
141
98
105
98
143
127
108
102
1
78
95
124
133
101
100
135
169
10
132
115
139
99
95
126
98
124
7
112
88
115
105
118
95
107
94
1
97
128
137
121
113
121
134
114
3
120
110
121
139
80
127
100
107
0
127
153
113
120
92
124
121
135
4
90
129
114
138
154
85
113
98
4
117
134
135
107
101
120
120
91
5
122
129
72
115
127
108
132
101
2
117
86
142
84
116
96
102
115
2
73
148
138
126
118
125
110
112
4
122
109
119
127
108
100
108
107
4
114
134
109
107
86
125
65
113
5
111
111
107
108
142
128
128
103
2
116
97
115
142
138
135
85
134
1
79
148
103
114
102
126
142
185
3
119
177
121
144
100
113
113
127
9
92
88
147
120
84
101
123
133
2
109
63
122
88
84
113
122
116
9
130
113
140
119
118
51
121
175
9
81
93
109
131
119
108
105
109
7
90
122
105
151
107
113
143
109
5
99
105
114
118
137
128
78
145
0
137
78
124
150
108
116
100
63
3
122
113
114
136
153
122
170
108
4
118
138
116
111
113
110
122
138
6
124
84
99
119
116
119
113
107
5
119
96
119
118
124
119
120
121
1
144
128
119
120
156
108
79
113
8
132
127
102
112
112
122
118
94
1
118
92
87
154
144
105
142
148
8
121
133
92
97
128
149
114
120
5
124
151
110
121
86
88
100
134
10
101
89
105
120
128
98
99
92
5
114
114
100
143
158
109
136
107
8
117
106
124
121
106
127
107
130
1
91
100
126
101
73
103
138
123
1
128
120
129
113
115
115
137
105
8
102
105
110
139
129
146
103
84
3
129
131
100
92
101
144
98
153
0
112
105
143
90
108
121
142
135
5
101
100
101
128
111
118
114
137
4
128
129
129
116
114
128
122
146
9
123
122
112
112
102
121
109
120
2
79
105
103
79
96
122
118
87
5
128
123
108
107
129
103
101
128
6
130
103
106
107
101
109
120
145
8
134
132
120
114
100
127
114
113
6
135
100
115
125
79
122
100
99
9
127
145
112
126
147
84
125
120
5
118
91
91
101
155
113
155
123
5
131
142
119
111
124
94
107
120
8
69
121
129
107
124
105
120
103
5
116
126
123
101
112
117
121
99
10
100
102
113
134
79
105
86
99
5
103
84
120
119
135
87
119
119
5
136
140
135
97
120
113
122
135
0
140
88
110
113
135
100
133
71
7
113
134
99
112
102
104
106
94
2
121
136
117
149
98
143
92
103
2
121
136
132
107
141
128
74
113
3
93
133
152
89
121
148
104
145
4
135
127
138
132
96
104
81
125
9
102
101
116
138
116
86
78
144
9
145
128
153
73
108
141
119
96
4
114
93
106
92
104
101
130
141
2
107
112
121
92
88
107
130
142
8
135
81
127
127
95
108
93
114
6
100
122
97
93
127
133
147
114
3
79
108
98
128
120
124
113
144
10
102
126
109
113
110
121
96
120
9
101
137
162
121
148
148
92
121
8
115
127
116
126
142
113
101
170
4
91
138
120
93
86
125
92
125
1
102
86
109
129
97
106
93
138
2
109
143
105
93
110
113
91
84
7
100
113
92
87
122
133
112
120
9
99
149
150
127
114
150
89
103
5
98
112
90
103
122
122
119
81
9
115
116
102
142
135
152
146
122
3
112
116
126
119
72
134
157
98
6
108
87
60
128
121
102
113
103
5
108
135
119
114
108
132
101
104
3
156
78
141
86
156
117
103
125
8
111
118
72
133
120
77
114
112
1
120
104
113
98
138
94
128
146
7
130
115
113
121
84
149
110
91
6
124
81
105
119
134
108
111
127
7
145
113
134
124
142
130
137
125
8
100
139
130
136
117
113
106
157
8
116
127
119
135
87
130
135
98
6
113
100
125
107
101
130
103
104
9
120
115
110
127
113
114
113
112
4
115
134
112
87
142
79
99
92
3
105
125
132
128
96
111
117
100
0
125
130
140
128
139
94
140
106
9
70
134
135
106
167
82
106
124
10
146
130
128
124
126
123
115
78
10
123
161
134
129
101
141
130
131
4
141
113
115
132
129
100
108
107
4
144
139
107
120
136
111
95
102
2
109
120
103
141
107
140
120
136
9
106
103
106
97
107
99
140
101
0
101
101
102
111
104
120
133
124
1
87
162
106
122
116
142
119
120
3
104
106
106
83
132
140
127
107
2
141
149
141
121
132
134
127
85
8
134
110
142
127
107
86
130
115
2
104
92
97
123
123
111
102
135
2
123
134
149
130
115
85
109
100
4
136
68
147
101
91
101
127
114
1
114
112
125
104
98
124
107
155
5
127
107
133
92
93
145
148
146
4
103
43
136
122
94
49
95
146
7
130
154
141
103
111
86
108
140
8
120
141
65
134
81
116
140
149
1
84
144
135
98
130
112
96
136
3
113
142
127
136
102
106
119
117
3
105
107
71
118
120
99
134
121
2
151
118
104
153
117
108
117
98
7
115
98
105
105
109
161
125
113
3
86
174
77
128
121
137
136
97
4
113
134
122
142
112
141
129
121
4
134
135
92
175
108
125
150
128
6
108
70
106
136
70
133
101
117
5
120
121
88
106
107
145
95
66
8
120
113
126
78
118
103
130
113
9
114
118
162
149
133
114
122
143
2
119
88
109
100
120
104
111
127
1
119
129
115
126
128
127
78
63
8
114
109
127
118
129
135
120
128
9
108
91
97
114
159
80
135
101
3
94
143
121
121
143
85
121
113
4
118
126
111
119
81
113
143
76
7
132
85
140
92
101
110
102
79
2
102
120
99
128
132
126
93
110
10
115
121
105
119
81
127
128
128
7
108
107
94
101
130
140
115
128
6
124
109
124
109
142
116
75
103
2
134
114
151
77
135
138
92
114
6
135
120
131
125
112
142
94
86
5
113
105
120
108
122
169
126
127
9
92
99
143
98
111
82
141
122
2
128
120
120
114
119
125
94
134
9
146
105
108
142
148
134
138
120
5
113
100
122
109
106
133
95
80
3
138
85
98
123
123
93
106
126
1
108
136
128
132
142
127
156
98
9
88
127
108
138
106
151
124
133
4
99
113
134
94
95
113
92
112
5
110
90
142
111
148
148
113
142
8
122
118
95
122
111
121
102
114
8
92
129
86
122
120
152
147
157
6
128
127
146
121
77
126
122
73
6
126
126
99
121
130
121
101
122
3
149
130
119
132
167
85
134
127
1
121
134
106
134
146
107
113
120
5
108
126
107
108
105
130
115
114
10
134
119
113
120
119
111
107
115
2
127
89
127
155
133
133
85
102
5
98
137
143
128
93
123
93
110
8
115
163
135
83
80
128
154
120
8
113
143
134
119
95
128
123
150
5
91
103
107
87
107
133
105
113
3
127
126
93
136
133
135
116
114
10
113
149
155
125
113
103
95
120
9
107
93
95
65
63
135
136
117
8
83
114
146
109
105
128
110
82
7
125
119
105
73
138
128
135
134
2
126
106
128
114
128
136
61
119
5
118
120
158
108
127
114
78
94
0
93
94
109
100
106
120
119
151
7
156
146
102
106
124
106
113
101
1
92
113
128
129
120
126
108
120
4
104
74
108
140
135
134
134
113
8
111
86
101
126
108
106
135
136
2
120
106
111
107
91
147
101
96
8
85
120
119
108
143
79
85
106
0
128
105
111
120
139
97
134
115
1
133
113
128
99
135
108
86
136
5
109
121
157
144
153
100
109
98
9
120
120
134
127
127
127
130
112
9
133
114
133
105
138
113
87
138

