16
8
5
10
4
9
3
9
2
11
10
7
9
9
2
2
7
4
12
1
7
4
0
3
8
6
6
116
137
140
143
124
142
143
129
8
122
131
99
126
125
105
104
104
8
119
132
114
84
148
92
99
140
4
106
122
131
64
109
124
121
125
3
100
126
139
98
115
134
142
113
1
148
114
91
121
113
117
72
107
7
144
155
144
130
119
95
110
120
1
112
114
135
121
147
92
113
94
6
163
122
99
123
126
129
138
125
7
121
112
114
93
85
118
109
112
2
151
127
100
99
106
141
128
127
2
112
72
147
127
99
107
128
98
9
98
105
124
89
122
96
120
119
1
138
78
118
107
109
72
121
143
7
141
120
113
141
77
149
141
113
6
123
134
103
144
146
94
99
116
1
120
126
110
135
110
115
116
102
4
121
130
117
136
85
127
72
93
5
109
89
136
110
168
117
152
99
5
143
112
106
120
128
111
126
154
4
108
83
121
114
134
98
103
119
8
103
117
79
115
105
115
135
108
9
121
171
125
128
136
118
122
125
4
116
107
132
128
105
123
120
144
5
113
137
116
104
121
89
110
90
2
129
101
112
142
97
93
111
119
0
157
128
108
107
152
151
128
118
1
78
94
141
104
113
120
127
115
1
135
114
144
110
123
86
159
125
1
108
121
121
142
147
93
116
90
6
143
80
138
112
98
128
80
124
6
91
163
108
92
141
140
84
142
9
92
137
122
89
114
127
122
100
8
120
122
99
138
104
116
109
139
3
143
108
134
101
120
81
126
149
8
114
120
78
120
147
126
101
134
6
104
115
109
72
136
129
99
86
1
119
133
95
141
127
121
89
101
7
137
92
101
134
138
121
91
130
1
112
126
130
157
100
118
126
65
7
82
136
119
135
100
114
122
116
9
110
106
135
142
112
133
65
144
6
112
115
128
114
141
121
95
100
1
105
135
140
154
125
95
128
107
4
72
120
114
108
113
117
89
73
9
147
105
119
110
134
147
98
101
1
122
102
135
156
147
108
70
85
8
112
136
94
108
137
119
118
104
4
89
148
114
137
72
112
115
143
3
147
107
108
110
128
113
128
118
6
141
120
104
113
65
60
134
129
2
133
107
111
156
106
111
107
129
1
106
126
128
114
110
116
123
169
9
122
93
119
114
70
142
119
112
4
140
146
109
103
109
123
116
117
2
118
93
134
141
89
129
120
112
8
78
148
84
106
106
116
161
96
7
121
132
106
122
124
123
125
123
3
111
71
96
89
135
115
144
112
2
79
136
115
99
126
97
108
138
6
108
107
134
84
121
110
131
93
4
98
111
146
112
101
123
102
147
1
108
112
106
105
85
156
134
114
7
121
114
122
128
94
138
129
104
7
110
100
93
136
147
114
149
97
7
106
148
137
100
128
88
114
84
9
93
107
117
118
125
164
106
133
4
143
88
106
131
137
98
140
130
0
99
96
91
162
106
62
141
149
2
100
86
133
121
136
113
105
99
4
135
136
92
113
127
114
101
115
7
53
152
133
114
96
122
127
112
8
141
110
143
99
108
106
106
127
2
94
119
139
93
99
108
107
137
3
122
133
120
159
111
149
143
101
6
141
133
149
127
101
116
131
120
4
131
88
125
107
106
113
121
110
0
111
104
160
119
133
98
155
123
8
142
135
86
143
123
117
130
93
8
115
122
126
62
141
107
134
129
2
100
130
135
122
120
90
112
109
9
136
95
129
96
123
82
147
100
6
121
135
91
110
128
120
127
78
10
95
122
159
143
59
127
115
149
0
125
128
158
95
81
143
117
144
3
113
138
140
96
112
131
150
117
2
115
122
116
114
109
121
71
126
0
128
103
120
89
123
127
147
129
7
132
129
138
103
127
114
100
121
7
80
120
98
135
100
92
120
95
5
86
77
122
159
100
142
105
113
8
123
118
114
111
114
100
154
100
2
105
103
99
120
132
136
128
144
3
138
111
88
118
95
127
119
119
5
128
99
155
176
137
118
92
108
3
124
82
109
95
120
121
127
127
7
104
116
129
147
152
135
105
135
4
113
95
94
108
99
99
120
134
4
70
111
139
97
100
142
85
128
10
143
138
108
107
102
155
155
113
1
141
144
91
115
150
115
136
126
4
81
113
113
122
100
85
124
85
9
107
127
112
120
127
112
114
144
4
133
142
117
116
122
82
99
102
2
93
114
100
133
130
108
115
139
7
121
128
118
120
105
106
156
107
3
80
108
129
100
136
147
127
107
8
126
126
101
103
102
120
134
122
8
129
94
117
134
95
113
121
134
1
93
135
113
114
119
123
92
114
4
135
126
120
150
132
115
135
122
1
93
117
128
171
136
102
115
155
2
117
101
74
113
115
114
89
102
1
139
149
123
108
90
91
129
120
7
98
142
144
133
128
140
93
115
5
139
132
123
122
114
145
114
99
8
121
136
102
131
123
104
118
118
0
87
105
128
92
111
142
94
138
2
107
106
98
129
141
115
155
108
7
127
130
109
134
142
109
116
123
4
108
85
128
127
119
147
142
133
7
123
120
119
128
165
113
128
95
10
122
119
105
83
103
115
127
127
4
86
126
141
102
107
94
105
153
4
145
102
152
138
98
116
104
106
10
106
98
117
128
77
161
100
93
9
86
119
99
121
154
132
144
106
1
99
101
95
153
122
129
104
103
8
113
104
128
132
93
147
139
125
1
117
115
129
119
126
134
114
81
2
129
118
85
153
141
112
121
150
9
106
126
122
94
110
107
107
122
6
156
107
151
119
120
98
155
106
8
123
95
109
155
123
89
129
113
1
114
126
121
86
115
78
98
108
5
103
114
129
123
101
113
111
105
9
115
148
96
140
117
141
87
108
6
100
122
78
135
107
85
102
91
9
123
133
107
122
94
113
146
128
8
88
99
155
110
116
123
115
121
6
117
116
102
101
82
138
105
129
6
149
98
135
119
80
100
134
115
9
123
108
110
76
148
105
133
128
7
116
110
147
98
120
107
145
150
10
107
103
120
121
128
119
126
141
4
127
139
120
115
107
121
112
120
2
128
111
121
91
100
146
140
149
1
103
113
159
109
104
134
110
141
5
102
125
156
113
125
88
84
128
7
140
131
103
98
118
102
134
146
0
112
89
141
111
115
101
123
157
4
121
127
139
105
133
120
135
93
5
130
101
92
116
148
108
127
135
10
126
124
122
125
154
121
148
120
1
124
147
154
115
115
107
115
108
5
121
75
126
126
128
96
150
86
9
107
115
126
128
78
106
68
110
4
141
107
121
113
86
104
109
159
2
170
130
115
135
63
145
119
115
7
108
121
106
163
114
110
136
112
6
131
106
123
115
114
121
124
162
9
140
155
136
128
120
141
119
143
9
107
114
131
142
142
103
112
134
5
114
71
128
134
116
113
134
94
0
107
144
79
126
94
137
143
127
8
124
122
136
120
105
106
120
154
8
112
147
138
154
109
104
80
115
3
90
105
127
112
141
128
109
119
5
152
112
128
130
120
149
93
120
3
121
140
78
126
121
110
82
98
1
152
134
106
105
99
122
101
120
9
121
110
107
126
99
100
122
126
10
92
119
82
102
85
150
85
119
3
128
108
102
119
163
144
90
138
10
91
145
95
119
126
138
107
108
1
99
106
112
98
88
85
120
112
0
119
132
108
109
114
112
147
108
8
146
101
103
118
118
156
158
103
6
99
129
161
113
141
129
122
114
8
166
127
138
85
90
115
107
106
1
109
121
114
84
135
125
95
84
2
155
122
98
100
140
104
148
123
2
131
111
137
115
137
117
122
134
1
92
113
96
161
113
86
112
116
5
99
105
113
129
116
134
94
155
0
131
135
136
119
117
91
116
114
10
126
108
94
80
91
127
100
122
9
89
99
130
104
106
134
128
126
5
113
109
122
92
149
124
121
92
9
128
129
184
105
142
88
109
128
4
134
104
113
110
113
85
157
169
2
91
130
118
100
108
131
95
121
4
106
90
131
122
100
114
119
115
8
111
132
121
76
83
144
135
135
9
107
93
98
145
115
104
107
86
8
118
115
155
127
129
127
99
103
1
117
118
99
142
109
153
156
122
7
120
111
88
113
114
134
141
107
4
133
117
112
101
93
89
72
126
1
132
120
141
115
104
78
101
77
2
129
106
114
116
138
94
121
128
7
112
105
116
117
122
121
134
140
2
139
114
132
94
128
129
108
103
0
118
113
135
99
119
134
85
134
3
117
134
107
110
120
104
114
115
2
108
115
108
136
85
115
85
121
7
159
113
106
138
106
99
152
105
9
122
105
106
104
162
103
169
66
8
82
142
105
77
115
87
131
135
2
77
105
99
119
87
148
99
94
9
93
112
131
127
92
121
105
120
8
107
133
114
123
115
103
135
133
8
127
107
114
99
120
143
119
129
3
108
128
102
149
141
98
89
103
2
140
89
143
106
115
111
86
114
1
132
130
110
102
107
107
115
139
8
143
134
138
81
131
100
114
128
5
128
135
149
80
112
126
104
121
5
101
95
105
121
112
139
84
113
2
100
86
100
115
101
133
164
130
1
145
129
126
138
97
106
116
148
9
118
112
131
128
96
117
94
143
4
93
129
108
92
119
100
148
106
0
81
128
135
125
122
94
87
143
8
92
92
145
75
106
145
108
124
8
137
118
139
98
91
118
107
148
7
164
128
83
130
105
100
82
82
5
119
138
120
121
86
104
119
118
6
104
119
98
129
134
101
148
151
2
135
106
79
126
137
117
96
121
3
101
101
118
84
126
99
164
104
7
145
100
101
104
106
129
130
159
9
115
129
105
158
140
112
112
126
4
77
128
128
131
123
108
70
115
0
153
160
150
83
127
119
119
125
1
108
150
114
109
115
96
128
110
1
148
97
93
123
127
146
118
77
5
149
103
112
124
150
116
154
111
4
122
115
91
137
145
94
87
128
3
100
128
87
112
142
111
116
114
2
92
126
92
124
152
118
141
134
5
121
115
114
103
101
113
150
123
0
144
148
105
105
142
112
111
105
3
128
92
133
110
119
125
113
107
1
113
138
71
134
141
116
105
143
1
112
118
126
88
85
100
145
80
1
99
117
118
129
146
94
82
141
5
107
112
88
127
93
98
125
100
2
115
145
128
133
143
109
121
121
3
107
118
142
120
81
106
91
99
10
136
121
102
94
93
126
135
134
3
122
93
95
99
112
100
107
131
8
92
78
130
127
122
142
120
94
5
145
114
132
94
105
84
154
134
4
146
121
142
86
99
113
127
129
6
114
100
89
124
91
126
136
125
0
129
129
86
137
122
135
102
96
1
84
129
88
93
109
105
138
106
9
99
120
141
108
138
155
141
98
6
74
96
127
128
128
95
92
107
5
96
126
108
147
77
133
79
107
6
127
132
131
106
98
169
92
129
2
127
121
107
134
107
126
95
138
6
126
119
112
116
102
113
149
134
10
128
142
91
107
142
126
135
105
0
110
70
127
111
99
152
144
121
4
56
192
121
123
128
129
133
159
5
113
85
121
153
164
113
115
132
3
106
79
78
100
149
135
99
107
3
109
141
128
111
142
157
148
142
0
119
124
148
112
100
114
143
138
1
88
92
132
133
110
96
135
100
5
134
80
135
105
87
101
99
135
8
131
136
156
134
77
128
139
91
4
121
134
117
86
140
111
119
114
8
135
119
104
119
91
128
141
112
8
148
92
155
100
119
119
122
99
5
103
101
110
99
104
95
153
120
10
147
114
121
142
119
113
71
120
2
155
141
120
114
91
90
118
108
2
99
98
96
139
112
127
120
120
6
58
106
133
117
81
118
135
130
3
108
134
106
126
130
107
98
97
8
129
115
124
105
152
105
129
93
8
107
121
119
93
113
83
108
106
0
135
108
128
101
100
85
132
112
7
85
128
105
116
107
158
106
152
2
89
101
115
135
161
171
120
122
8
115
107
85
135
115
79
84
133
3
120
120
146
138
73
111
78
138
3
90
102
110
121
147
146
124
143
9
144
114
128
128
116
136
130
130
8
145
92
106
118
127
100
128
86
6
126
152
146
112
87
125
128
127
2
116
99
85
120
134
98
115
139
2
123
107
127
133
100
139
85
104
6
97
127
149
109
141
118
110
139
0
148
130
83
133
170
86
128
138
4
79
108
107
101
132
116
115
89
7
150
124
115
163
116
82
93
112
8
105
164
124
69
121
132
116
98
3
136
127
115
122
112
113
101
145
8
93
108
119
111
93
121
101
97
6
97
93
70
150
107
121
119
138
6
142
94
130
143
102
107
130
101
3
104
52
121
126
73
139
132
79
10
81
147
129
128
142
127
120
100
5
127
105
119
106
102
115
116
127
3
143
110
121
84
96
96
85
150
5
135
128
114
116
115
130
141
91
10
115
119
81
138
117
116
120
141
3
141
90
118
145
92
134
101
132
9
126
122
114
106
105
130
107
113
6
142
109
104
138
106
92
121
93
2
125
113
92
128
115
121
140
131
8
137
119
120
149
109
95
80
139
7
107
145
145
113
129
73
87
140
2
130
150
118
114
93
128
141
106
8
94
162
105
117
98
106
114
105
2
100
107
105
114
110
84
115
93
9
139
102
112
113
116
139
155
126
7
91
78
108
113
108
156
127
121
3
112
129
142
129
89
116
153
104
5
104
100
99
105
124
102
119
97
6
139
91
153
127
147
113
121
124
5
134
116
155
191
93
156
153
126
1
122
105
108
106
98
116
140
134
1
125
84
108
149
120
103
110
106
0
97
108
128
109
121
141
125
123
6
154
93
129
121
121
92
143
121
6
97
128
158
106
134
128
106
128
10
126
79
133
109
108
109
112
103
3
82
141
125
143
111
106
108
113
3
143
121
132
89
92
107
142
90
4
141
125
128
112
130
135
133
149
8
143
120
155
141
124
127
134
125
9
109
147
116
126
127
143
104
117
6
139
93
107
135
139
130
150
148
8
77
117
107
84
113
83
83
122
7
111
148
71
113
163
114
145
107
9
102
113
144
115
111
84
105
131
7
129
112
127
78
76
115
86
80
6
128
98
85
120
91
134
141
107
6
120
99
93
107
132
110
114
121
8
122
111
114
111
91
113
94
139
9
136
129
152
113
127
105
123
115
6
127
147
124
108
125
107
72
126
4
115
114
132
113
99
101
146
134
3
100
134
93
142
135
101
144
93
7
122
113
100
89
129
95
135
108
7
122
127
98
120
131
106
107
128
4
135
84
86
101
99
119
136
135
5
110
105
120
126
107
87
110
132
2
93
142
133
108
119
125
106
104
7
153
155
104
106
116
103
162
127
6
170
149
99
113
115
119
114
92
6
116
96
111
91
134
120
122
77
2
154
125
120
113
128
77
100
142
8
122
128
131
118
127
116
127
113
2
146
86
158
122
108
147
143
118
9
149
116
111
132
105
146
119
147
2
107
127
101
121
106
118
112
121
4
108
140
128
141
112
141
115
126
1
93
149
99
144
124
122
100
118
2
127
95
115
103
128
93
118
134
10
134
135
93
133
141
127
105
78
0
165
86
113
121
106
73
150
75
8
110
134
111
149
133
134
112
107
8
134
111
95
112
102
110
105
128
6
105
100
100
125
121
123
130
117
6
142
119
130
114
150
121
143
102
5
93
100
106
110
155
87
120
101
2
105
129
72
99
100
108
126
99
8
102
85
135
124
120
135
87
132
2
112
128
108
92
123
91
125
92
4
128
88
127
126
106
146
102
115
9
112
122
140
133
116
127
85
110
1
129
147
131
131
163
129
136
113
1
111
86
117
168
104
101
110
122
9
104
64
157
78
155
108
108
134
7
145
116
113
137
116
115
121
135
9
105
104
128
109
94
84
87
101
1
121
142
136
127
134
118
114
165
10
114
103
85
106
115
126
109
121
0
115
141
76
105
129
136
168
103
6
135
87
86
133
99
122
120
121
7
107
120
104
115
100
119
94
93
3
147
101
128
139
75
119
106
126
6
128
136
126
120
140
76
110
85
2
109
118
101
121
92
115
94
97

