13
4
8
7
6
3
2
4
2
14
1
9
0
7
1
7
2
1
8
0
0
9
3
9
4
5
5
93
99
106
136
113
84
116
72
9
77
119
133
79
96
97
135
121
5
126
104
122
126
100
135
106
65
1
149
116
131
118
119
102
93
149
7
135
136
130
120
105
114
161
113
7
148
138
107
111
139
116
99
114
1
98
115
99
114
106
133
139
142
4
135
152
98
106
127
148
128
101
8
72
125
149
134
136
103
135
144
2
157
116
85
111
130
121
121
99
3
121
106
129
85
86
115
113
76
10
117
141
113
113
119
121
127
103
3
101
102
124
109
93
99
129
150
9
121
103
105
140
109
110
118
90
3
125
159
133
103
114
143
130
113
7
121
115
140
94
118
102
106
142
6
126
119
137
140
105
81
113
131
3
121
104
156
114
84
135
122
132
7
125
126
107
132
126
113
124
121
3
85
96
124
89
132
107
91
150
4
115
121
127
99
119
149
82
116
5
118
134
108
114
133
103
92
123
2
122
117
121
89
115
141
128
160
9
129
129
115
130
125
141
126
104
3
93
92
120
121
96
93
162
126
2
116
149
132
150
121
122
139
150
5
107
122
79
134
108
139
94
112
2
124
134
113
147
99
97
109
163
2
115
103
139
118
102
126
134
97
2
121
103
178
93
117
108
89
91
7
129
112
95
87
158
138
120
127
7
121
105
92
108
101
89
125
89
3
98
105
142
162
90
80
93
105
2
136
124
96
114
135
106
125
130
4
106
136
121
78
157
143
107
106
1
107
104
110
135
107
101
89
140
7
156
122
129
99
119
135
86
120
9
120
142
99
112
122
78
76
127
8
124
102
70
115
120
126
90
121
8
90
141
126
118
99
136
135
112
10
80
140
122
123
86
114
82
142
5
125
119
86
128
119
100
153
106
7
129
106
99
105
97
128
127
113
6
124
111
100
107
118
86
111
138
4
100
142
90
120
113
143
108
121
10
145
133
77
120
123
106
103
82
2
135
114
123
133
102
124
85
134
8
154
108
159
159
134
119
108
127
8
135
117
133
101
136
108
156
137
10
118
117
100
120
135
161
114
120
4
135
102
120
95
151
97
122
128
6
79
111
132
106
141
112
72
101
9
113
92
139
126
101
126
131
122
2
143
85
141
121
144
151
110
131
9
132
126
120
149
87
107
119
99
7
114
119
72
150
114
92
79
100
1
119
123
99
131
106
97
50
120
3
133
113
108
94
113
120
106
122
7
92
135
109
134
125
155
155
102
9
108
125
99
92
145
101
106
154
5
112
80
149
105
113
132
106
127
3
134
131
143
124
75
104
98
100
7
177
107
139
125
141
119
89
101
9
93
106
104
127
120
110
113
129
1
121
115
146
103
112
146
113
94
4
155
93
132
121
134
98
112
127
1
121
125
91
94
129
81
91
105
4
115
147
123
104
91
115
66
105
1
130
145
140
95
136
130
102
99
6
155
124
102
100
133
120
88
99
7
145
91
155
122
92
112
124
99
1
108
107
88
104
138
118
129
93
2
168
122
127
127
111
111
139
98
7
108
114
123
122
96
120
98
57
1
107
117
131
140
143
122
120
89
9
125
142
134
115
131
103
118
102
2
143
127
104
86
107
129
124
97
7
107
103
143
121
127
111
126
126
10
129
128
120
116
93
136
121
122
2
113
90
108
120
149
114
120
122
9
108
122
111
128
122
109
73
87
2
129
116
133
101
132
93
128
98
3
116
105
91
142
135
120
119
128
5
135
116
124
121
149
122
103
155
9
129
128
62
119
129
118
100
140
6
130
84
132
114
111
131
119
151
1
143
133
106
131
152
99
107
132
9
140
92
115
119
129
93
118
133
7
80
115
94
119
135
100
87
122
8
116
103
145
146
161
117
124
134
7
127
114
90
93
113
124
101
79
8
102
87
129
100
99
146
136
95
6
149
128
135
99
106
145
113
143
5
129
94
103
122
127
128
113
114
8
108
107
95
93
135
94
138
132
1
114
157
134
112
93
148
99
112
7
103
118
121
132
132
127
110
112
2
115
69
115
127
122
166
100
109
2
117
115
97
131
103
129
105
134
6
119
109
150
92
108
114
126
124
7
110
119
156
145
127
95
123
89
5
136
142
136
130
100
115
139
122
2
135
146
119
148
140
129
101
110
7
110
142
84
108
100
133
84
130
7
101
121
78
91
95
91
108
109
6
90
157
102
108
78
90
121
113
1
115
94
88
106
142
129
134
135
7
129
119
117
140
121
120
121
109
5
106
134
113
118
132
140
125
167
2
174
105
122
121
137
129
157
88
10
115
134
143
106
162
97
76
171
10
129
107
118
102
102
140
91
140
1
124
97
140
134
162
118
96
112
7
75
111
116
149
128
139
145
136
6
93
106
118
125
96
140
162
115
8
108
105
116
143
107
94
135
126
5
113
98
105
105
142
106
113
100
3
103
137
142
128
117
125
129
107
2
108
119
79
157
104
117
141
118
6
138
135
117
119
117
118
114
95
6
101
123
148
125
127
121
124
83
2
108
113
92
110
109
65
132
104
9
117
106
112
143
113
152
112
132
3
107
110
115
121
66
101
122
141
2
85
122
114
117
121
105
81
130
2
127
94
107
131
131
100
114
129
2
126
105
98
99
143
131
128
121
1
86
119
134
105
117
117
126
166
7
115
114
132
105
115
119
131
85
3
114
104
125
95
87
131
119
133
5
91
141
93
120
136
103
122
124
7
119
129
103
121
140
126
101
118
1
118
135
142
144
114
109
74
107
7
104
142
127
102
113
102
126
141
6
94
158
77
95
104
108
116
95
5
142
117
98
120
119
141
144
135
9
102
107
95
100
136
111
107
145
3
115
89
107
100
156
134
115
158
8
84
118
104
131
85
99
135
87
7
114
128
97
103
144
118
116
86
2
90
117
121
121
114
126
120
128
6
135
140
117
115
128
134
111
103
3
139
121
114
128
112
101
87
102
8
127
106
106
143
113
103
104
136
4
100
133
114
141
105
88
97
139
8
131
128
146
152
148
119
96
102
3
140
112
128
147
120
102
141
112
6
83
92
119
78
122
94
135
128
4
134
106
100
162
109
113
120
113
4
120
94
134
140
106
119
114
125
4
98
114
94
114
117
141
131
92
3
122
71
121
121
121
112
85
127
1
105
99
127
101
95
104
131
113
2
137
91
115
161
136
140
108
118
1
117
99
121
108
105
80
121
149
6
94
109
122
99
86
135
141
113
2
90
89
109
129
164
137
114
114
1
124
148
121
135
97
110
107
141
3
137
126
131
124
66
141
115
136
9
125
112
75
77
95
135
92
114
2
147
138
130
114
150
93
122
142
4
85
98
92
81
113
85
103
137
3
112
106
124
135
85
115
126
133
4
112
141
109
131
113
95
104
148
0
149
127
120
124
117
96
123
95
0
122
83
109
94
105
79
137
152
2
126
129
79
97
114
100
121
113
8
119
168
128
74
122
126
170
106
9
109
128
126
124
127
136
98
135
7
81
121
115
109
104
116
114
112
4
108
149
112
110
92
94
133
101
4
110
134
108
123
108
92
128
107
3
126
129
121
78
115
93
128
114
9
137
134
114
94
127
74
112
124
8
115
96
150
101
141
107
118
133
9
113
154
134
129
79
98
166
135
7
109
116
92
114
122
145
141
137
7
111
126
115
91
93
148
121
81
0
72
136
132
146
87
90
135
135
2
98
128
126
123
136
104
106
109
0
131
73
121
114
100
142
106
146
5
125
106
121
136
95
121
128
120
7
130
93
97
125
92
107
147
115
8
147
92
78
127
124
94
145
84
5
115
127
127
150
64
123
130
88
3
99
115
82
94
117
117
159
130
4
133
94
113
136
77
88
65
107
2
120
137
118
100
105
176
134
104
2
120
115
99
112
136
85
116
119
2
128
123
94
105
107
85
100
154
4
94
124
132
76
98
108
92
101
5
69
89
103
127
121
136
105
119
6
58
98
103
102
83
123
101
120
10
134
139
61
121
137
141
107
91
9
105
84
96
122
143
116
79
110
8
92
132
113
89
142
91
137
114
7
131
121
85
148
120
140
105
127
3
134
116
116
106
121
139
108
95
1
99
106
148
126
100
109
108
134
4
125
103
113
118
84
128
70
107
3
99
92
146
178
112
154
83
114
9
100
116
96
132
141
112
128
113
4
116
128
142
123
134
92
140
83
5
120
120
114
93
115
121
136
110
5
132
121
96
132
152
110
128
82
7
127
91
168
128
131
111
120
120
6
97
106
126
104
120
143
113
148
6
112
180
136
88
149
128
121
123
5
115
104
106
112
127
129
135
121
4
67
85
103
123
104
110
107
120
3
105
119
66
141
104
127
108
96
8
144
93
166
97
152
95
135
145
10
113
118
105
99
100
115
157
117
3
100
109
136
115
119
146
114
123
1
112
123
115
115
110
130
128
122
5
115
126
133
138
92
123
120
127
5
106
86
124
90
126
98
103
113
8
113
63
105
114
119
61
116
107
7
78
103
120
107
121
126
119
119
4
89
107
133
156
123
107
90
134
7
87
114
122
101
92
121
86
112
3
130
87
112
97
83
128
114
119
9
105
99
124
136
121
93
121
109
9
128
86
114
91
65
107
120
109
5
87
114
124
115
83
128
131
75
1
107
129
87
93
131
88
137
98
4
126
100
141
83
101
133
104
123
9
116
136
114
109
142
127
129
127
6
143
98
105
121
156
109
94
140
4
127
119
143
120
116
120
128
121
2
144
114
98
135
80
108
99
113
6
105
169
113
83
126
109
112
101
7
132
112
141
128
112
159
112
143
7
146
109
140
84
124
120
119
92
7
128
97
116
111
135
142
92
129
1
133
119
124
88
120
115
114
129
4
133
123
93
119
106
120
136
127
4
120
112
93
98
120
90
113
112
6
108
141
109
133
115
119
91
115
2
122
107
110
135
107
109
109
124
8
113
115
127
111
106
90
125
97
7
156
128
163
112
83
134
121
107
1
107
101
91
84
123
107
143
102
5
111
149
112
115
98
120
134
140
2
106
107
112
108
142
114
113
150
2
145
130
113
100
92
121
131
136
4
135
123
100
132
107
122
113
81
5
108
134
121
126
97
129
91
115
6
92
97
151
120
110
93
82
132
3
83
143
137
100
114
106
137
120
0
99
134
141
115
154
142
123
113
3
121
93
146
134
96
146
98
95
1
116
127
97
112
143
105
117
128
2
151
141
168
71
104
117
146
149
0
112
98
101
98
87
142
142
136
7
113
111
110
121
121
130
134
116
5
125
180
86
107
140
89
99
149
5
144
106
119
139
107
141
128
120
6
108
133
154
89
125
79
105
119
7
115
101
90
104
108
155
127
98
3
128
129
125
109
106
102
97
134
4
113
99
125
102
120
143
136
106
3
148
94
122
92
112
111
141
113
4
100
126
99
127
124
125
114
126
9
79
92
109
111
113
113
104
111
8
112
90
126
125
111
99
106
146
8
144
94
126
114
153
102
156
148
2
92
113
115
139
142
98
94
133
2
130
133
128
158
120
121
159
112
7
136
100
111
92
135
119
99
105
2
127
146
136
122
113
109
90
143
2
87
113
102
140
107
113
110
92
3
100
122
120
90
79
77
119
147
2
112
136
133
97
91
71
133
78
3
85
134
133
127
115
130
75
96
2
163
122
145
100
135
113
138
114
2
103
113
89
110
147
146
130
112
10
120
92
122
103
142
128
109
149
7
98
83
134
135
96
144
133
151
0
121
126
155
104
64
120
84
131
9
104
120
153
124
137
148
114
121
2
163
102
124
132
82
101
126
47
7
98
131
103
98
128
140
100
128
6
93
75
113
154
115
87
128
108
7
119
123
143
106
85
133
108
124
7
107
176
121
141
91
103
105
136
2
141
130
98
142
138
119
101
134
6
118
107
100
87
141
117
93
142
2
105
135
126
96
102
120
128
106
4
177
122
124
155
133
120
114
100
9
131
120
95
118
122
132
133
88
5
120
100
108
119
163
120
109
87
4
133
102
117
89
141
125
127
84
4
108
113
92
140
104
115
126
68
3
132
106
98
127
115
140
133
109
7
148
135
107
154
123
134
100
107
3
113
136
160
80
118
70
99
114
9
107
127
138
113
141
126
130
132
9
150
91
98
164
116
77
118
111
8
138
154
118
92
115
100
102
108
8
101
139
107
130
120
49
104
109
1
106
120
112
102
113
143
114
95
5
97
93
143
134
125
99
107
124
7
154
113
84
113
101
106
108
135
7
146
121
111
110
86
116
122
132
10
115
109
117
126
176
98
120
128
1
112
110
99
106
134
127
100
142
2
137
122
113
142
92
122
131
141
3
101
133
120
110
106
147
130
70
2
90
139
86
120
116
109
99
99
5
129
134
155
136
138
127
156
101
4
108
92
111
122
115
128
91
109
1
113
118
107
100
119
92
126
135
6
127
79
102
137
127
134
99
115
2
99
121
131
163
75
99
98
139
6
146
122
117
156
144
109
158
126
9
135
118
107
113
90
81
70
121
1
113
132
64
131
124
105
117
117
0
106
93
114
139
109
128
86
122
5
103
112
132
96
132
145
103
121
4
113
100
107
135
83
79
127
119
4
94
123
131
100
101
114
126
110
7
102
103
129
114
130
126
121
94
5
127
101
95
133
39
107
99
129
9
134
113
75
135
79
113
106
137
2
107
112
81
87
125
114
171
108
2
131
128
112
154
163
150
115
100
7
148
155
120
69
69
106
65
121
2
138
90
134
142
145
130
115
105
5
137
106
140
121
100
116
122
106
1
141
122
108
128
92
99
99
136
1
100
122
156
141
141
114
138
97
1
161
93
93
113
146
85
109
120
3
100
104
127
96
121
139
90
142
0
78
117
101
104
128
137
167
129
9
149
126
135
54
88
105
150
121
6
108
106
129
98
127
99
110
90
8
145
94
128
121
79
88
128
100
0
163
166
123
106
105
142
114
128
7
156
106
127
121
101
121
115
114
1
127
127
117
100
114
126
132
90
4
94
125
98
94
126
106
128
86
2
118
90
136
107
148
96
121
120
3
122
105
106
91
98
111
106
128
10
108
120
101
127
92
97
126
117
1
133
100
98
86
114
104
91
135
2
100
105
90
144
98
154
100
125
3
108
134
122
83
123
133
107
77
4
148
136
120
105
98
141
100
140
1
148
125
118
149
100
107
119
112
2
97
128
119
112
100
127
107
105
8
99
100
153
90
124
92
113
108
8
149
160
127
114
102
116
106
135
7
109
100
113
113
133
130
101
104
1
121
138
104
122
121
98
102
112
1
110
128
115
122
139
79
107
133
5
122
115
115
76
147
79
109
140
1
93
103
130
162
121
123
113
156
9
123
100
98
98
126
119
123
106
4
106
140
118
115
127
145
126
138
7
133
152
85
135
142
138
76
84
2
131
114
133
134
85
110
121
113
2
146
127
139
124
134
120
100
143
0
121
108
88
151
132
106
128
117
5
105
86
142
125
128
129
151
106
3
103
87
76
110
145
93
130
89
1
113
162
146
135
137
115
132
126
4
126
140
112
106
107
115
117
78
3
128
108
118
93
102
135
84
113
8
126
123
148
93
119
114
134
103
7
141
121
72
107
134
114
101
100
5
84
142
87
106
115
127
118
102
2
122
129
96
100
117
94
118
80
3
92
118
119
105
149
99
140
113
6
122
84
122
149
163
113
91
129
4
125
131
126
85
112
86
139
100
6
121
112
113
104
147
127
120
111
1
135
163
127
64
122
138
149
117
6
70
117
136
70
109
93
114
122
3
143
92
142
138
133
119
122
111
9
129
105
106
147
103
86
110
99
1
120
140
135
115
127
133
100
135
6
121
114
155
76
84
136
141
100
5
125
116
133
106
96
128
83
119
3
122
113
143
95
102
128
106
107
6
111
123
107
99
91
128
114
137
10
141
91
93
144
120
89
149
139
5
99
110
130
130
100
99
120
122
0
127
86
169
120
104
114
101
92
5
141
89
97
146
114
84
145
134

