9
7
5
8
0
9
4
3
9
16
3
3
6
7
8
9
2
8
13
5
5
5
2
10
3
8
8
135
122
72
144
92
137
147
141
5
106
122
144
111
104
145
120
92
1
155
111
100
105
108
127
133
88
4
144
93
98
81
108
133
93
133
10
112
111
96
107
149
97
138
139
7
92
121
106
126
88
134
102
124
3
110
113
92
106
81
134
127
117
9
128
79
156
124
101
156
78
129
4
96
84
110
154
119
109
119
143
2
128
104
93
130
113
139
91
130
8
114
134
128
113
86
108
112
127
4
115
139
49
102
108
151
103
106
4
120
105
107
151
132
93
133
83
4
162
99
150
126
120
147
129
85
4
122
97
126
121
124
100
125
128
3
134
119
94
108
149
132
107
128
9
93
134
102
93
120
99
134
101
1
100
146
134
158
161
122
122
130
4
115
155
105
93
78
121
113
127
4
108
92
115
115
92
77
116
133
0
97
133
116
105
100
115
130
167
5
112
146
123
140
128
128
120
118
6
107
126
104
79
100
98
149
139
8
101
147
115
88
97
114
143
127
2
96
94
132
92
79
98
98
99
4
103
103
99
109
107
141
128
119
6
137
121
153
115
111
98
147
115
0
107
127
101
115
105
112
127
127
6
94
107
122
105
103
101
76
131
10
136
142
117
156
91
135
111
148
8
118
128
106
108
121
87
141
99
9
117
122
106
136
120
101
134
123
6
102
127
130
136
103
127
106
113
4
92
128
121
139
119
120
122
122
2
92
101
84
116
88
105
161
111
10
105
99
89
121
125
112
95
100
7
112
109
99
109
105
114
123
141
7
106
108
88
164
115
157
132
93
8
120
134
100
151
167
88
114
115
5
147
152
113
141
164
120
93
113
6
113
153
92
122
115
107
136
128
8
110
112
117
118
124
121
117
141
8
106
131
115
121
115
156
103
149
9
121
117
150
125
112
127
134
100
5
107
94
113
147
91
89
126
159
7
140
147
132
121
123
106
125
133
1
100
97
128
86
86
71
127
149
5
127
105
88
99
104
119
113
128
0
106
122
137
144
106
108
121
141
2
119
129
120
88
99
103
105
105
7
112
78
105
100
145
105
156
111
1
125
106
66
114
106
146
108
100
10
128
135
102
157
103
131
140
93
8
105
93
107
122
120
134
117
93
8
100
113
132
131
129
141
109
108
9
117
114
105
120
80
106
99
121
1
127
105
113
118
86
107
132
106
3
112
122
98
99
116
137
111
114
7
122
94
134
118
109
100
126
146
7
132
120
123
78
92
138
132
85
8
160
65
95
122
91
118
127
150
9
136
112
120
114
81
133
113
110
1
93
122
98
116
71
103
130
107
7
100
126
111
111
136
77
118
122
5
124
135
114
116
112
99
112
120
0
112
107
132
133
103
135
130
115
9
118
134
114
143
111
111
105
106
7
114
98
149
98
106
147
121
140
5
119
168
124
134
119
141
107
164
8
138
150
95
126
109
139
121
108
5
135
64
126
114
128
76
133
124
6
117
132
92
126
124
135
73
96
1
155
135
128
115
152
144
126
107
8
121
107
157
134
97
143
127
110
9
103
115
133
132
147
107
113
112
1
100
116
101
99
122
160
142
100
10
88
152
107
120
107
119
81
113
2
99
137
97
116
108
87
102
91
10
135
113
124
134
105
79
120
143
1
134
107
119
147
129
150
118
116
6
125
94
99
114
131
122
79
134
0
116
107
142
136
113
91
106
141
5
133
132
113
142
105
135
128
118
5
91
126
108
104
181
105
79
141
7
133
134
105
128
136
122
91
101
2
130
122
123
79
127
141
91
128
5
121
141
111
118
116
150
114
148
4
116
121
110
102
92
126
105
126
7
141
121
142
129
139
161
99
100
10
135
133
104
113
95
115
156
156
9
101
106
117
114
108
144
126
104
7
123
141
107
119
138
113
140
122
9
122
157
112
119
91
123
63
132
3
103
176
135
90
121
105
106
82
10
136
122
130
122
129
116
96
100
7
127
133
131
122
156
131
150
114
0
156
127
128
115
130
127
134
164
10
106
124
145
138
100
99
92
85
3
121
167
115
102
126
124
116
108
5
135
113
128
91
122
148
122
100
7
83
152
95
136
106
113
145
123
5
155
107
149
141
131
109
139
113
3
91
109
101
140
110
139
102
111
2
126
89
110
77
136
115
84
127
4
128
114
116
126
99
107
91
130
8
142
86
112
116
94
87
106
135
8
143
99
149
120
138
123
148
156
1
147
129
113
109
95
89
86
114
6
127
107
121
125
113
120
128
141
2
114
122
157
99
87
121
104
155
9
93
115
136
105
83
132
114
85
4
127
113
112
110
157
135
106
114
10
134
106
108
130
143
142
134
134
7
107
131
103
123
102
148
81
101
6
68
120
130
113
122
127
105
133
3
112
98
114
142
69
108
126
106
2
125
90
133
106
86
119
121
105
8
135
100
97
120
93
124
100
95
0
73
121
165
112
145
98
107
165
8
100
140
129
118
75
107
127
134
9
99
87
121
106
101
150
142
100
9
101
116
127
101
118
103
97
115
3
107
98
158
106
92
148
147
86
9
119
123
100
129
142
124
107
104
4
103
118
71
99
121
109
135
92
8
107
78
132
120
113
135
132
112
9
135
158
58
125
131
105
112
80
4
114
145
104
44
138
140
102
128
8
132
129
150
142
114
137
120
120
7
99
122
120
143
134
106
111
117
2
125
99
106
114
151
94
121
97
4
91
94
106
111
100
111
108
109
4
90
152
97
106
120
114
143
140
3
109
62
103
114
134
113
117
100
7
110
122
150
116
120
79
112
107
5
106
139
126
110
94
107
136
122
8
127
117
135
144
79
113
123
134
8
88
136
100
148
138
140
113
111
9
100
113
122
118
114
100
101
106
4
118
106
108
136
96
87
113
147
3
120
129
122
135
132
117
92
130
2
100
90
103
128
106
107
101
120
6
121
124
103
112
117
121
109
116
5
129
120
73
119
124
125
134
120
10
154
100
108
91
149
133
126
138
3
121
80
94
135
131
127
109
85
5
120
135
124
130
142
149
120
107
10
121
86
69
114
136
131
126
121
10
111
121
107
111
152
105
78
147
0
128
128
107
87
150
101
112
137
4
106
133
114
113
113
112
108
104
9
120
106
107
113
95
105
119
104
5
152
126
122
130
134
122
129
127
2
96
113
112
121
107
114
107
107
10
144
118
102
115
106
113
115
124
5
119
156
177
142
114
133
98
134
9
147
141
128
121
139
106
103
115
1
118
84
93
107
119
136
97
101
8
127
118
118
98
143
134
99
93
1
127
129
109
132
89
163
121
121
3
133
107
125
119
120
99
118
64
2
134
118
101
108
127
123
103
133
4
120
126
114
62
115
134
121
140
3
92
64
132
99
98
149
125
107
7
111
126
120
121
125
129
149
100
7
134
129
102
120
120
133
108
147
4
156
115
113
114
125
111
79
121
9
95
125
106
107
115
121
85
100
9
106
119
143
111
116
104
151
107
6
126
113
132
130
103
163
135
99
7
122
128
114
132
127
120
113
111
8
124
123
126
116
136
135
101
147
6
117
141
127
130
126
127
141
131
9
103
119
158
120
79
107
114
126
8
138
119
141
173
148
99
115
112
0
104
125
118
115
134
133
85
118
7
133
107
119
126
101
165
129
140
2
135
131
115
121
100
109
109
115
6
148
135
117
118
124
132
114
94
8
78
114
128
117
134
140
98
120
8
134
169
125
103
82
93
96
121
10
125
121
119
106
122
99
120
114
4
139
126
166
129
131
121
99
131
9
127
86
108
95
104
87
98
110
9
149
144
123
134
100
127
141
112
4
106
115
148
111
94
151
154
137
9
149
116
106
86
116
111
94
127
1
124
126
126
150
110
104
129
77
7
108
77
119
126
153
127
134
135
5
132
108
147
117
127
121
128
117
1
143
133
121
127
142
98
93
88
3
157
73
139
89
106
120
113
135
4
122
66
121
121
148
149
115
117
9
78
154
89
112
147
99
127
141
1
108
112
150
94
113
125
91
98
2
88
156
124
128
87
113
158
113
5
112
105
143
88
115
84
99
122
3
140
94
119
118
136
113
122
119
5
118
136
97
98
124
134
139
136
1
137
122
97
120
106
108
100
99
4
116
80
101
127
126
117
98
106
1
117
100
108
138
107
113
118
107
5
119
109
80
125
114
91
121
146
6
149
127
113
128
120
129
90
105
1
138
103
153
124
107
128
131
99
10
116
104
113
99
106
133
92
122
7
92
105
129
106
131
136
131
146
9
81
115
118
87
122
151
115
112
3
143
96
98
92
87
120
131
78
3
92
113
71
92
149
107
126
75
5
135
116
120
101
86
92
156
148
5
140
118
156
156
121
142
114
113
8
130
136
111
120
128
137
106
105
8
128
111
90
149
102
134
124
109
5
107
83
142
136
130
113
119
150
7
126
120
121
100
119
122
119
122
4
119
108
86
114
112
142
108
122
5
97
90
152
141
115
121
106
115
4
87
141
87
119
126
115
86
101
5
137
122
145
117
121
92
121
107
7
105
118
100
156
92
121
101
92
1
110
136
162
149
114
107
108
128
7
144
114
92
106
138
103
120
100
6
132
140
105
111
131
94
159
122
7
127
101
123
94
100
117
98
156
8
126
159
77
140
110
122
127
132
4
116
105
112
136
148
133
114
105
7
126
129
71
126
131
93
110
113
8
117
129
86
90
142
132
120
129
2
97
91
122
94
135
133
94
129
8
108
113
106
87
107
91
111
108
0
151
133
126
79
102
110
134
152
5
79
114
131
100
121
110
100
115
8
107
143
143
121
114
156
163
131
1
105
159
133
122
129
98
121
91
8
128
98
101
90
103
115
99
147
2
85
107
105
115
125
120
108
106
5
106
147
148
118
102
107
108
139
1
122
130
115
133
133
51
108
106
10
128
98
140
101
92
128
125
136
3
103
107
101
115
170
99
105
107
6
113
108
112
115
115
116
120
111
6
130
154
116
98
127
123
86
120
8
134
135
119
127
136
109
132
123
6
119
80
133
99
88
126
139
92
0
112
117
112
106
100
113
97
121
1
140
87
113
75
118
140
134
120
6
135
123
102
142
119
108
126
137
0
100
134
153
89
77
140
118
100
2
114
154
110
137
113
110
104
134
6
124
170
126
128
79
135
124
134
5
123
131
95
149
128
108
128
114
7
134
99
117
106
105
89
93
121
10
83
85
94
130
102
93
141
115
0
150
118
91
113
116
92
135
112
9
112
114
114
140
111
100
104
101
3
134
100
126
124
148
113
98
128
1
122
144
120
100
118
95
116
98
5
74
113
120
141
71
131
119
119
1
122
114
124
136
112
120
93
143
9
135
90
83
125
135
113
100
127
1
108
99
80
134
146
101
109
121
1
154
144
92
107
133
137
107
115
1
85
129
142
135
64
114
121
121
7
134
129
107
94
114
149
121
136
1
136
110
132
142
91
102
126
136
9
138
77
130
122
118
107
118
126
7
111
99
138
117
83
91
86
84
0
144
170
118
108
114
102
135
111
8
130
153
147
141
133
148
120
123
2
73
89
112
135
129
131
115
154
7
128
141
95
146
131
94
129
101
9
142
87
127
141
127
100
113
129
1
100
117
99
113
152
106
104
133
1
114
106
102
99
121
94
121
141
1
89
151
104
115
128
80
186
120
4
110
135
94
155
106
148
127
126
5
133
110
137
108
142
117
128
121
2
128
140
118
148
109
115
77
128
4
117
114
134
132
135
119
109
113
5
117
167
125
103
139
108
110
127
10
124
127
111
135
97
119
126
112
5
119
100
150
106
142
126
103
167
3
107
136
107
92
143
129
140
120
8
134
120
120
92
108
124
99
139
3
109
121
107
113
113
156
119
99
6
113
122
106
135
108
138
112
85
2
134
88
128
113
107
92
134
114
3
115
126
126
119
103
88
150
130
7
139
98
120
122
162
124
113
152
6
102
128
117
127
124
146
106
91
4
128
111
129
109
139
128
119
127
7
128
177
94
97
137
143
149
91
9
110
89
93
78
99
98
86
135
5
118
77
101
99
162
94
66
93
5
116
115
97
125
160
98
106
163
5
100
108
127
114
57
113
117
117
8
115
112
131
145
106
107
93
166
4
146
125
96
74
110
120
93
127
3
121
79
94
113
94
144
116
99
8
121
115
148
125
158
142
100
126
10
117
127
170
126
123
82
134
125
0
112
112
114
105
97
136
93
74
8
81
99
117
131
94
120
126
112
4
106
133
115
136
117
132
153
153
4
149
105
104
134
125
128
115
108
0
133
86
124
143
115
96
95
136
7
142
99
133
112
83
89
120
140
0
136
79
120
112
119
114
155
113
5
107
114
107
113
163
131
161
108
2
110
130
120
109
123
67
110
113
6
126
96
107
96
142
122
112
108
6
92
78
141
125
117
69
144
100
7
101
136
141
121
114
95
114
91
3
114
122
154
132
118
91
114
107
8
106
136
128
102
106
147
122
88
10
103
106
141
120
127
131
107
138
1
114
118
113
128
154
71
92
121
8
123
128
121
134
101
163
140
112
9
113
163
139
112
111
100
112
92
8
139
119
115
126
141
135
92
99
6
106
149
79
78
84
114
106
142
5
107
103
91
134
113
119
53
106
8
105
132
121
115
139
105
120
106
4
86
106
100
94
122
132
87
105
3
134
93
112
108
98
119
87
102
5
99
92
81
109
108
151
93
136
8
100
120
112
134
109
159
128
122
4
117
128
121
99
134
126
113
115
8
136
121
128
118
143
99
133
106
3
87
80
136
124
122
135
148
122
4
113
119
77
131
117
135
123
104
7
150
109
82
115
68
120
108
112
2
132
136
170
130
136
125
141
126
6
120
125
134
128
96
142
138
141
10
114
94
120
98
71
154
114
133
2
94
135
99
121
125
115
128
132
8
120
95
133
108
86
138
114
144
4
106
126
118
107
127
152
87
122
10
115
119
98
119
168
128
122
97
10
117
119
135
106
121
129
123
102
5
155
122
128
114
141
137
146
125
8
108
135
112
127
140
107
134
106
5
106
157
154
134
138
123
126
127
6
121
135
116
112
111
71
141
99
9
115
95
128
141
129
100
102
135
5
119
80
109
142
149
88
115
129
5
137
98
148
102
121
133
89
108
0
128
129
113
111
91
105
115
83
6
142
123
107
101
121
128
127
132
1
103
104
107
104
97
97
147
129
5
84
105
139
121
165
116
112
99
2
120
113
107
101
110
140
130
105
5
99
92
113
103
141
122
141
103
2
120
98
77
96
130
83
128
119
5
142
116
127
127
138
135
114
101
4
137
113
105
108
121
128
177
68
9
116
117
129
122
112
105
112
103
6
142
128
118
133
90
85
121
96
6
118
129
160
133
127
137
149
106
1
102
138
113
102
156
128
79
148
3
114
132
115
85
112
155
112
120
1
123
98
88
93
121
83
128
102
1
100
140
159
114
148
105
94
143
8
112
104
114
134
121
132
100
123
5
140
139
106
131
116
124
146
131
9
125
125
120
104
101
113
120
128
0
106
93
122
114
130
133
90
96
5
128
128
105
121
161
109
131
115
10
120
100
96
93
128
114
119
132
5
105
81
121
142
89
113
119
91
4
94
100
115
136
98
94
96
106
2
113
153
90
131
117
141
103
120
6
107
133
101
93
96
97
122
94
1
146
76
126
146
135
137
100
94
3
135
130
142
134
134
99
133
134
5
128
128
100
135
121
113
118
118
9
117
119
93
129
97
102
108
139
7
132
110
134
105
113
94
115
99
7
134
127
167
134
107
142
99
151
10
114
139
126
140
105
128
130
128
8
107
118
121
100
106
107
138
162
5
127
122
90
94
95
109
115
133
3
119
161
128
121
103
183
84
115
3
135
128
123
120
141
109
139
124
6
113
107
127
100
123
149
96
104
5
98
143
113
131
98
133
113
111
3
93
140
114
134
102
86
112
131
3
121
105
111
99
137
135
160
78
6
105
141
106
134
91
131
107
105

