12
2
5
2
5
10
4
8
0
12
10
6
5
9
0
9
0
7
7
9
3
9
8
9
8
6
3
112
136
91
86
121
94
107
101
2
134
122
143
115
91
103
156
116
4
98
78
146
84
133
120
135
102
4
85
105
113
86
135
134
122
114
9
75
69
108
101
120
106
140
134
5
145
97
112
132
106
108
135
111
0
134
108
92
140
128
102
94
85
9
117
101
87
135
126
127
96
104
6
128
123
136
116
110
81
114
113
7
84
135
146
116
125
105
121
71
6
113
131
178
120
198
93
100
112
9
117
125
108
119
123
72
132
141
8
117
94
106
83
130
109
128
127
1
101
126
114
79
90
127
112
94
3
133
94
101
141
93
83
85
134
5
93
123
130
124
148
143
99
127
6
123
110
119
114
106
121
147
125
8
130
120
106
128
147
122
106
111
3
141
101
80
113
84
125
128
97
10
105
134
109
115
120
98
115
107
0
113
122
99
163
117
126
98
83
2
142
91
70
129
94
106
73
145
8
113
128
131
113
114
128
130
110
1
129
177
138
147
140
111
111
98
6
136
129
115
129
84
117
100
148
3
104
129
99
121
120
135
145
129
6
135
100
137
98
134
100
120
105
9
149
80
100
140
149
113
125
91
0
135
110
99
96
142
93
101
146
9
135
95
109
134
128
145
144
102
9
117
125
108
115
124
152
120
120
4
84
114
121
113
144
136
108
98
0
93
113
135
104
120
86
139
85
4
118
127
131
129
127
148
124
103
9
98
99
110
150
115
92
115
135
8
117
96
122
107
102
120
84
133
9
106
114
114
80
129
108
125
121
9
112
125
114
139
106
134
112
105
6
132
108
121
141
125
123
113
114
4
120
134
107
162
107
142
149
100
7
115
127
158
143
129
110
92
112
4
119
79
122
114
162
120
100
117
8
87
129
125
107
120
160
65
114
4
112
121
109
132
108
153
119
109
7
143
121
112
124
141
120
126
120
3
114
142
117
106
87
97
141
99
9
136
114
83
114
124
72
115
122
8
112
137
93
113
125
149
143
121
1
106
84
112
149
108
77
133
115
4
124
100
92
106
135
115
130
118
0
128
106
103
105
101
119
109
115
3
96
102
153
146
113
140
141
130
0
135
107
92
97
122
114
128
134
8
121
114
141
109
111
83
125
98
0
115
131
84
128
97
124
113
129
5
107
134
106
140
92
163
113
127
10
110
138
107
130
117
145
114
114
5
125
133
130
116
126
99
118
132
6
103
138
84
131
126
117
114
121
5
78
112
102
94
114
108
112
140
8
100
106
124
108
87
109
112
113
6
94
122
72
81
113
92
134
133
7
131
114
116
87
134
98
97
156
3
106
129
117
122
147
112
124
122
8
108
109
121
105
118
84
113
113
2
141
129
99
83
114
112
119
122
4
123
136
125
114
117
128
114
145
3
75
139
127
131
154
117
94
89
9
141
127
135
114
146
119
123
135
10
141
129
126
105
108
105
135
113
6
100
110
112
118
126
103
155
61
8
97
87
140
116
105
136
107
165
1
110
146
98
135
88
84
123
109
7
130
127
156
121
115
122
163
133
3
146
131
116
137
136
144
156
127
6
96
130
140
93
71
91
129
144
2
99
136
116
136
92
105
106
117
7
112
124
91
107
121
142
117
137
2
134
137
154
86
130
107
128
153
10
135
99
83
93
105
134
114
105
7
121
87
126
100
113
113
150
99
0
107
76
140
113
129
111
124
136
8
151
99
86
128
141
99
115
128
0
93
135
85
127
113
107
128
117
4
106
128
155
135
128
78
109
128
7
107
146
141
112
114
181
100
96
1
125
121
122
100
71
127
85
112
3
99
122
135
99
77
97
112
170
6
114
124
97
116
102
116
126
149
2
117
142
95
84
89
91
146
127
6
155
121
114
92
111
101
122
143
0
108
128
114
119
113
147
130
127
4
133
107
123
134
136
137
153
107
8
125
105
125
124
108
98
111
125
4
122
114
142
142
114
89
113
136
5
133
107
132
134
190
88
150
127
2
121
140
113
104
129
158
148
105
4
116
114
114
94
102
130
75
120
9
111
111
126
121
120
116
113
100
0
114
138
113
107
107
120
144
115
10
127
156
135
82
91
120
101
107
10
107
89
145
85
112
124
111
97
2
101
109
138
92
114
138
84
121
0
149
157
141
98
119
101
153
92
6
135
132
111
136
122
143
102
117
8
117
95
106
120
111
144
120
85
8
155
127
99
92
90
152
115
139
10
117
98
121
132
129
107
112
100
9
100
85
133
155
105
116
115
91
9
114
123
121
90
105
102
133
118
5
127
126
130
99
139
127
114
146
9
119
86
101
142
108
122
148
159
0
112
116
113
122
77
86
109
118
7
114
92
120
123
117
149
141
79
2
122
103
108
114
95
110
122
127
3
106
101
106
107
132
125
140
100
8
99
134
150
150
86
156
122
110
9
105
128
112
112
150
111
107
95
2
125
101
78
110
131
145
140
123
2
118
141
96
134
99
120
91
128
1
135
126
130
93
92
139
119
156
10
120
108
109
108
133
106
99
110
2
129
126
112
96
129
126
124
98
10
123
119
128
129
96
120
162
98
2
110
116
107
115
129
100
111
132
3
133
129
93
99
119
108
117
119
8
147
143
108
119
126
106
133
150
1
75
126
106
110
149
109
80
114
9
91
80
128
137
139
110
113
124
4
99
134
133
90
124
105
114
121
4
121
130
165
113
127
116
127
119
2
119
107
79
116
118
120
158
111
9
79
108
128
112
101
125
126
87
9
117
90
142
106
99
122
100
108
6
86
108
106
121
150
123
101
107
4
91
98
139
120
116
106
106
79
5
133
73
128
83
133
133
128
94
6
124
111
114
69
87
107
93
142
7
109
106
121
132
72
87
89
143
3
126
120
118
95
108
94
119
148
4
105
126
119
128
112
119
87
130
6
123
141
113
119
127
141
75
100
5
74
120
66
96
125
112
129
106
10
110
125
106
105
120
119
179
104
9
101
128
127
159
127
105
129
158
8
135
126
104
151
89
127
100
99
7
120
148
127
123
124
100
106
141
8
126
119
130
130
115
115
72
84
7
107
133
93
152
133
115
99
123
2
139
122
135
81
89
132
118
88
1
92
135
127
121
88
110
101
121
5
112
93
79
140
139
112
111
129
4
125
135
134
113
86
99
90
146
0
93
121
91
141
150
133
126
124
8
122
81
110
99
112
134
129
143
9
108
92
107
149
133
106
119
119
6
140
84
95
104
124
149
116
121
9
162
133
120
122
134
114
100
113
9
132
79
137
135
139
124
130
96
2
128
128
90
127
119
115
99
106
6
94
129
128
112
142
112
118
111
5
113
105
92
106
108
113
149
101
7
108
124
101
142
114
163
122
128
6
86
152
93
98
139
136
120
143
5
113
121
142
137
125
121
163
107
2
157
108
112
121
130
139
135
124
5
125
143
145
130
132
147
133
103
4
94
141
136
157
102
93
84
140
4
101
104
102
96
124
107
99
142
10
113
93
110
108
129
71
128
93
10
89
91
122
101
145
143
122
136
1
127
92
128
94
111
127
137
99
1
138
92
143
149
115
113
85
114
1
113
115
106
134
134
79
126
126
6
114
130
100
100
134
137
148
135
5
130
102
98
119
101
130
135
136
4
104
99
71
137
153
138
128
108
4
128
130
97
132
99
114
121
121
0
93
128
134
141
135
103
79
119
7
106
118
117
131
141
128
136
128
4
97
114
108
93
89
79
127
122
7
120
142
127
145
126
117
113
107
5
114
105
126
100
127
129
127
86
5
120
125
133
144
113
79
126
128
10
123
140
98
114
117
107
113
145
8
126
70
121
140
78
166
106
99
3
85
81
114
104
80
130
120
101
2
121
129
148
117
147
124
99
109
5
113
147
135
151
133
123
162
122
5
113
113
125
133
127
132
108
117
0
99
104
108
135
105
148
93
96
8
84
145
105
77
133
98
94
156
1
108
88
98
92
141
81
118
121
8
121
107
85
139
92
128
130
85
7
134
112
134
117
65
125
127
133
3
134
121
125
133
98
85
143
127
5
137
125
111
127
115
114
124
137
3
116
118
133
89
144
115
135
104
8
132
100
124
152
120
84
106
135
2
132
120
141
119
101
117
98
134
5
142
101
113
125
115
110
114
116
8
129
95
119
133
84
122
126
135
10
118
127
116
143
89
101
124
80
6
153
128
110
102
122
131
83
147
6
92
110
120
132
142
132
107
127
5
115
140
82
107
108
78
135
91
8
104
132
115
107
83
133
82
126
9
96
124
92
126
133
134
113
112
2
106
117
86
143
137
105
108
119
1
117
104
125
147
120
91
114
141
7
98
138
106
85
105
101
93
136
1
106
89
118
120
102
130
134
121
8
126
93
109
111
110
118
88
113
5
105
102
155
68
88
129
133
98
8
75
101
104
113
136
131
156
75
8
114
116
73
116
106
121
157
106
1
109
121
71
136
109
113
115
112
7
157
105
103
113
64
86
110
123
8
127
77
117
166
105
118
79
104
9
94
148
117
104
114
106
135
96
8
129
117
115
121
99
140
132
117
3
135
100
100
127
90
115
90
101
1
116
109
107
128
134
111
114
109
5
130
106
139
114
100
99
144
113
10
84
126
120
165
102
111
119
161
3
113
114
144
143
88
116
147
128
8
109
128
144
81
87
107
154
153
2
107
150
126
110
127
112
115
118
4
112
121
94
137
137
106
120
114
10
126
89
136
143
141
115
92
147
1
148
108
115
148
134
113
143
93
9
138
107
134
105
114
107
92
83
3
119
112
143
127
119
157
110
93
7
100
123
126
87
128
131
132
116
4
88
94
152
94
142
92
134
129
6
128
114
151
106
113
89
142
84
0
128
94
128
103
127
117
120
85
3
121
135
92
102
134
129
127
100
5
58
113
98
143
117
127
145
94
3
153
113
155
103
103
110
125
154
4
148
99
88
87
107
129
128
128
1
119
162
113
104
126
124
110
162
10
94
84
108
123
101
132
149
97
9
101
94
115
112
107
121
94
93
0
97
160
130
68
134
132
102
89
5
79
106
121
129
97
114
132
98
3
111
116
92
112
133
130
107
109
3
135
130
106
99
129
135
97
119
4
118
129
103
120
117
98
114
95
7
118
114
143
110
93
122
106
77
4
120
148
113
127
81
95
89
127
9
145
94
142
129
127
94
131
84
2
127
129
105
91
120
114
104
142
7
114
79
128
114
129
122
122
121
1
102
114
114
111
119
98
134
108
9
133
128
101
115
99
131
72
140
9
136
120
133
97
127
119
122
109
1
106
119
95
84
135
120
137
141
6
110
111
143
95
109
133
105
132
7
99
115
107
137
119
120
112
91
3
148
114
101
121
143
108
117
101
7
121
140
146
98
129
122
117
119
5
135
120
135
119
92
124
120
86
1
96
113
138
119
121
102
132
146
5
85
115
87
105
127
113
117
108
2
127
115
99
134
94
121
129
133
7
82
106
132
120
107
111
106
134
6
138
113
121
127
101
132
141
148
5
138
132
104
93
117
134
105
98
9
92
113
103
98
150
96
86
79
1
137
139
62
149
84
99
128
112
1
86
112
135
119
100
155
85
86
4
141
78
130
110
83
92
108
114
9
113
143
141
120
120
114
142
120
3
114
121
107
107
136
117
95
126
9
108
127
136
100
105
121
106
174
2
127
122
137
95
91
98
121
130
8
132
93
128
130
103
112
108
97
6
92
128
133
138
117
133
97
110
1
129
90
161
114
100
112
86
121
10
115
90
149
112
126
154
120
127
10
160
108
102
87
134
93
133
106
4
95
85
84
121
82
65
112
125
6
128
119
146
99
134
105
108
110
7
119
121
135
98
129
110
106
104
9
93
102
109
93
90
106
100
86
0
105
120
114
91
104
123
103
86
4
119
145
147
131
135
104
89
156
8
87
121
116
124
106
100
157
109
9
156
120
101
138
91
102
122
115
10
93
127
116
110
133
101
77
96
3
127
79
111
122
95
94
134
114
4
152
120
127
85
117
127
143
119
2
111
122
70
141
85
101
143
156
5
126
125
86
105
120
135
119
125
10
113
141
90
150
113
94
128
126
3
156
106
147
137
70
130
105
91
5
140
142
110
113
141
115
116
98
5
108
101
154
83
115
147
106
98
6
118
120
101
127
121
139
118
121
4
134
97
142
105
93
106
107
119
5
110
104
91
112
99
85
98
82
5
121
113
107
121
101
91
113
122
4
91
128
135
131
105
124
98
85
4
127
128
133
108
108
116
103
114
4
152
121
117
115
107
113
127
116
9
108
120
135
121
117
88
85
94
7
141
141
128
86
92
131
88
119
3
93
121
80
117
134
122
119
127
9
78
118
137
99
141
121
129
115
9
118
131
131
138
83
99
151
128
3
132
111
122
108
162
98
121
105
4
100
127
121
85
149
107
121
140
4
112
139
132
140
96
136
143
96
5
140
156
106
133
101
106
128
90
5
111
98
123
79
136
84
132
160
4
126
106
115
116
100
118
108
100
4
93
135
103
123
87
110
113
123
9
100
135
154
129
125
131
113
142
3
105
142
139
99
113
103
97
127
3
63
122
161
152
139
144
130
90
9
92
92
71
127
135
124
148
115
4
109
122
124
91
107
93
103
123
6
82
120
140
99
163
121
143
157
7
127
133
86
175
106
140
89
123
6
128
135
117
93
117
111
119
122
5
124
142
88
138
135
95
115
103
3
140
149
120
120
94
104
114
118
8
109
137
133
106
141
142
110
104
7
109
123
142
130
121
99
117
127
1
135
135
124
107
83
150
120
176
6
145
136
121
120
114
115
124
91
7
107
132
118
107
120
145
137
112
2
143
141
140
106
125
101
106
142
7
114
86
128
86
82
97
135
118
9
102
72
106
144
130
107
105
125
7
120
121
122
110
132
103
148
122
7
122
97
147
141
147
169
87
111
7
129
136
77
128
105
129
128
106
4
92
136
108
129
117
104
140
168
8
106
115
121
96
148
112
97
138
4
112
86
135
117
121
124
95
121
6
135
121
83
90
110
141
128
171
6
125
133
97
105
142
115
79
107
10
85
98
133
111
111
130
104
140
10
120
126
146
71
146
123
147
115
10
158
107
84
120
114
107
142
105
4
122
125
125
128
125
132
141
120
9
104
135
116
121
121
101
119
112
2
121
107
127
105
121
130
113
158
5
97
108
141
119
119
123
114
117
3
103
105
121
101
124
99
105
109
4
113
156
129
110
108
80
123
108
5
104
133
121
94
106
129
102
122
9
113
79
124
114
133
138
147
98
7
121
116
126
101
126
128
106
97
8
132
150
129
103
136
127
72
118
8
100
110
78
119
107
113
100
118
5
159
145
133
138
107
126
100
103
6
93
128
96
95
118
106
121
100
5
148
84
85
73
89
152
103
156
8
129
111
121
90
110
86
149
127
10
89
122
132
162
146
113
145
77
5
131
126
101
84
125
128
150
137
4
104
121
138
124
127
156
115
128
2
50
130
158
98
87
141
100
119
1
113
101
110
141
137
142
135
107
9
102
84
92
136
79
121
136
125
9
100
111
99
143
138
160
128
125
0
106
96
126
107
107
139
143
106
8
97
106
136
135
122
135
113
150
2
86
146
126
115
153
132
121
133
9
102
119
86
131
108
79
132
110
0
94
160
115
94
105
101
119
130
3
141
95
113
130
101
68
102
102
2
154
78
115
104
118
113
108
84
3
120
128
112
80
127
104
118
156
10
99
108
137
96
133
134
115
88
5
124
113
109
124
110
110
129
132
8
121
96
108
149
115
138
113
113
9
129
92
98
125
111
140
107
113
2
121
119
122
93
132
100
106
123
6
126
99
128
141
114
114
135
133
2
150
101
84
87
131
99
100
157
2
114
122
131
120
148
119
99
93
9
128
107
115
164
86
134
91
104
2
155
103
138
122
95
101
115
106
10
136
89
123
128
168
98
103
143
7
126
101
117
160
85
127
98
99
6
155
101
141
123
99
102
118
113

