17
6
5
7
10
3
0
2
0
12
9
4
0
1
8
3
3
7
10
6
10
6
7
9
0
9
2
142
106
125
114
129
105
78
129
6
119
143
117
157
113
115
114
112
8
133
138
106
112
127
129
125
105
1
99
119
83
127
114
92
104
120
4
127
93
106
86
134
92
134
132
3
158
88
122
132
161
149
100
142
1
107
115
113
116
169
108
126
125
2
141
121
95
148
142
119
147
112
9
84
122
138
112
127
93
122
144
3
92
114
137
115
121
108
124
136
8
100
129
133
106
148
96
132
124
6
162
110
108
129
123
107
131
120
0
135
93
120
117
104
116
121
99
10
104
78
133
129
78
102
114
121
9
127
117
118
116
112
103
112
135
9
112
106
120
112
100
85
86
132
2
155
134
142
114
79
114
99
126
3
127
134
79
111
97
128
79
103
8
96
101
123
83
156
149
111
110
7
114
98
136
103
100
116
117
88
1
156
122
114
114
116
128
112
83
10
105
113
109
122
86
92
103
104
9
125
135
121
150
100
107
164
130
10
94
122
121
66
112
112
110
82
3
98
108
116
93
112
117
134
133
8
128
153
138
110
148
146
65
152
6
115
131
117
113
142
120
113
134
5
93
99
115
154
90
129
114
99
1
159
95
110
100
108
84
141
88
5
97
143
108
118
106
106
126
162
5
99
130
128
115
128
130
116
100
5
117
130
128
115
92
101
118
77
8
129
156
143
127
117
116
142
87
6
113
108
108
129
99
92
117
127
9
145
102
121
150
165
118
111
130
2
106
92
119
108
103
144
149
133
5
121
127
128
150
143
100
117
125
4
119
161
126
121
108
148
142
134
2
120
175
116
129
120
93
149
117
2
143
107
104
119
119
95
65
126
7
111
112
99
96
112
137
136
91
4
92
114
117
78
160
105
100
135
0
140
104
106
127
102
121
135
123
6
124
96
108
118
140
127
141
119
3
143
142
126
105
133
121
143
110
9
113
97
111
168
98
126
99
100
7
88
144
134
121
91
120
106
105
7
85
130
124
133
111
88
130
134
1
126
112
120
108
110
142
97
132
4
133
115
131
129
109
115
109
121
9
132
113
117
131
124
91
127
93
5
99
122
107
134
100
107
128
149
7
97
103
131
129
154
97
135
138
2
92
109
134
108
135
121
113
105
3
113
107
134
74
101
121
74
114
7
156
154
150
85
137
138
114
88
5
135
105
117
89
107
134
115
89
1
102
113
122
154
97
95
116
112
3
111
105
117
105
121
138
143
126
7
71
99
114
102
117
129
85
115
2
143
107
149
113
100
108
109
105
8
107
100
114
117
114
82
100
123
7
134
182
109
128
113
117
113
112
8
126
142
91
144
107
106
120
108
7
126
107
127
152
129
149
140
107
9
156
94
144
134
131
128
154
114
8
105
148
120
119
159
120
120
86
7
117
106
98
150
118
114
134
143
2
120
107
134
103
120
95
148
98
3
116
139
153
107
107
128
148
130
2
107
109
117
116
101
142
88
92
2
113
101
119
99
127
156
122
131
5
133
141
118
102
123
94
140
121
9
125
126
119
96
166
159
136
114
8
151
114
129
96
107
109
111
115
3
147
93
101
118
113
150
119
128
4
106
121
102
123
131
88
98
145
2
108
127
113
105
105
99
134
124
3
121
91
101
132
93
97
145
109
8
121
100
114
134
126
98
100
140
6
119
143
114
131
103
129
119
137
2
151
109
78
120
126
139
132
127
1
92
149
127
100
113
101
127
100
3
113
104
142
111
74
151
131
142
6
118
89
111
99
113
109
140
107
7
143
139
121
132
102
115
63
115
5
112
97
118
114
104
112
136
137
0
115
86
122
122
92
131
112
133
9
129
136
94
114
84
127
132
100
4
114
105
128
131
131
108
115
114
6
105
96
119
121
119
111
91
118
7
105
119
113
120
68
114
85
99
2
113
115
85
108
152
161
95
82
8
134
116
142
127
100
154
100
138
4
104
140
121
139
117
96
82
129
4
89
129
132
94
133
106
148
125
1
147
118
93
135
90
100
100
120
3
139
126
139
121
87
129
85
128
8
123
127
148
73
120
115
113
144
9
134
121
115
91
101
177
119
115
3
119
94
111
100
134
132
143
113
3
132
110
120
118
163
125
133
102
9
114
134
96
122
114
133
117
93
3
145
116
115
101
102
106
126
124
3
145
131
121
121
92
76
105
121
6
87
113
130
120
137
106
107
126
1
135
131
105
115
88
101
156
120
5
112
112
107
110
114
88
128
137
4
73
117
159
96
117
102
126
136
8
105
94
126
126
149
134
105
153
0
101
134
94
142
100
116
66
140
3
107
117
115
119
107
146
171
116
2
129
98
160
117
108
115
116
118
1
148
89
122
64
92
114
123
125
8
124
89
100
131
141
137
108
145
5
142
140
117
113
121
104
133
111
10
138
111
116
146
142
141
107
113
10
108
120
126
126
120
116
120
130
3
101
118
120
104
147
139
115
133
2
112
143
72
108
114
130
135
117
2
115
148
120
130
129
120
127
106
2
142
120
107
142
120
128
114
139
9
132
86
128
108
127
147
114
156
0
98
86
85
121
156
84
135
134
7
107
78
128
131
101
107
111
122
1
128
124
135
149
133
131
96
129
9
94
112
139
87
115
94
126
58
1
131
130
115
131
121
129
109
156
0
127
116
116
145
92
110
85
78
2
89
99
99
82
122
119
122
120
10
101
106
99
97
115
119
126
142
9
124
107
154
92
98
126
114
140
9
121
122
129
118
120
98
119
138
4
89
133
124
112
122
134
150
134
6
114
107
119
122
114
101
127
116
6
126
119
122
146
114
123
121
156
7
98
118
107
119
100
112
86
110
9
133
115
113
133
94
119
144
129
10
92
94
150
162
128
111
136
103
10
128
136
124
106
151
89
106
95
3
95
110
133
114
71
124
118
97
1
130
130
122
127
142
130
85
152
4
126
112
112
90
150
109
125
120
6
103
138
90
136
100
116
114
89
10
69
150
141
127
99
79
116
121
1
73
114
141
110
100
90
107
150
6
125
136
104
130
127
108
150
107
10
103
135
129
131
94
134
147
151
5
108
120
155
115
108
107
148
105
8
119
126
126
113
104
120
135
142
3
104
100
106
129
100
150
134
124
4
126
117
108
136
87
98
111
122
3
114
122
149
99
136
126
133
107
9
110
96
100
84
84
140
120
111
7
126
127
85
114
74
124
114
114
2
82
121
130
83
129
127
143
120
4
119
128
78
111
117
142
130
133
6
92
129
114
119
142
120
112
141
5
100
131
140
68
141
126
119
153
0
131
121
109
139
126
117
136
118
5
127
95
148
120
105
156
118
108
3
115
103
101
140
119
117
85
152
3
128
85
94
113
115
111
92
126
5
120
148
127
99
96
141
117
115
2
120
113
140
137
139
145
106
122
7
116
110
140
110
112
119
141
109
9
93
122
125
115
142
78
103
145
2
140
149
85
123
102
142
139
100
8
147
107
128
128
87
120
154
132
6
84
141
110
134
114
139
120
121
1
122
123
122
138
137
97
72
104
5
105
142
131
134
112
129
120
99
5
114
104
137
127
157
102
121
60
0
121
127
113
99
137
101
128
113
9
81
92
125
29
136
97
74
103
9
113
116
141
119
130
109
107
72
6
118
120
147
96
154
114
149
108
2
120
114
127
162
129
126
122
144
2
122
110
98
91
116
156
109
128
7
159
140
135
95
127
110
102
110
4
126
113
159
109
80
135
136
135
3
121
135
121
128
112
100
137
142
5
162
115
118
106
86
114
163
105
7
117
131
134
123
105
114
114
103
8
73
145
129
129
128
105
103
105
6
93
115
113
126
121
132
139
128
8
114
128
108
111
133
142
118
85
4
106
158
91
156
120
121
99
117
7
128
86
128
106
87
130
140
135
0
134
66
106
130
98
118
107
156
7
112
81
99
90
107
112
107
74
3
104
114
91
118
102
135
86
111
3
118
137
171
106
83
119
136
133
6
86
99
121
98
50
113
122
133
8
107
129
141
125
83
119
93
99
6
132
153
95
116
135
127
107
150
10
88
109
75
112
112
154
108
119
9
113
161
140
105
122
134
103
119
6
133
131
129
123
137
124
131
149
8
135
121
115
138
107
122
100
92
2
115
135
140
126
108
139
105
121
3
135
140
97
134
115
120
99
128
0
101
118
108
93
110
109
125
112
8
98
109
85
127
173
126
107
155
9
94
160
101
85
123
139
114
153
4
140
95
86
120
91
125
124
116
9
121
107
73
127
78
112
127
110
5
135
140
107
104
87
136
114
128
2
131
121
138
140
85
101
104
127
8
114
141
134
105
120
87
107
77
9
120
110
126
132
97
87
107
102
1
104
113
106
102
113
143
93
118
10
117
106
122
141
145
101
124
125
7
83
121
108
103
128
134
119
117
1
123
100
121
142
155
114
119
134
5
120
100
78
108
93
103
120
92
9
121
142
114
121
130
120
120
108
2
118
141
172
124
146
152
118
129
8
124
95
114
139
110
159
129
105
2
72
138
128
95
129
101
129
101
6
120
112
148
126
123
114
115
147
5
108
120
135
118
132
131
143
71
7
120
119
92
74
106
88
133
119
10
95
83
85
133
126
127
109
115
5
110
121
130
103
165
142
129
110
6
120
117
120
153
120
110
126
119
3
134
112
136
135
85
111
117
84
3
98
106
127
119
110
96
127
96
4
135
108
105
91
135
146
115
126
9
133
110
134
123
112
113
141
108
9
99
96
107
106
118
120
143
78
5
109
113
128
157
127
114
110
134
7
134
98
140
90
110
128
76
126
6
106
71
107
125
149
103
117
131
0
86
154
143
124
165
113
117
120
7
110
98
114
120
116
95
121
99
5
134
126
124
112
100
119
122
115
10
141
156
108
103
115
127
127
95
4
87
122
141
124
142
141
108
107
4
92
112
128
78
103
78
120
135
2
97
134
113
130
107
137
141
120
1
113
121
129
162
163
106
138
127
7
112
77
154
139
124
134
113
92
4
102
107
102
107
108
85
118
63
10
128
84
149
110
65
164
117
102
5
95
98
111
130
138
147
135
117
1
123
114
98
110
102
72
92
141
1
109
90
128
83
105
121
117
118
4
106
142
114
72
101
134
138
80
6
94
99
130
113
145
121
121
128
7
143
128
50
128
133
124
136
142
8
87
136
137
102
108
102
105
122
6
83
117
116
139
109
85
91
119
3
98
108
93
154
102
96
128
126
1
127
100
146
112
120
130
98
96
4
112
132
119
123
115
101
101
71
8
101
83
125
142
101
96
110
128
7
96
148
125
105
129
115
107
77
3
142
93
126
122
64
127
130
112
2
107
113
72
98
150
129
148
114
8
90
127
83
121
83
145
140
133
9
128
127
135
117
110
104
98
82
3
79
123
127
131
129
111
131
140
4
147
114
127
119
126
101
93
121
7
110
123
115
91
129
100
151
160
8
140
130
126
136
133
129
115
95
9
157
111
117
122
101
121
136
153
0
100
126
123
111
128
86
91
156
2
134
133
100
86
95
149
101
129
9
107
97
75
107
73
118
83
93
9
136
102
140
92
119
107
121
151
5
128
138
117
96
100
97
112
121
4
118
123
122
99
140
131
94
102
10
102
110
114
106
136
133
94
104
5
124
113
70
99
111
98
109
144
4
121
147
128
57
96
126
117
103
2
175
89
96
93
127
106
121
114
1
129
129
131
126
114
171
139
108
10
114
135
108
131
123
100
111
122
9
119
117
149
108
75
116
104
105
1
91
99
98
102
84
120
141
122
4
101
158
108
93
94
137
139
123
4
103
106
91
126
92
154
115
136
1
118
118
114
94
129
128
121
86
10
101
146
109
158
107
107
129
87
9
96
114
129
111
103
141
126
108
3
78
137
120
130
114
102
138
134
5
91
124
76
110
91
104
99
108
5
128
124
93
92
122
135
115
130
2
92
116
85
126
77
100
105
100
5
109
122
111
144
99
99
147
128
9
133
140
140
97
97
118
120
128
6
107
134
143
131
118
66
65
114
10
128
134
137
136
147
99
129
104
3
107
154
129
110
126
155
134
147
7
153
138
130
106
74
117
138
134
1
100
117
135
106
105
149
115
85
7
111
114
143
96
142
107
143
112
6
88
128
110
106
136
149
129
90
1
99
112
123
120
136
105
99
121
0
103
85
84
105
130
101
83
127
9
100
108
142
118
118
149
155
93
2
134
155
78
124
79
141
130
105
9
113
149
81
101
102
84
93
121
4
138
131
98
125
146
94
118
85
7
128
97
129
116
93
119
120
145
8
102
103
144
111
117
127
108
106
8
67
151
127
122
91
147
107
111
7
108
154
135
100
106
86
117
67
4
87
122
108
137
79
148
135
115
4
135
114
101
110
79
145
120
141
3
125
128
114
79
150
121
140
114
10
96
124
134
92
132
112
100
142
2
124
126
95
142
126
116
99
121
7
103
159
105
49
139
103
131
132
8
116
108
96
100
96
91
126
114
1
124
130
86
101
104
84
95
113
5
111
99
129
126
78
122
106
113
6
105
136
102
89
113
122
113
148
9
122
143
137
138
121
126
99
127
9
126
112
127
71
97
106
64
126
3
83
108
166
74
152
119
145
107
1
117
115
110
108
105
109
141
104
10
109
155
131
114
139
142
106
100
2
144
87
114
105
108
128
112
144
8
121
108
150
140
129
140
139
128
8
120
121
91
150
111
134
118
69
4
78
108
130
111
119
124
96
119
7
96
93
98
78
111
158
120
107
6
116
115
116
98
113
135
116
98
4
122
119
128
114
97
164
133
98
9
135
134
108
113
133
124
121
120
3
159
92
114
128
183
134
153
72
6
107
126
87
121
107
141
116
112
9
140
126
100
119
107
158
91
100
3
96
121
79
98
51
129
108
112
10
123
127
111
118
119
127
139
128
5
99
137
103
85
93
119
122
142
0
122
134
111
127
139
120
142
98
10
100
131
104
116
109
94
130
133
9
163
100
129
135
129
79
98
135
7
131
99
102
82
99
106
127
98
2
98
105
127
127
112
106
135
89
7
135
125
129
105
133
129
163
128
3
110
127
113
135
131
142
162
103
4
162
130
133
110
97
112
85
107
3
126
127
100
123
169
169
109
115
10
139
122
102
114
148
124
122
138
5
101
140
155
98
113
179
114
132
2
128
151
155
126
118
88
114
113
2
118
99
129
142
56
104
115
86
2
100
100
121
84
143
136
121
160
5
122
150
135
129
68
121
104
93
2
136
104
125
114
106
130
119
127
2
108
124
134
122
91
129
110
156
5
140
106
113
72
89
128
117
144
9
86
137
143
92
99
128
147
126
3
80
149
133
127
63
144
157
63
2
89
117
100
133
92
125
108
129
1
131
113
112
124
141
145
120
124
1
98
134
113
107
114
127
132
133
0
127
89
141
120
127
102
105
73
7
136
162
148
112
138
105
114
125
3
118
114
99
105
100
156
105
135
7
134
114
140
113
92
149
106
114
10
83
108
96
99
122
114
164
118
2
100
99
109
89
85
137
108
138
4
136
166
73
132
84
110
113
115
5
98
78
130
82
120
69
120
81
6
100
112
120
80
98
112
127
120
3
113
141
121
125
119
150
75
134
4
92
131
85
129
130
162
136
150
3
124
143
97
124
134
122
118
85
6
102
120
123
105
111
116
133
111
5
85
101
99
111
128
93
107
156
3
123
75
101
154
119
149
135
135
2
121
135
75
125
129
91
123
143
6
79
124
108
129
142
142
156
92
6
131
115
128
106
111
148
112
125
2
103
133
93
134
149
113
98
115
9
141
106
112
129
122
72
89
140
1
116
134
119
119
120
105
134
95
10
100
86
121
115
125
126
123
124
6
105
144
136
148
101
130
107
100
7
122
120
103
124
122
114
104
97
8
79
133
97
129
109
117
111
114
1
109
150
117
107
121
118
142
134
6
92
86
128
80
124
110
105
150
9
71
139
96
129
107
117
106
105
7
108
157
116
110
121
116
143
135

