14
7
1
2
4
10
1
8
6
13
8
1
2
9
4
1
9
6
16
3
5
4
9
3
8
8
8
121
116
92
120
115
128
143
129
2
126
116
96
162
99
120
154
141
2
116
99
138
130
76
129
129
105
8
135
73
114
124
114
133
96
134
7
132
98
122
122
113
103
101
79
4
134
157
100
120
105
132
101
92
9
112
127
116
109
107
71
120
119
5
120
114
114
146
142
103
120
93
7
81
127
140
105
101
128
112
114
9
99
120
106
114
120
107
133
100
9
112
134
63
113
137
106
108
99
7
151
129
104
106
145
112
120
94
6
114
126
112
121
97
106
109
127
9
115
128
106
98
142
86
105
126
6
113
107
112
127
120
97
85
140
8
119
149
107
67
117
149
79
124
5
124
84
129
134
78
109
120
174
1
146
122
122
101
118
124
136
127
3
113
155
107
92
105
94
102
113
4
131
132
119
122
115
89
92
121
0
86
117
102
112
106
114
136
122
1
113
118
126
161
80
135
134
141
3
142
128
83
129
129
141
130
134
6
116
136
132
143
102
100
111
112
8
103
139
131
146
109
100
90
124
7
122
104
73
94
121
115
156
101
6
147
117
113
105
129
105
101
144
4
120
122
100
142
132
107
93
129
3
149
126
115
136
128
109
84
134
1
130
112
141
99
80
101
108
134
8
123
130
104
160
71
99
140
132
8
127
99
106
99
98
155
126
116
9
136
133
92
150
142
121
98
111
6
136
90
124
121
140
92
133
140
6
105
90
115
93
123
147
108
114
3
112
85
150
117
92
103
129
107
7
118
79
78
98
111
132
108
137
3
154
122
98
126
145
126
86
79
2
121
141
96
121
142
120
86
108
2
141
115
122
114
112
101
132
128
1
93
92
121
120
115
101
147
122
5
155
120
100
56
127
76
113
109
5
98
94
95
92
155
129
103
105
6
114
117
119
97
127
191
115
93
6
115
121
136
118
128
133
103
93
5
114
133
107
108
121
126
155
124
5
144
114
104
145
111
108
115
116
3
112
158
133
120
138
129
148
99
6
122
118
148
134
145
120
111
128
9
118
99
104
125
100
120
107
86
5
101
109
100
70
86
106
114
106
8
150
105
98
100
120
141
110
99
5
107
87
122
125
120
99
81
135
9
155
145
116
112
114
119
109
115
9
138
165
113
137
109
142
72
106
1
115
134
136
105
106
149
157
121
7
128
108
124
129
129
124
129
114
1
99
103
105
128
129
131
91
116
6
120
125
110
102
104
93
129
119
1
132
112
131
113
133
107
110
118
7
146
68
155
136
135
128
143
88
7
124
134
124
110
159
119
135
117
10
90
128
160
138
120
117
86
136
10
96
112
85
132
92
115
118
127
6
110
113
134
147
126
113
110
117
5
132
172
73
131
146
137
131
99
5
134
88
121
121
107
114
157
120
8
100
136
126
143
112
113
127
114
7
143
160
103
108
131
141
119
113
7
93
120
115
136
123
129
127
129
7
125
127
113
138
91
115
113
115
2
134
115
107
109
114
105
98
98
2
109
136
126
130
116
118
127
130
2
106
123
112
116
107
142
108
127
3
134
133
109
125
113
96
127
129
4
126
140
133
116
112
116
97
122
6
77
123
127
147
108
113
126
121
5
102
135
137
110
120
124
102
134
4
128
133
81
135
107
113
101
82
4
116
130
137
122
166
134
101
81
1
130
100
135
140
139
130
133
108
2
146
118
114
156
106
135
96
89
7
121
122
91
105
103
149
94
135
6
107
127
144
114
135
146
155
95
3
112
148
107
134
100
127
143
128
5
123
106
115
114
117
107
99
123
1
107
104
148
129
149
115
99
110
7
103
115
130
137
104
61
105
97
6
94
124
131
127
86
116
142
156
1
106
87
114
150
111
125
131
94
2
128
107
110
142
97
94
121
104
1
103
108
86
128
122
100
141
103
4
101
117
149
100
73
122
112
147
8
106
113
140
82
145
91
122
79
2
156
94
119
120
111
118
71
118
7
105
152
136
105
118
154
100
128
9
149
84
120
90
94
138
140
98
9
137
91
85
100
98
136
123
91
4
87
92
135
114
116
114
140
116
5
122
91
66
121
125
127
111
113
5
118
121
124
120
143
117
115
122
1
88
135
116
144
121
158
100
104
10
124
125
113
123
119
92
107
110
2
115
107
157
170
126
113
111
150
2
119
126
90
71
106
119
113
131
3
144
137
123
113
107
72
95
142
9
150
91
120
115
136
124
106
104
7
95
119
142
118
108
133
132
135
6
153
133
141
128
133
85
113
89
8
130
117
106
112
85
113
119
133
9
86
112
122
136
108
141
144
140
9
121
140
121
141
109
107
110
118
3
177
118
106
97
117
105
97
100
5
109
126
148
141
105
113
115
109
8
119
125
90
137
105
185
158
105
2
105
86
122
90
140
116
111
114
9
107
113
93
101
127
129
96
109
3
83
110
161
128
114
100
130
94
9
146
125
125
108
112
133
137
116
5
133
97
144
101
109
115
141
110
3
137
115
143
150
137
127
105
116
8
120
92
118
124
144
139
142
114
10
125
117
132
127
98
100
121
128
7
128
120
92
108
127
114
101
135
2
110
114
122
143
124
121
127
106
9
127
134
132
98
90
155
95
101
5
99
125
126
86
128
102
110
115
9
92
112
102
99
129
141
167
101
7
123
136
115
100
130
131
121
97
4
100
108
94
107
135
134
135
64
5
108
128
113
87
118
93
130
105
4
147
94
83
114
165
139
129
100
1
105
116
120
121
107
107
107
91
1
107
152
106
126
135
114
120
126
3
136
109
128
112
106
136
116
104
6
158
145
119
138
137
144
134
122
6
133
156
113
113
121
146
106
123
8
83
105
120
115
108
130
126
99
3
86
108
116
88
115
112
112
124
2
142
99
142
116
166
112
115
137
4
119
73
171
133
93
169
78
88
5
105
99
99
155
106
121
100
114
2
117
95
100
149
100
91
107
124
2
94
101
96
120
113
141
99
91
1
134
105
134
114
148
130
111
106
2
124
102
127
98
136
128
110
126
5
85
133
79
112
162
111
134
99
10
102
112
125
116
132
124
99
112
8
123
134
134
136
119
125
133
111
9
100
112
113
141
99
84
126
88
2
122
127
128
113
122
115
124
142
5
119
105
115
112
116
99
81
112
3
148
145
171
154
116
80
94
125
5
143
126
149
92
115
114
72
95
0
117
92
124
139
145
138
119
134
1
127
115
140
106
143
113
145
102
0
126
85
86
141
123
113
140
108
9
138
108
89
120
138
64
126
127
8
133
95
92
136
104
88
108
93
3
118
136
35
104
140
113
96
101
2
128
126
114
103
120
122
156
113
0
122
111
126
133
127
101
99
120
8
112
116
126
115
123
114
98
129
2
112
125
105
140
146
125
127
109
9
121
115
93
127
99
138
103
123
5
121
92
142
133
135
163
103
99
9
114
129
103
142
123
99
140
97
3
94
118
85
134
134
155
121
133
6
137
108
120
127
94
98
135
92
7
85
103
133
91
117
114
155
138
4
137
142
80
110
106
136
115
111
0
114
91
124
120
106
129
123
105
1
121
79
117
143
124
152
140
130
2
115
108
106
142
74
107
135
145
9
99
113
117
145
109
134
146
118
10
103
120
78
107
92
128
134
105
10
105
126
123
134
121
113
158
86
7
88
135
82
99
162
150
154
133
7
85
136
99
110
102
126
87
78
10
114
127
108
118
147
109
118
84
2
129
92
105
107
79
85
146
100
2
90
121
86
148
120
122
129
105
8
126
111
143
107
136
109
148
116
3
128
120
143
84
121
132
98
103
7
99
128
100
123
99
92
117
141
8
142
132
89
91
138
129
73
121
2
111
88
87
89
127
97
152
132
9
65
116
138
102
81
118
145
141
9
128
98
145
139
80
134
108
136
7
122
141
146
107
147
121
123
128
3
97
140
136
119
140
99
137
105
2
138
109
135
93
107
133
104
130
5
123
78
138
141
103
111
93
113
3
127
127
112
142
156
93
118
89
3
126
109
107
84
101
121
116
135
9
140
121
115
108
83
104
123
120
6
147
129
93
127
121
112
128
112
3
108
85
106
121
137
115
99
112
1
122
130
109
140
113
120
98
81
3
119
124
123
106
105
107
127
163
2
101
105
122
141
87
118
108
118
9
100
120
141
121
110
135
134
133
1
148
106
117
143
118
121
86
136
3
134
107
98
91
121
136
100
128
4
127
130
84
100
106
136
128
106
6
115
118
135
109
140
87
143
124
3
143
127
118
165
109
106
134
134
4
138
140
120
121
116
85
96
153
2
105
116
156
86
65
134
122
133
6
84
138
108
134
111
113
116
120
9
86
119
115
151
123
120
108
108
1
114
99
120
135
114
68
120
118
2
105
117
103
134
104
146
131
127
6
121
121
129
109
149
105
98
122
4
107
99
134
122
93
139
134
141
8
105
117
100
163
101
121
101
105
0
117
106
122
98
107
102
85
128
4
142
121
98
122
95
85
121
120
2
79
135
122
114
106
128
110
109
8
128
122
140
126
133
113
99
114
0
110
131
140
176
140
136
156
65
7
133
105
115
135
97
107
116
135
6
124
112
106
134
104
97
139
129
9
138
65
127
98
87
94
133
164
10
106
102
127
111
121
141
136
122
1
157
119
102
152
154
121
135
125
6
100
132
123
90
163
125
122
128
1
133
141
124
91
91
119
110
122
7
138
155
134
148
142
135
128
121
5
110
101
132
107
129
108
160
134
8
103
82
134
108
103
127
146
124
4
112
119
102
121
135
115
99
106
3
113
132
83
84
136
127
91
107
9
81
124
116
74
135
134
122
125
6
115
117
95
91
121
128
108
100
6
116
101
137
103
93
144
136
112
8
98
134
142
110
109
124
135
126
0
134
56
135
77
167
113
116
109
2
125
107
120
142
125
130
91
128
7
163
83
105
148
141
125
93
127
10
107
128
128
124
130
133
129
108
4
127
126
135
95
132
84
113
126
10
79
115
106
106
127
101
129
106
2
85
134
141
142
109
131
91
106
5
92
116
106
109
130
109
107
135
2
108
113
86
101
110
153
113
106
7
127
77
133
105
76
93
104
101
5
134
121
121
146
125
136
125
133
7
129
106
92
125
121
74
129
156
2
127
119
126
126
145
134
107
152
6
132
137
145
77
121
126
103
149
8
92
63
103
131
79
137
91
106
5
127
100
98
104
136
139
127
107
7
132
108
110
93
140
110
95
96
3
101
135
120
118
78
154
129
143
5
64
127
112
108
107
101
92
120
4
106
108
125
122
132
85
146
113
5
131
103
106
86
121
126
129
113
5
147
113
119
116
97
91
83
120
10
133
108
129
130
128
117
103
121
8
108
122
134
106
115
113
141
106
5
123
110
106
107
123
118
116
107
4
100
131
116
177
80
112
57
104
5
142
142
161
151
65
129
129
106
1
123
135
87
77
110
117
126
85
0
111
112
109
93
85
72
82
92
3
148
122
98
140
129
94
108
99
7
90
127
132
98
124
134
156
129
1
113
128
141
90
127
139
150
143
0
131
136
119
133
130
101
116
114
8
104
135
99
100
83
121
150
122
8
108
82
116
134
77
117
177
92
0
133
131
103
62
113
105
108
119
7
113
109
99
109
128
118
124
156
4
114
103
130
159
127
103
98
133
5
128
106
95
118
136
121
117
106
5
106
119
96
121
107
128
111
130
5
133
153
142
106
111
134
128
115
3
124
126
92
113
108
107
98
106
8
108
79
128
107
100
105
86
90
1
128
111
132
99
135
108
78
117
1
110
140
129
98
130
107
115
142
6
126
119
107
123
113
115
129
71
5
113
109
124
110
130
129
129
140
1
129
131
156
121
109
164
107
106
2
111
106
72
86
99
132
101
110
3
106
128
135
157
123
127
100
141
5
97
95
135
129
117
121
143
149
4
72
138
97
127
112
100
124
141
6
106
148
129
105
147
97
126
94
2
94
86
99
114
84
99
141
123
4
112
141
121
93
125
131
123
113
3
99
108
128
104
118
135
79
117
5
108
121
77
118
107
138
100
96
7
82
122
108
115
106
98
114
136
6
130
69
120
133
93
92
96
120
2
131
111
108
136
136
156
106
93
10
97
119
93
106
112
110
104
100
9
141
119
148
102
129
103
118
127
7
100
111
114
121
101
147
94
120
3
121
91
123
134
98
127
111
141
6
102
97
139
115
124
135
123
136
6
99
120
139
73
114
112
155
97
8
100
71
113
94
86
118
67
168
3
139
93
134
114
122
114
105
155
6
171
145
85
121
67
97
128
126
6
102
94
141
86
91
126
131
95
9
134
121
113
114
87
97
127
127
2
147
140
78
133
119
155
134
147
9
114
106
119
101
110
135
132
99
4
100
143
124
142
135
92
120
117
0
162
105
123
94
123
100
166
100
6
124
136
126
113
123
118
106
120
9
116
115
139
135
100
142
96
117
5
146
107
111
136
102
118
99
91
4
131
97
116
122
105
105
84
129
1
82
148
123
125
119
118
120
102
5
125
136
120
102
160
143
115
71
2
91
132
113
142
130
88
139
92
10
142
138
109
128
180
113
113
121
7
119
86
121
137
128
135
121
127
8
84
127
123
157
125
148
117
169
2
118
136
112
95
112
122
112
107
8
121
141
143
83
126
129
103
134
6
171
107
91
85
121
112
109
120
5
101
140
114
103
99
142
115
88
8
86
129
120
136
74
129
99
116
4
121
128
134
94
77
101
124
150
2
114
102
88
100
110
110
114
121
4
135
127
114
109
127
102
119
103
0
109
98
92
90
92
118
108
128
7
109
106
125
117
93
94
95
91
3
129
111
101
82
96
90
113
99
3
171
91
101
120
120
133
114
108
2
90
119
115
77
142
151
112
120
6
121
90
160
127
92
142
111
99
8
114
99
112
107
121
174
74
114
9
128
131
106
93
112
79
121
129
2
127
141
113
125
78
73
107
121
1
92
105
108
118
114
99
123
78
1
114
91
107
108
107
117
92
75
9
142
98
61
150
77
129
144
94
8
137
152
107
115
129
123
111
83
1
120
140
106
122
132
92
114
164
1
106
114
143
91
149
89
104
85
10
113
144
141
95
110
122
119
161
3
122
106
121
120
123
119
119
149
4
102
114
123
91
107
121
94
95
5
85
106
112
134
106
103
133
126
3
81
109
105
93
89
105
87
141
1
73
155
114
113
107
132
120
136
9
106
100
96
51
113
132
128
113
5
130
112
141
100
129
90
145
106
5
121
145
110
109
121
105
111
152
4
117
96
155
107
105
133
117
117
10
135
127
128
75
99
119
108
107
3
129
78
115
133
141
105
127
135
9
132
120
120
110
120
120
121
108
2
132
130
112
86
105
120
144
113
4
130
154
122
125
128
119
99
131
1
143
126
88
121
142
96
119
116
2
108
99
136
106
114
112
135
120
9
120
118
102
106
125
110
64
136
2
104
114
155
102
107
122
117
144
9
100
122
112
91
119
102
111
123
6
115
127
107
124
133
114
79
87
2
138
119
129
119
127
57
85
116
4
106
134
163
98
126
88
132
91
8
86
125
127
103
119
123
122
75
4
148
93
116
101
109
78
172
122
4
141
112
148
85
81
128
121
59
6
116
128
134
101
79
141
113
121
5
89
133
123
92
107
122
101
109
4
109
114
103
103
135
129
106
80
3
100
93
74
177
92
161
114
167
4
146
147
143
106
113
122
93
58
6
113
126
86
132
145
130
136
137
1
142
121
140
86
97
92
92
117
3
104
119
121
102
130
116
102
140
5
113
99
122
132
123
147
71
137
7
132
152
90
146
141
100
119
118
10
119
132
107
118
119
147
109
127
8
131
115
119
133
85
93
116
100
4
119
101
150
102
120
115
122
120
8
147
114
120
102
94
96
116
103
10
176
108
107
132
91
156
125
101
7
138
103
128
130
133
90
128
121
8
114
128
126
131
112
156
142
100
5
175
107
108
136
88
153
127
103
5
135
99
127
129
126
87
132
120

