14
8
1
3
7
6
7
6
1
16
4
3
8
9
8
9
1
4
15
5
7
0
2
1
10
3
1
106
108
147
94
163
128
140
157
10
137
127
107
105
122
116
138
131
6
136
66
88
139
106
93
90
115
4
128
108
120
112
107
158
112
135
7
122
144
138
135
127
99
79
121
5
107
127
105
114
135
119
100
97
8
122
115
79
127
120
108
128
125
6
120
112
106
109
141
152
132
101
4
125
140
91
139
134
93
119
146
9
141
125
122
91
107
127
107
126
4
126
106
131
106
123
119
113
71
7
135
126
100
91
153
128
81
137
3
85
149
136
119
113
120
118
107
4
147
135
135
118
128
103
112
113
7
117
124
150
108
113
149
92
113
8
128
94
136
120
94
115
156
121
1
116
150
130
112
146
153
128
118
6
123
113
116
109
136
126
100
120
0
128
150
114
106
98
114
155
117
7
149
100
120
92
73
146
124
119
9
93
135
122
118
113
127
106
118
9
95
140
126
121
107
108
127
94
1
117
117
108
111
110
84
134
165
6
112
113
129
152
116
134
121
103
7
94
126
120
113
129
122
132
129
7
130
113
118
96
114
89
125
96
7
122
107
122
126
117
146
116
126
3
112
123
140
119
116
119
108
119
8
107
130
107
114
119
112
121
93
4
108
106
151
126
115
74
119
140
6
98
86
136
115
85
117
134
79
9
108
112
107
97
136
125
94
114
10
97
150
88
136
135
137
147
91
10
134
112
125
72
100
120
129
127
10
128
108
124
119
129
122
114
126
8
133
108
123
148
119
147
136
88
1
121
99
111
92
175
78
89
134
2
109
107
127
94
126
109
113
102
3
115
96
150
84
106
102
117
93
2
111
155
141
147
120
110
123
68
10
135
112
141
120
127
88
163
102
5
101
99
164
105
81
100
130
107
6
121
118
77
121
125
83
110
131
5
127
91
106
104
95
121
113
96
4
107
95
105
84
100
162
110
144
2
139
86
113
140
127
137
129
119
0
106
132
100
121
114
79
140
127
6
142
127
129
105
162
69
116
163
10
128
72
120
164
113
107
77
123
10
140
113
128
122
149
128
126
124
2
121
101
143
99
140
87
134
97
2
143
80
150
107
156
108
115
109
7
136
113
93
105
117
128
101
137
5
113
150
113
151
131
126
133
92
2
124
141
93
114
133
127
142
112
9
137
109
106
93
87
100
126
93
9
104
113
93
86
109
79
119
95
6
119
126
101
133
108
106
121
93
5
143
114
101
135
98
115
119
161
8
85
101
106
85
117
120
162
124
2
113
61
125
87
128
107
126
137
6
85
104
116
134
94
78
103
138
5
119
92
112
119
93
114
90
108
6
139
84
81
93
129
100
122
93
9
102
108
109
109
121
145
106
115
2
133
103
172
76
88
121
162
99
1
127
96
153
127
113
110
129
134
4
92
116
122
111
134
114
153
141
4
153
128
141
118
141
128
92
177
1
109
115
76
142
111
156
110
103
3
122
140
108
111
142
143
91
130
0
118
128
122
107
137
85
135
105
8
107
122
113
80
137
70
103
104
1
123
101
102
116
101
143
106
102
7
116
129
132
107
112
138
147
146
9
121
143
132
109
118
114
100
85
2
141
129
92
109
144
117
130
113
8
140
113
117
134
134
155
150
106
5
95
127
125
122
172
146
106
70
6
107
88
131
71
120
153
120
116
6
131
112
117
142
105
114
127
96
1
121
91
149
122
93
114
168
115
4
126
132
130
111
126
105
114
121
2
85
142
147
78
87
120
134
137
5
113
100
100
112
148
145
100
99
5
107
138
106
110
121
143
108
143
2
149
114
100
88
134
124
116
89
6
119
103
119
102
125
120
121
149
5
103
101
83
100
128
112
130
136
0
125
125
106
146
99
98
120
120
1
146
96
108
114
126
77
95
147
0
99
135
139
118
117
114
143
122
7
125
128
136
125
110
92
109
71
5
99
112
120
162
121
133
122
107
5
113
120
147
118
113
169
127
91
1
110
111
94
113
116
127
120
85
4
133
129
130
92
113
102
157
73
5
114
114
86
108
114
106
91
98
2
136
108
118
85
135
135
104
85
8
106
110
119
131
130
70
106
94
2
112
91
107
89
122
89
149
107
3
102
140
122
133
108
121
110
135
6
123
134
156
126
113
163
83
99
9
131
111
97
86
129
129
80
114
10
90
105
115
124
87
144
121
102
1
112
113
130
131
139
107
136
100
10
84
154
154
147
106
105
127
91
6
93
85
108
91
86
119
104
114
4
114
115
108
123
142
122
115
99
6
100
128
99
96
124
97
107
126
2
107
136
143
104
147
118
127
119
0
106
131
112
141
144
101
117
121
3
117
147
101
138
134
127
123
103
9
121
130
107
85
110
143
133
117
8
121
108
132
80
108
112
113
94
0
153
107
103
97
127
67
108
136
2
101
134
94
137
119
114
168
99
2
90
109
99
120
114
102
138
113
7
141
88
117
102
96
94
128
147
5
113
109
119
105
105
150
128
108
6
107
93
107
127
116
86
127
112
9
134
168
130
91
121
114
111
87
4
110
142
126
100
120
142
134
122
2
85
110
92
85
138
111
115
81
0
99
106
142
102
131
154
141
153
5
159
132
108
97
128
130
149
100
1
129
126
132
155
100
105
134
147
7
115
121
119
100
119
134
118
87
4
127
95
135
128
136
115
147
96
4
110
120
127
97
99
92
96
130
7
93
92
118
93
142
81
138
120
0
135
89
123
122
133
141
128
110
10
116
135
109
103
126
130
148
133
4
114
135
129
114
145
100
99
144
0
107
150
109
99
115
102
170
135
9
121
93
89
113
107
103
115
125
10
118
134
158
142
93
127
124
118
8
126
114
79
149
98
129
143
128
2
117
112
151
122
135
134
113
121
5
163
91
109
91
118
114
140
113
4
105
91
124
107
99
113
112
92
7
113
113
148
134
69
131
135
148
2
124
136
142
89
133
142
100
124
2
98
120
126
128
125
109
128
141
5
111
122
139
104
110
105
112
129
2
97
122
116
119
127
113
154
114
4
122
99
152
132
128
167
135
143
3
91
144
129
115
126
86
147
142
3
107
97
127
125
73
85
169
145
8
132
157
148
121
122
133
127
117
10
109
105
143
108
96
119
113
126
7
134
113
104
135
126
119
84
107
8
120
120
122
119
97
148
156
115
3
117
95
108
100
133
98
113
88
1
85
110
53
85
79
98
122
143
6
83
119
97
119
126
102
155
122
4
114
109
153
122
105
150
141
127
3
86
114
120
122
127
87
89
94
3
118
113
128
128
66
116
140
113
7
100
136
152
101
116
147
115
148
3
133
124
92
92
102
135
107
101
5
133
142
117
120
108
107
116
78
8
100
94
114
123
106
119
96
115
3
107
85
84
106
115
159
119
108
4
105
109
85
155
127
126
107
92
7
121
113
73
128
108
137
109
141
5
87
81
90
106
133
122
101
109
9
93
78
140
113
107
152
124
150
6
122
107
120
121
127
111
124
127
5
99
103
141
103
137
96
142
74
7
103
108
135
121
100
158
105
84
4
101
125
116
127
110
113
132
94
7
90
100
134
100
128
145
101
114
3
94
106
130
133
135
112
114
92
8
149
112
112
101
117
128
130
134
8
99
65
125
173
72
99
115
109
8
142
154
98
125
85
128
85
114
0
142
129
150
104
149
117
107
117
3
126
140
132
84
112
121
102
112
0
129
116
120
100
116
101
135
122
4
91
119
117
116
149
126
151
148
6
119
105
134
128
105
119
103
191
8
145
107
117
135
132
106
142
149
1
116
125
93
140
118
122
82
107
8
106
141
100
142
121
129
154
113
4
105
113
122
117
113
91
58
121
9
115
115
149
88
116
117
106
111
2
94
100
133
90
149
127
105
96
10
122
62
89
141
116
90
99
99
4
114
105
136
143
138
103
129
113
9
128
99
122
121
116
162
126
111
10
126
77
101
113
101
135
120
113
7
121
87
132
105
134
123
105
156
6
142
129
113
89
139
144
116
86
6
103
88
111
127
88
112
112
110
8
112
113
120
120
85
101
128
126
0
91
129
109
98
107
140
107
129
3
135
131
82
97
102
154
138
71
3
111
116
131
122
121
87
127
122
5
147
93
107
97
81
104
115
99
9
120
100
96
109
122
105
149
126
8
122
150
133
129
109
138
136
127
1
128
139
81
141
99
119
109
114
3
108
134
86
116
129
122
114
110
7
80
152
121
91
149
123
98
85
8
111
108
151
130
112
122
127
73
5
160
112
101
125
134
92
133
106
2
102
137
125
85
122
111
105
127
9
128
115
141
93
107
176
122
92
9
121
107
112
129
149
91
111
86
5
107
136
114
110
120
101
119
149
2
82
127
151
94
94
149
114
127
3
87
136
127
105
120
152
100
102
9
136
113
134
120
127
103
132
119
4
118
115
138
93
127
122
89
121
0
115
130
113
134
134
89
155
123
7
126
99
127
113
105
133
136
120
6
96
124
148
99
157
89
124
154
5
101
119
106
105
108
161
102
125
2
107
144
86
142
134
99
130
95
3
134
156
107
127
99
126
146
85
10
98
153
106
111
88
116
99
135
5
117
101
87
127
99
119
146
149
2
86
124
122
126
106
103
101
120
8
121
156
126
98
113
115
120
98
5
114
70
143
135
122
141
92
130
0
106
115
129
141
119
145
126
135
3
134
114
111
114
114
120
94
93
2
121
98
123
134
124
126
136
162
5
121
143
94
131
122
79
131
150
7
112
129
110
116
89
120
118
143
1
126
127
108
142
128
97
85
118
9
106
120
119
124
135
113
73
142
4
154
95
113
155
95
122
105
112
1
123
99
106
112
71
128
122
107
1
123
134
113
113
135
147
95
119
2
92
150
123
106
113
120
129
101
0
106
106
130
134
104
119
112
115
5
114
99
143
127
128
146
123
114
8
96
164
122
121
128
94
117
140
7
142
128
105
126
108
123
106
156
0
129
118
94
146
127
134
114
115
8
129
154
87
87
142
80
119
89
5
101
88
105
133
136
109
126
134
10
100
111
108
120
132
106
151
116
7
95
120
116
107
108
118
93
103
9
156
142
106
93
133
86
121
111
4
120
125
99
150
123
128
88
142
9
136
123
94
105
96
96
74
148
4
185
119
115
108
112
94
107
133
9
87
120
119
89
131
142
126
134
2
93
114
125
155
130
92
143
106
4
145
117
141
128
149
125
117
137
1
127
119
96
123
119
113
122
92
4
77
177
122
114
72
159
120
126
1
122
142
85
97
149
92
164
125
4
138
149
85
148
108
117
147
121
10
136
134
105
86
147
139
88
135
6
126
138
102
111
60
120
100
147
7
142
111
114
93
133
90
141
100
0
131
114
124
125
122
125
103
134
9
143
64
134
108
87
103
128
109
1
124
110
119
94
144
123
114
99
8
148
163
145
115
91
98
124
121
6
98
128
98
110
118
141
128
98
9
142
141
132
105
92
101
120
105
3
112
99
91
141
159
74
77
111
8
93
141
110
133
142
113
146
142
3
110
127
121
160
113
152
142
110
0
112
140
127
130
141
121
114
101
6
121
136
107
150
116
143
119
141
5
109
114
111
114
114
100
108
152
8
145
114
118
126
100
116
129
88
1
102
150
116
102
101
124
133
89
6
87
85
132
132
113
108
64
112
2
91
113
108
120
122
134
107
86
8
74
146
109
113
107
136
85
84
3
115
115
88
93
90
120
98
137
3
114
151
125
151
144
118
136
162
0
119
137
148
128
120
113
89
105
7
162
106
132
112
102
82
102
118
8
141
105
126
131
122
119
101
106
5
92
135
113
127
144
117
143
101
8
96
85
113
109
100
155
125
102
8
124
87
109
131
130
127
94
122
3
126
114
106
105
124
106
87
128
7
126
123
142
106
101
146
125
119
9
126
93
121
118
91
135
121
105
9
135
106
118
126
91
134
114
108
5
91
139
168
142
136
85
119
126
3
135
156
84
92
138
136
127
115
10
122
71
122
99
155
97
115
123
4
119
129
140
140
105
105
117
127
3
62
128
113
130
108
122
124
129
10
100
145
119
112
131
141
143
141
8
116
101
127
88
111
91
124
109
8
129
136
124
129
122
101
103
120
3
110
112
119
129
120
93
108
123
7
120
91
105
155
137
136
88
100
9
161
88
111
137
135
85
148
122
1
106
130
120
92
123
77
122
127
7
96
135
120
115
98
98
137
128
0
91
83
100
135
123
88
92
111
2
104
126
107
121
118
80
94
101
5
118
112
128
120
126
118
101
124
8
133
128
140
126
92
119
102
98
2
112
127
106
107
127
115
102
121
8
136
162
118
103
141
93
93
125
7
114
84
143
81
142
131
114
146
1
104
82
135
126
116
147
143
100
9
113
156
108
133
145
110
120
80
5
71
83
106
94
111
124
135
113
3
149
133
71
101
143
114
108
127
0
114
82
112
121
118
136
131
90
8
84
101
133
118
85
118
120
121
7
115
71
92
126
107
85
86
114
5
149
132
129
136
137
127
118
119
3
114
134
95
93
122
120
141
113
2
130
135
107
157
127
144
140
74
9
123
119
82
114
130
129
102
124
0
85
120
95
100
113
107
84
108
1
142
107
124
120
110
87
134
131
10
113
119
99
125
101
133
70
117
9
85
129
132
114
149
127
126
148
3
133
86
113
142
94
100
150
138
1
118
119
92
127
106
141
121
106
4
127
92
136
126
148
106
160
138
10
83
122
149
119
120
107
111
91
3
141
110
125
123
114
99
110
150
6
102
95
83
126
142
151
105
140
7
155
108
117
120
120
118
109
125
5
135
131
131
150
107
142
176
97
3
113
134
142
121
99
102
116
122
6
136
129
140
120
119
120
103
83
2
106
132
98
114
143
122
128
133
1
113
120
90
133
106
163
108
116
1
99
118
132
147
103
115
119
106
8
79
96
92
120
141
108
119
119
5
97
142
162
121
107
162
147
140
7
100
107
129
135
92
102
99
110
3
104
161
121
83
97
159
103
147
8
121
108
128
106
118
126
105
157
3
147
132
138
127
100
87
136
78
0
118
123
105
145
115
111
95
128
1
61
155
89
130
118
160
106
155
0
144
104
124
134
94
132
135
119
6
99
128
91
128
121
127
131
102
3
123
115
134
124
118
156
144
114
1
114
127
115
156
128
131
107
66
2
136
123
131
119
135
105
120
112
0
124
74
106
118
111
115
65
110
3
141
126
126
106
106
131
113
126
3
99
107
119
128
120
100
156
78
3
136
132
116
109
113
122
130
133
7
107
125
114
157
131
87
131
113
8
92
123
121
139
108
134
136
122
9
99
149
126
103
120
103
158
115
8
117
107
119
123
81
148
111
128
2
145
128
134
129
124
122
113
113
8
106
129
125
123
113
121
92
131
2
113
126
144
139
121
110
115
109
1
114
109
141
154
92
104
108
84
5
121
116
141
109
98
107
122
106
2
118
148
129
101
107
113
120
113
1
84
101
65
107
147
103
126
109
2
84
150
100
114
129
127
132
120
10
113
130
105
121
129
156
143
149
7
102
163
74
140
114
98
95
94
8
103
85
142
149
81
120
102
141
4
114
131
111
88
109
168
129
166
9
141
108
147
118
112
132
121
110
5
88
85
158
98
104
137
155
90
9
129
120
120
133
82
92
141
95
8
121
127
120
104
127
125
130
120
4
124
113
138
87
122
128
96
103
1
114
142
112
67
121
148
103
94
1
110
84
77
119
105
122
114
120
2
105
93
107
147
145
120
119
99
8
105
120
118
108
109
134
120
118
7
141
124
87
117
122
122
108
156
3
146
113
135
98
92
126
102
162
1
126
106
162
115
106
95
101
82
7
135
182
121
130
77
116
133
132
5
120
156
103
120
121
120
127
133
9
99
92
139
121
129
127
119
120
0
168
105
119
123
127
103
122
138
6
123
112
140
119
116
100
142
122
7
122
133
135
122
121
104
114
115
5
101
98
110
124
113
151
134
117
1
126
119
136
114
119
108
143
117

