12
3
9
3
7
3
5
2
3
16
0
1
3
9
6
9
2
8
10
0
4
6
5
5
9
3
7
141
114
101
134
150
114
127
120
9
111
100
96
113
144
138
107
105
10
121
125
153
99
125
143
88
121
6
135
117
129
117
113
96
102
79
3
138
129
147
120
123
94
114
145
9
100
115
138
116
101
133
104
136
0
114
127
144
118
126
131
136
119
3
109
138
133
137
100
139
120
113
4
100
99
96
120
121
113
114
91
8
114
114
138
106
124
114
113
87
8
75
121
140
94
115
98
117
135
9
142
136
130
126
149
117
79
110
4
118
112
125
94
115
101
92
135
7
143
105
109
107
113
106
139
107
4
100
98
145
113
119
87
92
102
1
133
138
130
134
106
120
103
109
4
69
98
111
99
126
109
102
71
3
107
126
113
117
120
111
155
101
4
117
108
93
65
85
132
124
128
5
120
148
113
99
132
111
139
116
8
120
134
121
112
92
137
116
112
9
130
115
131
130
121
106
161
125
4
147
99
70
120
128
115
163
140
3
101
134
139
142
100
121
93
111
8
103
143
105
119
142
104
106
115
9
106
128
154
136
162
125
123
65
1
112
149
101
86
113
89
148
129
4
81
142
81
150
117
120
118
158
8
141
121
114
101
79
112
121
106
6
134
113
125
99
99
133
107
176
4
116
127
155
126
119
136
112
170
2
126
148
99
115
117
135
116
114
9
102
125
128
140
132
114
99
135
8
145
105
142
113
139
111
108
101
5
146
119
107
142
147
120
120
90
5
100
128
116
98
107
110
114
87
3
101
107
137
126
164
98
162
129
8
124
99
117
150
143
105
115
113
6
93
120
157
119
129
127
122
124
6
112
143
155
92
116
107
80
91
10
114
115
101
104
95
133
126
110
1
129
85
92
92
110
173
91
86
7
133
132
105
137
98
97
149
127
0
136
124
95
122
88
130
88
135
7
93
121
124
126
98
80
99
113
10
142
112
96
148
127
112
131
112
4
112
84
129
119
148
122
120
92
3
98
134
113
125
104
57
121
120
1
122
134
141
112
94
132
102
111
10
97
111
94
86
131
108
139
113
7
105
112
140
141
93
100
126
126
8
100
109
126
143
104
130
109
147
3
110
121
109
126
147
107
63
133
0
131
141
120
143
127
85
124
135
7
133
114
110
129
122
160
170
116
6
149
86
141
107
107
93
119
98
4
100
156
129
142
129
100
87
150
5
135
94
151
111
124
140
89
108
4
127
136
121
126
120
128
80
99
8
140
136
111
117
113
92
112
136
7
128
136
83
100
121
65
119
86
7
93
143
121
102
102
92
121
99
8
153
99
144
113
73
92
127
120
8
128
122
135
91
120
111
154
141
1
114
108
114
115
99
123
136
123
7
95
122
150
153
76
142
88
122
6
79
101
84
142
134
99
96
126
2
100
95
128
135
102
112
121
121
1
114
129
133
106
128
83
124
117
2
105
116
101
113
105
107
117
129
8
129
126
132
135
122
142
116
153
6
120
138
91
113
125
122
122
98
3
96
129
146
127
86
117
143
141
6
118
115
142
114
114
95
106
91
9
87
114
124
90
104
128
136
129
0
106
85
106
119
108
121
128
112
3
115
122
115
138
157
123
84
143
8
106
89
137
107
110
110
136
134
7
113
126
156
158
134
112
101
85
7
163
133
105
98
135
163
156
114
6
119
88
99
136
107
98
84
115
10
121
135
160
126
113
128
130
116
4
117
130
124
110
115
128
124
134
5
90
117
116
117
143
104
107
82
8
96
148
95
81
93
118
107
136
7
148
132
71
121
108
85
89
97
5
119
114
127
115
148
95
83
122
8
112
95
146
135
106
106
110
129
10
125
117
127
131
121
122
117
80
8
119
102
141
128
130
104
120
127
8
126
147
98
115
124
134
138
106
3
101
103
113
113
99
84
113
117
2
96
119
162
109
91
100
120
126
6
146
104
100
135
93
80
125
98
1
96
117
143
108
119
52
96
128
2
114
113
108
92
114
128
126
151
3
98
127
120
91
136
84
111
100
4
169
153
121
107
103
137
112
140
2
115
127
135
118
135
124
134
113
8
128
131
119
113
133
155
73
117
8
107
77
92
78
114
124
120
101
3
107
107
109
117
86
92
153
122
1
140
114
142
121
138
113
126
93
4
80
117
126
118
108
86
127
98
8
112
160
104
100
105
103
131
115
8
118
84
135
113
116
111
136
119
7
98
119
75
122
87
93
113
144
7
76
100
107
107
129
102
73
141
1
128
156
152
120
152
106
110
102
0
99
135
145
114
106
103
100
113
9
108
138
133
111
142
138
145
119
7
116
114
125
100
112
149
151
87
5
77
91
89
140
118
127
85
106
9
135
100
104
116
103
100
108
131
9
126
122
118
116
133
127
100
113
5
113
129
122
130
171
129
120
88
3
79
115
128
106
109
89
114
141
8
84
93
106
135
73
105
101
83
3
101
143
157
131
156
118
165
85
6
90
91
91
109
112
129
104
128
7
95
137
75
140
106
85
93
126
5
76
95
99
99
89
127
103
99
8
94
127
127
86
141
113
88
113
6
144
126
91
122
112
100
127
107
7
127
104
121
114
112
92
92
130
2
139
105
129
141
141
134
106
113
0
141
134
129
135
100
95
100
143
7
86
128
124
99
127
126
149
106
5
128
128
101
112
92
86
120
153
8
114
122
93
121
108
111
98
133
4
113
128
136
138
154
126
137
101
7
115
126
135
132
137
135
128
129
1
136
108
112
85
115
118
142
142
6
133
114
121
135
70
117
135
124
5
86
120
118
117
125
91
125
139
9
132
147
136
122
119
91
122
99
6
106
94
108
102
136
134
130
160
6
149
156
128
136
133
108
129
108
7
108
145
115
126
121
136
110
96
9
153
107
147
110
84
125
159
104
2
125
99
98
107
101
113
98
116
10
123
124
102
75
93
117
134
135
3
112
106
90
113
109
104
91
98
7
133
155
79
98
109
92
103
104
9
122
125
127
113
78
129
133
108
4
152
112
90
137
89
128
135
76
6
100
104
135
78
122
118
138
153
3
96
117
122
136
128
133
91
97
6
132
107
91
126
136
146
112
92
1
117
130
117
83
100
99
129
113
6
134
98
113
100
114
100
89
119
5
117
96
78
106
116
116
104
102
9
121
126
143
114
141
168
117
128
7
106
143
133
128
117
98
173
132
4
135
100
156
141
89
136
122
141
2
116
125
99
112
121
107
100
110
2
141
124
106
126
127
134
72
159
9
149
81
107
118
127
114
121
133
10
116
91
120
154
122
152
94
146
2
148
114
117
87
94
80
94
101
1
118
142
92
128
139
114
123
96
5
114
116
112
149
104
86
114
101
1
113
93
112
141
107
128
120
111
0
126
103
81
98
86
157
128
115
2
127
118
106
121
141
97
149
101
1
106
102
106
106
107
101
102
125
8
126
121
111
139
123
119
106
66
3
113
108
109
106
120
127
97
133
1
99
95
102
98
135
118
91
110
6
154
94
124
141
91
119
116
113
6
86
86
122
157
135
107
135
152
8
103
98
121
106
129
96
128
112
5
98
128
119
85
142
128
106
107
9
108
111
106
105
127
141
101
98
9
98
87
100
133
122
148
89
120
3
126
131
100
95
134
146
90
127
0
107
127
115
126
121
135
101
130
1
156
108
117
125
99
112
71
106
9
111
92
117
143
106
98
76
96
8
122
164
145
124
135
94
146
136
4
91
162
143
124
125
135
126
117
1
111
135
145
103
99
120
100
93
6
90
100
128
84
122
99
129
101
1
129
105
137
95
176
139
92
103
3
134
133
74
135
100
113
120
163
9
98
95
92
98
106
95
113
119
3
121
84
102
103
130
133
130
127
1
110
96
105
108
118
125
126
114
5
142
121
124
119
149
104
104
139
4
112
155
128
85
107
126
60
145
5
127
134
94
155
128
108
155
121
4
112
100
123
92
140
141
80
133
1
133
141
105
147
128
118
135
128
2
154
119
90
106
141
111
128
156
4
78
107
114
120
120
127
103
99
4
106
94
124
131
121
141
134
103
6
107
133
114
98
112
125
106
71
8
116
94
98
122
116
124
149
126
9
122
126
108
106
131
134
126
98
6
102
112
117
138
110
128
119
125
5
71
133
113
111
127
127
85
106
8
120
104
127
127
112
147
88
134
2
131
107
133
100
128
137
127
110
8
106
105
119
120
122
93
108
127
2
94
128
92
155
117
119
140
108
8
120
127
132
63
73
100
119
129
6
107
133
141
140
91
89
110
116
9
119
129
116
107
175
92
118
117
1
92
93
117
116
106
104
115
118
3
128
143
113
106
110
116
117
93
1
113
134
98
111
133
112
97
108
2
115
89
84
128
112
135
99
118
6
129
114
136
99
152
113
127
109
7
160
124
105
99
100
115
88
139
5
151
161
102
113
92
107
120
96
6
148
125
60
102
119
128
120
122
0
106
118
133
132
114
112
149
107
7
129
102
161
91
112
121
146
91
4
88
149
127
117
152
100
108
121
8
136
127
149
139
110
130
104
128
8
133
107
115
128
140
131
141
101
6
119
87
144
115
85
75
99
135
2
107
118
113
117
127
106
77
97
5
126
108
106
105
88
98
113
94
0
109
105
85
150
129
120
127
151
5
108
99
124
117
133
90
107
113
6
142
131
109
132
111
109
136
118
8
124
126
119
108
141
107
102
100
6
98
105
129
126
125
148
130
129
2
89
127
99
121
122
108
109
117
2
133
87
122
149
71
126
104
58
8
133
129
71
88
140
141
153
153
9
104
77
104
166
120
123
138
142
9
139
81
96
108
137
146
96
108
3
79
133
131
139
119
127
177
129
1
158
105
117
125
128
100
136
79
7
139
153
174
65
80
122
60
124
8
147
126
104
114
119
117
157
121
2
128
85
115
114
112
130
134
98
1
121
131
108
119
113
98
146
92
1
106
107
96
127
146
119
125
119
3
123
121
115
124
99
141
112
98
5
106
122
136
86
84
127
103
129
5
115
156
101
114
83
104
127
70
3
134
112
121
122
134
111
128
126
8
91
142
135
143
134
98
125
130
5
127
136
99
146
112
119
126
97
5
115
103
105
108
87
133
108
93
4
122
138
152
99
100
134
134
127
1
102
119
121
123
163
103
99
149
8
128
82
121
132
129
113
177
126
4
87
112
87
119
117
150
152
146
4
97
154
127
145
97
148
128
84
4
122
164
114
103
115
110
103
95
3
149
105
138
119
135
133
121
112
1
78
136
114
107
113
121
177
114
2
109
126
161
119
114
81
134
90
5
97
146
108
125
125
110
107
129
4
129
127
102
96
120
132
134
99
4
142
134
137
125
136
112
113
112
3
141
86
146
116
113
92
107
118
4
116
64
133
122
124
140
92
128
1
85
148
138
94
98
103
102
120
5
127
125
114
100
81
129
79
127
4
107
115
130
143
140
121
122
104
2
122
129
113
147
149
114
147
141
6
98
111
121
155
90
107
135
130
2
92
107
128
148
87
119
100
103
2
129
116
139
141
99
147
122
75
3
177
123
81
109
138
142
89
72
3
116
86
72
78
114
85
121
127
3
107
120
147
115
102
124
148
135
0
78
111
154
96
135
114
87
122
8
127
109
121
128
109
113
80
99
3
141
121
98
142
100
107
103
118
2
67
146
95
108
155
127
129
146
9
128
135
110
133
113
125
98
147
2
74
105
149
132
148
117
117
126
4
125
101
121
99
122
102
101
93
5
119
137
131
156
122
129
120
92
1
105
116
118
139
140
122
126
94
5
149
148
157
79
161
96
94
120
2
90
122
110
91
110
114
155
112
9
125
106
133
134
58
119
127
106
3
110
120
136
150
98
136
104
126
2
149
127
137
116
94
93
148
108
6
116
139
118
127
174
115
92
83
3
88
116
140
119
119
135
98
124
3
106
102
122
95
152
128
107
148
9
92
129
124
120
110
98
85
116
8
95
130
135
106
113
107
123
139
5
133
128
113
139
156
140
98
87
5
93
135
93
115
113
116
142
100
6
81
127
119
121
119
111
143
86
10
122
113
72
94
112
139
105
134
5
108
107
126
104
109
97
108
118
7
144
96
105
133
141
125
98
97
9
115
129
129
100
121
120
154
140
5
121
122
128
156
111
111
134
112
6
150
132
71
104
123
98
128
101
4
106
112
124
134
91
114
135
110
9
149
104
121
71
79
94
142
130
1
130
103
140
114
106
112
107
117
6
122
121
129
137
99
105
95
113
9
51
135
162
71
138
106
130
118
8
127
66
111
156
80
126
87
134
10
136
145
106
90
103
117
78
144
7
89
111
143
86
121
134
124
100
3
107
142
100
112
141
108
100
125
8
126
102
161
126
94
98
83
106
10
117
112
150
116
104
158
102
142
4
80
118
115
117
134
92
164
99
7
107
136
130
128
113
115
157
131
8
89
137
113
144
108
119
120
149
4
125
106
84
127
110
94
86
92
0
128
126
156
99
126
135
118
119
5
131
115
111
147
111
135
106
90
6
106
125
115
126
119
118
106
122
5
124
109
134
135
127
128
90
111
2
184
108
112
127
153
130
85
131
4
112
134
135
157
106
111
102
107
7
133
125
128
141
126
109
119
106
3
100
127
105
145
112
147
101
87
8
102
142
105
143
117
89
113
99
6
137
113
130
93
80
84
100
114
5
129
145
107
159
135
141
92
129
2
102
114
148
92
118
69
144
119
2
112
106
122
105
127
118
112
173
7
113
120
119
72
127
93
73
126
10
134
126
133
111
99
102
115
137
5
109
82
141
130
122
141
91
81
2
142
164
96
79
108
140
84
122
2
145
156
134
114
169
138
123
123
3
98
102
125
110
105
114
118
131
2
108
123
89
131
94
93
134
125
2
108
115
120
113
121
154
134
108
4
135
130
71
84
98
121
156
101
1
140
114
170
120
120
140
92
120
0
122
79
102
142
91
68
92
89
5
120
110
115
133
116
157
124
162
3
115
116
119
109
114
123
71
132
8
137
95
91
140
107
114
143
93
7
107
107
113
120
110
132
97
113
4
121
123
95
150
104
83
101
114
6
93
106
112
101
113
123
162
116
9
115
122
120
137
103
121
126
122
1
104
120
172
141
140
124
109
105
6
107
112
111
113
113
106
130
124
0
102
114
131
122
96
113
135
108
1
98
94
106
119
105
133
124
101
0
86
126
114
133
74
77
127
120
9
136
144
108
142
78
122
136
98
3
139
105
108
127
139
125
141
155
4
101
112
144
125
79
107
112
93
2
72
136
107
121
114
119
115
107
2
135
140
125
120
163
108
118
123
5
119
144
159
110
96
107
104
117
6
87
102
141
114
134
113
107
97
5
140
115
122
127
111
82
132
102
1
129
113
135
96
145
132
169
79
7
108
155
133
113
99
136
105
113
5
110
123
115
99
120
80
143
112
9
112
107
127
92
111
107
133
94
5
116
143
98
117
125
110
124
99
2
112
96
121
93
122
153
99
126
9
110
124
113
106
136
150
117
114
2
89
128
112
119
143
126
101
121
5
78
112
118
102
92
99
99
141
10
129
127
128
152
134
132
123
111
2
142
127
107
128
105
125
127
100
1
115
129
119
115
151
115
120
128
5
120
93
125
155
107
120
126
126
2
128
134
109
106
147
126
113
142
7
112
112
111
118
149
107
127
151
3
127
118
101
145
92
123
137
144
7
129
126
123
139
95
119
87
106
8
102
138
139
78
122
107
96
116
7
133
116
84
86
129
112
141
103
9
127
144
110
90
108
124
120
120
7
96
106
107
107
140
103
107
119
0
163
135
119
66
119
112
135
100
2
152
104
88
92
171
121
107
143
4
168
121
110
128
119
141
101
143
10
118
104
93
134
105
137
134
124
3
129
130
97
116
136
91
121
125
8
134
135
112
111
125
121
100
91
3
155
124
132
153
107
128
102
113
6
141
133
120
84
114
135
87
114
5
83
119
136
108
104
130
72
121
9
155
119
133
153
112
130
107
118

