16
8
3
1
4
9
6
6
3
11
8
2
2
5
2
0
5
7
10
5
3
7
8
1
4
9
5
112
119
108
120
130
77
125
120
2
138
127
128
107
112
102
118
148
7
141
127
140
115
107
95
132
129
9
96
128
132
101
130
94
99
156
5
133
148
127
129
136
95
101
92
3
126
113
99
112
119
114
121
124
1
135
113
110
126
119
79
113
100
10
115
141
139
108
148
131
117
135
4
85
106
119
85
115
119
120
109
8
91
113
106
113
127
85
106
128
2
107
126
91
140
115
129
121
149
6
121
146
79
107
127
154
75
113
7
126
127
112
142
116
145
75
107
7
134
128
142
141
128
118
105
107
7
154
107
103
107
114
100
148
124
3
95
116
107
133
156
105
120
152
3
149
78
142
104
119
137
114
76
2
121
72
130
137
84
101
112
112
7
107
127
108
104
154
89
116
131
8
94
70
85
91
101
103
135
124
9
92
115
96
114
134
159
114
99
8
107
117
104
130
151
126
140
97
3
164
87
85
136
117
130
121
99
0
152
99
110
127
122
98
174
143
7
111
108
104
126
112
150
105
105
9
126
99
122
140
132
120
127
114
1
115
152
149
109
108
120
104
120
3
113
83
114
91
85
132
117
145
8
132
107
109
149
116
106
113
109
2
60
128
118
153
115
113
99
143
1
141
127
123
97
125
147
120
161
2
106
109
142
84
140
93
152
142
1
126
121
120
86
56
106
142
123
3
124
94
151
117
120
72
122
85
9
99
119
107
123
122
139
107
142
2
102
145
92
94
142
121
132
135
5
98
134
141
127
125
128
90
117
7
144
137
128
152
94
100
131
107
2
149
118
140
111
93
113
126
121
2
87
138
126
117
103
99
104
113
6
101
129
129
141
144
99
120
187
7
103
100
115
133
132
112
88
128
6
124
113
116
129
130
93
84
133
4
92
125
111
129
91
114
134
106
3
115
110
120
136
99
143
132
92
7
122
122
135
98
136
149
127
134
7
125
113
93
90
103
77
107
92
4
105
106
120
126
146
106
92
102
7
123
162
117
142
122
113
107
71
1
117
109
113
121
103
99
73
130
4
80
84
122
135
93
106
128
116
3
113
90
94
123
108
124
140
108
2
122
122
135
114
115
121
146
134
7
133
98
134
119
157
122
86
120
0
128
111
82
115
135
130
107
133
0
124
72
99
81
109
104
123
105
3
107
113
116
109
127
78
138
141
2
113
104
109
98
120
90
113
106
6
127
95
128
107
137
134
94
112
10
119
118
72
131
86
102
106
107
5
108
144
122
133
118
134
100
121
4
139
127
99
126
89
106
123
102
6
94
89
106
110
144
112
126
134
1
116
114
101
135
107
134
155
106
1
85
114
115
139
137
132
143
127
3
121
111
105
138
64
96
132
116
7
97
124
131
122
118
109
112
106
3
113
122
92
101
119
91
185
141
6
96
149
115
129
99
121
139
138
6
107
120
107
100
88
134
109
111
3
144
112
103
108
133
113
105
102
4
106
142
135
106
145
136
140
99
4
102
111
133
122
141
67
132
115
2
120
121
142
128
126
102
127
115
5
125
96
112
124
114
99
119
142
9
127
128
131
129
142
111
123
130
7
130
112
115
132
120
142
94
120
1
141
89
115
88
79
111
148
139
4
143
108
135
122
121
93
110
122
9
125
87
126
118
117
142
143
127
5
113
94
96
70
121
135
99
126
3
121
100
117
113
126
73
85
110
7
119
101
115
116
104
127
145
134
1
149
129
71
101
117
157
121
147
0
93
117
95
121
104
162
127
113
3
109
93
115
134
81
120
127
131
2
106
157
96
106
137
94
109
111
10
100
91
127
135
143
130
109
98
3
111
126
100
117
112
71
113
163
5
175
95
86
120
78
102
105
123
3
107
130
133
100
135
119
88
93
2
110
88
128
117
129
121
89
92
5
127
130
112
119
116
105
131
101
4
127
130
108
121
100
106
113
124
0
77
152
146
104
118
108
128
135
8
136
124
114
143
121
127
106
93
6
114
135
127
128
153
114
85
130
10
94
152
137
106
106
105
85
133
10
130
142
118
93
110
104
144
115
8
119
85
78
77
115
134
120
127
9
140
132
110
127
119
119
113
110
4
120
117
136
98
120
106
108
107
7
92
121
130
108
94
147
91
115
5
101
119
104
96
119
66
100
93
8
122
113
106
103
161
137
87
118
6
123
119
117
114
155
110
101
72
4
105
138
107
167
92
106
133
110
10
101
118
128
115
140
119
141
136
2
92
112
166
135
114
121
145
102
0
105
95
146
95
114
88
123
112
0
137
69
98
80
144
130
118
125
9
89
119
87
124
127
133
105
120
5
122
138
113
106
132
138
116
152
9
149
142
70
149
132
91
131
117
3
131
88
121
147
123
94
125
114
6
156
129
119
129
116
106
96
94
4
121
106
122
114
94
103
148
117
4
120
158
117
142
140
120
147
142
10
103
143
134
131
100
128
129
119
9
115
112
86
120
124
142
102
147
9
136
140
121
94
109
119
116
115
6
149
114
127
104
95
87
141
136
2
128
112
105
120
110
126
88
113
6
131
94
95
122
159
151
150
99
4
140
114
114
128
120
140
126
138
0
127
79
134
118
140
131
80
104
3
114
121
136
94
92
117
89
92
3
101
148
123
111
141
120
139
151
10
127
79
114
118
75
153
105
120
2
119
111
86
119
139
101
149
142
2
133
113
71
125
87
100
136
112
4
145
103
98
154
113
101
144
142
5
139
120
99
160
119
111
120
96
6
112
127
101
111
80
102
127
106
3
126
134
141
135
131
145
72
86
7
100
102
139
111
88
113
125
106
0
121
107
108
114
134
142
139
128
3
147
120
90
106
127
81
141
98
3
135
109
141
119
127
87
111
131
8
106
103
124
134
143
121
82
98
3
84
112
111
118
150
137
140
114
5
147
146
148
114
108
114
140
144
7
92
105
86
135
113
130
107
125
2
113
162
114
123
126
122
138
148
8
123
107
100
113
113
124
148
116
8
114
95
101
125
118
128
99
141
5
155
152
124
129
115
126
112
92
1
124
94
115
101
92
134
127
97
1
124
110
88
122
112
133
111
103
2
105
111
107
128
101
117
129
100
9
110
107
113
86
108
141
111
74
6
106
121
116
98
104
133
116
117
7
96
106
115
123
94
107
109
149
2
122
131
92
90
128
135
119
133
5
134
109
105
134
116
126
103
129
4
122
114
106
122
128
147
123
124
1
95
103
111
63
112
126
134
90
6
93
95
135
106
87
80
104
92
2
119
137
85
127
117
123
123
107
9
129
147
128
99
140
141
129
113
8
99
122
141
128
135
127
106
155
4
109
136
137
140
99
123
127
115
9
93
102
128
112
117
111
106
130
7
109
134
100
114
125
137
107
97
2
109
99
121
120
127
113
143
104
9
121
96
161
134
106
135
83
115
6
112
91
146
105
130
100
100
121
2
120
99
134
107
128
114
142
133
1
158
71
127
96
144
103
134
110
8
113
109
97
125
121
121
120
145
8
122
119
101
100
129
110
100
127
5
98
109
94
147
145
139
117
136
9
108
97
99
112
131
148
149
123
2
143
72
155
109
114
116
113
121
9
133
87
108
130
158
109
108
119
3
108
113
135
127
136
139
107
121
1
108
77
91
122
109
107
84
99
1
117
104
119
98
113
102
108
107
9
136
129
108
136
85
128
98
107
4
121
91
81
151
99
167
134
154
1
121
71
95
120
122
93
99
124
7
93
122
129
118
122
132
130
142
6
114
132
115
127
89
138
124
105
1
112
152
103
133
128
169
52
134
9
128
116
124
124
87
134
122
149
9
101
127
117
82
122
105
106
122
8
97
104
107
117
110
98
108
92
0
120
154
123
105
135
112
74
94
7
101
162
122
100
101
87
84
122
1
92
127
132
128
126
92
130
110
3
39
121
140
114
109
145
110
113
1
125
128
145
110
165
148
126
101
8
135
127
114
74
124
141
120
114
7
135
102
119
108
85
100
106
113
6
99
105
98
121
116
128
92
162
2
152
132
114
123
102
114
136
91
7
104
99
85
77
117
107
92
94
5
144
104
70
103
118
123
96
99
7
143
155
135
126
107
137
108
134
1
140
126
139
99
106
149
79
88
7
112
97
147
114
121
108
148
120
10
87
120
154
126
103
129
129
129
9
135
93
92
118
152
131
63
98
4
122
127
84
109
135
120
105
136
5
130
94
122
103
137
95
130
94
7
127
156
98
132
140
89
123
124
7
106
156
123
122
127
140
115
133
5
86
138
94
163
121
149
138
101
2
100
148
128
127
147
127
127
139
3
99
129
135
150
123
137
120
84
2
121
107
135
111
142
91
140
107
1
129
136
120
150
81
126
112
129
4
95
142
135
133
119
127
147
113
8
123
120
113
113
118
91
127
113
8
109
106
144
106
106
129
105
142
2
125
116
127
110
78
118
101
126
8
96
141
98
118
129
122
90
163
9
128
124
139
142
91
109
156
159
2
156
92
100
79
163
115
88
127
2
119
120
120
138
148
107
94
101
2
136
135
111
87
113
105
126
135
9
85
124
177
117
80
109
93
137
9
78
116
93
132
127
114
114
123
2
135
99
109
124
141
79
122
87
9
92
94
132
126
109
137
127
108
2
148
157
113
87
88
147
121
114
0
108
151
114
120
136
117
106
96
7
155
140
127
121
124
117
122
150
4
114
114
72
129
140
120
122
114
1
98
126
109
136
103
136
111
150
4
126
126
113
113
106
90
131
93
8
122
117
116
128
117
95
144
121
1
123
128
156
139
92
116
107
145
4
115
113
121
113
92
143
125
101
6
95
141
135
108
135
143
159
123
10
137
109
122
99
121
105
104
139
0
121
125
116
138
114
100
100
88
9
154
119
102
137
122
127
108
108
3
119
99
107
119
130
119
126
134
0
125
93
100
120
107
108
110
122
8
118
108
110
142
97
121
68
134
7
122
93
120
100
134
93
100
92
9
113
115
120
137
148
106
117
113
2
129
120
107
105
138
128
100
110
7
93
134
88
117
128
142
101
131
1
124
131
116
90
101
143
113
127
1
132
125
97
142
120
87
123
102
8
110
107
118
103
136
93
141
101
6
118
148
98
117
113
132
141
92
2
116
129
135
148
105
79
60
118
5
91
123
165
102
112
184
142
125
0
144
92
129
164
103
128
104
129
7
127
110
120
157
117
148
133
121
1
105
136
112
135
127
156
83
128
1
87
141
122
132
115
137
129
91
6
99
141
115
152
136
126
114
128
3
131
120
143
146
101
108
119
82
10
102
95
141
112
115
149
147
108
4
122
140
59
128
113
96
141
134
1
65
124
141
109
129
146
119
108
2
113
130
57
121
114
115
134
110
6
134
119
122
120
126
118
106
122
7
114
98
98
101
122
138
142
104
1
115
129
104
53
128
122
113
91
9
103
113
120
106
87
109
114
113
6
103
97
110
126
149
103
107
126
2
106
130
130
130
123
82
135
122
4
133
97
113
110
111
64
115
107
1
116
124
137
100
83
121
108
82
2
120
134
119
122
132
103
116
140
7
98
127
146
130
113
126
108
100
7
120
97
105
131
122
123
93
125
3
113
101
148
121
116
139
127
93
8
121
94
103
103
143
121
104
156
6
112
115
116
112
127
94
129
137
0
84
128
155
121
100
85
111
114
4
153
109
140
92
112
134
157
124
3
113
156
117
105
112
149
117
113
9
115
111
105
100
119
93
102
121
3
137
112
106
94
121
108
171
81
4
108
122
132
121
149
74
104
122
2
114
132
119
106
122
157
90
106
3
98
140
120
143
146
101
123
141
1
123
129
97
68
120
141
110
149
1
122
92
139
110
142
113
96
148
5
124
121
118
133
152
120
135
113
8
88
148
98
144
138
122
122
128
10
117
127
130
123
132
118
107
103
1
104
144
133
135
99
118
101
92
1
136
92
106
162
91
142
115
98
6
165
98
141
91
149
140
124
115
2
141
98
118
120
122
132
179
84
2
162
157
142
120
106
127
112
127
0
92
142
145
110
99
126
98
121
2
120
105
122
120
113
110
110
117
7
182
75
91
121
103
123
126
85
1
93
121
130
130
70
91
103
119
7
142
140
86
121
123
71
110
161
7
135
129
94
56
134
156
130
149
7
96
115
89
93
92
111
125
145
7
137
142
102
107
140
152
80
142
4
89
100
66
101
143
144
119
118
9
114
128
140
142
120
114
97
119
3
134
136
152
133
156
118
94
121
6
83
132
116
128
101
127
121
143
10
117
123
133
102
145
120
90
88
0
120
126
134
127
121
85
114
123
8
128
114
112
97
101
114
149
114
5
121
112
106
149
138
125
77
106
6
124
155
112
123
99
106
106
100
4
109
131
94
79
114
126
106
90
1
141
133
101
120
129
112
95
114
9
132
94
121
120
123
142
91
104
4
119
110
97
94
85
109
159
91
1
108
96
125
105
105
97
133
108
9
88
104
102
127
134
100
133
118
2
114
125
115
119
157
82
133
107
6
141
122
119
125
110
99
128
101
1
128
109
189
102
115
156
134
127
0
96
131
114
119
129
107
116
126
6
136
114
94
109
108
106
140
80
6
123
112
106
141
111
91
86
129
4
112
122
165
112
112
94
106
99
7
121
113
129
112
121
156
164
136
2
129
101
121
100
92
107
82
94
7
121
113
112
104
141
113
127
107
4
116
92
154
124
81
105
95
135
2
105
129
135
126
120
111
108
142
1
129
146
127
150
99
85
109
96
4
105
119
106
112
145
141
106
98
2
92
87
128
142
156
100
100
108
3
128
113
114
142
144
161
139
100
5
133
127
113
124
101
141
84
107
8
79
149
122
139
97
110
141
117
3
118
140
99
99
77
107
120
133
6
98
113
128
110
125
116
77
126
6
127
116
142
110
108
120
104
106
5
122
135
132
116
104
150
106
121
7
120
122
135
77
120
111
134
121
9
99
100
134
116
143
116
106
75
8
84
142
135
107
120
62
138
90
9
114
109
94
113
133
130
135
121
6
126
138
90
113
124
120
89
125
3
121
78
112
71
121
135
134
103
2
99
116
119
116
85
113
101
141
6
112
117
106
119
109
79
100
129
4
123
108
137
150
114
126
108
92
9
109
114
112
121
131
111
94
116
5
132
104
100
94
81
100
148
80
10
107
121
104
139
92
164
94
123
1
91
133
120
120
90
149
121
110
4
121
106
151
125
111
127
131
105
10
107
130
134
112
92
101
126
136
10
143
99
119
92
112
119
106
122
3
113
114
92
114
123
107
114
131
6
110
149
113
135
117
72
114
126
8
158
93
112
136
88
113
135
155
3
128
117
118
87
117
107
106
99
3
120
111
107
131
115
106
103
108
3
113
120
131
130
113
135
104
114
5
138
113
126
138
102
106
129
107
5
129
90
141
128
77
101
87
127
5
121
86
100
107
142
140
81
106
9
107
94
113
93
136
138
119
129
1
97
140
143
114
162
107
113
98
9
114
113
112
124
102
128
114
117
3
101
97
129
125
108
103
95
177
0
111
89
119
142
107
111
110
120
8
113
99
118
122
104
140
80
95
6
127
80
107
107
65
115
115
133
5
108
131
92
119
159
104
128
100
10
119
116
142
97
129
92
120
87
4
131
114
91
112
121
81
126
118
8
137
128
156
93
110
128
122
124
3
139
115
134
120
149
139
114
142
2
118
116
113
131
115
146
143
122
1
112
135
134
106
114
132
145
106
4
82
129
115
107
115
148
126
134
5
125
91
129
121
122
104
104
94
2
120
95
98
147
129
119
114
109
7
106
121
136
126
136
102
112
129
7
107
95
133
127
128
134
99
119
2
109
156
118
126
112
134
134
99
7
127
120
91
70
134
128
103
84
1
141
145
110
143
123
115
127
123
8
115
99
108
114
113
102
107
134
4
108
102
128
136
126
121
163
74
2
142
124
127
85
117
112
93
168
2
120
105
111
105
119
101
108
140
8
108
104
123
135
128
123
159
74

