15
7
3
5
8
2
7
6
10
16
1
2
8
3
5
7
8
7
12
0
5
3
3
3
7
5
10
155
114
130
108
86
135
117
100
9
127
79
161
122
122
89
113
52
8
121
135
150
128
112
114
142
129
3
160
91
122
92
103
141
142
105
8
113
142
141
97
124
113
114
99
6
114
135
114
151
126
121
136
102
3
126
113
115
127
88
105
82
113
2
123
119
154
87
104
95
127
120
7
105
130
114
137
139
120
121
146
3
63
120
90
85
121
139
142
91
8
122
104
94
119
100
150
66
101
9
125
168
114
140
136
130
121
100
4
153
101
128
149
128
96
122
118
5
91
120
111
129
95
156
112
111
3
107
119
107
99
122
125
97
134
1
109
98
130
99
106
114
139
115
2
142
107
116
114
101
149
122
114
1
134
142
132
110
94
148
72
127
6
105
115
132
122
130
162
139
106
10
135
87
85
119
126
114
91
99
1
133
154
93
107
121
116
107
132
4
88
141
131
126
119
106
140
60
9
92
105
52
114
101
149
125
114
4
136
98
130
121
136
171
91
81
8
97
94
117
113
114
89
102
78
9
97
85
114
129
112
126
121
118
3
131
149
94
108
107
141
132
129
6
136
96
75
121
135
90
114
141
7
115
100
137
131
154
114
114
96
4
76
134
88
141
140
127
109
80
1
163
110
147
135
127
121
137
126
4
116
141
120
103
113
130
124
98
4
118
148
132
122
108
84
97
109
6
96
106
153
121
152
116
86
109
3
115
108
133
162
135
114
130
126
7
142
85
143
154
82
81
142
114
9
121
144
175
106
113
99
127
123
8
93
110
96
95
128
128
111
122
9
142
120
135
119
112
92
90
132
9
123
134
132
99
79
77
101
118
4
154
106
119
113
130
108
121
119
5
136
121
125
121
118
115
129
92
1
134
123
127
98
96
136
158
125
8
114
140
115
122
109
110
113
120
8
118
102
124
124
110
116
116
107
4
104
127
100
101
126
119
154
114
7
105
111
123
125
171
120
162
142
8
94
115
113
109
113
128
93
125
10
121
128
97
108
129
102
131
123
5
141
101
125
112
111
117
101
137
8
113
134
124
117
118
114
97
95
0
107
132
114
124
135
106
134
107
3
137
131
140
133
119
127
111
79
5
100
126
98
135
79
77
152
73
9
103
132
113
127
87
94
77
136
6
115
126
145
105
95
128
101
80
7
94
116
129
142
120
89
116
152
9
126
134
121
149
102
96
114
82
8
96
124
114
75
96
128
149
113
5
105
93
118
106
120
107
115
115
9
148
132
103
129
94
148
84
95
1
121
90
125
135
92
113
142
115
5
105
112
116
103
98
120
132
121
5
120
108
120
117
130
128
128
171
8
112
127
121
121
119
101
114
107
4
133
135
123
134
127
108
132
103
7
127
114
129
141
134
130
59
70
9
116
89
134
140
114
120
85
121
8
115
135
142
135
120
117
64
147
5
106
101
112
135
119
101
101
91
9
136
127
132
142
127
129
107
104
2
127
109
71
127
120
142
150
100
4
111
104
117
106
142
105
136
136
4
155
107
119
106
114
98
111
105
1
135
96
121
84
126
120
121
113
5
84
122
109
114
105
128
62
119
3
120
81
80
127
112
129
99
101
2
104
91
99
115
109
131
113
126
0
108
127
134
137
94
105
91
98
3
136
115
140
93
126
141
107
121
6
127
91
105
123
120
112
116
116
3
122
127
160
150
135
106
147
94
5
96
150
68
115
115
130
147
97
6
150
111
93
149
118
122
118
92
10
94
109
123
129
91
129
128
102
2
118
104
150
103
113
87
119
121
2
85
102
76
166
97
116
105
57
2
85
77
120
136
126
155
89
91
8
144
130
127
119
123
129
115
115
8
120
95
114
106
105
114
148
106
6
127
85
115
113
113
136
135
98
3
146
131
151
157
128
105
118
101
3
139
135
113
118
95
130
133
124
2
94
86
107
86
104
97
132
112
2
135
101
105
132
129
101
81
112
4
130
147
108
116
94
93
126
124
8
111
95
135
100
107
93
119
163
9
97
81
121
124
86
136
144
89
6
160
82
139
139
126
91
115
106
1
145
112
87
95
111
141
151
101
7
105
152
129
115
128
114
109
92
6
95
109
106
83
107
122
118
97
3
128
105
124
113
107
143
99
108
9
112
69
109
117
121
98
119
127
1
130
141
127
96
98
132
94
109
3
126
106
113
102
95
114
127
141
10
125
85
120
149
103
119
103
141
7
136
140
118
119
120
68
121
118
7
105
89
124
140
149
103
113
127
4
132
122
106
121
103
104
149
121
9
107
126
112
141
143
136
147
111
8
97
103
120
147
85
134
138
126
7
113
122
106
85
128
106
114
154
2
115
135
102
117
102
147
120
105
4
129
84
149
142
136
144
85
107
2
111
128
86
112
100
175
135
128
4
135
96
114
111
121
176
100
146
3
93
114
114
145
122
168
125
132
4
119
120
107
125
124
94
98
106
3
98
96
115
100
85
114
113
115
9
120
131
90
94
93
106
143
145
3
138
152
86
139
102
71
103
93
4
129
130
135
146
125
124
120
106
0
114
128
70
91
133
97
124
125
5
121
120
116
126
120
70
138
104
9
120
141
113
63
115
106
121
134
9
113
100
135
109
107
112
115
108
8
161
117
125
136
112
97
117
138
9
107
117
111
119
106
132
99
92
9
107
104
79
125
128
92
96
99
3
117
88
96
113
113
131
90
150
4
96
159
126
139
84
97
118
105
5
105
119
135
147
149
123
139
104
4
166
125
71
141
135
106
124
80
5
131
107
119
142
138
116
97
115
4
80
112
149
168
112
143
95
71
7
109
135
129
134
99
112
110
122
4
92
177
156
99
110
125
104
161
6
128
134
120
149
120
106
116
99
8
150
87
130
108
119
114
118
123
8
93
134
99
86
92
110
93
144
3
114
142
115
128
100
81
87
119
8
99
110
91
149
126
126
139
106
8
110
103
97
135
127
107
144
154
8
107
128
137
125
111
130
129
105
8
114
125
122
128
141
120
99
133
5
107
112
132
135
127
135
137
101
8
129
106
83
89
129
133
137
120
0
120
114
140
114
126
105
121
89
4
152
126
119
92
131
129
130
93
9
148
113
149
111
142
148
131
108
9
113
67
111
126
129
94
127
119
7
135
124
137
80
132
111
119
107
4
91
119
107
150
126
106
115
117
1
113
122
139
106
130
101
140
103
9
105
105
108
101
106
139
150
68
6
182
128
126
129
92
155
153
150
5
127
142
105
163
103
136
136
92
5
112
100
128
111
124
97
117
129
7
107
137
114
127
121
148
85
100
9
129
111
111
72
107
106
125
84
10
138
99
113
131
114
116
135
134
9
122
133
108
113
130
106
122
86
8
108
120
113
121
153
92
118
105
4
118
123
90
131
159
103
137
96
2
133
115
150
157
131
156
127
79
4
98
110
99
134
101
120
86
109
3
132
140
107
143
99
81
121
133
8
124
112
106
119
153
142
106
114
8
130
71
134
118
94
131
138
87
1
117
88
145
114
117
125
148
107
6
114
117
107
113
119
126
117
143
6
98
96
117
120
99
75
112
105
6
111
145
107
145
123
121
129
126
4
106
97
130
114
92
148
150
122
6
108
94
107
132
72
112
122
140
0
86
128
135
154
142
117
99
155
8
146
105
105
96
122
158
113
156
4
121
120
117
127
176
155
115
113
7
127
106
119
76
112
129
84
117
10
107
99
113
128
133
88
135
92
2
129
116
143
121
128
91
86
105
5
128
72
144
131
90
107
96
126
5
122
127
157
108
121
119
101
135
8
148
106
93
104
133
122
143
144
6
141
88
142
92
120
134
135
73
8
131
140
153
127
118
135
141
115
4
129
127
112
109
156
142
101
85
7
134
156
164
148
99
127
127
133
2
123
86
114
88
116
176
142
152
6
129
108
116
105
100
122
115
148
10
131
145
147
107
179
129
136
101
3
128
149
135
102
150
129
114
165
10
97
126
106
112
134
84
153
129
1
146
135
108
148
97
156
92
99
3
103
127
124
130
127
99
107
112
9
141
121
115
108
120
161
123
120
8
107
120
86
133
137
117
119
136
9
113
125
107
107
136
147
134
85
4
130
129
133
128
115
117
152
120
2
127
141
118
131
120
114
117
100
7
94
100
108
124
117
99
79
100
8
142
145
126
94
113
101
157
128
2
113
120
112
132
120
82
119
123
6
121
107
139
84
126
123
141
114
10
106
136
114
91
128
99
141
128
9
135
171
109
86
148
105
117
143
1
126
134
82
102
113
120
102
95
9
92
124
138
120
93
90
150
145
5
102
132
112
91
123
123
119
115
9
91
121
124
96
139
91
91
106
1
101
99
82
92
106
102
120
121
1
87
119
120
129
106
126
113
116
6
114
135
116
135
155
91
99
119
6
101
122
112
131
126
93
94
85
2
93
121
99
88
103
132
100
150
1
120
119
128
87
77
106
100
119
0
147
135
124
140
142
133
83
152
8
80
78
134
143
99
105
126
128
9
147
108
99
86
129
129
109
101
9
139
97
129
115
121
126
121
113
3
134
107
106
143
111
136
112
129
5
106
98
112
141
134
113
120
89
8
111
93
99
121
95
118
87
133
3
108
109
133
101
129
107
122
69
6
99
156
91
118
94
92
107
112
5
100
92
85
110
121
116
149
155
1
113
139
128
128
118
79
102
136
8
95
148
163
125
112
111
105
149
5
141
107
109
112
122
98
122
99
8
139
140
120
137
73
114
155
129
0
101
85
119
143
116
111
104
134
10
114
126
109
140
128
128
113
128
7
139
152
129
128
143
110
98
78
6
110
94
121
128
123
150
94
87
0
104
109
109
149
126
119
141
133
7
106
96
79
143
115
135
140
133
8
112
123
130
103
154
158
85
78
4
113
127
95
83
123
124
104
140
2
89
118
148
74
133
120
99
113
3
129
116
140
117
135
115
90
115
8
60
134
107
86
95
122
95
103
3
103
161
126
100
109
137
144
134
7
93
128
85
141
139
144
109
122
7
107
91
119
108
98
112
89
139
10
90
106
136
97
85
109
144
102
10
107
113
140
146
121
99
57
132
2
120
127
141
147
106
92
114
75
9
145
131
121
89
98
110
121
105
0
107
98
119
122
73
96
93
107
5
113
92
121
115
122
128
126
141
1
123
104
122
114
125
118
109
138
10
136
99
98
92
162
97
128
108
9
108
156
95
93
82
99
136
153
1
104
122
136
126
106
109
105
118
1
122
97
143
135
105
90
112
149
7
95
108
134
126
127
114
145
136
8
138
109
108
106
114
101
133
153
9
109
112
135
86
137
119
82
128
3
101
133
120
120
87
135
115
124
0
148
95
114
157
100
152
99
119
3
115
116
140
105
108
127
115
84
5
108
130
141
114
134
102
87
169
6
119
127
129
106
144
149
78
172
7
134
154
94
130
85
121
99
122
0
129
128
118
133
134
132
76
139
8
148
114
112
112
137
131
76
115
1
121
117
99
120
114
102
106
99
6
134
140
114
114
121
121
123
126
5
100
128
106
121
121
141
122
96
4
105
141
112
117
100
100
129
155
7
108
113
121
108
160
97
148
151
4
111
139
111
110
135
86
86
119
1
70
119
124
120
107
101
128
105
9
91
97
120
100
125
100
173
125
9
106
129
129
133
105
79
118
108
6
109
106
153
122
154
134
90
126
5
146
140
117
106
105
78
91
105
7
141
154
110
78
113
134
106
143
5
127
144
138
127
127
113
100
99
6
134
155
140
142
127
106
146
121
6
134
152
85
110
78
119
109
92
3
128
115
108
130
116
111
138
132
7
126
131
123
120
103
114
136
132
4
130
111
118
126
121
101
116
169
9
149
101
113
109
129
136
123
128
9
142
149
150
117
125
117
125
143
1
96
123
126
112
119
109
127
112
6
148
118
81
128
100
119
107
116
2
121
138
148
104
142
81
109
100
5
91
111
119
111
119
140
119
99
6
127
124
88
131
117
143
93
114
6
78
127
138
86
104
125
127
118
8
136
119
97
106
142
106
119
97
5
153
115
129
87
161
119
167
149
2
151
112
119
95
120
100
140
133
3
92
134
139
117
130
122
161
135
1
164
129
111
124
140
141
113
117
0
112
122
136
109
115
120
142
139
4
117
155
115
101
115
105
144
143
7
107
91
120
146
154
97
120
108
4
115
92
65
106
126
127
91
94
3
131
137
111
164
124
133
123
122
6
127
133
105
110
127
123
102
143
6
108
141
138
149
108
130
120
103
4
96
83
107
108
99
98
99
121
4
117
91
106
101
86
109
125
142
7
103
111
113
125
114
163
101
122
1
121
121
164
79
84
92
123
156
2
127
121
106
167
110
124
87
122
8
142
81
113
102
142
101
110
93
9
113
110
117
96
128
115
91
101
1
112
121
133
106
120
102
85
130
0
154
73
113
131
120
105
154
147
3
125
128
112
132
115
99
115
123
6
109
100
119
98
129
72
73
113
9
112
142
105
127
119
135
121
153
10
108
121
145
140
121
101
114
134
9
83
142
118
107
134
115
129
112
1
138
94
106
135
128
101
75
127
3
87
76
99
107
124
78
142
115
9
93
137
133
114
114
136
114
146
5
88
108
136
136
101
136
100
143
5
134
109
139
101
106
117
119
128
1
118
116
111
129
119
129
142
90
7
84
114
126
120
119
108
114
116
1
91
134
107
130
120
121
122
121
5
135
129
129
108
136
110
122
117
6
133
94
100
141
101
129
121
168
4
100
92
106
92
114
110
135
93
9
72
153
130
136
140
107
119
139
6
141
151
116
81
81
119
110
102
6
107
76
148
127
126
105
111
79
7
133
128
87
101
120
94
85
69
7
141
119
146
113
138
120
98
117
6
122
119
71
119
86
119
155
93
9
105
105
114
106
103
95
155
127
9
128
125
122
149
119
121
118
82
9
128
110
131
134
112
111
81
106
8
113
129
102
113
120
85
114
93
8
100
110
128
114
102
104
102
105
9
113
125
106
116
112
120
122
124
6
113
90
130
117
142
147
131
98
6
139
135
116
143
134
108
90
146
7
92
125
106
88
123
142
105
148
10
75
155
120
110
96
114
117
171
0
121
133
140
130
87
108
121
99
5
104
92
121
119
155
162
116
128
7
95
136
112
72
134
121
106
131
0
103
96
138
106
147
105
121
126
8
94
106
135
88
88
144
141
116
7
128
112
130
143
126
126
121
124
2
114
156
95
150
149
116
106
93
7
140
126
127
86
111
122
125
113
2
178
106
151
143
124
139
124
141
1
107
139
98
142
126
149
126
128
2
112
92
87
104
121
121
129
127
5
118
84
107
143
111
133
133
143
8
133
101
102
141
117
85
136
92
3
135
123
107
119
108
121
159
122
1
122
94
90
99
98
106
142
155
3
150
122
108
115
163
106
107
82
8
169
106
97
156
134
133
97
115
2
125
122
128
102
103
84
114
91
2
105
101
135
113
114
89
127
128
6
129
49
103
93
143
127
114
136
8
144
101
115
118
123
113
104
101
5
127
74
127
111
127
148
111
139
3
135
139
162
137
114
134
116
113
7
128
122
136
92
141
96
114
119
10
121
127
142
130
59
99
105
134
4
109
92
106
127
115
123
135
113
3
87
120
139
144
152
134
105
94
6
140
110
110
118
106
112
92
124
8
122
113
134
128
93
145
120
134
3
85
136
98
111
134
98
85
106
2
99
93
127
99
138
123
106
108
4
90
128
127
139
147
121
126
115
0
108
121
118
101
93
119
125
141
1
110
106
115
150
101
125
105
134
5
106
101
121
92
120
143
111
128
1
129
151
101
118
107
108
133
82
9
129
110
114
121
103
121
113
121
6
106
119
142
140
142
156
114
146
9
94
101
136
141
92
105
119
98
10
86
103
105
114
112
121
97
121
4
121
138
87
93
100
104
94
107
9
103
120
114
121
120
86
108
122
1
112
133
109
96
114
79
139
91
6
112
136
88
97
106
102
94
110

