13
5
3
2
2
1
2
3
6
8
6
8
2
1
1
0
8
7
11
2
3
8
9
8
7
3
6
104
125
107
109
130
122
126
134
6
106
128
126
69
101
114
80
115
6
109
109
153
135
155
120
115
129
9
102
132
80
135
97
119
152
119
9
96
118
141
139
134
129
123
100
6
134
94
116
118
126
144
150
119
4
117
136
143
156
88
117
82
143
7
93
137
94
108
153
85
73
87
2
121
82
125
107
107
120
156
121
2
135
126
95
98
114
106
132
150
6
120
101
138
108
127
92
150
106
2
152
99
112
98
90
121
145
143
2
108
117
108
132
177
128
151
139
4
118
111
86
127
120
109
123
108
2
157
120
133
105
84
111
113
107
8
129
134
121
101
94
151
118
91
5
143
120
122
78
80
111
171
108
2
135
87
106
95
126
114
106
132
4
128
109
100
99
107
129
149
106
8
107
126
124
106
131
110
132
135
8
84
114
77
126
116
124
134
90
2
132
118
132
122
160
99
77
118
1
108
93
106
110
85
109
99
103
4
116
119
120
97
134
110
116
108
2
121
128
135
103
125
106
107
143
4
137
92
120
87
127
133
102
97
7
99
111
120
94
113
95
136
123
9
66
165
118
133
105
84
72
90
9
112
95
135
116
113
147
134
113
10
123
119
123
115
87
113
109
97
4
149
154
89
99
111
134
92
126
7
109
126
112
121
125
112
112
99
2
98
147
94
92
141
157
113
99
6
135
111
115
162
103
121
142
92
4
136
122
137
140
135
134
133
91
6
108
138
119
96
128
142
103
142
9
135
161
84
141
106
132
99
141
7
177
121
119
112
92
125
137
124
1
71
78
125
104
79
107
137
111
2
113
143
129
106
95
126
92
94
7
139
129
88
109
113
106
100
114
6
138
143
119
113
114
141
128
113
10
125
124
120
156
112
127
96
97
3
95
137
110
106
121
113
140
114
2
140
141
116
101
121
113
98
113
7
128
112
133
58
118
112
118
127
1
124
144
126
141
172
121
94
91
0
107
102
72
150
120
147
168
108
1
131
106
76
95
132
129
133
113
6
135
147
92
136
142
118
108
121
10
122
135
128
143
120
148
154
108
5
130
92
115
144
108
117
116
127
5
135
103
71
124
115
111
92
140
1
114
98
127
80
157
149
96
79
7
141
120
133
143
101
105
117
105
9
85
114
135
141
117
141
150
122
7
134
101
127
128
167
94
66
105
9
77
108
116
115
164
110
93
127
1
123
140
128
155
127
141
127
106
10
177
110
127
146
113
119
127
157
5
137
117
127
143
129
110
109
75
4
136
150
138
122
114
130
125
119
4
119
105
91
138
137
115
133
136
6
87
130
131
121
124
136
128
135
10
133
122
96
81
112
132
148
160
10
127
130
95
101
127
126
109
108
6
82
86
98
88
104
149
115
123
1
97
87
127
164
142
101
140
100
6
142
118
135
114
87
106
105
122
10
112
120
81
112
129
105
85
109
5
105
100
134
120
99
115
135
121
6
120
163
114
127
120
86
82
127
4
104
93
120
90
114
125
140
134
1
106
164
131
107
111
133
130
98
4
114
126
103
122
85
115
93
127
4
111
126
149
122
114
97
109
112
4
119
106
136
121
136
137
116
115
5
144
94
126
132
118
121
137
134
4
118
103
86
140
125
134
117
142
2
107
96
127
113
121
129
158
75
9
130
176
111
146
153
144
100
127
4
130
109
156
150
121
113
119
138
4
94
99
124
129
92
100
85
93
3
129
144
99
144
115
112
123
122
3
91
122
113
139
103
114
117
127
0
100
98
163
121
91
123
167
138
9
126
101
103
145
168
101
117
121
2
88
136
101
140
139
115
109
98
7
119
126
105
120
117
148
133
126
0
94
133
91
117
120
124
143
125
9
134
113
125
124
126
169
90
113
0
99
106
108
115
115
127
119
133
6
145
124
86
94
107
119
123
103
3
100
112
102
112
109
133
101
132
4
123
115
125
99
119
137
119
101
5
99
127
125
134
83
106
116
94
2
113
80
104
121
144
139
142
149
9
134
103
138
170
110
119
109
113
9
143
99
87
89
69
97
107
139
0
140
124
115
127
127
153
128
122
3
112
132
136
79
150
112
129
99
10
134
126
146
134
111
104
128
111
6
127
113
92
102
96
99
130
127
2
149
151
106
86
148
116
135
121
2
129
95
83
101
133
92
99
79
6
130
107
144
93
125
122
131
120
5
113
84
109
110
78
102
127
107
2
127
130
137
131
142
162
141
86
5
132
96
135
162
119
122
121
116
3
109
109
143
107
107
120
135
120
8
126
136
108
134
88
102
116
115
2
130
125
101
94
135
101
114
104
9
148
118
124
141
109
141
121
120
4
147
151
126
126
140
122
129
130
4
101
116
147
125
126
116
128
108
1
102
131
128
129
121
121
100
78
6
78
110
139
101
85
112
94
142
8
116
104
102
100
116
89
113
115
2
114
155
128
112
115
122
105
103
8
119
86
110
124
114
117
85
86
7
97
125
117
132
122
102
143
106
2
130
108
96
100
135
114
131
135
4
126
122
89
87
112
90
99
91
3
122
131
122
107
100
95
120
150
7
107
101
85
128
129
132
99
114
8
122
116
143
108
146
148
136
116
3
114
127
127
89
100
144
128
138
4
92
125
107
94
94
113
154
121
0
155
106
113
127
136
148
118
126
3
94
102
88
116
134
93
121
99
9
104
107
112
100
147
163
87
99
9
134
121
108
94
123
90
105
108
1
163
128
70
114
102
109
130
121
4
100
126
91
106
113
113
121
100
7
131
145
83
63
124
116
137
138
5
117
156
120
92
131
131
87
130
5
109
128
97
104
107
121
85
128
6
124
139
120
94
140
120
80
115
9
105
113
141
149
118
107
137
143
10
90
93
148
107
103
139
87
100
7
101
87
134
109
143
144
106
118
2
124
110
130
141
132
103
148
112
8
112
129
92
102
137
90
99
85
3
86
127
112
79
104
111
127
112
3
106
118
113
103
113
134
110
135
10
116
140
146
142
136
126
101
109
6
111
105
133
103
135
138
101
142
8
115
99
112
80
141
113
83
94
2
133
102
117
99
73
141
129
120
6
94
141
140
125
123
129
112
134
4
112
115
128
120
134
141
108
109
2
122
108
147
122
106
102
137
100
2
99
163
135
117
140
117
100
124
1
112
127
147
114
129
121
147
135
6
146
142
145
101
109
133
84
130
5
108
133
113
146
106
146
113
111
1
91
113
126
151
106
128
85
117
3
142
70
119
104
90
86
82
93
7
125
84
101
111
77
97
96
127
3
142
119
118
128
85
102
126
103
0
113
113
79
118
107
136
105
93
7
105
97
115
134
86
101
119
137
4
99
136
120
119
112
79
149
97
4
112
108
101
106
106
153
118
127
5
96
153
134
131
77
121
112
79
10
96
92
150
127
121
105
115
124
6
100
145
127
154
140
133
87
123
9
96
122
100
114
87
101
104
120
4
132
119
117
127
113
120
111
97
3
92
127
118
121
84
114
98
132
5
112
140
122
100
125
101
113
128
2
107
118
98
118
126
137
142
126
1
95
163
92
120
92
119
78
109
5
113
116
148
168
91
136
92
127
6
91
99
133
91
114
140
94
124
1
177
103
99
113
89
129
135
147
5
115
122
123
125
93
132
91
124
5
149
106
131
107
102
118
103
119
7
97
143
141
98
135
124
103
89
5
93
108
127
92
116
85
128
126
10
118
131
116
110
134
113
141
159
1
141
121
149
132
83
130
126
94
8
90
125
131
114
104
62
129
130
2
121
141
118
108
126
120
89
130
8
117
114
150
126
86
113
116
113
6
128
106
110
126
113
146
109
110
3
136
168
145
106
114
135
122
115
9
128
120
121
110
134
100
105
154
5
103
120
127
86
115
131
120
131
5
140
115
131
117
113
120
101
147
9
125
157
96
128
134
78
122
130
7
125
119
128
163
106
117
120
128
6
101
123
71
114
122
110
100
115
8
108
130
128
113
86
112
90
141
0
120
109
87
107
128
114
115
103
1
125
120
105
148
139
115
147
109
5
124
114
134
121
112
106
115
116
4
121
98
132
120
109
107
108
147
4
99
129
147
147
126
121
171
92
9
119
138
164
128
111
106
119
135
0
112
132
129
126
70
121
86
168
3
97
107
135
105
91
101
107
131
8
95
80
109
105
124
143
122
120
5
114
164
142
132
96
133
109
67
7
105
125
78
106
117
113
106
124
2
127
164
108
100
136
120
147
118
1
107
117
118
133
190
156
117
85
6
113
63
129
141
132
155
121
117
3
115
114
119
121
102
141
131
112
8
109
147
127
115
135
113
133
143
9
143
100
60
141
155
142
145
125
1
119
99
131
111
128
135
93
99
1
114
121
112
144
118
87
95
135
2
72
126
87
120
104
111
111
91
1
105
119
110
114
128
118
104
140
5
86
128
98
106
84
119
127
109
7
128
108
113
99
128
107
148
151
8
100
124
120
79
79
168
118
94
2
114
97
125
136
103
107
104
113
7
127
116
107
100
95
118
98
109
6
81
110
116
94
99
94
152
123
5
105
122
110
128
135
122
98
103
0
137
87
121
116
101
126
96
114
6
133
109
125
99
136
134
97
113
8
142
132
155
120
144
139
102
140
5
93
131
91
70
143
114
108
125
7
120
115
155
114
126
100
177
103
9
106
131
135
110
123
98
154
73
4
112
109
113
120
102
132
129
85
5
138
125
128
125
143
104
105
134
0
93
115
78
123
107
129
64
112
1
128
84
130
120
134
86
128
108
10
96
122
125
156
116
114
74
135
3
132
129
121
136
132
93
112
124
2
115
93
151
129
70
114
141
129
4
112
95
115
115
141
112
77
140
2
134
79
132
127
164
171
114
114
9
147
107
147
113
103
85
161
133
1
127
118
105
137
78
123
128
72
5
129
125
115
80
143
147
110
85
6
97
99
143
86
107
135
103
108
2
103
81
135
81
129
142
69
98
1
104
143
98
96
125
119
123
117
2
106
96
117
105
96
150
126
143
5
142
133
116
128
86
105
84
111
1
99
128
156
133
112
135
106
107
1
149
104
128
106
93
78
126
137
5
149
114
148
134
146
105
104
125
8
91
129
126
112
113
114
103
106
9
133
111
129
135
136
120
92
122
6
122
134
128
135
140
136
142
114
0
132
109
127
139
97
82
94
129
6
104
126
86
134
126
180
97
119
4
117
134
130
114
146
120
113
127
5
101
100
108
121
115
111
98
65
4
141
112
126
135
154
111
114
112
6
116
146
93
106
90
99
101
90
3
114
112
143
97
140
135
114
96
10
130
128
100
113
115
139
103
100
1
155
121
99
141
99
111
79
117
2
133
82
121
121
110
145
134
134
6
119
117
93
120
145
102
109
87
4
136
129
105
79
120
113
147
112
6
86
93
100
106
151
153
109
108
3
152
128
114
71
100
130
160
139
6
107
120
109
86
82
135
107
140
4
109
120
134
128
100
160
159
127
3
119
108
97
98
128
98
123
114
8
134
106
98
131
135
138
135
140
1
96
120
106
76
138
120
109
108
8
120
107
145
89
115
130
140
139
6
121
68
120
116
121
88
153
122
1
114
120
110
140
139
143
88
124
1
135
120
120
130
135
124
100
93
1
155
107
89
159
134
127
139
151
3
85
136
113
128
117
114
100
113
4
89
115
115
108
126
92
106
129
2
150
80
96
111
94
105
131
139
9
100
136
154
91
137
152
99
133
1
122
138
100
101
114
122
131
126
4
140
111
97
128
127
105
110
122
4
101
141
102
150
87
114
121
127
4
115
100
145
142
101
113
134
94
7
128
84
90
135
93
108
118
128
4
94
116
128
108
128
128
143
99
7
91
87
129
114
119
94
102
128
1
105
132
107
102
149
113
128
71
6
141
98
128
108
105
105
113
81
4
106
116
78
115
150
115
98
95
1
113
86
136
114
147
124
145
103
6
100
112
124
89
141
94
136
99
8
122
109
99
105
114
108
143
83
6
120
114
112
113
125
118
134
137
2
134
133
105
99
105
107
147
130
2
103
99
120
101
107
149
150
92
9
120
88
110
119
120
100
115
105
7
116
143
106
105
100
126
129
156
8
148
144
142
113
154
110
127
137
2
123
112
80
135
158
115
142
132
6
122
185
110
102
113
100
127
91
2
123
113
124
151
164
107
106
101
7
71
98
108
134
131
112
112
106
10
98
111
111
100
140
123
108
92
2
105
101
149
113
119
97
99
88
7
127
97
108
154
108
125
104
145
3
95
122
99
113
136
155
119
92
1
133
73
114
91
136
125
144
102
10
124
102
120
74
99
134
95
123
10
119
84
104
86
135
107
72
118
0
114
146
134
105
123
111
117
93
7
114
96
114
136
106
138
114
80
2
117
107
81
136
100
121
138
154
9
129
71
135
73
105
109
143
135
8
113
107
116
133
127
115
134
98
5
98
93
99
122
150
78
139
114
8
112
111
117
148
106
119
116
139
4
105
97
104
125
164
120
107
161
5
128
101
90
107
115
142
114
108
7
109
71
153
108
127
69
125
105
2
147
122
111
129
108
113
130
143
7
135
106
99
127
125
144
126
98
0
127
94
113
109
123
106
155
141
8
110
147
136
88
156
91
130
87
1
107
133
149
101
158
126
99
109
3
94
109
146
114
142
111
106
117
9
121
128
96
145
107
162
143
113
1
145
134
119
129
113
110
91
72
5
108
138
108
102
134
111
114
110
3
85
100
112
147
101
114
114
93
3
128
93
105
125
114
133
123
126
6
108
104
109
123
120
136
108
107
1
87
128
141
128
141
139
100
133
5
71
108
77
99
119
147
147
117
6
149
128
135
151
98
127
100
95
10
121
169
113
134
79
101
127
152
2
87
140
113
110
120
120
90
139
6
91
118
141
104
108
139
142
120
5
93
91
138
119
95
117
122
108
6
105
110
86
143
158
93
107
123
7
94
100
133
148
116
130
106
120
9
126
81
111
112
98
107
111
128
8
135
85
86
119
125
96
150
113
8
133
110
122
91
111
111
118
118
10
142
128
112
74
64
120
92
100
5
130
128
113
138
104
108
112
119
3
129
138
109
119
127
117
117
120
1
120
112
134
101
114
93
136
113
1
90
112
127
92
146
130
117
118
2
98
105
120
113
65
111
140
127
1
115
100
121
120
148
106
143
127
3
154
133
105
79
88
117
108
107
3
98
99
76
108
118
133
80
141
7
80
93
112
95
114
121
108
113
5
164
89
94
145
148
128
125
116
3
115
129
109
93
156
128
127
92
9
169
128
156
114
84
95
107
102
7
141
127
99
106
130
148
107
134
1
142
87
121
121
99
96
113
112
2
97
134
104
115
93
102
127
94
1
136
115
130
100
113
136
111
181
3
109
123
85
93
122
128
125
127
7
100
88
127
121
132
87
117
125
2
116
95
108
104
92
176
100
93
7
128
104
122
121
127
121
78
120
0
115
124
117
124
144
150
127
113
1
140
108
91
121
124
138
127
118
6
95
150
133
110
96
100
141
119
10
112
102
133
128
167
115
77
125
5
106
145
70
145
110
129
119
135
7
103
134
101
156
124
93
115
124
8
136
112
136
119
126
100
93
142
7
126
105
94
106
124
91
162
114
5
127
80
105
121
111
138
158
110
3
148
105
73
106
117
73
132
130
3
114
141
150
103
98
118
93
121
3
108
140
140
99
141
88
156
114
5
108
123
135
136
128
134
171
156
6
69
101
108
102
151
140
136
126
8
107
93
73
121
84
83
119
117
8
105
106
95
139
92
96
127
136
5
113
129
122
117
109
153
99
94
1
119
113
168
106
100
122
120
129
8
147
87
117
140
123
113
136
133
2
122
121
127
112
129
106
116
100
3
112
163
104
93
120
102
114
150
3
144
96
107
126
133
101
78
134
7
66
142
129
115
88
104
111
85
7
123
106
112
113
123
96
101
129
3
138
138
119
109
94
107
119
124
0
69
137
136
117
89
104
111
91

