13
9
0
6
5
4
9
7
3
13
9
4
6
9
2
4
1
4
8
8
9
4
1
9
3
6
0
87
141
93
121
118
117
132
122
2
149
77
112
99
78
157
157
129
9
113
121
119
98
115
107
119
107
1
105
121
116
131
110
129
138
120
4
58
85
125
81
107
134
119
124
2
163
110
132
82
94
109
114
108
9
128
103
122
151
105
134
99
160
5
132
114
113
105
134
154
111
108
5
114
143
114
139
121
81
133
120
6
136
101
120
110
81
131
102
146
6
148
108
114
113
117
99
91
113
6
121
98
95
111
120
113
116
126
10
125
91
78
104
122
130
109
115
1
115
120
82
116
117
100
108
147
1
111
73
90
133
107
143
84
139
8
126
119
100
130
88
114
100
132
9
138
136
88
76
148
121
148
137
2
132
135
113
114
142
141
116
114
7
126
122
108
149
100
105
141
110
8
109
107
115
101
119
119
148
127
9
89
92
163
89
129
127
100
96
10
79
105
96
100
98
108
120
150
4
115
134
160
111
114
134
113
99
3
160
149
140
155
85
107
145
91
5
97
99
120
102
101
102
117
130
7
147
101
129
139
100
136
111
112
2
121
83
127
70
100
112
107
121
1
104
128
103
111
156
128
120
101
9
105
86
136
87
143
91
109
133
1
122
111
77
93
64
124
134
112
5
114
114
120
105
111
143
106
114
3
105
141
114
114
157
73
142
122
3
92
120
134
107
91
103
114
115
3
120
143
122
142
121
98
139
70
8
107
91
78
139
135
102
63
117
1
135
136
108
121
115
140
86
93
7
152
100
120
106
89
124
118
116
4
149
105
133
81
95
139
134
117
4
103
106
155
128
125
113
86
115
8
112
126
152
114
153
136
133
123
6
106
87
85
120
95
128
150
106
6
91
140
115
88
133
100
122
97
2
85
109
144
152
150
92
131
100
5
142
114
143
135
156
111
76
131
9
79
120
118
156
125
140
148
146
2
85
47
148
154
143
129
99
152
7
78
150
100
113
142
71
133
129
6
120
71
118
155
111
141
117
129
8
128
131
94
121
98
127
125
157
8
119
150
128
92
109
126
99
127
8
72
114
149
94
104
109
134
85
3
67
151
114
84
124
111
93
116
6
158
106
119
120
122
92
99
104
1
134
121
121
77
87
101
105
91
0
108
94
113
92
135
140
98
150
1
142
109
149
101
102
108
78
120
2
100
135
148
130
118
120
148
121
5
80
108
116
141
144
169
124
116
5
124
100
99
136
131
122
93
121
4
82
129
105
96
102
141
105
118
9
169
108
140
81
112
141
114
150
6
103
99
108
105
108
95
106
102
3
135
123
125
111
129
116
96
122
6
126
106
130
136
126
114
128
118
4
152
153
148
105
79
80
150
80
6
98
121
135
99
95
137
121
122
10
112
99
120
98
89
154
138
123
3
78
88
135
134
99
92
96
134
9
147
127
106
112
150
141
133
156
3
113
107
86
112
154
100
134
129
5
92
94
103
91
119
96
128
128
10
137
131
106
101
132
94
105
105
4
153
113
127
59
121
83
101
122
7
132
68
96
106
146
125
71
94
8
94
110
105
127
115
106
137
126
2
126
149
102
108
141
75
128
67
3
112
128
134
121
109
109
117
112
3
115
142
125
107
94
70
156
105
9
92
120
65
91
105
141
111
113
8
84
93
115
122
122
113
122
141
3
93
126
105
110
100
71
115
130
0
147
101
103
138
108
138
128
164
6
121
93
144
118
86
132
124
136
1
78
122
107
114
98
128
95
99
2
85
152
136
123
96
128
113
138
0
121
128
107
110
143
126
113
101
1
132
113
119
105
120
142
108
100
5
117
92
136
144
129
113
141
131
1
122
127
141
100
98
119
128
106
10
127
159
122
105
128
143
106
142
5
125
141
106
123
98
119
134
104
2
124
134
155
115
116
120
106
152
1
120
121
166
94
94
116
121
111
2
115
135
93
123
137
98
130
138
6
112
122
105
127
72
114
132
114
7
124
87
61
112
128
85
131
127
1
127
99
120
119
100
117
116
126
5
119
128
107
108
113
138
123
91
3
120
81
110
134
108
116
120
91
8
139
96
115
116
128
115
76
107
10
101
148
139
104
143
131
127
121
8
147
121
113
105
114
133
128
117
7
139
94
124
127
102
115
103
136
8
133
72
120
115
131
109
114
134
7
130
72
134
117
128
104
110
142
4
130
105
128
78
92
100
134
132
3
108
118
93
141
113
86
99
93
0
102
121
87
111
121
131
114
96
4
126
105
129
128
99
103
105
118
9
88
107
133
71
117
113
143
135
2
122
140
97
123
162
126
114
139
5
137
92
149
137
120
128
106
167
1
155
129
112
106
69
105
123
106
10
119
119
106
140
134
107
126
114
9
147
107
101
120
79
106
117
135
5
129
107
134
126
107
135
121
123
1
86
120
128
109
104
107
117
145
3
78
80
161
135
93
120
119
91
4
106
132
113
114
102
96
122
127
2
92
118
100
120
126
122
113
110
10
95
104
97
101
109
115
128
126
3
120
124
114
98
143
93
113
116
1
152
123
99
122
126
130
133
97
4
155
116
158
96
109
71
94
133
2
113
122
127
93
118
107
108
141
5
107
143
74
148
107
128
114
123
9
116
162
115
167
158
132
122
94
6
88
118
142
101
139
78
122
115
3
109
120
120
85
142
135
133
94
6
103
122
112
94
114
140
136
98
0
131
119
111
154
145
74
121
119
5
136
122
103
148
98
97
121
117
3
150
84
127
114
132
147
87
100
1
112
92
134
142
144
94
124
125
9
117
124
115
128
122
142
119
121
2
136
133
123
101
112
122
130
149
2
113
113
149
133
109
107
109
121
5
101
137
91
78
92
100
140
106
6
86
126
99
121
91
110
119
106
1
106
94
114
112
104
113
112
121
6
126
104
85
127
136
136
113
127
4
120
99
111
119
111
126
134
102
7
119
100
97
108
120
118
125
123
7
113
115
137
121
147
142
133
134
1
128
91
102
115
126
151
129
99
2
81
131
110
132
112
113
104
115
6
107
86
81
142
120
85
129
135
4
117
82
138
106
117
130
99
124
10
106
92
134
109
138
89
142
95
1
132
99
111
127
98
92
126
94
1
133
125
93
112
121
118
120
121
4
93
146
123
117
78
124
114
101
2
148
100
90
100
82
120
156
83
6
70
140
120
96
120
80
106
128
7
155
140
109
134
145
127
160
131
9
160
92
89
98
128
124
102
108
9
122
143
122
77
91
62
128
126
7
100
98
107
133
150
120
112
135
8
105
147
137
109
109
114
130
92
4
155
115
145
100
120
91
90
132
6
84
94
99
142
120
103
113
107
4
112
112
101
98
93
122
124
119
4
112
112
98
99
82
141
151
145
6
106
132
105
131
129
107
66
135
6
113
64
146
121
151
133
89
110
4
85
85
88
115
95
102
171
95
3
107
87
114
122
126
84
92
80
5
152
126
139
114
119
129
106
93
6
129
109
137
150
121
141
118
119
7
119
89
116
132
110
148
134
149
8
99
113
97
92
108
114
115
111
9
156
109
132
136
148
155
134
113
5
92
95
140
83
128
125
111
99
6
166
73
132
135
135
81
98
148
3
127
107
63
124
129
138
121
127
6
113
105
117
126
105
127
105
148
4
114
128
129
119
64
135
100
119
1
123
149
101
93
80
101
131
103
8
150
144
117
106
117
105
125
139
2
102
96
127
150
118
109
81
147
3
128
161
133
72
97
121
130
67
2
109
99
109
111
134
98
141
78
1
147
116
91
126
98
141
138
112
10
156
135
109
104
134
126
84
119
3
85
135
113
115
136
107
165
156
2
124
119
99
98
155
105
104
120
3
64
106
127
115
144
144
143
120
3
99
126
150
114
143
120
145
121
5
127
154
123
115
101
123
143
86
2
92
142
148
121
101
125
104
114
10
112
108
88
103
104
113
150
78
1
163
106
102
134
140
100
66
107
9
147
94
108
136
125
102
104
115
2
72
126
149
134
85
121
129
119
8
127
139
99
89
85
91
106
148
8
109
96
78
108
130
122
149
156
3
110
113
122
129
155
129
100
129
10
145
106
160
142
109
94
100
123
6
105
120
113
113
99
131
118
126
5
103
148
105
93
58
142
96
106
6
101
120
100
144
90
131
127
139
5
119
120
127
128
105
146
104
106
7
130
116
100
128
115
120
87
85
4
102
147
125
118
98
121
86
110
6
150
107
107
119
114
131
138
139
10
151
108
106
105
108
128
124
143
7
122
133
161
99
120
113
130
111
9
134
142
106
102
82
135
133
120
6
103
144
136
114
110
140
129
109
7
127
142
115
94
107
108
107
142
1
135
106
112
130
120
127
76
143
6
136
106
136
104
82
130
138
109
2
98
143
141
87
148
121
121
114
8
141
102
127
149
106
107
92
99
5
115
104
84
161
128
179
168
126
7
88
121
110
103
135
92
98
141
1
128
114
135
91
140
137
121
131
10
81
141
120
94
146
102
147
116
1
121
109
101
136
120
87
102
116
6
143
84
134
133
134
119
140
125
8
123
92
136
120
98
133
116
91
7
105
111
80
115
121
94
120
118
2
115
114
128
117
111
124
96
123
4
123
145
109
107
105
127
105
115
4
103
110
109
136
64
94
85
113
9
100
102
118
102
152
113
79
121
1
85
131
148
144
99
128
140
107
4
100
155
125
129
155
121
169
135
2
117
129
92
108
104
107
98
95
5
148
135
114
113
134
102
116
101
2
134
124
113
131
149
115
118
128
4
123
107
122
140
122
116
128
120
7
146
130
88
130
132
100
108
127
5
133
106
138
101
61
140
113
112
6
126
120
146
108
142
123
122
150
8
134
122
134
96
108
92
106
186
8
113
125
119
119
85
112
112
96
2
112
103
106
135
119
119
133
142
9
120
127
92
127
119
122
108
107
10
122
124
142
115
155
129
117
120
7
126
120
120
105
85
114
105
115
0
128
116
122
113
115
130
90
129
8
106
99
134
136
108
120
91
130
2
137
114
110
113
137
65
130
148
5
127
102
109
127
127
90
94
112
8
88
157
107
126
94
134
104
99
4
154
128
107
85
149
105
106
91
5
114
101
91
114
120
93
111
156
9
110
112
130
136
119
128
112
72
8
148
99
110
143
124
129
90
140
5
93
120
106
100
164
142
129
128
6
124
104
119
128
123
149
100
98
9
121
130
98
87
107
107
103
111
0
112
111
105
84
113
98
107
127
8
149
141
114
107
106
93
136
68
4
97
109
133
100
154
74
154
94
3
105
149
115
92
154
141
92
130
5
114
157
124
128
111
132
128
119
10
125
121
101
150
115
125
104
137
0
117
129
115
135
127
117
120
135
6
94
124
136
126
132
145
133
113
3
114
109
135
132
168
150
98
91
4
109
111
72
101
111
100
142
99
2
114
136
108
103
102
113
135
156
3
116
109
134
139
133
129
137
105
5
112
99
127
76
135
69
92
122
5
106
158
121
130
107
127
148
115
1
111
106
136
84
132
145
101
142
5
121
102
94
90
111
100
100
107
3
103
108
99
131
124
121
117
144
5
110
150
121
122
146
117
115
93
3
149
144
133
113
83
126
146
106
5
124
155
96
136
113
96
119
94
2
65
130
131
107
95
106
104
127
3
98
119
127
99
128
124
122
133
7
110
149
121
118
110
105
94
114
0
106
90
99
130
135
108
92
88
1
124
114
114
141
120
142
81
97
6
132
141
139
118
115
113
106
112
2
144
128
98
85
126
127
86
128
1
128
144
136
141
129
134
74
135
7
121
127
85
86
107
107
126
136
5
92
133
135
87
145
118
122
114
5
148
129
133
120
107
129
113
98
7
109
125
121
101
88
99
158
115
2
141
86
112
100
93
129
156
136
9
135
120
140
99
100
95
122
124
10
95
142
109
132
99
126
125
91
4
148
112
109
110
99
121
107
130
1
134
115
119
112
115
98
104
127
9
95
117
85
79
112
135
108
117
4
119
103
140
142
87
138
128
100
3
98
125
114
105
114
91
120
85
8
124
91
115
110
122
126
101
114
3
144
93
130
144
114
104
126
120
10
114
120
85
100
120
70
139
142
8
132
112
138
96
140
109
78
83
2
129
128
101
103
92
121
91
70
0
140
128
111
123
97
88
127
147
0
114
102
129
136
115
142
122
85
3
126
107
114
150
108
121
124
98
3
120
121
83
80
148
135
126
107
8
114
116
133
96
106
78
147
114
7
106
134
91
142
120
147
156
115
2
103
106
158
124
139
87
138
120
9
142
104
136
121
111
101
93
141
6
120
102
141
122
138
107
132
86
2
119
115
156
147
125
99
98
155
6
100
102
99
124
123
120
101
155
4
152
155
121
106
143
111
121
141
4
93
111
126
143
106
142
89
100
7
96
78
99
130
130
133
90
119
5
121
157
92
115
113
101
135
77
4
112
109
141
121
120
119
122
120
7
121
184
112
120
132
144
99
113
5
127
122
169
101
74
104
134
121
6
140
116
107
108
122
98
136
109
9
153
130
129
106
127
100
156
156
0
147
89
108
128
106
155
76
110
6
117
132
121
125
106
154
129
128
1
72
103
108
108
115
103
104
127
7
118
134
114
127
126
135
102
124
2
104
101
85
114
95
93
135
88
1
93
93
114
103
135
121
129
119
2
134
115
117
106
126
78
156
110
9
135
111
108
142
120
110
94
112
9
121
93
127
97
100
94
118
79
7
93
122
148
120
105
113
100
149
5
135
148
126
114
79
107
134
108
4
111
118
84
106
137
107
127
106
2
113
120
140
122
163
76
96
115
2
159
109
78
130
103
129
117
134
5
72
106
121
132
95
92
134
131
7
145
107
86
121
114
133
74
120
1
115
87
106
126
138
117
117
132
6
114
141
84
113
115
137
121
128
4
101
115
101
133
103
107
101
120
7
114
96
139
114
104
121
84
133
9
107
122
153
91
100
142
109
105
10
121
121
120
101
92
128
83
96
3
94
122
131
132
135
127
88
108
3
137
106
95
80
133
93
96
106
8
121
90
114
100
155
123
114
142
2
134
84
85
128
124
112
91
92
1
126
99
125
126
91
86
123
154
7
126
118
125
106
127
116
149
127
7
117
109
120
133
119
135
109
128
1
138
84
140
106
110
122
91
107
9
135
148
141
105
123
120
115
126
3
120
132
117
163
99
110
114
93
4
106
137
115
126
167
117
92
114
8
138
147
148
124
134
137
112
106
4
137
118
101
110
107
142
125
141
9
116
136
132
128
138
128
92
107
7
91
107
127
129
86
148
95
102
5
116
120
86
129
87
128
141
101
7
122
114
148
160
86
96
113
102
4
124
72
104
105
106
140
107
114
9
112
121
112
134
162
142
122
107
10
104
135
116
135
100
141
100
133
6
113
127
140
130
121
100
122
137
2
127
103
121
86
127
104
118
84
4
119
109
135
89
122
106
128
126
10
117
94
70
105
113
113
150
120
9
129
120
118
143
132
105
107
156
6
73
115
133
103
139
112
104
149
8
122
131
127
121
149
97
134
105
6
101
114
122
112
130
104
105
112
4
78
113
161
120
129
143
74
136
9
109
142
91
106
112
131
67
141
7
107
161
107
94
128
132
141
148
5
141
114
131
106
110
115
99
136
7
149
137
109
115
143
105
132
108
1
133
88
112
115
86
121
142
78
4
141
95
111
94
113
98
137
149
3
95
91
93
106
141
86
96
102
4
129
139
124
110
99
122
155
106
6
122
108
123
121
120
126
106
85
9
142
84
128
109
110
111
142
105
9
106
134
117
114
143
159
103
114
6
129
123
131
103
114
138
104
131
0
135
79
148
120
109
128
133
126
9
99
127
100
123
142
135
114
126
4
154
90
145
98
129
125
108
75
4
120
135
143
126
141
101
86
86
9
124
116
126
122
96
101
87
122
10
94
126
147
118
119
87
128
119
5
119
114
127
79
127
119
100
100
1
133
161
107
127
119
141
132
81
10
92
128
140
112
116
88
123
113

