7
7
7
1
10
10
1
6
5
8
6
6
7
9
2
9
7
3
12
5
9
8
7
3
9
1
0
135
86
107
100
104
116
98
143
0
140
127
99
100
112
134
118
140
1
91
121
108
94
93
120
127
116
7
114
146
105
140
111
124
122
110
4
109
94
112
106
119
79
98
122
4
114
148
92
114
75
71
143
119
5
102
105
127
156
121
129
99
141
2
109
106
111
132
88
112
105
92
3
110
100
133
119
85
126
114
80
6
110
129
134
128
126
106
154
120
1
131
115
107
116
134
129
119
79
1
100
128
104
106
111
94
134
138
5
74
123
137
127
132
122
107
117
4
121
99
111
133
119
126
118
120
1
100
127
75
99
147
104
99
105
3
113
104
123
123
93
86
95
87
6
138
175
87
136
126
90
141
100
2
96
144
116
126
120
99
153
138
4
105
137
108
112
131
147
113
108
2
91
86
112
155
113
77
142
105
5
157
137
132
121
138
115
121
117
2
115
123
120
137
119
114
140
121
10
140
135
114
113
101
112
128
87
7
142
119
101
120
88
96
88
144
6
120
126
149
90
149
140
156
109
7
142
121
112
110
132
100
106
121
2
95
116
116
128
115
120
66
93
8
106
102
145
125
126
119
83
147
10
85
105
124
128
87
106
113
99
8
114
99
154
124
126
109
114
134
2
120
114
137
125
85
128
94
180
6
92
112
147
96
87
107
169
101
2
119
120
149
108
111
121
113
105
1
109
127
148
149
142
124
119
92
1
143
82
133
108
105
108
70
107
7
136
131
107
118
128
101
92
110
1
82
129
141
123
111
128
106
156
10
118
123
126
122
88
77
140
124
2
120
147
135
129
167
153
126
115
5
79
148
117
102
122
134
107
105
6
100
117
66
121
97
101
129
93
4
112
147
132
140
126
128
109
125
2
106
65
138
129
113
132
87
134
4
125
133
123
100
95
185
144
110
8
152
113
101
102
93
118
124
129
4
122
119
140
120
103
128
134
102
1
91
104
57
98
111
99
104
121
3
109
105
123
79
113
101
120
100
4
100
117
108
102
113
123
114
105
7
105
74
135
106
120
105
125
124
4
149
123
107
115
87
115
133
99
0
125
135
151
148
79
124
111
113
9
122
149
119
109
155
88
110
135
6
106
124
149
111
122
124
94
130
9
137
117
135
122
125
110
132
130
9
128
127
108
95
122
120
128
127
3
111
146
101
115
100
154
128
103
3
102
129
101
126
149
123
92
86
9
108
89
127
91
121
86
114
102
8
93
140
134
128
112
99
130
125
7
85
96
114
86
128
83
121
80
4
103
127
127
122
134
156
121
128
3
123
128
110
114
113
96
116
102
6
126
79
127
108
129
155
115
94
2
110
163
77
115
80
128
112
78
8
150
142
117
137
146
108
149
128
7
126
110
109
95
77
101
156
108
7
126
118
109
91
101
113
102
162
4
117
120
148
132
108
106
127
140
9
112
134
112
126
102
102
125
130
0
150
147
118
104
100
79
100
120
4
70
121
112
125
97
93
136
118
9
156
76
107
115
130
97
72
118
8
142
105
137
140
114
59
106
127
5
104
127
121
103
127
93
112
149
8
100
118
130
142
163
133
137
128
8
127
122
100
112
128
119
101
93
3
79
79
133
87
101
102
135
127
9
82
139
91
116
115
134
115
107
4
106
120
95
120
135
95
121
128
1
85
107
138
129
136
141
105
133
3
111
92
134
122
89
116
106
118
1
122
114
72
148
123
113
106
65
9
99
91
120
134
106
102
128
113
3
162
140
91
79
103
119
116
119
3
113
143
149
115
135
106
135
117
1
115
105
113
114
107
91
141
134
6
103
104
123
107
103
101
118
80
5
91
140
148
123
110
132
135
123
4
105
146
97
122
124
84
113
77
1
162
112
96
152
131
127
116
100
4
155
122
66
124
144
104
83
107
8
122
148
121
139
111
157
99
150
1
137
111
148
119
104
135
161
98
3
90
153
113
105
98
114
134
83
8
149
93
133
147
150
106
100
155
5
123
132
122
109
112
115
115
134
6
118
139
93
113
84
127
77
104
3
78
109
145
106
115
121
120
117
0
103
130
92
98
126
78
124
92
8
119
144
86
120
124
78
99
98
0
91
121
127
135
125
106
136
132
5
117
167
140
168
116
128
112
132
2
85
121
81
105
141
163
123
135
3
128
86
98
84
84
109
136
102
9
116
149
117
129
106
112
126
106
4
119
110
121
115
106
121
112
85
1
121
94
140
134
134
91
129
114
3
99
117
107
125
119
85
117
113
8
134
98
135
72
119
104
140
121
3
113
72
127
115
128
139
116
82
7
136
125
102
128
142
127
101
117
0
125
87
170
101
110
150
85
144
3
115
86
134
86
145
103
148
129
1
150
149
145
120
120
121
134
124
9
104
165
146
155
128
85
69
104
4
78
113
85
139
141
105
106
98
4
108
143
120
117
140
106
122
99
2
108
113
99
132
111
140
114
103
5
78
127
110
119
137
98
114
112
6
107
103
76
108
127
87
130
142
0
133
127
102
120
107
121
150
119
7
89
128
115
82
127
129
120
94
2
136
122
154
99
162
142
115
126
4
106
134
127
155
141
120
100
114
5
126
130
121
103
154
121
114
131
0
109
92
104
98
109
120
120
114
6
112
122
85
123
110
116
95
114
6
129
98
126
126
110
105
115
82
9
105
120
99
127
110
107
99
113
4
100
139
98
142
121
129
126
114
2
136
128
103
150
85
158
127
78
0
93
94
135
128
92
164
119
136
4
105
85
123
112
142
121
119
145
4
107
100
134
125
92
128
114
136
9
108
92
129
114
157
143
135
134
6
111
130
114
118
113
140
133
80
0
130
121
113
93
93
143
127
109
9
123
113
99
69
124
149
109
149
6
132
129
149
125
94
101
141
109
2
99
153
71
116
168
113
119
125
7
92
121
116
86
114
132
113
100
6
113
110
118
155
133
95
124
93
6
121
134
74
114
108
113
129
119
9
156
109
98
120
129
120
80
124
3
107
122
128
127
105
140
121
112
3
120
86
142
115
121
115
92
153
1
156
134
127
78
109
113
72
155
2
101
85
113
122
115
99
94
99
0
141
142
92
93
128
113
121
106
4
86
99
91
111
71
104
91
131
10
90
127
119
97
96
120
135
124
4
92
111
137
86
108
86
124
116
3
132
102
134
115
106
130
93
107
4
120
139
92
125
87
121
91
108
9
63
105
134
109
125
124
100
148
9
128
71
133
140
133
105
100
106
9
127
125
141
134
106
105
99
141
3
108
107
125
85
170
122
109
133
5
153
102
109
125
110
131
122
122
7
126
114
87
135
104
100
133
113
9
154
134
124
110
147
108
114
127
4
140
172
97
113
98
118
156
121
4
119
94
120
109
135
102
129
104
4
127
139
115
124
84
100
118
120
2
120
156
96
115
114
110
141
105
2
78
142
119
113
109
118
99
121
1
92
85
129
117
93
107
113
174
4
90
146
155
117
145
96
71
118
9
97
132
126
91
123
68
157
136
4
164
134
113
90
116
112
124
129
2
114
142
96
99
132
99
100
103
5
91
110
136
110
134
119
157
152
0
123
111
120
117
124
151
90
125
9
115
112
103
126
134
131
145
96
9
101
102
166
107
110
123
133
86
7
100
97
78
120
101
84
124
85
8
146
76
104
81
134
92
112
108
6
121
107
111
118
105
151
77
126
9
80
74
101
116
93
125
126
126
6
86
181
150
114
128
73
120
112
7
116
151
122
115
123
117
101
132
1
99
113
119
116
116
87
134
127
4
95
104
134
102
91
100
143
115
4
136
114
144
109
130
113
87
146
4
152
135
101
146
133
103
129
129
10
127
108
105
125
106
121
84
112
7
124
104
121
102
122
114
123
138
6
111
98
119
105
154
98
94
88
7
99
127
123
139
81
114
149
91
5
106
93
99
78
192
157
107
151
3
125
117
153
150
135
113
104
124
8
100
107
115
86
120
112
131
140
3
119
156
84
85
129
135
85
118
6
90
114
127
113
128
134
132
156
9
79
103
128
123
121
107
124
107
5
147
107
122
80
123
118
104
102
6
110
152
129
122
160
117
113
138
4
113
114
94
135
142
130
122
126
6
78
107
100
112
119
129
84
117
4
88
120
126
123
121
98
114
117
5
84
72
140
107
129
87
121
143
8
108
121
156
113
112
127
110
115
7
116
112
115
107
129
85
132
142
9
107
111
97
94
112
92
94
92
8
147
160
91
114
91
120
111
125
4
87
132
144
107
84
161
82
115
4
140
99
96
147
135
119
155
116
9
134
140
111
94
100
111
118
112
8
161
118
126
115
123
149
122
96
10
114
158
103
142
141
145
112
114
2
86
102
111
125
152
97
121
129
5
122
103
147
121
98
138
145
112
3
115
147
79
111
113
118
129
93
5
129
117
139
124
105
98
102
148
3
113
125
131
120
113
122
80
99
9
112
107
110
79
138
119
131
102
9
114
96
123
124
106
128
152
128
6
130
130
117
164
122
103
71
99
8
125
108
102
136
100
138
129
134
8
143
100
111
108
127
125
121
134
5
129
163
94
91
107
106
119
116
7
141
103
135
61
133
118
108
122
4
109
114
154
93
103
137
115
108
2
111
121
93
111
129
123
115
148
3
115
136
131
122
119
114
85
95
0
98
118
162
98
110
136
109
96
3
71
135
120
150
146
128
113
147
2
117
116
92
99
141
144
105
110
10
119
118
107
103
107
114
130
115
1
136
92
138
136
132
132
115
131
8
124
135
92
92
133
114
67
86
8
123
135
100
144
84
92
112
76
6
120
71
94
83
111
87
117
126
5
131
109
162
92
109
146
144
114
4
107
122
121
147
104
113
154
153
7
128
127
143
86
131
125
106
155
7
116
123
85
137
152
140
135
147
6
129
94
122
121
119
97
127
134
4
102
139
94
118
105
128
127
134
5
131
115
92
104
145
126
106
102
2
120
128
98
120
142
113
94
117
7
128
112
154
135
106
128
142
131
9
181
119
120
113
121
96
119
101
5
109
92
93
141
156
151
128
102
2
103
156
136
105
84
51
112
101
2
106
138
134
93
135
105
123
113
7
156
75
84
120
117
129
141
107
2
115
155
108
96
122
121
135
119
2
105
115
94
134
119
104
106
108
10
120
104
149
128
100
158
98
92
9
142
154
107
120
142
104
120
124
9
120
117
163
106
153
124
99
121
6
111
106
149
114
100
100
164
142
10
116
92
118
113
142
128
134
94
0
123
115
155
122
79
91
121
120
3
119
95
104
122
131
81
107
128
9
118
87
65
99
93
129
131
99
4
87
109
113
114
82
127
95
141
9
85
156
116
132
125
91
120
171
7
128
104
70
86
85
121
105
113
10
140
100
126
90
129
95
142
98
9
141
108
105
78
130
125
105
96
4
116
97
108
140
140
118
185
117
10
85
105
141
120
130
113
108
127
7
147
121
128
126
103
152
112
130
2
155
127
120
135
108
127
126
128
3
119
101
127
142
114
104
113
99
1
125
114
153
101
156
148
141
136
4
100
131
121
104
122
107
79
101
5
122
149
112
105
93
134
120
152
6
117
107
95
106
128
131
101
136
0
93
91
134
135
104
96
99
114
9
134
111
127
85
136
101
146
135
9
93
130
116
90
134
101
96
125
7
159
128
120
142
117
142
115
121
4
92
149
93
114
114
105
99
117
8
130
87
121
123
134
118
105
131
7
119
100
104
151
103
133
145
138
2
114
101
131
99
123
131
113
100
2
148
88
129
131
125
126
104
115
1
121
92
139
125
119
149
119
136
2
98
116
127
98
128
135
112
84
5
147
126
87
135
115
115
134
127
7
123
120
128
143
99
135
107
146
3
92
108
102
112
107
134
113
160
2
121
130
119
130
112
105
164
150
1
140
107
145
107
99
120
139
111
7
107
130
92
142
139
115
100
123
9
141
128
105
104
110
99
101
151
0
135
121
146
137
94
86
116
143
6
144
106
147
112
114
150
135
120
2
130
102
105
114
128
108
78
80
4
100
92
85
150
108
114
119
106
3
138
120
114
137
148
96
134
98
8
136
86
91
97
108
96
98
142
9
138
120
118
107
109
138
148
109
3
92
101
100
117
127
132
131
132
4
108
104
120
91
127
91
160
156
4
124
128
95
115
64
121
108
101
2
88
107
67
168
134
148
123
113
7
99
95
89
134
85
121
98
121
7
118
156
71
95
90
126
132
149
2
119
127
81
119
114
113
116
130
4
126
121
68
95
99
159
142
103
0
100
108
148
116
129
141
148
97
6
123
114
123
107
101
145
81
157
5
120
143
109
160
154
136
129
122
9
127
94
85
106
115
98
162
114
8
117
113
112
88
138
101
139
127
1
119
115
142
106
144
127
98
138
2
121
127
134
145
119
114
108
105
0
138
105
137
109
81
132
155
117
5
155
130
123
103
122
127
88
126
6
168
126
106
150
129
140
143
146
5
94
107
114
112
100
123
162
116
5
142
106
121
140
148
114
118
94
3
163
104
118
99
116
120
129
86
4
130
180
85
143
143
101
108
131
8
129
92
100
121
146
96
122
125
10
95
129
75
140
72
90
120
121
4
101
127
114
123
106
116
164
125
5
107
119
113
114
153
161
111
108
1
115
95
140
126
127
91
144
135
5
104
147
103
108
112
113
116
111
10
86
106
121
94
125
90
143
100
9
97
121
149
124
147
91
73
127
2
109
107
154
128
120
108
120
113
9
101
135
117
128
120
87
78
140
2
99
99
140
128
98
121
118
132
3
122
78
102
145
100
121
102
101
4
129
101
105
118
101
93
128
145
2
87
121
118
132
153
127
132
106
2
87
119
107
127
126
122
100
117
0
148
118
95
114
150
123
127
105
7
85
131
107
119
122
129
152
129
1
123
124
93
114
114
117
142
118
5
104
114
135
109
114
101
75
135
0
135
131
98
110
150
130
101
122
0
114
81
110
148
97
92
114
128
3
144
91
119
128
89
136
123
95
8
103
103
80
103
124
89
162
86
0
104
135
129
85
147
149
108
106
0
115
89
106
97
139
112
153
148
6
93
106
125
57
98
127
80
132
7
121
101
113
106
120
100
141
94
7
125
128
96
99
173
166
122
108
9
126
101
107
142
120
104
122
104
3
127
142
81
83
118
124
120
102
0
95
101
142
140
124
123
128
144
6
69
155
128
125
149
141
126
109
6
129
103
114
106
156
144
131
124
10
119
115
78
127
101
95
159
133
4
128
104
100
116
103
136
111
100
6
121
120
89
120
91
141
113
120
7
108
75
133
128
101
79
127
132
5
134
122
111
134
142
106
144
64
4
125
91
122
111
117
87
129
92
9
99
87
135
134
114
96
120
127
5
133
156
105
99
132
106
137
110
3
107
120
138
143
141
114
105
101
2
107
145
131
120
99
100
85
120
1
120
114
112
140
143
93
141
128
9
107
119
150
142
135
145
120
133
4
158
133
141
105
111
121
136
138
6
121
146
126
155
108
99
113
127
3
111
121
97
106
114
109
134
113
1
120
89
114
142
79
114
115
117
6
114
133
148
127
134
81
100
121
5
108
108
110
123
107
114
112
99
10
120
131
121
140
82
128
98
122
7
127
132
100
152
100
113
105
100
7
141
110
121
141
135
138
100
90
1
96
136
133
115
92
111
111
133
2
162
116
83
145
114
119
134
112
10
118
114
89
106
140
141
105
99
3
124
128
121
98
134
126
106
101
2
107
128
161
115
92
100
141
109
6
85
140
104
97
101
98
127
140
1
112
129
98
119
126
134
99
93
0
106
154
119
129
130
126
97
129
8
137
157
114
84
119
100
135
109
7
134
117
129
128
129
138
131
107
6
131
141
106
115
124
101
140
112
3
96
136
97
99
92
129
123
117
8
102
128
92
109
100
125
132
115
0
132
99
147
122
121
134
145
122
3
112
123
113
135
121
118
63
133
1
114
118
113
110
163
124
145
137
8
128
104
154
122
121
129
149
128

