8
4
9
8
6
1
6
7
2
17
3
2
8
4
0
1
5
2
8
6
10
6
6
7
8
2
7
106
129
91
99
127
126
99
114
9
128
147
93
127
147
138
127
149
8
128
100
159
114
155
152
140
91
7
130
111
125
119
138
112
123
107
6
121
105
130
114
112
170
110
126
2
136
126
93
96
136
122
120
100
7
108
136
86
136
130
104
157
140
9
141
125
127
102
92
116
127
105
9
121
75
120
99
143
133
110
114
7
109
120
128
102
119
135
109
141
9
120
116
109
127
98
116
103
119
2
122
131
128
147
138
148
124
90
2
123
141
130
85
118
128
111
109
2
56
153
94
119
113
130
119
99
2
139
121
116
111
113
122
157
92
7
121
116
115
92
154
129
114
131
8
97
100
121
127
124
129
82
170
1
115
102
135
148
124
126
119
77
5
146
143
123
122
113
114
141
120
9
92
136
107
151
72
86
120
108
3
134
136
149
104
123
120
104
104
10
110
180
130
128
129
111
143
135
2
113
120
112
130
141
119
153
127
9
92
128
108
115
145
129
141
99
0
127
103
87
119
72
129
120
112
5
128
136
136
121
128
92
121
76
6
92
116
87
154
115
109
101
101
7
104
120
115
146
101
83
140
118
10
133
128
124
85
120
132
126
133
8
148
113
129
124
111
120
133
130
6
131
140
85
153
114
105
134
138
4
104
114
114
105
149
93
105
107
6
125
123
107
128
86
113
129
107
4
128
102
110
88
141
129
121
116
9
115
122
73
149
108
74
104
116
4
123
123
167
106
114
122
109
91
7
132
125
112
99
114
134
103
141
9
135
93
145
143
96
119
85
93
9
104
107
136
138
128
121
116
99
2
116
107
141
154
153
142
114
111
2
114
112
100
85
108
121
86
107
0
109
101
112
104
132
99
146
110
5
122
150
121
130
134
113
94
77
9
105
87
141
77
130
108
116
123
4
126
127
115
134
128
108
157
92
0
142
128
113
98
150
122
109
123
5
90
94
149
127
136
125
89
143
10
155
94
129
112
114
129
78
71
8
104
148
131
124
113
123
149
124
10
136
90
114
117
113
132
107
72
1
118
101
142
84
106
88
101
107
3
143
142
99
102
131
100
103
127
5
91
109
100
108
145
102
132
99
7
95
155
118
122
128
131
84
100
3
64
100
129
120
122
98
114
123
1
115
105
119
103
122
105
126
105
6
105
117
121
143
90
93
85
141
6
94
149
106
74
128
99
134
112
9
143
110
132
128
154
107
121
91
5
128
129
166
130
113
105
128
110
10
116
114
98
156
126
87
116
168
1
114
112
134
79
138
100
143
135
0
86
107
135
135
116
156
155
146
7
112
98
115
143
143
163
134
118
1
132
118
137
156
147
76
103
143
6
141
135
130
99
120
89
140
134
8
121
141
86
98
104
118
135
126
2
131
89
95
98
121
128
133
89
8
141
159
126
119
74
126
99
94
5
84
115
118
114
171
113
128
112
5
137
136
113
107
93
107
133
94
9
100
122
104
92
107
141
90
141
2
139
105
119
134
141
113
115
141
0
149
122
135
108
107
109
126
154
2
109
106
100
139
153
97
139
108
9
124
140
120
119
131
119
132
108
6
116
105
121
128
136
123
117
140
2
127
121
130
132
163
122
93
114
0
143
103
93
110
114
100
106
106
0
108
75
129
152
121
87
103
97
5
126
83
112
125
99
125
109
106
6
120
124
101
85
151
103
129
102
0
150
115
113
138
87
85
130
114
7
100
146
136
129
71
157
57
113
8
148
127
73
111
112
91
123
129
6
100
127
117
107
157
102
128
132
0
120
120
153
128
101
108
103
114
10
105
141
89
125
123
71
129
103
10
93
100
92
134
94
135
143
111
7
115
112
122
135
127
140
125
88
4
107
114
136
127
77
135
88
127
6
116
106
128
62
127
152
136
114
4
115
110
127
113
135
134
87
83
6
112
143
95
114
128
119
108
119
6
114
86
118
80
108
134
101
121
1
114
116
127
121
115
128
134
135
9
105
107
113
156
154
101
143
133
1
100
126
86
120
127
117
91
136
3
87
119
152
96
124
127
99
104
4
114
106
143
151
72
105
123
133
2
129
101
79
114
107
119
121
131
5
124
88
113
140
86
106
107
118
5
126
126
152
134
114
159
115
120
7
135
87
113
127
112
135
108
116
9
114
130
101
106
132
93
104
130
1
141
105
121
127
122
106
140
89
2
143
129
125
86
114
106
151
110
6
98
127
153
112
146
70
120
143
7
128
141
93
155
145
118
135
148
9
120
77
143
110
101
116
136
119
7
137
101
121
136
92
118
143
127
9
124
152
117
142
166
111
84
135
5
127
109
104
131
117
112
128
121
5
126
106
118
124
146
121
120
98
1
115
118
88
95
102
127
150
143
8
111
99
59
139
116
115
118
96
8
148
142
143
105
112
134
108
126
3
116
83
86
98
88
106
108
107
1
148
79
106
153
132
113
113
104
3
166
136
127
108
117
84
116
133
6
136
98
136
122
127
163
120
95
10
101
108
114
142
132
143
106
139
8
119
115
97
123
94
91
111
116
10
116
113
110
107
120
155
107
86
8
134
90
128
120
121
120
129
106
6
116
115
78
136
122
122
111
135
5
107
118
102
100
94
85
111
112
3
119
88
107
134
121
120
131
120
9
120
82
124
114
69
133
101
105
2
148
127
128
69
106
133
135
114
2
139
108
131
140
155
117
133
122
4
79
78
114
133
132
114
110
94
6
157
123
115
123
126
113
97
120
6
102
141
97
121
141
102
130
141
9
137
120
142
123
109
135
168
99
1
106
111
114
138
98
85
139
119
0
121
88
114
139
115
111
127
120
4
120
75
104
92
99
115
120
99
1
114
85
99
83
107
120
135
78
10
117
111
76
113
119
65
144
154
1
123
136
122
108
115
107
124
141
2
125
121
98
86
117
136
152
112
9
113
114
96
131
138
85
134
121
1
117
142
101
112
116
98
87
117
4
116
128
107
141
106
100
112
136
3
130
132
128
114
115
123
112
94
3
91
101
111
98
101
149
128
106
1
120
130
107
140
99
106
127
96
9
129
145
91
100
98
99
94
120
1
141
84
93
142
101
142
127
117
8
114
84
116
157
95
141
116
145
4
111
98
144
134
148
118
101
91
9
126
136
99
106
128
132
107
116
8
125
162
90
95
133
130
126
119
6
123
86
141
115
137
108
129
115
3
100
134
95
105
113
108
120
100
1
106
127
148
127
127
107
144
156
1
135
105
131
126
156
127
143
139
4
113
124
109
111
103
95
124
113
8
121
116
104
123
102
87
140
115
8
125
114
166
110
107
130
148
122
6
127
107
97
140
133
117
95
133
4
113
119
109
161
106
114
99
134
3
133
114
116
131
161
143
132
136
1
129
131
120
84
139
120
126
153
2
109
100
116
130
103
118
119
89
1
99
129
100
104
121
149
149
126
1
93
102
107
151
97
85
97
111
2
168
119
135
103
100
114
113
124
9
108
156
132
115
87
113
143
132
3
151
126
117
92
149
103
106
105
9
105
105
128
141
118
154
103
121
10
98
94
108
97
113
128
121
135
6
114
106
123
105
95
142
101
113
6
92
113
109
77
114
106
112
112
5
100
139
134
167
79
112
132
89
8
150
114
151
96
114
139
115
112
8
153
109
121
79
100
107
154
118
1
136
124
124
102
120
104
94
100
4
113
113
118
85
102
129
157
139
6
120
57
98
99
103
119
74
115
10
104
97
147
119
94
94
89
111
7
128
113
102
106
118
110
108
126
9
133
141
126
89
74
113
127
106
7
99
127
160
128
88
148
95
127
1
115
148
82
127
160
65
120
126
9
67
130
79
105
118
119
121
115
1
117
112
86
91
131
104
139
100
10
121
127
66
128
113
100
75
113
6
109
128
127
95
96
134
146
119
6
142
120
106
129
122
120
100
163
3
128
102
154
141
120
141
80
107
0
88
106
112
102
112
135
134
123
6
128
118
150
130
122
129
151
101
6
96
80
121
130
91
136
113
125
7
106
169
102
85
116
103
86
86
2
99
113
101
127
156
142
116
117
10
141
77
115
65
156
120
109
106
9
79
91
118
133
136
142
144
135
0
85
100
119
125
104
94
135
121
3
113
118
113
135
143
120
118
163
4
113
139
122
126
135
160
128
134
5
107
95
131
126
99
98
116
91
2
86
103
129
132
115
91
107
133
3
119
133
89
116
79
124
138
155
7
121
95
147
80
134
142
106
141
5
153
138
106
129
139
135
106
122
1
112
110
147
97
112
120
99
135
7
89
115
142
106
126
88
123
143
9
85
141
142
113
114
133
109
125
2
106
119
134
108
135
134
108
115
0
128
112
121
104
114
92
127
127
7
126
107
71
136
134
113
98
118
3
81
120
103
86
141
127
129
108
2
123
109
124
123
111
112
141
103
5
115
126
113
110
113
109
136
130
3
138
100
136
133
149
127
114
97
8
132
115
136
122
148
127
160
108
4
115
121
128
105
122
139
102
127
7
125
99
154
141
114
122
106
131
9
122
108
127
150
112
125
130
131
2
146
124
121
99
85
113
101
140
1
91
144
123
112
110
145
112
133
7
128
115
151
87
126
134
113
99
8
98
122
136
117
94
113
72
127
9
113
124
132
121
99
120
131
121
4
103
134
127
104
133
93
120
133
7
102
127
120
113
143
106
73
129
7
107
128
75
100
122
141
126
96
9
107
129
117
92
110
118
106
133
7
127
169
107
91
117
57
129
111
10
135
101
169
114
109
144
132
83
9
90
113
87
120
90
109
99
129
4
105
118
114
134
85
98
122
128
3
140
110
81
119
135
112
113
139
2
107
100
128
126
128
134
75
102
0
133
109
99
113
141
78
133
110
4
144
107
114
131
135
84
129
129
7
97
127
124
120
142
98
141
70
4
121
91
124
123
137
119
92
125
6
106
142
142
97
127
118
80
145
3
96
120
110
117
155
91
118
123
3
128
113
120
114
147
104
132
129
7
143
106
123
102
110
124
135
67
9
91
127
126
116
111
114
110
93
8
119
120
111
72
126
120
140
122
3
167
93
141
123
150
136
134
136
6
149
114
116
85
112
151
161
115
0
100
108
149
109
142
119
118
149
1
122
94
156
122
136
119
115
106
6
146
101
126
107
101
86
124
135
1
121
125
136
117
147
110
101
93
8
149
164
103
156
106
109
107
125
4
110
118
102
93
83
95
89
94
3
100
127
64
108
111
114
138
73
1
99
144
114
150
124
136
117
112
1
113
156
115
83
140
110
123
106
10
142
147
107
130
120
132
113
105
9
143
122
126
88
111
107
94
104
4
111
100
106
129
141
157
128
135
10
128
77
111
114
106
113
108
113
8
140
111
139
120
148
101
136
96
0
122
128
143
93
78
149
116
114
4
134
132
98
141
93
148
116
117
6
84
115
114
118
117
121
101
95
2
113
114
107
120
93
75
93
93
9
136
121
109
103
155
115
109
115
6
112
135
98
118
115
140
129
126
0
143
120
129
93
99
121
128
135
4
111
99
90
101
137
139
142
105
4
150
112
136
123
101
111
94
129
0
155
111
135
141
141
65
124
128
2
94
113
101
115
107
148
129
76
9
144
141
129
125
78
105
142
115
9
108
137
91
102
91
86
103
107
7
128
136
95
115
115
151
105
129
3
134
108
114
126
99
120
101
146
1
98
114
95
139
131
131
139
122
1
135
122
156
105
107
112
92
113
7
98
129
150
116
130
156
136
135
10
139
105
147
88
101
112
124
85
4
104
117
120
115
118
85
112
128
6
116
112
126
108
121
133
127
104
5
115
112
86
113
107
122
122
166
1
99
119
133
78
127
162
115
102
4
148
106
126
74
100
132
95
104
3
117
149
87
70
143
113
107
115
3
133
98
107
148
90
90
130
101
9
87
135
109
110
97
99
114
135
3
92
135
120
113
89
90
99
113
3
104
117
117
142
111
111
100
99
2
106
118
128
93
156
150
99
122
8
127
91
126
126
126
102
85
107
6
137
124
125
129
126
136
123
112
7
113
124
109
125
99
127
115
100
2
134
115
111
162
135
91
155
139
4
88
124
121
108
133
133
134
102
3
113
94
90
107
100
142
117
104
6
92
118
107
110
110
100
103
113
3
114
106
122
127
148
117
128
162
2
118
136
111
126
150
108
110
99
1
141
70
86
90
91
141
139
106
4
97
120
129
100
134
111
119
101
2
129
112
150
119
114
125
134
91
0
169
151
121
116
129
171
101
125
0
126
130
114
123
103
114
115
84
5
89
105
119
102
71
150
135
94
10
174
112
129
126
105
111
94
122
1
122
134
127
113
90
122
125
78
6
142
113
106
146
108
120
138
94
10
127
152
122
133
148
102
155
114
7
108
124
133
141
107
114
154
136
1
143
127
131
118
136
106
95
120
10
106
111
105
128
120
128
116
165
5
134
114
124
126
110
127
115
136
0
117
143
135
111
88
108
106
122
7
113
77
85
87
167
111
114
106
1
106
126
136
92
107
126
110
113
7
71
119
128
117
99
115
106
138
1
107
149
114
99
148
85
120
120
8
122
114
102
115
117
104
122
101
7
78
107
113
149
97
127
141
147
7
122
108
117
132
127
110
72
144
7
149
147
113
116
128
98
112
114
8
106
127
106
126
131
110
113
123
9
107
147
134
105
111
115
125
112
8
160
120
140
112
74
143
114
100
3
122
109
165
116
87
138
96
161
1
120
157
106
138
113
114
135
112
8
127
106
63
114
114
125
123
151
8
107
117
93
143
74
129
141
150
7
93
115
93
131
86
159
105
112
4
126
127
120
84
86
150
142
76
3
105
75
114
129
129
120
130
108
2
87
128
159
148
119
112
113
150
6
133
111
137
119
149
100
126
121
9
101
130
101
132
136
100
101
109
5
127
143
104
119
140
98
135
99
4
119
92
114
105
114
113
149
129
5
142
107
84
103
121
102
80
100
2
154
79
83
94
124
120
124
111
6
128
112
119
147
142
121
110
120
9
132
76
130
170
95
123
120
147
8
85
121
107
136
96
125
147
139
8
128
106
124
136
121
100
127
126
8
128
123
101
108
107
125
135
133
3
73
140
113
97
91
128
86
107
2
97
126
98
123
114
143
99
136
6
143
135
123
95
82
146
120
91
4
121
123
121
86
106
142
115
93
1
140
137
143
101
85
141
126
148
4
123
107
131
101
91
99
97
121
8
139
124
127
110
136
109
133
120
4
103
80
107
168
130
121
120
103
9
104
120
140
150
91
143
113
134
9
92
155
102
120
119
151
107
125
5
105
124
133
91
94
126
99
138
6
102
124
122
103
153
118
96
126
2
126
141
108
136
107
80
104
106
5
126
115
114
109
106
162
134
100
9
108
142
102
81
118
107
118
76
3
125
110
108
112
134
108
90
130
6
125
89
118
121
111
125
95
105
3
93
113
105
125
118
96
85
121
3
105
130
114
113
115
98
118
115
7
128
129
133
108
142
84
103
139
5
113
107
99
115
142
110
88
150
7
120
140
114
119
124
88
101
77
8
126
148
94
122
124
112
115
144
4
87
123
155
108
101
126
92
135
1
147
118
125
113
112
134
131
139
3
96
134
87
77
113
105
112
104
2
92
150
121
100
106
128
114
104
2
137
117
106
119
134
114
95
83
8
135
122
149
128
124
99
120
156
6
135
115
112
102
136
127
100
107
4
123
137
147
92
98
125
103
120
9
60
107
119
84
131
52
113
123
9
128
152
95
139
122
113
119
86
3
98
122
111
113
121
137
129
107
6
119
112
125
134
72
135
126
115
8
86
98
128
127
157
95
142
124
4
104
150
113
106
147
144
89
123
2
139
142
138
131
144
102
108
113
2
90
150
88
94
147
93
120
161
9
148
126
118
102
96
134
164
128
10
143
160
141
112
110
138
114
130
2
131
107
89
116
116
129
104
151
8
134
142
139
106
104
121
143
121
8
145
161
140
111
106
139
115
130

