9
9
6
3
3
8
7
1
10
14
4
9
1
7
8
2
1
3
13
0
5
2
2
4
3
3
6
92
129
117
121
126
133
127
103
2
87
113
98
157
128
85
100
115
3
124
135
83
105
128
129
96
105
7
88
109
84
100
93
115
119
169
1
101
100
119
108
122
142
110
112
7
113
122
133
115
141
125
150
113
8
126
117
118
91
100
109
136
89
8
116
105
133
108
95
136
114
154
7
126
64
88
115
149
108
126
106
6
118
141
131
136
99
98
106
80
4
147
133
115
124
112
154
93
110
2
112
98
106
82
86
113
104
112
4
148
145
104
102
103
127
87
105
5
139
129
146
97
127
99
79
85
10
139
91
91
116
107
111
100
114
3
107
102
99
108
117
148
107
140
9
108
120
135
115
123
85
116
108
7
83
102
130
127
126
113
107
102
9
92
97
111
105
134
105
129
90
9
112
121
83
110
127
114
142
106
4
144
107
129
135
164
109
113
125
4
147
129
107
91
113
123
114
113
5
107
123
142
118
106
127
96
109
9
127
110
122
105
135
85
129
95
3
127
72
136
113
108
119
106
140
0
113
128
132
124
98
109
71
119
7
112
118
121
158
100
129
113
149
3
113
99
117
128
102
120
117
101
8
107
84
111
94
107
119
142
144
3
132
119
99
96
144
109
140
119
8
121
104
135
130
129
148
153
125
7
99
95
76
99
109
120
105
127
3
90
118
126
136
149
155
110
91
0
117
93
162
102
120
131
115
122
2
147
153
121
142
146
108
101
83
10
140
109
113
96
94
74
101
94
5
134
124
113
89
120
72
112
150
2
150
116
112
128
116
116
119
109
7
72
115
105
102
105
113
93
156
9
136
58
105
142
115
105
133
131
6
127
87
99
87
164
126
128
153
3
115
110
134
137
95
104
82
103
7
161
92
142
164
121
124
113
119
1
138
127
105
149
128
137
126
115
1
99
129
126
98
83
125
140
153
7
139
106
85
111
101
126
167
134
9
114
126
109
142
152
75
115
121
8
99
112
128
141
87
105
139
136
2
88
111
128
132
90
133
102
114
2
138
162
123
156
125
105
132
128
4
114
73
141
85
80
113
84
120
0
124
113
123
119
104
72
93
120
2
115
136
141
139
106
135
125
115
7
85
115
58
122
150
129
84
86
5
97
128
120
104
147
143
92
129
9
130
94
81
137
98
153
108
120
8
105
123
134
126
133
106
135
114
7
128
145
107
104
100
131
89
122
4
107
103
118
85
148
133
129
99
3
133
107
143
119
113
131
127
124
9
115
114
129
130
105
131
127
129
1
108
147
66
113
104
110
118
114
6
130
141
136
114
163
93
88
101
9
138
140
117
99
131
111
114
123
2
110
125
128
90
105
87
103
134
3
106
139
107
94
86
118
109
87
7
124
107
111
124
93
112
120
128
3
155
130
149
127
94
141
127
128
4
113
104
139
105
142
129
127
85
2
138
114
75
127
138
104
130
126
6
148
113
146
120
153
119
124
113
0
119
132
86
108
103
95
119
92
0
142
86
131
97
117
104
125
117
10
113
98
148
117
98
101
106
107
5
56
160
97
120
121
111
129
126
5
100
113
134
107
110
120
101
121
7
108
111
100
138
130
106
114
93
8
142
114
123
117
90
138
116
127
5
118
115
150
100
119
115
98
90
9
127
101
124
150
106
95
128
133
4
114
119
83
126
120
128
136
99
2
126
121
99
96
116
109
108
80
10
137
72
128
147
95
133
135
85
8
119
92
128
176
133
118
128
111
9
134
103
149
135
127
131
134
119
9
92
152
87
122
119
91
122
86
8
92
132
125
128
114
63
145
123
10
120
119
114
72
119
162
120
112
0
134
95
141
106
105
154
135
120
1
120
126
145
125
137
140
126
85
6
128
119
126
74
120
77
107
133
1
86
117
129
141
85
109
110
113
3
120
141
119
167
150
110
114
128
10
113
106
142
106
182
119
136
122
7
107
118
142
107
120
108
99
92
4
112
85
125
145
155
121
83
112
6
122
110
126
114
119
92
134
133
1
90
136
95
115
96
97
91
107
9
127
114
140
101
94
116
130
133
3
113
102
114
93
166
101
94
87
1
129
120
126
109
102
86
118
130
7
112
129
113
150
121
115
114
142
0
112
103
126
140
116
102
102
122
7
126
84
105
120
104
143
137
99
5
98
137
134
97
155
123
106
127
4
133
105
84
119
98
114
104
115
7
100
126
132
136
106
96
153
128
3
100
96
110
149
120
141
106
82
2
169
113
167
75
134
95
140
124
4
126
125
112
121
134
158
99
151
7
149
114
122
135
112
106
122
92
2
90
128
96
124
105
84
109
155
0
142
136
81
149
138
111
107
112
2
148
110
104
100
121
94
148
154
5
121
105
119
77
84
87
134
98
6
113
112
127
116
102
117
129
156
8
97
102
111
112
106
114
147
112
8
106
112
133
140
99
92
139
92
0
105
94
118
119
127
96
136
144
2
127
72
117
138
120
66
125
163
5
111
131
127
99
117
103
106
125
10
127
128
112
87
144
129
107
113
10
89
113
117
122
118
139
114
134
9
99
102
129
120
115
123
138
132
2
95
120
97
94
90
106
148
114
1
134
110
94
128
108
139
144
120
7
141
107
123
93
122
122
91
106
7
133
151
133
97
85
150
142
93
9
119
121
90
144
128
110
140
107
7
115
152
128
98
121
106
135
130
2
113
120
127
136
115
129
127
112
4
135
100
121
126
125
113
156
114
4
102
139
130
93
98
102
115
63
9
123
59
106
135
133
93
135
91
5
149
115
128
84
119
107
173
105
6
154
117
125
129
119
111
106
91
9
84
102
43
140
133
121
86
99
8
101
141
114
129
80
128
79
134
7
121
96
114
124
142
153
117
134
8
118
99
114
114
141
142
121
119
9
97
112
92
112
162
164
100
100
6
89
126
118
114
116
94
122
123
2
74
107
138
94
109
107
120
118
6
110
108
90
84
122
136
128
139
8
114
155
88
141
113
97
135
69
3
122
103
123
124
119
107
100
145
1
149
131
107
135
125
141
134
85
2
101
108
173
73
94
136
71
148
9
124
109
128
112
107
94
125
124
7
151
105
119
104
108
134
105
130
8
110
130
116
63
112
117
128
94
9
110
147
101
86
112
94
110
107
3
147
114
116
139
101
109
107
142
9
147
93
91
108
158
101
142
157
5
141
114
112
114
92
64
129
105
4
107
119
129
110
112
84
104
116
4
126
92
120
128
127
104
94
126
1
84
106
114
113
147
105
122
123
7
100
79
105
72
127
132
101
120
8
95
114
116
120
116
141
112
139
2
105
119
100
114
104
143
105
108
9
113
135
133
128
91
114
136
91
3
123
115
97
96
106
127
111
162
9
118
115
141
85
108
141
148
114
6
114
151
105
86
117
148
146
59
9
132
134
96
143
78
121
107
108
10
127
111
121
135
146
136
122
131
6
113
117
130
105
110
133
155
121
0
116
108
115
107
78
105
138
139
9
113
121
104
135
118
136
135
123
2
163
109
133
137
98
122
80
116
7
121
100
144
114
138
150
121
122
9
109
90
120
119
154
151
127
119
3
98
155
95
115
97
113
86
140
2
121
154
137
107
146
70
84
115
5
154
77
86
105
84
112
128
120
7
98
80
119
82
150
85
120
134
6
128
128
113
131
113
112
151
159
9
133
157
106
78
107
119
134
134
5
128
141
98
140
123
132
152
102
3
112
126
112
114
145
112
126
111
7
105
89
107
153
114
119
99
124
2
116
116
94
133
128
85
100
127
2
113
81
101
103
89
126
77
134
6
99
106
98
127
76
131
140
123
6
127
112
109
126
106
110
128
94
4
129
140
132
99
142
120
145
129
9
129
128
96
128
128
128
126
145
6
138
135
122
101
156
145
136
139
6
119
106
145
142
126
86
92
101
3
156
93
98
125
151
140
96
147
4
115
115
121
145
126
139
138
123
2
124
106
128
148
86
110
115
92
1
121
86
163
118
100
117
134
123
9
101
106
133
116
132
107
108
104
4
141
120
127
105
157
101
135
92
8
143
106
119
136
108
106
133
148
2
91
120
114
115
85
91
127
107
0
133
85
107
141
125
94
76
119
9
129
97
97
142
103
81
100
120
6
123
141
116
138
96
105
133
109
6
142
134
99
134
107
72
134
131
6
112
122
99
119
100
98
84
150
5
149
134
86
127
85
110
115
133
7
123
127
88
94
164
110
130
133
9
120
145
108
163
120
150
120
155
5
142
143
125
101
124
114
149
128
1
108
93
112
119
111
122
107
129
6
99
106
143
127
140
118
127
134
4
101
96
118
135
100
109
129
143
5
140
105
104
159
123
107
89
151
1
123
96
141
112
89
113
145
103
10
114
101
120
104
143
99
117
128
3
143
106
140
120
135
143
137
86
1
121
141
120
139
74
79
128
101
3
121
128
137
141
115
135
121
175
6
106
80
106
121
149
114
100
74
8
125
124
111
146
136
100
122
137
9
123
105
103
126
126
116
130
131
9
135
82
171
91
112
127
112
117
2
106
101
115
141
112
102
121
155
1
119
121
123
112
121
136
129
100
10
135
117
109
115
133
130
122
108
4
110
90
110
103
98
131
134
115
2
99
132
108
149
104
139
84
151
2
143
84
140
128
122
98
117
136
8
107
142
113
105
93
132
112
102
9
91
95
141
149
101
87
117
177
2
102
120
138
133
142
136
122
141
4
122
102
79
129
86
109
131
128
1
79
93
125
125
134
112
121
110
6
136
127
93
94
89
126
128
100
3
80
119
131
120
109
121
58
131
8
129
106
110
139
120
132
156
132
6
94
105
149
119
130
116
124
105
10
125
99
99
98
127
101
96
125
5
97
133
98
122
134
120
126
90
2
172
150
121
147
105
109
104
118
10
132
111
102
103
91
98
98
120
10
105
112
113
122
154
151
109
142
8
98
104
111
135
106
105
150
104
7
114
143
111
87
143
147
107
115
6
120
121
107
114
106
99
114
104
2
135
134
149
142
87
108
105
115
8
122
130
94
128
154
113
96
94
1
89
161
114
121
122
96
122
142
1
121
139
89
123
115
79
135
126
7
126
86
135
93
119
92
119
131
1
120
98
112
100
101
112
141
89
8
129
135
139
111
94
114
111
88
1
143
125
88
102
131
68
107
139
4
129
149
135
104
99
114
111
133
2
104
122
125
110
120
100
132
128
7
100
127
110
138
115
154
114
125
3
105
95
116
126
80
114
106
109
7
126
119
93
107
92
129
122
99
3
138
98
151
134
128
112
102
134
5
143
155
111
168
111
94
86
80
4
114
99
98
120
99
99
132
105
7
112
133
157
123
114
100
101
150
4
159
99
122
110
103
158
99
95
5
123
154
103
114
122
114
107
149
0
132
121
112
133
122
111
82
114
3
92
112
123
103
133
111
99
120
1
91
91
107
136
117
112
108
137
5
77
113
106
121
85
127
140
149
7
115
112
115
104
116
149
97
156
5
132
134
79
93
128
133
114
113
4
106
84
108
147
121
101
119
146
6
147
104
141
122
106
126
135
121
6
107
149
65
96
71
131
110
124
5
113
153
106
109
72
108
130
86
4
115
125
120
122
113
77
150
108
9
96
128
106
116
113
99
108
120
10
108
113
113
159
138
116
142
128
6
113
126
142
111
106
79
157
109
10
110
121
111
157
111
101
150
142
8
98
113
113
142
128
114
97
135
10
111
120
122
105
114
113
149
124
5
149
149
121
121
133
117
123
101
9
145
97
127
115
129
125
97
109
0
149
116
125
93
130
142
91
114
3
133
140
110
106
109
141
114
107
2
127
90
119
140
130
97
120
101
8
109
122
137
99
117
85
147
119
1
143
150
128
85
112
127
141
145
4
102
105
101
83
107
121
132
136
8
99
98
86
134
120
157
94
100
9
149
93
113
155
108
69
130
107
3
108
128
73
106
140
116
96
119
5
100
105
91
103
137
135
142
111
6
126
104
98
101
135
101
126
92
6
110
143
91
106
141
127
123
143
0
108
133
82
120
119
123
116
138
7
113
132
115
125
127
129
134
129
4
121
126
89
143
110
133
79
149
0
93
103
103
76
88
113
102
119
1
78
101
106
109
107
135
93
115
4
93
126
129
100
147
111
109
120
5
119
161
84
78
136
100
156
140
9
131
98
162
126
107
139
156
112
8
130
114
109
88
125
116
81
123
6
143
137
83
140
118
117
113
105
8
121
107
113
114
141
120
112
120
4
125
93
91
133
93
125
130
104
6
142
127
119
111
106
101
114
104
0
91
116
118
101
93
135
142
99
2
121
120
125
121
157
127
133
134
3
167
118
121
99
121
110
100
105
4
100
114
92
116
127
133
128
105
5
99
111
89
106
63
143
107
114
8
170
98
133
126
131
105
75
88
7
108
116
60
120
118
121
122
107
1
71
136
128
99
121
102
126
120
2
78
129
131
112
122
111
121
122
9
85
146
102
153
111
145
122
150
7
123
117
107
114
115
115
113
112
8
132
155
120
125
115
121
143
45
8
129
112
89
117
93
106
127
140
0
99
134
126
135
116
112
78
92
3
124
141
108
154
124
122
136
87
0
96
112
121
122
145
119
134
127
8
141
133
106
126
149
101
132
121
7
136
114
121
105
129
106
109
133
8
86
155
91
125
113
112
132
150
10
136
118
125
115
110
107
80
100
6
128
88
70
115
90
111
148
102
9
136
169
109
150
164
106
140
119
3
124
103
126
101
136
135
96
132
3
119
107
126
110
100
105
141
126
9
147
106
114
120
98
147
95
101
3
120
91
130
92
99
105
140
113
1
149
145
99
112
124
76
99
94
7
134
105
93
94
145
134
124
150
1
108
87
97
144
114
114
109
142
4
128
135
87
102
100
128
117
129
10
86
112
90
117
111
142
132
114
0
96
116
115
97
110
129
106
92
2
139
118
96
105
157
139
97
91
7
85
126
113
120
79
119
101
126
9
172
92
119
106
111
153
85
110
1
149
92
100
110
107
113
106
95
4
105
107
81
113
137
157
119
129
7
113
151
140
104
116
136
121
120
5
121
140
98
105
102
101
161
106
0
86
137
100
164
115
91
91
139
3
98
91
108
109
86
149
102
112
5
124
94
88
105
153
94
107
109
7
87
93
126
98
102
80
126
140
1
83
138
92
98
107
84
101
91
4
66
112
91
128
114
86
133
122
2
93
143
98
124
79
107
130
122
4
117
90
114
127
113
156
91
130
1
107
85
82
88
87
111
107
112
10
134
122
135
96
127
90
116
136
2
117
104
113
103
92
117
114
106
6
93
156
128
143
92
136
92
136
3
123
128
120
114
131
106
136
122
7
143
122
113
134
117
126
105
121
4
122
138
135
143
101
122
124
101
2
116
56
132
142
113
158
108
125
3
97
120
157
125
119
137
111
106
8
113
140
106
94
120
124
116
108
2
90
87
135
136
142
134
101
128
9
89
111
99
108
130
120
91
118
6
123
93
114
86
100
104
104
148
3
133
154
99
122
110
106
136
144
7
159
114
140
63
113
136
121
100
7
99
99
110
84
115
141
92
115
6
106
108
124
136
116
104
119
74
7
83
128
134
117
131
145
128
103
9
103
111
112
106
121
140
100
78
7
148
89
134
98
81
92
110
117
4
135
140
119
116
106
120
96
92
1
129
115
120
135
86
118
119
147
1
121
125
129
90
101
129
133
138
3
120
164
130
113
101
135
88
82
2
140
107
128
106
122
128
122
117
0
104
119
128
87
127
115
102
122
7
174
103
123
121
85
157
119
150
2
128
106
120
114
147
126
114
118
4
124
107
93
94
93
145
91
82
7
108
132
150
154
108
109
85
66
4
99
123
82
135
111
126
148
119
4
133
135
117
112
110
135
122
113
2
134
101
112
127
170
104
132
77
4
95
77
98
115
108
133
133
151
8
87
114
79
139
100
129
113
146
1
127
93
136
82
106
128
132
110
5
97
80
99
120
107
130
135
153

