12
8
4
6
7
1
3
2
3
8
9
3
2
10
8
4
5
5
12
8
6
9
2
3
0
0
8
105
115
107
123
124
78
106
131
2
141
134
127
106
102
95
108
115
8
138
134
84
140
123
101
114
102
5
114
123
80
84
129
142
138
128
6
123
141
96
94
96
109
91
99
8
83
139
120
107
107
106
121
130
9
116
146
121
144
118
120
119
114
1
113
143
142
127
112
144
94
96
9
104
112
123
128
106
100
107
122
9
148
94
114
93
76
115
102
149
7
121
133
124
103
105
86
156
95
4
143
113
100
123
112
93
95
85
5
126
127
148
113
98
120
97
109
3
133
107
145
108
122
117
124
117
0
85
107
126
118
157
158
115
106
1
115
93
76
138
115
122
122
97
5
147
133
134
114
107
147
126
99
5
141
98
97
103
122
100
115
157
6
137
136
150
119
106
85
132
108
7
149
102
122
126
113
136
101
139
2
158
101
85
135
128
136
102
132
9
154
118
141
94
119
72
135
142
4
101
84
107
107
132
120
117
114
9
128
122
106
103
94
95
100
135
5
106
95
121
119
135
98
112
118
3
107
91
106
141
161
120
135
131
9
125
132
127
98
140
119
127
115
8
123
114
142
85
77
146
101
113
9
142
104
129
91
95
91
109
95
2
140
105
144
114
119
107
140
94
5
99
143
146
92
126
95
127
124
7
116
137
134
130
93
128
85
140
5
84
120
148
89
85
97
149
135
2
137
100
127
95
114
124
130
150
2
99
131
134
137
109
129
134
66
7
110
87
126
112
87
106
115
82
5
74
109
119
91
116
100
107
82
6
148
117
110
100
131
127
91
107
8
120
92
106
103
125
143
140
85
6
136
108
149
98
148
132
155
114
3
98
125
130
150
113
134
129
131
7
101
105
114
143
114
127
142
112
2
109
112
99
92
114
133
123
104
8
75
125
99
104
119
128
110
149
8
107
101
113
136
107
147
122
164
1
128
85
100
126
80
136
126
78
6
105
84
122
120
99
121
108
92
1
114
135
92
70
79
92
135
104
7
122
103
109
108
107
115
147
128
10
93
134
123
83
126
134
131
89
3
148
104
123
74
116
121
126
100
1
114
134
107
116
105
114
127
153
3
122
119
127
99
162
127
161
86
4
129
115
130
123
61
114
102
104
6
92
113
112
131
93
110
151
117
4
125
139
133
133
123
135
81
88
0
71
128
135
104
114
129
138
128
5
127
128
123
120
137
134
148
138
6
85
130
101
128
139
122
103
80
4
98
157
171
100
114
127
85
140
4
118
141
107
133
120
120
113
143
8
128
107
115
101
104
106
115
136
6
93
116
149
145
121
94
104
112
3
129
137
96
89
98
118
104
101
0
129
106
110
140
115
159
125
115
1
126
116
115
124
115
84
143
141
8
124
150
88
106
121
108
106
120
7
135
92
104
99
129
98
153
126
7
100
115
133
98
93
110
107
85
7
144
141
106
111
143
109
111
120
7
95
90
105
112
125
128
127
148
9
128
140
87
133
81
107
121
132
5
88
132
100
142
118
164
100
108
5
135
114
130
133
114
108
121
120
9
125
141
120
126
114
115
106
109
7
87
107
137
121
147
118
110
105
6
114
108
109
81
99
123
106
97
7
108
107
102
128
136
107
112
113
5
94
119
93
113
146
95
101
113
3
86
117
109
137
115
134
148
138
9
120
127
109
107
119
104
120
128
9
61
131
110
118
119
65
118
127
3
134
108
101
100
107
116
117
64
8
138
117
132
112
104
111
106
136
0
112
88
113
144
121
99
101
71
6
121
106
119
120
112
108
101
125
2
145
126
98
113
100
139
112
133
1
128
99
125
99
127
145
105
126
4
123
108
130
92
92
106
114
116
8
112
83
148
147
105
89
160
104
4
112
110
120
125
101
120
119
133
6
112
107
120
98
132
127
113
99
8
95
127
146
121
112
119
149
91
6
162
128
146
108
116
108
139
134
6
111
108
115
131
117
106
132
164
9
114
128
125
120
121
128
96
128
6
115
155
114
119
121
96
115
127
2
98
92
121
145
98
106
119
133
1
134
127
102
160
97
80
100
103
7
135
91
105
103
121
156
105
77
2
136
94
128
114
119
66
92
95
2
119
166
148
112
100
141
135
77
2
73
91
127
121
97
82
120
120
8
80
120
125
69
121
128
142
134
7
128
105
122
120
86
145
122
85
7
115
137
146
121
124
97
143
113
9
122
82
121
155
142
98
136
137
5
128
78
135
138
78
95
125
135
2
117
99
125
142
147
114
125
130
8
114
99
119
92
120
142
120
126
8
91
84
129
128
89
148
127
92
9
121
120
142
136
131
121
119
125
8
95
122
101
128
147
114
139
121
4
149
106
141
104
106
121
156
145
9
121
126
87
149
115
115
128
107
10
77
114
112
123
127
134
85
142
9
128
122
112
133
119
95
127
105
4
121
106
112
117
129
113
91
115
9
138
115
110
127
128
91
101
124
2
122
160
106
85
129
107
142
128
2
169
101
95
128
124
119
87
114
10
114
133
100
126
91
138
128
92
6
117
112
127
125
114
102
134
111
8
121
104
104
114
157
146
123
141
8
163
133
125
71
99
128
141
99
0
104
156
105
114
135
113
138
115
3
107
103
119
100
127
98
155
128
5
100
100
115
102
134
128
116
103
0
122
124
102
132
112
106
135
106
10
122
114
109
142
120
105
138
72
1
122
91
115
112
114
119
101
115
4
120
139
106
128
140
84
121
106
7
152
113
130
114
136
105
134
96
10
100
107
99
111
111
127
119
129
5
139
140
101
111
110
129
148
127
1
155
90
121
134
115
132
100
79
5
108
125
113
120
108
106
110
86
7
103
112
114
127
98
149
116
122
5
113
113
98
129
122
118
112
119
9
161
126
125
137
111
92
92
130
4
149
130
103
115
122
120
118
100
3
117
111
115
146
93
112
118
149
3
115
150
120
156
129
90
90
107
5
111
146
112
120
127
136
117
121
5
133
104
144
100
85
129
92
135
10
120
114
143
116
142
98
104
148
2
93
99
117
112
77
109
100
99
2
124
92
126
120
118
127
139
136
4
133
144
115
92
163
143
102
142
4
111
140
54
117
132
117
94
89
8
123
109
101
107
130
91
132
91
1
107
139
123
119
143
114
127
107
8
112
80
109
127
128
96
134
89
9
94
112
124
150
138
138
79
105
1
93
135
96
129
114
106
113
136
5
128
104
110
109
120
112
121
127
3
129
91
107
78
98
146
95
128
2
129
124
113
116
102
143
93
141
8
138
100
85
111
92
79
134
142
5
141
92
115
135
118
115
119
105
5
111
118
120
76
85
134
128
123
7
135
145
110
135
115
93
133
105
9
63
141
106
128
133
98
107
150
3
106
95
152
147
161
127
108
104
2
135
113
126
124
142
127
100
94
4
100
107
133
148
108
105
132
133
5
104
142
86
128
113
133
129
127
4
135
127
122
151
114
131
119
117
2
129
106
127
97
160
136
142
140
7
106
93
113
105
112
120
113
128
1
101
93
116
109
141
91
120
111
9
106
103
101
126
101
113
79
97
3
113
127
141
117
135
119
124
145
8
98
119
113
98
148
113
78
114
8
105
102
88
132
116
113
115
110
6
112
91
110
99
120
149
127
123
3
131
126
97
110
101
156
90
120
9
114
135
115
104
105
111
108
124
2
166
114
150
75
127
135
134
113
4
80
110
142
127
100
140
91
111
2
120
112
147
170
125
85
145
154
3
129
102
127
145
97
122
96
108
6
135
115
87
121
146
126
149
114
6
141
138
78
91
109
128
148
111
6
112
108
104
106
119
125
109
93
4
126
135
113
100
113
115
133
126
6
101
129
124
120
112
140
120
167
1
132
113
156
132
105
99
143
141
9
104
110
138
128
107
121
107
107
5
106
131
108
105
124
131
105
124
6
100
108
113
143
92
113
135
134
6
169
115
170
109
156
148
134
93
7
72
136
130
108
104
155
124
119
9
124
137
136
140
112
106
78
109
8
109
107
118
177
131
103
95
125
1
125
127
92
118
104
135
88
100
6
135
84
88
110
113
114
94
143
2
87
103
134
113
80
130
114
150
5
140
83
105
99
97
91
106
123
2
159
108
110
100
114
91
83
91
5
101
79
123
115
129
120
125
126
10
118
112
147
100
128
135
113
100
6
126
170
131
147
100
116
110
85
6
120
117
112
122
116
76
95
121
7
130
135
106
104
93
97
130
154
7
153
131
137
100
141
121
101
112
7
107
114
134
115
147
93
119
92
9
104
139
159
89
93
93
128
98
5
112
120
85
107
127
95
114
66
9
99
114
105
72
127
108
123
104
6
140
89
154
98
133
112
112
111
6
92
115
114
116
138
98
126
121
5
120
79
114
113
128
108
71
97
5
118
67
111
123
122
121
99
124
8
138
100
130
134
87
105
125
121
4
62
123
118
122
133
163
80
142
5
117
133
126
133
112
135
96
117
6
60
100
113
122
117
119
121
90
9
123
121
118
129
117
119
106
100
5
114
85
106
133
109
131
130
142
6
138
149
51
109
121
142
120
136
3
115
114
97
120
70
147
118
91
3
111
86
110
121
126
90
108
112
6
93
106
148
113
136
148
71
118
4
76
85
170
147
97
120
115
110
1
149
160
170
99
135
105
133
84
8
135
112
108
147
125
108
90
119
7
97
119
142
130
106
143
143
142
2
107
99
100
76
120
136
132
100
6
97
101
124
114
107
136
128
128
0
127
121
135
141
150
118
126
121
1
99
135
132
138
107
125
147
117
7
133
85
107
127
106
147
123
114
9
122
123
115
121
127
87
135
126
4
107
143
105
123
130
122
129
122
2
159
117
80
113
125
132
87
116
3
141
100
119
121
134
120
121
100
1
144
134
121
106
148
125
130
129
8
113
120
132
103
123
117
86
94
4
122
134
104
65
113
98
100
124
2
114
86
114
106
112
102
99
114
0
141
97
144
135
82
101
85
116
9
91
122
133
154
132
106
105
138
7
115
98
100
97
134
108
94
101
6
120
93
112
125
131
143
84
132
8
108
99
106
106
92
123
113
105
6
92
120
112
136
120
99
114
151
1
118
126
138
116
101
149
93
114
1
113
116
127
108
134
99
126
124
7
124
107
109
124
127
135
148
141
6
120
113
149
137
118
119
134
98
7
144
87
107
98
114
110
133
152
5
87
146
108
111
114
149
152
113
3
117
149
120
121
89
100
126
121
3
96
134
123
140
105
87
144
134
7
112
142
107
128
107
107
119
157
8
126
100
106
113
141
114
104
136
5
149
83
108
92
134
107
115
114
10
91
102
114
94
74
133
135
134
3
117
81
72
119
121
128
101
91
3
93
163
92
58
150
114
130
110
0
111
154
128
113
117
119
115
137
3
98
99
117
101
122
134
104
117
9
93
119
118
109
116
97
108
116
5
99
116
119
107
87
99
105
78
8
113
105
115
128
94
127
130
124
7
102
120
72
119
143
110
86
108
2
116
127
128
132
100
150
151
114
9
148
127
120
96
65
109
133
96
3
119
133
100
106
116
145
125
129
2
135
150
101
113
84
109
138
133
10
121
108
100
122
116
94
166
103
5
134
78
92
87
117
177
93
132
2
106
120
114
105
109
135
130
95
2
114
121
88
147
81
116
110
146
3
88
91
119
127
78
134
146
129
5
121
114
99
142
134
108
128
108
4
94
117
107
86
140
149
109
107
10
120
83
134
122
127
134
128
134
3
128
113
100
95
98
105
100
107
8
120
121
104
74
86
107
160
98
8
100
117
125
113
141
149
105
147
6
141
98
120
141
115
149
129
132
3
120
123
87
120
113
147
130
108
5
127
132
84
106
106
112
100
183
1
101
79
118
106
98
121
105
87
4
99
139
83
143
142
141
134
129
9
101
126
129
112
166
111
120
116
9
141
88
110
128
89
115
144
118
9
101
103
117
106
139
126
100
123
3
147
134
134
128
132
107
66
114
0
112
131
128
132
99
139
128
127
6
117
100
116
115
126
135
95
111
2
140
176
56
100
113
120
98
133
9
121
122
121
119
127
60
133
120
7
106
118
142
80
139
88
114
137
8
114
144
104
127
82
123
144
120
3
123
157
95
133
76
83
129
112
7
116
133
139
138
142
114
130
114
3
127
86
120
128
129
118
95
98
9
149
120
119
118
107
120
105
120
3
118
133
143
121
116
123
107
122
6
130
97
123
100
141
119
89
144
8
106
118
122
120
164
87
141
123
3
89
144
122
96
96
134
89
114
0
145
113
114
117
127
84
106
135
8
128
141
69
91
111
145
106
139
6
147
111
106
84
106
125
101
115
9
127
114
136
107
120
137
158
134
6
95
106
111
75
77
142
97
163
9
135
124
101
97
128
111
58
144
6
126
127
140
108
139
103
147
124
10
115
100
128
123
155
77
106
128
9
137
121
130
133
108
103
105
76
9
80
78
106
122
99
99
106
87
6
112
101
101
131
141
106
135
116
4
81
93
120
112
134
156
89
112
7
77
140
111
167
115
113
135
104
0
118
121
145
79
136
84
105
101
4
122
107
116
114
129
117
126
100
7
142
151
63
78
150
101
95
132
8
121
93
128
134
128
112
107
104
5
127
153
71
106
112
128
114
151
6
78
129
148
128
131
99
107
126
6
116
105
129
161
99
103
116
135
6
106
120
73
116
130
121
121
95
3
136
119
122
137
149
99
107
102
7
88
121
142
107
107
132
120
74
9
107
98
87
98
134
102
115
108
5
142
151
114
131
138
105
138
157
7
117
115
120
139
113
130
125
114
8
140
113
159
123
84
102
160
119
9
99
134
122
115
131
95
127
112
7
127
133
104
148
107
114
114
115
4
110
107
142
148
103
129
85
133
2
108
153
108
102
93
134
103
119
3
119
132
120
116
137
93
108
108
5
88
120
100
123
133
146
143
149
4
100
127
113
93
124
112
102
122
8
87
143
121
124
78
82
134
140
1
147
106
85
106
120
133
114
113
1
113
129
122
133
117
125
105
98
3
105
107
115
173
108
106
87
102
2
105
72
98
122
125
120
142
128
3
123
81
123
115
154
134
137
129
4
132
120
124
106
100
135
127
142
5
153
121
121
104
133
93
117
100
3
126
113
134
94
109
123
124
121
9
115
115
101
106
123
100
115
107
5
136
97
115
113
113
108
143
59
1
150
108
114
111
109
134
96
94
5
150
86
109
128
134
104
106
76
1
118
122
108
134
122
121
101
149
4
101
117
113
100
119
126
113
91
6
121
77
120
123
101
104
117
109
10
155
100
117
87
121
92
107
117
1
135
135
116
109
128
119
111
119
1
100
80
155
82
113
115
115
94
2
192
130
138
136
121
128
111
98
4
163
95
113
86
128
109
141
111
1
107
106
93
114
104
134
100
82
1
113
91
143
82
106
139
95
133
0
119
93
139
107
134
112
99
141
9
128
107
108
147
140
141
137
133
4
112
115
137
112
132
136
119
79
10
64
83
99
149
98
105
112
101
7
105
101
92
115
98
104
128
164
2
103
111
118
131
112
132
124
128
8
130
96
86
106
144
98
146
92
5
116
128
104
123
103
105
92
141
9
135
116
135
123
150
132
106
128
0
131
67
92
138
108
72
147
118
7
131
114
135
126
112
94
105
108
5
129
159
104
154
78
117
107
114
9
133
120
150
72
144
99
148
112
5
144
120
119
106
107
131
133
129
5
155
83
113
137
146
119
127
131
3
54
123
137
124
95
121
126
109
8
99
149
100
105
127
123
105
130
10
112
123
154
128
68
114
79
120
0
98
148
143
108
101
134
93
99
4
105
78
147
123
118
148
112
112
9
128
143
113
118
155
100
100
113
1
121
72
127
87
120
123
120
107
4
119
128
99
133
112
136
107
88
2
111
120
114
119
120
128
107
128
0
133
92
105
108
103
102
133
92
4
119
126
120
128
136
110
142
148
1
96
130
135
107
87
122
138
137
6
127
84
99
114
108
105
129
93

