16
8
4
3
10
7
5
5
6
12
6
9
0
5
8
5
9
10
11
8
1
1
7
8
1
3
2
103
128
104
147
143
174
70
147
1
132
89
93
118
91
131
127
127
6
96
107
112
138
114
94
117
101
7
129
138
147
125
115
138
99
134
1
142
103
125
115
113
107
85
127
1
116
79
120
153
99
121
85
126
4
153
131
153
150
117
130
119
113
10
114
132
150
128
148
138
103
115
10
121
68
113
107
121
134
107
126
3
169
112
107
111
143
119
127
119
0
106
136
125
96
141
129
98
119
1
99
120
157
107
149
110
121
107
9
86
79
103
149
114
107
140
135
3
105
113
79
56
133
112
113
107
7
121
114
108
82
153
80
109
122
1
134
76
99
131
143
87
123
126
4
125
105
107
136
98
105
120
95
4
96
88
130
143
100
115
150
95
1
120
99
141
139
114
133
89
142
3
116
134
114
107
121
109
95
112
5
116
107
130
170
98
148
104
120
9
131
123
110
109
125
121
71
104
7
115
128
65
151
149
119
141
107
8
117
119
127
79
60
106
153
127
9
117
112
147
120
121
143
126
84
7
156
116
122
128
105
132
103
107
5
130
99
81
128
139
127
86
142
9
115
105
83
86
126
143
105
99
7
130
133
142
93
100
103
120
127
8
83
107
122
114
105
150
84
135
1
91
119
111
109
121
87
107
102
1
113
136
114
108
94
72
101
85
0
128
104
113
122
115
131
134
108
8
134
132
154
125
125
103
107
125
7
135
135
131
95
113
149
128
126
3
110
93
72
103
128
78
107
107
2
96
103
116
115
100
99
100
165
4
109
133
124
113
126
119
84
93
5
135
99
127
150
107
125
146
113
8
129
99
105
161
121
151
97
133
4
87
149
108
87
113
116
85
131
10
112
103
86
116
100
140
117
132
2
91
111
107
104
123
80
114
119
4
101
121
144
97
95
128
108
127
6
110
135
123
126
163
133
109
123
7
81
119
141
140
84
104
72
100
4
101
147
129
119
114
99
130
135
5
106
96
121
92
126
121
116
141
6
99
112
89
74
115
101
96
112
3
115
98
138
120
130
100
81
115
6
106
112
96
121
115
114
122
145
5
148
92
114
93
113
113
170
129
6
150
102
85
99
105
135
112
95
2
140
127
121
142
135
90
137
99
1
133
129
121
107
137
106
101
106
3
112
129
100
122
87
85
121
142
1
101
101
111
133
131
142
100
122
6
126
124
110
125
135
106
142
108
0
156
118
141
106
147
124
134
120
1
92
108
93
142
130
119
128
120
9
114
121
139
140
121
100
99
68
8
130
141
91
135
90
140
121
118
7
106
99
100
131
127
128
140
115
4
121
148
85
126
102
112
139
104
4
99
126
111
127
131
116
141
122
6
113
154
116
121
104
108
111
99
5
118
114
113
128
115
92
115
141
4
126
124
117
147
123
127
132
157
10
107
85
105
109
148
118
99
107
7
154
92
67
126
99
133
111
115
4
105
128
138
119
120
114
118
140
4
120
134
120
51
97
92
102
106
2
115
111
151
118
120
142
74
115
6
89
122
127
119
127
93
136
121
7
126
154
148
129
97
117
113
133
2
108
134
152
141
139
114
150
145
5
121
79
104
135
128
124
114
96
8
156
102
175
136
124
121
105
93
0
123
116
57
98
120
142
121
113
2
104
129
102
150
120
121
107
136
1
100
91
120
155
129
119
137
105
9
133
132
113
126
135
94
92
134
5
56
126
142
129
113
135
98
103
3
134
154
113
114
107
57
106
115
4
119
107
108
107
133
84
143
121
8
124
121
108
127
128
153
117
130
1
112
102
133
113
137
143
156
107
4
119
129
134
117
103
117
126
76
2
101
112
177
112
128
111
128
80
3
110
127
101
80
119
130
111
120
5
163
120
111
134
94
107
87
85
4
128
116
117
128
100
99
143
172
5
127
101
127
121
112
113
135
106
0
115
148
143
147
148
123
140
94
3
65
121
121
80
113
108
117
147
8
158
127
142
125
104
120
114
127
6
134
109
122
128
99
120
134
91
5
126
73
105
98
119
110
101
107
5
128
112
66
122
120
141
149
121
8
121
103
134
161
121
164
120
110
5
121
130
66
87
113
72
85
118
4
111
122
75
100
106
113
129
140
10
144
106
127
149
86
76
113
97
9
115
85
105
127
133
119
99
141
2
138
108
105
100
99
116
129
127
0
110
60
135
128
79
125
128
155
2
127
107
124
141
114
126
136
113
2
106
114
151
128
122
86
114
123
1
112
126
135
100
135
162
113
163
4
112
156
163
67
107
108
120
163
5
106
123
150
174
112
150
94
118
8
100
78
106
84
128
105
148
111
3
128
114
132
103
126
119
103
106
0
141
106
147
99
131
108
132
108
7
114
123
164
97
126
85
133
137
1
118
143
126
111
103
108
83
127
8
107
99
134
100
114
137
111
134
6
99
156
168
125
123
128
134
132
8
86
111
119
149
130
127
106
128
6
126
113
141
150
121
163
105
112
2
118
104
128
78
94
141
135
96
3
118
131
91
174
124
100
92
105
7
79
114
103
112
114
115
121
99
7
86
129
108
120
115
76
105
108
6
134
121
88
145
123
118
123
137
8
128
131
88
156
148
134
124
121
6
115
121
122
135
105
132
114
154
3
127
149
113
93
140
119
142
116
3
85
137
97
99
128
120
139
111
9
93
128
143
119
156
154
128
120
1
134
100
71
121
123
121
132
74
8
106
137
83
177
96
139
119
94
5
114
95
118
104
134
136
106
123
3
88
109
139
126
115
118
124
143
4
130
126
147
134
85
103
141
87
5
93
105
106
98
103
144
118
136
9
133
76
105
109
116
128
101
109
7
110
100
163
135
120
112
113
135
1
119
97
127
131
120
119
134
106
1
128
147
132
134
120
127
107
131
8
128
91
85
120
127
157
113
100
3
75
105
159
99
126
128
136
109
1
142
131
122
114
111
105
113
135
8
128
127
135
133
112
141
172
143
2
104
126
134
107
93
76
114
73
9
119
129
133
120
113
138
148
105
9
145
147
129
146
124
142
150
114
4
129
127
143
131
133
100
98
135
10
130
121
126
121
98
129
93
149
7
123
148
108
144
110
122
101
108
2
113
119
120
89
146
119
147
140
9
130
84
147
153
100
108
129
128
9
135
120
110
118
133
146
126
149
5
120
99
114
134
123
100
92
113
7
118
117
96
137
119
132
117
132
2
105
121
112
110
71
101
93
74
9
96
117
114
107
126
113
117
118
2
143
120
133
161
112
97
105
120
7
92
142
124
105
119
94
141
142
6
92
123
124
119
135
121
113
100
1
131
137
132
120
125
155
131
107
1
77
106
101
133
134
128
117
125
4
156
136
138
142
122
128
108
141
3
134
94
112
92
85
100
101
92
6
149
100
86
106
145
134
119
70
1
111
98
110
106
99
74
95
106
8
138
131
139
120
138
129
123
118
6
93
142
113
128
107
127
128
121
7
98
130
134
101
135
132
121
120
4
134
120
134
136
115
121
121
120
5
101
132
129
101
113
100
153
129
4
83
139
172
99
106
94
117
144
10
108
115
100
127
93
148
121
117
9
75
134
125
87
117
123
91
133
1
94
129
151
139
121
115
106
122
8
107
114
124
85
119
91
112
106
1
133
96
139
141
115
137
108
127
5
177
109
96
158
104
104
116
102
1
140
147
109
127
119
104
84
118
1
125
85
93
113
134
142
94
123
2
93
84
120
120
130
96
106
85
0
95
130
138
101
99
143
143
117
6
124
135
136
109
106
108
81
119
3
106
98
121
114
126
126
141
92
5
154
143
152
96
107
130
143
108
9
91
142
136
131
129
118
142
131
2
123
86
138
95
118
133
105
137
1
93
89
112
127
106
132
98
128
5
127
140
118
108
146
160
121
92
2
93
111
74
95
120
125
114
121
8
124
102
101
112
115
121
93
98
7
111
125
103
111
96
102
101
142
2
128
131
123
128
105
147
100
139
7
108
132
161
89
136
134
92
121
5
115
111
117
101
122
116
76
134
10
109
118
113
155
142
128
120
110
2
102
141
126
99
82
139
151
124
10
129
77
86
130
124
134
133
134
5
171
92
135
151
145
104
81
94
8
131
121
126
95
150
93
88
116
8
110
114
123
148
175
131
88
115
9
85
142
119
88
113
127
134
125
1
140
85
105
118
121
129
114
98
9
113
109
142
124
134
118
120
125
1
78
122
131
105
104
129
113
128
9
140
139
90
134
108
112
152
129
8
114
126
113
119
119
89
139
101
2
103
141
85
123
104
135
151
114
0
158
123
114
124
120
118
121
120
3
115
114
129
84
132
112
134
83
6
125
92
130
107
119
141
112
113
6
90
79
114
146
120
111
86
144
5
142
90
88
91
101
77
169
125
9
127
84
138
113
105
117
100
149
9
93
92
136
126
96
118
129
106
1
100
140
134
123
108
127
122
101
8
108
100
148
86
95
80
129
148
1
112
75
86
113
111
101
116
134
5
107
78
91
100
125
101
137
150
8
95
101
104
134
118
93
136
150
4
120
116
87
112
122
108
133
142
6
127
116
125
128
99
161
120
107
2
128
117
88
121
153
127
108
127
6
134
112
99
76
128
179
120
120
6
107
121
109
117
108
98
110
126
6
127
121
114
94
112
122
127
107
2
112
111
155
134
104
136
125
142
1
124
132
135
118
95
98
133
112
5
99
112
116
133
166
120
133
134
7
84
106
113
113
113
147
160
96
9
123
135
138
121
113
70
112
121
4
80
128
112
126
100
96
88
104
8
150
125
104
100
135
125
142
157
4
105
109
150
133
121
136
129
110
8
149
130
126
138
132
118
126
128
0
152
106
115
127
131
151
117
116
2
155
126
159
135
115
120
93
89
2
137
167
141
104
110
111
108
119
2
105
113
129
105
101
153
166
120
9
140
94
142
132
86
105
155
113
4
110
122
159
98
147
99
126
135
4
116
109
147
114
136
139
157
139
1
100
78
125
163
135
116
64
128
4
109
102
106
119
120
115
131
136
5
127
128
119
103
102
99
127
147
8
163
114
108
98
136
75
121
107
2
128
148
122
91
118
129
93
89
9
106
155
88
134
113
98
138
135
8
129
96
140
114
134
80
78
106
8
112
121
148
160
121
108
120
106
8
114
115
120
144
98
86
158
149
3
59
122
125
145
128
124
100
129
4
121
126
115
101
85
100
127
108
4
118
141
120
114
105
109
162
118
1
100
83
112
93
118
149
106
117
6
114
150
68
142
152
69
150
141
4
119
115
119
125
92
114
113
115
1
122
107
133
128
110
118
113
101
0
133
101
102
112
111
114
154
148
10
101
139
111
128
137
110
97
135
6
90
105
94
57
118
91
118
131
3
136
122
125
125
100
112
129
150
7
156
135
130
134
156
136
127
119
6
82
100
105
108
98
121
126
101
5
109
99
108
163
137
113
134
115
9
120
107
133
113
119
91
131
142
0
112
96
149
115
161
122
104
79
7
134
128
112
118
103
107
121
137
4
127
135
119
107
135
135
129
124
3
114
94
131
126
127
117
119
111
8
149
115
108
106
139
148
107
121
9
100
107
94
100
116
118
98
146
10
142
115
78
93
101
138
106
122
0
98
118
121
106
106
126
143
156
8
120
106
108
113
121
114
123
138
1
104
113
105
77
118
134
129
130
5
107
96
133
93
108
153
107
130
10
141
147
110
118
157
138
86
124
3
110
87
116
112
134
120
93
110
4
131
114
100
131
92
114
84
127
6
137
98
129
126
121
102
105
123
5
137
97
133
136
85
93
113
122
10
106
108
109
107
108
88
162
149
7
112
121
141
129
108
112
137
123
6
145
89
120
152
113
125
102
138
7
140
130
121
90
110
98
110
103
7
126
107
133
129
122
139
128
127
2
99
113
107
113
118
102
117
117
5
106
119
120
136
87
129
113
127
6
128
134
106
94
100
76
136
135
10
106
109
113
123
94
142
133
116
5
107
112
78
109
121
92
100
132
1
106
98
84
113
118
120
143
105
8
98
108
92
140
114
116
120
115
1
126
132
142
114
109
110
71
99
4
152
124
105
113
134
140
162
106
0
108
92
84
107
73
106
126
125
1
107
115
127
106
113
143
132
139
3
114
71
114
108
133
92
79
109
0
104
129
132
109
115
128
161
176
9
148
168
141
87
114
129
121
124
3
127
124
140
102
154
102
135
116
1
106
114
89
129
119
115
133
104
9
112
138
129
91
96
128
93
86
8
142
89
141
111
82
144
112
109
10
106
98
85
135
103
127
112
84
2
120
89
137
85
86
84
97
139
1
120
99
127
116
105
99
115
140
6
79
152
149
90
121
114
106
113
8
79
136
102
93
139
149
94
92
5
82
132
94
103
106
107
99
99
9
108
127
134
134
100
119
140
127
8
127
92
115
110
98
118
148
86
7
98
79
119
133
122
98
112
106
1
135
145
106
137
119
160
128
116
5
92
72
106
119
93
124
120
120
2
120
134
113
131
112
63
128
108
2
142
134
115
143
142
105
100
133
0
129
99
96
114
72
114
112
144
4
109
126
77
117
117
75
138
158
1
128
132
112
156
114
132
112
120
6
122
125
79
121
114
128
131
100
2
105
112
126
91
143
107
145
141
6
164
129
124
162
114
112
99
101
2
92
121
106
141
139
98
103
134
9
101
107
128
109
108
76
100
134
8
99
126
109
133
89
117
118
96
3
119
115
131
114
135
99
121
98
1
126
100
92
142
90
78
136
124
2
95
100
91
111
86
75
101
126
4
76
102
132
100
142
108
121
102
9
99
123
87
117
181
99
107
140
6
124
133
100
129
120
111
117
114
2
109
146
111
114
98
155
125
149
7
114
101
119
113
111
116
87
85
4
113
110
78
141
100
122
140
128
5
112
105
96
136
92
115
121
119
4
113
154
105
106
144
94
146
91
3
96
130
130
124
94
79
144
141
8
100
100
128
124
128
93
112
127
2
126
150
124
105
106
85
99
114
7
146
106
80
115
112
147
144
112
9
110
96
135
120
118
115
103
113
1
83
123
91
84
102
91
78
100
0
138
116
93
104
137
124
105
99
2
144
120
113
127
104
105
100
94
9
136
113
111
113
99
120
106
130
5
86
119
127
120
106
117
123
126
2
119
106
76
84
102
114
118
121
8
100
100
116
140
141
52
128
129
9
117
114
131
110
121
122
126
112
2
142
129
126
167
99
82
97
119
4
107
134
116
142
114
134
135
143
4
136
122
119
133
98
112
85
130
9
92
150
120
116
123
107
107
111
10
120
112
120
127
113
111
123
86
7
107
148
102
125
117
93
150
122
7
110
93
109
161
121
93
146
140
2
106
113
120
119
111
134
121
149
2
109
112
105
142
85
140
131
101
7
115
132
119
127
132
96
107
129
5
71
97
114
143
128
151
99
124
8
124
97
110
150
131
107
121
98
5
113
83
79
108
124
85
123
133
3
113
139
122
124
87
106
85
114
8
145
94
149
126
113
134
121
120
6
96
98
129
86
93
102
155
132
6
107
127
113
120
126
115
109
89
1
157
110
140
121
121
93
93
101
3
126
123
135
107
113
127
122
123
3
77
149
102
142
131
106
113
123
7
72
134
109
124
104
104
119
127
8
116
139
101
113
120
122
101
156
7
102
99
134
118
127
71
121
91
6
146
111
107
156
102
99
162
101
1
126
126
147
134
128
106
139
129
1
103
131
121
163
119
121
150
101
5
101
113
81
127
119
126
116
126
6
121
129
115
112
115
100
103
117
1
108
106
153
100
140
115
139
119
6
117
135
115
100
159
94
80
114
5
108
109
91
80
134
121
116
142
2
137
137
149
125
116
106
116
153
1
125
163
87
119
84
138
99
116
10
68
115
141
132
136
114
148
72
4
76
109
109
133
101
136
127
141
6
97
105
139
131
65
126
113
100
1
89
120
119
115
94
109
96
108
9
115
131
111
99
87
121
99
78
7
94
113
133
132
64
133
118
106

